2.480424195528030396e-01
3.873167634010314941e-01
2.545762360095977783e-01
2.880668342113494873e-01
1.333781599998474121e+00
2.934833467006683350e-01
2.499187737703323364e-01
2.870348989963531494e-01
3.471533656120300293e-01
2.972373366355895996e-01
2.778151035308837891e-01
3.005085587501525879e-01
2.873110473155975342e-01
2.289784103631973267e-01
2.895978093147277832e-01
2.355750501155853271e-01
2.900136709213256836e-01
3.869470953941345215e-01
3.935532867908477783e-01
2.574688196182250977e-01
2.770311534404754639e-01
3.504214286804199219e-01
4.645763337612152100e-01
3.476460576057434082e-01
1.751120835542678833e-01
3.788324296474456787e-01
3.726481497287750244e-01
2.946347296237945557e-01
2.787610590457916260e-01
2.987702488899230957e-01
3.403442800045013428e-01
2.193372398614883423e-01
6.227005720138549805e-01
1.075382232666015625e+00
3.325410485267639160e-01
2.635245025157928467e-01
3.764007985591888428e-01
4.244275391101837158e-01
2.485992610454559326e-01
2.948044836521148682e-01
3.113562464714050293e-01
3.072366714477539062e-01
3.049241006374359131e-01
3.086105585098266602e-01
2.475398629903793335e-01
4.965866804122924805e-01
4.965150058269500732e-01
2.489531636238098145e-01
