2.415275722742080688e-01
3.884032070636749268e-01
2.538427114486694336e-01
2.919884026050567627e-01
8.193011879920959473e-01
2.784847915172576904e-01
3.563896715641021729e-01
2.936859726905822754e-01
3.448212444782257080e-01
2.985164821147918701e-01
3.504903018474578857e-01
3.008228242397308350e-01
2.763575613498687744e-01
3.482916653156280518e-01
2.862365841865539551e-01
3.509424030780792236e-01
3.750613033771514893e-01
2.614925205707550049e-01
2.696810066699981689e-01
4.150955080986022949e-01
3.009988665580749512e-01
3.091778457164764404e-01
2.839892208576202393e-01
3.518220186233520508e-01
1.754388511180877686e-01
3.512839674949645996e-01
3.772773444652557373e-01
2.340243905782699585e-01
2.936437427997589111e-01
2.877901494503021240e-01
2.094808965921401978e-01
3.229148983955383301e-01
1.344714999198913574e+00
9.784999489784240723e-01
3.484685719013214111e-01
3.821719884872436523e-01
3.040231168270111084e-01
5.546501278877258301e-01
2.487194389104843140e-01
2.986241579055786133e-01
2.299652248620986938e-01
3.766062557697296143e-01
3.412349224090576172e-01
2.850113809108734131e-01
2.537516951560974121e-01
4.982064068317413330e-01
4.982606768608093262e-01
2.477059811353683472e-01
