2.381954193115234375e-01
2.489048391580581665e-01
2.583659589290618896e-01
2.836785912513732910e-01
6.190420389175415039e-01
2.845363318920135498e-01
3.529583215713500977e-01
2.888822555541992188e-01
3.581939339637756348e-01
2.926751077175140381e-01
3.591661751270294189e-01
2.772195041179656982e-01
2.805510163307189941e-01
3.589748442173004150e-01
2.851616740226745605e-01
3.544687032699584961e-01
2.714054882526397705e-01
3.792926669120788574e-01
4.019685983657836914e-01
2.549792826175689697e-01
2.983185350894927979e-01
3.470637500286102295e-01
2.857295572757720947e-01
3.612147569656372070e-01
1.767341196537017822e-01
3.611386120319366455e-01
3.844613432884216309e-01
2.577022910118103027e-01
3.066918849945068359e-01
2.926219105720520020e-01
3.333843350410461426e-01
3.261676430702209473e-01
1.272647261619567871e+00
1.338339447975158691e+00
3.283061981201171875e-01
2.498463690280914307e-01
3.518856763839721680e-01
5.084666013717651367e-01
2.471741735935211182e-01
2.882643043994903564e-01
2.378382086753845215e-01
3.761796951293945312e-01
3.258521854877471924e-01
3.007374703884124756e-01
2.515456080436706543e-01
5.004611015319824219e-01
4.939630329608917236e-01
2.408171743154525757e-01
