2.396758794784545898e-01
3.792745471000671387e-01
2.544930279254913330e-01
2.896988391876220703e-01
1.311879158020019531e+00
2.992491722106933594e-01
2.192698270082473755e-01
2.982155680656433105e-01
2.297792732715606689e-01
2.975141406059265137e-01
2.356199324131011963e-01
2.366449385881423950e-01
2.356212437152862549e-01
3.449173569679260254e-01
2.956307530403137207e-01
3.396260440349578857e-01
2.765737771987915039e-01
3.472436070442199707e-01
4.016161561012268066e-01
3.202180266380310059e-01
2.989644408226013184e-01
2.339096516370773315e-01
2.296692579984664917e-01
2.215013206005096436e-01
1.725300699472427368e-01
3.826783001422882080e-01
3.769036829471588135e-01
2.942555844783782959e-01
2.792131304740905762e-01
2.986603677272796631e-01
2.362324297428131104e-01
2.166953384876251221e-01
3.052179217338562012e-01
2.834338247776031494e-01
3.321686983108520508e-01
3.461121916770935059e-01
2.761138379573822021e-01
4.742643237113952637e-01
2.448951750993728638e-01
2.924193739891052246e-01
3.175324797630310059e-01
2.977879643440246582e-01
2.913335263729095459e-01
3.214784264564514160e-01
2.460225522518157959e-01
4.969805777072906494e-01
4.983314573764801025e-01
2.492798566818237305e-01
