2.327626049518585205e-01
2.574270963668823242e-01
2.550950050354003906e-01
2.880354523658752441e-01
8.158720731735229492e-01
2.973112761974334717e-01
2.293537259101867676e-01
2.907624244689941406e-01
3.427489697933197021e-01
2.991641759872436523e-01
3.222161531448364258e-01
2.921065688133239746e-01
2.781638503074645996e-01
3.566995859146118164e-01
2.837857306003570557e-01
3.530457913875579834e-01
3.757537305355072021e-01
2.627099454402923584e-01
2.724355161190032959e-01
4.205338358879089355e-01
2.941977381706237793e-01
3.474670648574829102e-01
2.828578352928161621e-01
3.246701955795288086e-01
1.754003167152404785e-01
3.971112370491027832e-01
3.545839190483093262e-01
3.345161080360412598e-01
2.337639629840850830e-01
2.725891470909118652e-01
2.059890776872634888e-01
3.291774988174438477e-01
1.048751831054687500e+00
6.029896736145019531e-01
3.414188027381896973e-01
3.803024291992187500e-01
2.727153301239013672e-01
5.940449833869934082e-01
2.473531961441040039e-01
2.984837293624877930e-01
3.606557250022888184e-01
2.560744583606719971e-01
2.422436475753784180e-01
3.715908825397491455e-01
2.484303712844848633e-01
4.966386556625366211e-01
4.956948757171630859e-01
2.482331097126007080e-01
