2.309986799955368042e-01
2.551027536392211914e-01
2.532920837402343750e-01
2.887316644191741943e-01
4.069955945014953613e-01
3.015763163566589355e-01
2.150094509124755859e-01
2.978107333183288574e-01
2.366649210453033447e-01
2.949189841747283936e-01
2.296560108661651611e-01
2.150243967771530151e-01
2.318345010280609131e-01
3.270675241947174072e-01
2.990835309028625488e-01
3.296322226524353027e-01
2.599527537822723389e-01
3.621606826782226562e-01
4.336115717887878418e-01
3.059620261192321777e-01
3.014715611934661865e-01
2.280040532350540161e-01
2.409183084964752197e-01
2.241961508989334106e-01
1.744399666786193848e-01
3.526651561260223389e-01
3.865347504615783691e-01
2.394487857818603516e-01
3.027413785457611084e-01
2.959599196910858154e-01
2.313453704118728638e-01
2.206303626298904419e-01
3.056946992874145508e-01
3.236854672431945801e-01
3.336994349956512451e-01
2.626002728939056396e-01
3.714778721332550049e-01
5.103386640548706055e-01
2.437129914760589600e-01
2.898504734039306641e-01
2.773557007312774658e-01
3.451075255870819092e-01
3.567867279052734375e-01
2.717172503471374512e-01
2.485365867614746094e-01
4.997459053993225098e-01
4.956091046333312988e-01
2.489041090011596680e-01
