2.470460385084152222e-01
3.777087926864624023e-01
2.525573372840881348e-01
2.933561205863952637e-01
1.233995914459228516e+00
2.971760034561157227e-01
2.333480715751647949e-01
2.944405972957611084e-01
2.777523398399353027e-01
2.976640462875366211e-01
2.198401689529418945e-01
3.015221953392028809e-01
2.826261520385742188e-01
3.696998357772827148e-01
2.780377268791198730e-01
3.418940305709838867e-01
2.803352177143096924e-01
3.774273395538330078e-01
4.102976918220520020e-01
2.693994939327239990e-01
3.041175007820129395e-01
3.505963683128356934e-01
2.808419764041900635e-01
3.602186143398284912e-01
1.775325238704681396e-01
3.676715791225433350e-01
3.599835038185119629e-01
2.591254711151123047e-01
2.557653188705444336e-01
2.948150336742401123e-01
3.276398777961730957e-01
2.270011305809020996e-01
1.062974214553833008e+00
8.614320158958435059e-01
3.606039881706237793e-01
2.506646513938903809e-01
3.685602843761444092e-01
3.468814194202423096e-01
2.394649088382720947e-01
2.982406616210937500e-01
3.098870813846588135e-01
3.177564740180969238e-01
2.314885556697845459e-01
3.853439092636108398e-01
2.553539872169494629e-01
5.014090538024902344e-01
4.962779283523559570e-01
2.467827498912811279e-01
