2.403200119733810425e-01
3.220686614513397217e-01
2.571109831333160400e-01
2.908195853233337402e-01
1.221630930900573730e+00
2.991579473018646240e-01
2.137985527515411377e-01
2.962954938411712646e-01
2.299269884824752808e-01
2.944915890693664551e-01
2.371618300676345825e-01
2.189075499773025513e-01
2.441970407962799072e-01
3.274257183074951172e-01
3.002606630325317383e-01
3.316248059272766113e-01
3.043341338634490967e-01
3.255228400230407715e-01
3.644099235534667969e-01
3.391717076301574707e-01
2.987335324287414551e-01
2.392527759075164795e-01
2.287396192550659180e-01
2.145072221755981445e-01
1.745385825634002686e-01
3.568482100963592529e-01
3.813828825950622559e-01
2.342889010906219482e-01
3.013875782489776611e-01
2.979941368103027344e-01
2.217847853899002075e-01
2.128367871046066284e-01
3.114527165889739990e-01
2.908257842063903809e-01
3.197674751281738281e-01
3.758551180362701416e-01
2.609424889087677002e-01
5.029395818710327148e-01
2.419973909854888916e-01
2.951826453208923340e-01
2.962144315242767334e-01
3.176308572292327881e-01
3.178011775016784668e-01
2.910764813423156738e-01
2.498906552791595459e-01
4.967105388641357422e-01
4.938120245933532715e-01
2.490732967853546143e-01
