2.291162908077239990e-01
3.583782911300659180e-01
2.559877336025238037e-01
2.882699370384216309e-01
4.756458401679992676e-01
2.976823747158050537e-01
2.228957414627075195e-01
2.969444692134857178e-01
2.288618385791778564e-01
2.967405319213867188e-01
2.301344573497772217e-01
2.282403558492660522e-01
2.328318804502487183e-01
3.385280668735504150e-01
2.947794497013092041e-01
3.388779759407043457e-01
3.567441403865814209e-01
2.873024046421051025e-01
2.974451184272766113e-01
3.907102644443511963e-01
2.966232299804687500e-01
2.345620095729827881e-01
2.392868548631668091e-01
2.220488637685775757e-01
1.751993000507354736e-01
3.774473667144775391e-01
3.721588253974914551e-01
2.875705957412719727e-01
2.737447023391723633e-01
2.963271141052246094e-01
2.330397367477416992e-01
2.172515541315078735e-01
2.985014319419860840e-01
2.671225368976593018e-01
2.229641973972320557e-01
3.548547327518463135e-01
2.896654009819030762e-01
3.988266289234161377e-01
2.488742023706436157e-01
2.953282892704010010e-01
3.351110517978668213e-01
2.844363451004028320e-01
2.664681673049926758e-01
3.489145934581756592e-01
2.476433068513870239e-01
4.963013529777526855e-01
4.962379336357116699e-01
2.476033866405487061e-01
