2.366875410079956055e-01
3.583314418792724609e-01
2.576186060905456543e-01
2.857974171638488770e-01
1.180895209312438965e+00
2.940893769264221191e-01
2.380149215459823608e-01
2.947610020637512207e-01
3.571534156799316406e-01
2.948915958404541016e-01
2.339390516281127930e-01
2.411781549453735352e-01
2.383036166429519653e-01
2.724916040897369385e-01
2.943268716335296631e-01
2.505165040493011475e-01
2.595435082912445068e-01
3.742780685424804688e-01
4.242661595344543457e-01
2.818569839000701904e-01
2.735397219657897949e-01
3.416309654712677002e-01
4.390519261360168457e-01
3.534011542797088623e-01
1.753544658422470093e-01
3.720187246799468994e-01
3.725410997867584229e-01
2.722960412502288818e-01
2.720230817794799805e-01
2.992723584175109863e-01
3.470872342586517334e-01
2.274265587329864502e-01
6.373571157455444336e-01
8.588843345642089844e-01
3.251869678497314453e-01
2.637202143669128418e-01
3.751340806484222412e-01
4.270257949829101562e-01
2.477737218141555786e-01
2.947410345077514648e-01
3.653017878532409668e-01
2.489606440067291260e-01
2.429779767990112305e-01
3.665469288825988770e-01
2.478961497545242310e-01
4.966463744640350342e-01
4.960933029651641846e-01
2.466042488813400269e-01
