2.305503636598587036e-01
3.344048857688903809e-01
2.576261758804321289e-01
2.858605980873107910e-01
1.038229703903198242e+00
2.999011278152465820e-01
2.254659086465835571e-01
2.942420542240142822e-01
2.217520922422409058e-01
2.964079380035400391e-01
2.261698842048645020e-01
2.202446162700653076e-01
2.306858003139495850e-01
3.302414417266845703e-01
2.941089570522308350e-01
3.379429876804351807e-01
2.598746418952941895e-01
3.759134113788604736e-01
4.259728491306304932e-01
2.819641530513763428e-01
2.949451804161071777e-01
2.209027856588363647e-01
2.567954957485198975e-01
2.211602032184600830e-01
1.757631599903106689e-01
3.925422132015228271e-01
3.629925847053527832e-01
3.218000829219818115e-01
2.555661499500274658e-01
2.948166131973266602e-01
2.289628535509109497e-01
2.156698852777481079e-01
3.095621466636657715e-01
2.905789911746978760e-01
2.954515814781188965e-01
3.011822104454040527e-01
3.418254852294921875e-01
5.327643156051635742e-01
2.475167065858840942e-01
2.949213385581970215e-01
3.007377088069915771e-01
3.169248700141906738e-01
3.075660169124603271e-01
3.123157918453216553e-01
2.475428581237792969e-01
4.983823895454406738e-01
4.963137209415435791e-01
2.480972409248352051e-01
