2.373287379741668701e-01
2.519060671329498291e-01
2.565421760082244873e-01
2.861274778842926025e-01
1.217378973960876465e+00
2.865354418754577637e-01
3.501236736774444580e-01
2.990747690200805664e-01
3.548180758953094482e-01
2.990131974220275879e-01
3.285814225673675537e-01
3.053843677043914795e-01
2.760292589664459229e-01
3.520208001136779785e-01
2.902512848377227783e-01
3.461149334907531738e-01
3.779290020465850830e-01
2.660270929336547852e-01
2.717528045177459717e-01
4.175532758235931396e-01
2.975181639194488525e-01
3.468299806118011475e-01
2.630527615547180176e-01
2.512591481208801270e-01
1.748916059732437134e-01
3.719619214534759521e-01
3.857251405715942383e-01
2.774451673030853271e-01
3.070988059043884277e-01
2.233113795518875122e-01
3.588954210281372070e-01
3.482213914394378662e-01
1.072136998176574707e+00
1.266508221626281738e+00
2.362334579229354858e-01
3.626625835895538330e-01
2.586495280265808105e-01
3.525457084178924561e-01
2.486630827188491821e-01
2.824669778347015381e-01
3.636284172534942627e-01
2.522954046726226807e-01
2.696183025836944580e-01
3.490967452526092529e-01
2.488361150026321411e-01
4.972724318504333496e-01
4.965106844902038574e-01
2.488920837640762329e-01
