2.302700579166412354e-01
2.790557444095611572e-01
2.552598714828491211e-01
2.885206341743469238e-01
8.059887886047363281e-01
2.978948950767517090e-01
2.212420552968978882e-01
2.969080507755279541e-01
2.288414090871810913e-01
2.975423634052276611e-01
2.243120074272155762e-01
2.260248959064483643e-01
2.319260388612747192e-01
3.359165191650390625e-01
2.957721054553985596e-01
3.398938775062561035e-01
3.742831349372863770e-01
2.698557674884796143e-01
2.741603255271911621e-01
4.128524363040924072e-01
2.953006625175476074e-01
2.317286580801010132e-01
2.339256852865219116e-01
2.190297544002532959e-01
1.749846935272216797e-01
3.721559345722198486e-01
3.776464760303497314e-01
2.738171815872192383e-01
2.856919467449188232e-01
2.965179681777954102e-01
2.289433628320693970e-01
2.179452031850814819e-01
3.013888895511627197e-01
2.612158656120300293e-01
2.832753360271453857e-01
3.516572117805480957e-01
2.854367494583129883e-01
5.777475833892822266e-01
2.476180642843246460e-01
2.936493456363677979e-01
2.976950407028198242e-01
3.175384104251861572e-01
3.170994818210601807e-01
3.002672195434570312e-01
2.484250813722610474e-01
4.964764118194580078e-01
4.966073930263519287e-01
2.491752356290817261e-01
