2.287054806947708130e-01
3.836887776851654053e-01
2.524943053722381592e-01
2.900548875331878662e-01
7.929883599281311035e-01
2.824704349040985107e-01
2.309201359748840332e-01
2.794820666313171387e-01
3.461530208587646484e-01
2.995068132877349854e-01
3.381275534629821777e-01
2.965821027755737305e-01
2.910887598991394043e-01
3.613910675048828125e-01
2.823026776313781738e-01
3.333266973495483398e-01
3.280530869960784912e-01
3.763380646705627441e-01
3.527760207653045654e-01
2.694860398769378662e-01
2.947407066822052002e-01
3.283951282501220703e-01
2.974600791931152344e-01
2.435602694749832153e-01
1.765698492527008057e-01
3.635292649269104004e-01
4.084863364696502686e-01
2.699348032474517822e-01
3.563193082809448242e-01
2.771103084087371826e-01
3.339758813381195068e-01
3.455885052680969238e-01
7.520698904991149902e-01
3.473299741744995117e-01
3.518862426280975342e-01
3.761487603187561035e-01
2.676177322864532471e-01
5.843791961669921875e-01
2.526520490646362305e-01
2.995491921901702881e-01
3.710953593254089355e-01
2.412660121917724609e-01
2.658198177814483643e-01
3.552010655403137207e-01
2.531214952468872070e-01
5.016632676124572754e-01
4.949862360954284668e-01
2.457233965396881104e-01
