2.309178858995437622e-01
2.543234229087829590e-01
2.543556392192840576e-01
2.880918085575103760e-01
1.111144185066223145e+00
2.916098535060882568e-01
2.356323450803756714e-01
2.808416783809661865e-01
3.451311290264129639e-01
3.004813790321350098e-01
3.436533808708190918e-01
3.201903104782104492e-01
2.811596989631652832e-01
3.399338126182556152e-01
2.926167547702789307e-01
3.505715429782867432e-01
3.775186538696289062e-01
2.652211785316467285e-01
2.745074033737182617e-01
4.208401739597320557e-01
2.804576754570007324e-01
3.526602387428283691e-01
2.472476214170455933e-01
3.372025191783905029e-01
1.752379238605499268e-01
3.732614517211914062e-01
3.621248006820678711e-01
2.824128568172454834e-01
2.548540532588958740e-01
2.987300455570220947e-01
3.571958839893341064e-01
2.385542839765548706e-01
1.312922000885009766e+00
1.024811506271362305e+00
2.326096743345260620e-01
3.424501717090606689e-01
2.472354471683502197e-01
4.247940480709075928e-01
2.468514144420623779e-01
2.790487706661224365e-01
3.308648765087127686e-01
2.830678224563598633e-01
2.665581107139587402e-01
3.386567234992980957e-01
2.485446482896804810e-01
4.966327548027038574e-01
4.963148236274719238e-01
2.501396238803863525e-01
