2.335571497678756714e-01
3.801264464855194092e-01
2.555422186851501465e-01
2.888912558555603027e-01
8.797942996025085449e-01
2.894729673862457275e-01
2.973546683788299561e-01
2.859948575496673584e-01
3.424364030361175537e-01
2.961217463016510010e-01
2.827585339546203613e-01
3.067170679569244385e-01
2.767072618007659912e-01
3.501553237438201904e-01
2.861800193786621094e-01
3.503730595111846924e-01
2.783214449882507324e-01
3.668157160282135010e-01
4.014300107955932617e-01
2.831309139728546143e-01
2.962546646595001221e-01
3.493805229663848877e-01
2.732409238815307617e-01
2.911322712898254395e-01
1.751767694950103760e-01
3.649190962314605713e-01
3.728423118591308594e-01
2.595967054367065430e-01
2.786755859851837158e-01
2.756593227386474609e-01
2.107731997966766357e-01
3.203392624855041504e-01
9.959424734115600586e-01
9.937705993652343750e-01
2.259393781423568726e-01
2.952437102794647217e-01
3.853994905948638916e-01
4.464858472347259521e-01
2.484675049781799316e-01
2.847409248352050781e-01
3.347819447517395020e-01
2.884438037872314453e-01
2.532880306243896484e-01
3.587937951087951660e-01
2.481488734483718872e-01
4.966201782226562500e-01
4.967672824859619141e-01
2.484371364116668701e-01
