2.298833131790161133e-01
2.536854147911071777e-01
2.565414011478424072e-01
2.894598245620727539e-01
8.398575186729431152e-01
2.970955967903137207e-01
2.169187963008880615e-01
2.984713613986968994e-01
2.240528762340545654e-01
2.976211607456207275e-01
2.287226915359497070e-01
2.244223058223724365e-01
2.378157973289489746e-01
3.270803391933441162e-01
2.924713492393493652e-01
3.447067141532897949e-01
3.211447894573211670e-01
3.378469645977020264e-01
3.560979068279266357e-01
3.295400738716125488e-01
2.950458824634552002e-01
2.282533645629882812e-01
2.321844995021820068e-01
2.257111668586730957e-01
1.746128797531127930e-01
3.650519549846649170e-01
3.858492076396942139e-01
2.568205296993255615e-01
3.040212690830230713e-01
2.954124510288238525e-01
2.266638278961181641e-01
2.168810963630676270e-01
2.877815365791320801e-01
2.536103725433349609e-01
2.460803389549255371e-01
3.756914436817169189e-01
2.584292888641357422e-01
4.890896975994110107e-01
2.486876845359802246e-01
2.935385704040527344e-01
2.994261682033538818e-01
3.166029453277587891e-01
3.037443459033966064e-01
3.110424876213073730e-01
2.514737844467163086e-01
4.982000887393951416e-01
4.969493746757507324e-01
2.498606741428375244e-01
