2.411577701568603516e-01
2.523762285709381104e-01
2.523807883262634277e-01
2.912335097789764404e-01
3.559879660606384277e-01
2.922622263431549072e-01
3.681721091270446777e-01
2.879912257194519043e-01
3.352414965629577637e-01
2.997444272041320801e-01
3.447941839694976807e-01
3.239489793777465820e-01
2.868649959564208984e-01
3.418581783771514893e-01
2.950288057327270508e-01
3.525761961936950684e-01
3.761807978153228760e-01
2.648493647575378418e-01
2.627144455909729004e-01
4.209479987621307373e-01
2.868021726608276367e-01
3.583499789237976074e-01
2.494856715202331543e-01
2.175786495208740234e-01
1.770178377628326416e-01
3.588624000549316406e-01
3.654141426086425781e-01
2.680638730525970459e-01
2.656055390834808350e-01
2.835826277732849121e-01
3.449923098087310791e-01
3.498258590698242188e-01
5.839318037033081055e-01
7.645696997642517090e-01
3.310149312019348145e-01
3.779567480087280273e-01
2.666816115379333496e-01
4.254452288150787354e-01
2.540818750858306885e-01
2.891349494457244873e-01
2.704890966415405273e-01
3.563771247863769531e-01
3.836611509323120117e-01
2.453787624835968018e-01
2.394652962684631348e-01
4.944365620613098145e-01
5.021538734436035156e-01
2.495385706424713135e-01
