2.192520052194595337e-01
3.121968507766723633e-01
2.556948065757751465e-01
2.875098884105682373e-01
1.138403296470642090e+00
2.944413423538208008e-01
2.233044356107711792e-01
2.984610795974731445e-01
2.239661067724227905e-01
2.953601181507110596e-01
2.223145216703414917e-01
2.209738045930862427e-01
2.313235849142074585e-01
3.328892588615417480e-01
2.977576553821563721e-01
3.349711298942565918e-01
2.801932692527770996e-01
3.582501709461212158e-01
3.900011479854583740e-01
2.844536006450653076e-01
2.959456145763397217e-01
2.454541772603988647e-01
2.309706956148147583e-01
2.112540602684020996e-01
1.741711050271987915e-01
3.755229711532592773e-01
3.690225780010223389e-01
2.770524621009826660e-01
2.693088352680206299e-01
2.978093028068542480e-01
2.424361407756805420e-01
2.134695053100585938e-01
2.986736893653869629e-01
2.692461311817169189e-01
3.463142514228820801e-01
3.185896575450897217e-01
3.272169828414916992e-01
4.699043035507202148e-01
2.506188750267028809e-01
2.864734530448913574e-01
2.941796183586120605e-01
3.154878616333007812e-01
3.065458536148071289e-01
3.099605143070220947e-01
2.478797733783721924e-01
4.965421557426452637e-01
4.975305199623107910e-01
2.513922452926635742e-01
