2.294595986604690552e-01
2.799445092678070068e-01
2.561435103416442871e-01
2.894773185253143311e-01
8.345801234245300293e-01
2.991466820240020752e-01
2.254984080791473389e-01
2.952651083469390869e-01
2.293294966220855713e-01
2.962260246276855469e-01
2.217994630336761475e-01
2.242686301469802856e-01
2.334300726652145386e-01
3.364742100238800049e-01
2.959809303283691406e-01
3.401780128479003906e-01
3.543133735656738281e-01
2.918185889720916748e-01
3.012323677539825439e-01
3.856488764286041260e-01
2.976078689098358154e-01
2.353389710187911987e-01
2.385626584291458130e-01
2.200921326875686646e-01
1.754270642995834351e-01
3.915285170078277588e-01
3.622552454471588135e-01
3.152432739734649658e-01
2.600961625576019287e-01
2.966155409812927246e-01
2.250231951475143433e-01
2.173371016979217529e-01
2.972419261932373047e-01
2.644096016883850098e-01
3.331583142280578613e-01
2.917233407497406006e-01
3.592775166034698486e-01
5.258512496948242188e-01
2.478207349777221680e-01
2.936752736568450928e-01
3.276236653327941895e-01
2.868519723415374756e-01
2.846089005470275879e-01
3.292588889598846436e-01
2.460382729768753052e-01
4.970546364784240723e-01
4.958773255348205566e-01
2.489036172628402710e-01
