2.226229161024093628e-01
3.161053359508514404e-01
2.552418708801269531e-01
2.892135083675384521e-01
8.132547140121459961e-01
2.972584068775177002e-01
2.218056619167327881e-01
2.964537441730499268e-01
2.314158082008361816e-01
2.965040802955627441e-01
2.242582142353057861e-01
2.258812040090560913e-01
2.319430410861968994e-01
3.362536430358886719e-01
2.961691021919250488e-01
3.367806673049926758e-01
3.597108721733093262e-01
2.842549681663513184e-01
2.940173745155334473e-01
3.941127061843872070e-01
2.968594133853912354e-01
2.369735240936279297e-01
2.332901507616043091e-01
2.180997431278228760e-01
1.753327995538711548e-01
3.671803772449493408e-01
3.777562379837036133e-01
2.621679008007049561e-01
2.869513034820556641e-01
2.959706485271453857e-01
2.387130558490753174e-01
2.173617482185363770e-01
3.022569119930267334e-01
2.645723819732666016e-01
3.260350525379180908e-01
2.674339115619659424e-01
3.738764822483062744e-01
4.432182013988494873e-01
2.479657083749771118e-01
2.923128604888916016e-01
3.307005763053894043e-01
2.856353223323822021e-01
2.871563434600830078e-01
3.284336626529693604e-01
2.486605346202850342e-01
4.965654015541076660e-01
4.964490830898284912e-01
2.485525757074356079e-01
