2.274182289838790894e-01
2.502987682819366455e-01
2.559340894222259521e-01
2.875500023365020752e-01
4.758953154087066650e-01
2.949523329734802246e-01
2.239125072956085205e-01
3.003333806991577148e-01
3.037504255771636963e-01
2.749345302581787109e-01
3.510197699069976807e-01
3.149141669273376465e-01
2.916038632392883301e-01
3.157953917980194092e-01
2.839649319648742676e-01
3.505433499813079834e-01
2.585903704166412354e-01
3.744975626468658447e-01
4.231057167053222656e-01
2.832877337932586670e-01
2.245792150497436523e-01
2.609454989433288574e-01
2.303817719221115112e-01
3.518576025962829590e-01
1.709493398666381836e-01
3.632515370845794678e-01
3.996119797229766846e-01
2.481473684310913086e-01
3.339114785194396973e-01
3.001643717288970947e-01
2.170996665954589844e-01
2.181066721677780151e-01
3.138577342033386230e-01
2.790853381156921387e-01
3.339059948921203613e-01
2.563314735889434814e-01
3.722980916500091553e-01
5.006180405616760254e-01
2.494846284389495850e-01
2.954818606376647949e-01
2.473015338182449341e-01
3.713926374912261963e-01
3.609059751033782959e-01
2.503011524677276611e-01
2.472801953554153442e-01
4.979348182678222656e-01
4.971195757389068604e-01
2.512330412864685059e-01
