2.354896664619445801e-01
3.830681145191192627e-01
2.540622055530548096e-01
2.909035384654998779e-01
1.185358524322509766e+00
2.909670174121856689e-01
3.292746245861053467e-01
2.822786271572113037e-01
3.448540568351745605e-01
2.962557971477508545e-01
3.121815323829650879e-01
3.307461440563201904e-01
2.366922199726104736e-01
3.138855397701263428e-01
2.279056757688522339e-01
3.530632853507995605e-01
3.795065581798553467e-01
2.725197970867156982e-01
2.679477930068969727e-01
4.146889150142669678e-01
2.782395482063293457e-01
3.420343995094299316e-01
3.533659577369689941e-01
3.445311784744262695e-01
1.755965799093246460e-01
3.862640261650085449e-01
3.562645614147186279e-01
3.125282824039459229e-01
2.403440624475479126e-01
2.946842014789581299e-01
3.534601628780364990e-01
3.534780740737915039e-01
1.002119779586791992e+00
9.896177053451538086e-01
2.484925389289855957e-01
3.628026247024536133e-01
2.606494426727294922e-01
3.297191858291625977e-01
2.464528083801269531e-01
2.904352247714996338e-01
3.199236690998077393e-01
2.930092215538024902e-01
2.940699160099029541e-01
3.256592750549316406e-01
2.463967204093933105e-01
4.967053234577178955e-01
4.984355270862579346e-01
2.486471384763717651e-01
