2.372668236494064331e-01
3.126308619976043701e-01
2.537414729595184326e-01
2.793058454990386963e-01
7.556970119476318359e-01
2.931474447250366211e-01
2.430225759744644165e-01
2.896840274333953857e-01
3.506708741188049316e-01
2.984730601310729980e-01
3.420912623405456543e-01
3.009104728698730469e-01
2.738053798675537109e-01
3.579415678977966309e-01
2.841626107692718506e-01
3.577523231506347656e-01
3.843843638896942139e-01
2.747912704944610596e-01
2.778756320476531982e-01
4.280093908309936523e-01
2.921754121780395508e-01
3.427562713623046875e-01
2.760164737701416016e-01
3.676940202713012695e-01
1.739266067743301392e-01
3.764343559741973877e-01
3.672303259372711182e-01
2.740418612957000732e-01
2.762151658535003662e-01
2.793160974979400635e-01
3.506709337234497070e-01
3.443168401718139648e-01
1.074804782867431641e+00
1.320907592773437500e+00
3.575871884822845459e-01
3.814207315444946289e-01
2.886265516281127930e-01
5.794668793678283691e-01
2.494835853576660156e-01
2.960603237152099609e-01
3.747527003288269043e-01
2.536950409412384033e-01
2.483594417572021484e-01
3.643938302993774414e-01
2.485924065113067627e-01
5.007697343826293945e-01
4.970939159393310547e-01
2.510991692543029785e-01
