2.328156232833862305e-01
3.295623958110809326e-01
2.558598518371582031e-01
2.881792783737182617e-01
9.750171899795532227e-01
2.976892292499542236e-01
2.214381545782089233e-01
2.964759171009063721e-01
2.291245162487030029e-01
2.969077229499816895e-01
2.244741618633270264e-01
2.259332388639450073e-01
2.311719059944152832e-01
3.381102383136749268e-01
2.962463796138763428e-01
3.356274366378784180e-01
2.843169569969177246e-01
3.574219346046447754e-01
3.922209143638610840e-01
2.974638342857360840e-01
2.960802614688873291e-01
2.411616146564483643e-01
2.362098097801208496e-01
2.198862880468368530e-01
1.753056347370147705e-01
3.706288337707519531e-01
3.761548101902008057e-01
2.703160643577575684e-01
2.832450270652770996e-01
2.962060272693634033e-01
2.357562035322189331e-01
2.177467942237854004e-01
2.920213639736175537e-01
2.752334773540496826e-01
2.843301892280578613e-01
3.435661494731903076e-01
2.990942895412445068e-01
5.671871900558471680e-01
2.478496134281158447e-01
2.927340567111968994e-01
3.003166019916534424e-01
3.153789341449737549e-01
3.147071897983551025e-01
3.025079965591430664e-01
2.477687448263168335e-01
4.962572157382965088e-01
4.963060021400451660e-01
2.486458420753479004e-01
