2.347353249788284302e-01
3.033707141876220703e-01
2.565332055091857910e-01
2.852509021759033203e-01
9.284053444862365723e-01
2.863957881927490234e-01
3.547099828720092773e-01
2.931194901466369629e-01
3.538121879100799561e-01
2.894812524318695068e-01
3.548563122749328613e-01
2.710944712162017822e-01
2.878704667091369629e-01
3.632079362869262695e-01
2.835574448108673096e-01
3.618991971015930176e-01
2.720727026462554932e-01
3.799264430999755859e-01
4.104688763618469238e-01
2.618331909179687500e-01
2.836779356002807617e-01
3.488534688949584961e-01
2.975195646286010742e-01
3.461037576198577881e-01
1.763204783201217651e-01
3.696584403514862061e-01
3.910256326198577881e-01
2.718366980552673340e-01
3.134084343910217285e-01
2.936822175979614258e-01
3.563525080680847168e-01
3.481150269508361816e-01
1.472511053085327148e+00
1.480523467063903809e+00
3.468399643898010254e-01
2.489662766456604004e-01
3.505586683750152588e-01
4.998724758625030518e-01
2.487908452749252319e-01
2.967988252639770508e-01
2.610185444355010986e-01
3.625247180461883545e-01
3.752927482128143311e-01
2.462933808565139771e-01
2.465986907482147217e-01
4.951857924461364746e-01
4.980250000953674316e-01
2.447779178619384766e-01
