2.211343944072723389e-01
3.678767383098602295e-01
2.545479834079742432e-01
2.901354730129241943e-01
1.039544224739074707e+00
2.972306013107299805e-01
2.178025245666503906e-01
2.976473569869995117e-01
2.285871058702468872e-01
2.971391081809997559e-01
2.264787703752517700e-01
2.238063812255859375e-01
2.312840819358825684e-01
3.306409418582916260e-01
2.942712903022766113e-01
3.246520757675170898e-01
3.154373466968536377e-01
3.324971497058868408e-01
3.512897789478302002e-01
3.349581360816955566e-01
2.964467704296112061e-01
2.341988831758499146e-01
2.528504431247711182e-01
2.194411903619766235e-01
1.755450814962387085e-01
3.657416999340057373e-01
3.783120810985565186e-01
2.592017352581024170e-01
2.860335707664489746e-01
2.962121665477752686e-01
2.307064682245254517e-01
2.183817178010940552e-01
2.935532927513122559e-01
3.103009462356567383e-01
3.027186989784240723e-01
3.192402124404907227e-01
3.361164331436157227e-01
4.699996709823608398e-01
2.479259520769119263e-01
2.919926643371582031e-01
3.110411763191223145e-01
3.052588105201721191e-01
2.926938235759735107e-01
3.210119307041168213e-01
2.479546517133712769e-01
4.961313307285308838e-01
4.973831474781036377e-01
2.487169206142425537e-01
