2.309645712375640869e-01
3.846696019172668457e-01
2.536687254905700684e-01
2.886665165424346924e-01
1.051241159439086914e+00
2.923519909381866455e-01
2.394924461841583252e-01
2.992354035377502441e-01
3.578419387340545654e-01
2.957327067852020264e-01
2.305798232555389404e-01
2.374628633260726929e-01
2.423489540815353394e-01
2.776258289813995361e-01
2.976414561271667480e-01
2.496451884508132935e-01
2.617432177066802979e-01
3.754192888736724854e-01
4.197474420070648193e-01
2.740052342414855957e-01
2.747007310390472412e-01
3.459925949573516846e-01
4.463260471820831299e-01
3.532772064208984375e-01
1.732391566038131714e-01
3.604860305786132812e-01
3.848333656787872314e-01
2.445553690195083618e-01
3.079268634319305420e-01
2.943525910377502441e-01
3.482773602008819580e-01
2.337203323841094971e-01
6.357230544090270996e-01
1.204071283340454102e+00
3.268962800502777100e-01
3.729129135608673096e-01
2.573181092739105225e-01
6.116207242012023926e-01
2.525202631950378418e-01
2.937364578247070312e-01
3.675481975078582764e-01
2.459376901388168335e-01
2.499066591262817383e-01
3.673083782196044922e-01
2.504017651081085205e-01
4.972263276576995850e-01
4.972092211246490479e-01
2.466899603605270386e-01
