2.416825294494628906e-01
2.557732760906219482e-01
2.486509829759597778e-01
2.864529788494110107e-01
7.110481262207031250e-01
2.973240613937377930e-01
2.249417155981063843e-01
2.969106137752532959e-01
2.237785309553146362e-01
2.951082885265350342e-01
2.887679934501647949e-01
2.549788951873779297e-01
2.273174971342086792e-01
3.547032773494720459e-01
2.935964465141296387e-01
3.440876305103302002e-01
3.767902553081512451e-01
2.608695924282073975e-01
2.742519676685333252e-01
4.152505099773406982e-01
2.943160831928253174e-01
2.442605644464492798e-01
2.581439316272735596e-01
2.367657572031021118e-01
1.734731644392013550e-01
3.918960988521575928e-01
3.768552541732788086e-01
3.146826922893524170e-01
2.752895355224609375e-01
3.028272390365600586e-01
2.189259529113769531e-01
2.067699283361434937e-01
2.767422199249267578e-01
2.312774211168289185e-01
2.280044108629226685e-01
3.430476486682891846e-01
3.107806742191314697e-01
4.101735055446624756e-01
2.403505593538284302e-01
2.850938737392425537e-01
2.451580315828323364e-01
3.625083863735198975e-01
3.671611845493316650e-01
2.530622184276580811e-01
2.480655461549758911e-01
4.943417608737945557e-01
4.915490448474884033e-01
2.454928308725357056e-01
