2.353566288948059082e-01
3.653868138790130615e-01
2.549864947795867920e-01
2.868925034999847412e-01
7.106985449790954590e-01
2.970587909221649170e-01
2.176670432090759277e-01
2.992327511310577393e-01
2.339333146810531616e-01
2.970741987228393555e-01
2.232324331998825073e-01
2.279993444681167603e-01
2.321613579988479614e-01
3.366678655147552490e-01
2.971360683441162109e-01
3.255647122859954834e-01
3.299494385719299316e-01
3.174959123134613037e-01
3.337509334087371826e-01
3.501701056957244873e-01
2.957067787647247314e-01
2.336758375167846680e-01
2.420384436845779419e-01
2.191675752401351929e-01
1.750580817461013794e-01
3.745565116405487061e-01
3.704121112823486328e-01
2.741437852382659912e-01
2.694043219089508057e-01
2.965494096279144287e-01
2.383615225553512573e-01
2.113327234983444214e-01
2.968381345272064209e-01
2.639397680759429932e-01
3.330232799053192139e-01
2.626624703407287598e-01
3.722936809062957764e-01
4.424327313899993896e-01
2.470464706420898438e-01
2.909876108169555664e-01
3.392474651336669922e-01
2.772479951381683350e-01
2.975051105022430420e-01
3.159043788909912109e-01
2.483217567205429077e-01
4.968430101871490479e-01
4.964035749435424805e-01
2.503239810466766357e-01
