2.374276071786880493e-01
2.524919211864471436e-01
2.536194920539855957e-01
2.888002991676330566e-01
1.442912220954895020e+00
2.845673263072967529e-01
3.483718335628509521e-01
2.974577248096466064e-01
3.157978057861328125e-01
2.871040105819702148e-01
2.175661325454711914e-01
3.185623586177825928e-01
2.303336411714553833e-01
3.439117372035980225e-01
2.873023748397827148e-01
3.582334518432617188e-01
2.798607945442199707e-01
3.826107680797576904e-01
4.037795960903167725e-01
2.599259018898010254e-01
2.903199493885040283e-01
3.447906374931335449e-01
2.835319936275482178e-01
3.583118915557861328e-01
1.746900975704193115e-01
3.683284223079681396e-01
3.667550981044769287e-01
2.704261839389801025e-01
2.615117728710174561e-01
2.947846055030822754e-01
3.585556149482727051e-01
2.585968673229217529e-01
1.352194190025329590e+00
1.403953075408935547e+00
3.391337096691131592e-01
3.708290159702301025e-01
2.578913569450378418e-01
5.320976972579956055e-01
2.472643703222274780e-01
2.898418307304382324e-01
3.150407671928405762e-01
3.052545487880706787e-01
2.876259684562683105e-01
3.291086852550506592e-01
2.482325136661529541e-01
4.963079988956451416e-01
4.965644180774688721e-01
2.488447874784469604e-01
