2.340079396963119507e-01
3.163818120956420898e-01
2.551020681858062744e-01
2.893409430980682373e-01
6.654962301254272461e-01
2.980280816555023193e-01
2.186267375946044922e-01
2.971837222576141357e-01
2.304286062717437744e-01
2.974639236927032471e-01
2.241359204053878784e-01
2.271282076835632324e-01
2.307112216949462891e-01
3.387086093425750732e-01
2.968578636646270752e-01
3.338012099266052246e-01
2.897799909114837646e-01
3.492924869060516357e-01
3.854725658893585205e-01
3.118716180324554443e-01
2.968036234378814697e-01
2.338125854730606079e-01
2.330859899520874023e-01
2.159950137138366699e-01
1.751627922058105469e-01
3.778266608715057373e-01
3.716783225536346436e-01
2.897574901580810547e-01
2.733089327812194824e-01
2.974788546562194824e-01
2.254002243280410767e-01
2.167015373706817627e-01
3.016810119152069092e-01
2.697612643241882324e-01
3.048412501811981201e-01
2.853565216064453125e-01
3.500451743602752686e-01
5.422456264495849609e-01
2.474534511566162109e-01
2.939111888408660889e-01
3.129146993160247803e-01
3.036226332187652588e-01
3.014574050903320312e-01
3.134579658508300781e-01
2.495462894439697266e-01
4.967931210994720459e-01
4.956676959991455078e-01
2.481211721897125244e-01
