2.335629016160964966e-01
3.789511919021606445e-01
2.577975094318389893e-01
2.903720736503601074e-01
6.898265480995178223e-01
2.961916327476501465e-01
2.155475467443466187e-01
2.970205545425415039e-01
2.303493171930313110e-01
2.969450652599334717e-01
2.197792679071426392e-01
2.263913750648498535e-01
2.329654544591903687e-01
3.422846496105194092e-01
2.978728413581848145e-01
3.435350656509399414e-01
3.801856338977813721e-01
2.676030695438385010e-01
2.608996629714965820e-01
4.092912673950195312e-01
2.957499325275421143e-01
2.347227483987808228e-01
2.308149486780166626e-01
2.254692912101745605e-01
1.754216849803924561e-01
3.771703541278839111e-01
3.687782287597656250e-01
2.969418168067932129e-01
2.655240893363952637e-01
2.959789037704467773e-01
2.250304222106933594e-01
2.160947471857070923e-01
2.975597381591796875e-01
2.448649257421493530e-01
2.682569622993469238e-01
2.889911532402038574e-01
3.566404879093170166e-01
5.704749226570129395e-01
2.521683573722839355e-01
2.493727207183837891e-01
2.691649496555328369e-01
3.444805443286895752e-01
3.485966920852661133e-01
2.674391269683837891e-01
2.501512467861175537e-01
4.975591599941253662e-01
4.942234158515930176e-01
2.446977049112319946e-01
