2.385707199573516846e-01
3.383643627166748047e-01
2.552243769168853760e-01
2.901290953159332275e-01
9.020575284957885742e-01
2.975906431674957275e-01
2.249932587146759033e-01
2.975690066814422607e-01
2.286087572574615479e-01
2.981398105621337891e-01
2.239788174629211426e-01
2.232722938060760498e-01
2.309840917587280273e-01
3.332445025444030762e-01
2.943573892116546631e-01
3.357200026512145996e-01
3.008093237876892090e-01
3.371490836143493652e-01
3.691852390766143799e-01
3.255490362644195557e-01
2.957794666290283203e-01
2.269146591424942017e-01
2.373370081186294556e-01
2.228638976812362671e-01
1.742852330207824707e-01
3.609738349914550781e-01
3.762152194976806641e-01
2.515908777713775635e-01
2.917672991752624512e-01
2.959265410900115967e-01
2.247291058301925659e-01
2.192666083574295044e-01
2.953321933746337891e-01
2.507304251194000244e-01
2.465694844722747803e-01
3.417522311210632324e-01
2.892353236675262451e-01
5.259769558906555176e-01
2.510632872581481934e-01
2.913888096809387207e-01
3.315916359424591064e-01
2.825933396816253662e-01
2.760444283485412598e-01
3.360749781131744385e-01
2.502567768096923828e-01
4.966084957122802734e-01
4.958146214485168457e-01
2.496286630630493164e-01
