2.357344925403594971e-01
3.081917762756347656e-01
2.543434500694274902e-01
2.942577004432678223e-01
5.797187089920043945e-01
2.977029085159301758e-01
2.217389941215515137e-01
2.955534160137176514e-01
2.256593555212020874e-01
2.945366799831390381e-01
2.304313778877258301e-01
2.224880456924438477e-01
2.320716381072998047e-01
3.325119018554687500e-01
2.941683828830718994e-01
3.207848370075225830e-01
2.776419520378112793e-01
3.524043858051300049e-01
4.011819362640380859e-01
3.090935051441192627e-01
2.973858714103698730e-01
2.328052520751953125e-01
2.541624307632446289e-01
2.226711511611938477e-01
1.764195859432220459e-01
3.657222688198089600e-01
3.830150067806243896e-01
2.568213939666748047e-01
2.999492287635803223e-01
2.957660555839538574e-01
2.346578538417816162e-01
2.196855545043945312e-01
2.887079119682312012e-01
2.707347273826599121e-01
2.281449884176254272e-01
3.402400314807891846e-01
3.024063706398010254e-01
5.017938613891601562e-01
2.466280162334442139e-01
2.933053374290466309e-01
3.363901078701019287e-01
2.843618392944335938e-01
2.729449868202209473e-01
3.436436951160430908e-01
2.502787709236145020e-01
4.960760176181793213e-01
4.970411658287048340e-01
2.493659406900405884e-01
