2.486736083285406573e-01
3.861223497585780651e-01
2.581506177773119082e-01
2.853079946921179277e-01
9.525120010241162616e-01
2.882095425073548101e-01
2.196992096335178002e-01
2.894847299207536917e-01
2.185112916783054637e-01
2.978561063124411934e-01
2.429227827057709455e-01
3.133191954358365283e-01
2.734047354623564408e-01
3.556680459232422487e-01
2.940262965506321158e-01
3.494509940863477770e-01
2.522646417338020863e-01
3.732984627713766268e-01
4.190260842519915041e-01
2.793979478283303286e-01
2.967685030354584863e-01
3.294612147131092961e-01
2.398402217618920973e-01
2.708317882333952653e-01
1.769058690005945456e-01
3.793237726726254033e-01
3.681904515866838978e-01
2.656250010334016975e-01
2.525525216701741682e-01
2.967167517673685029e-01
2.139250182575563319e-01
2.214024718012843618e-01
8.035251732490322762e-01
8.630917806608920939e-01
2.243774495967410798e-01
3.765725369340969797e-01
2.527453200915568132e-01
3.781197667403765617e-01
2.425722845721827725e-01
2.879009307809974882e-01
3.625309793258703062e-01
2.393173228358829452e-01
2.464126209853039484e-01
3.692798938877677739e-01
2.481788727565431563e-01
4.954871890084489583e-01
4.947439444304221889e-01
2.500885040953205185e-01
