2.211453371892879438e-01
3.678476236661463172e-01
2.523041414732394849e-01
2.903076321006696214e-01
7.013350761650004594e-01
2.941377189245803492e-01
2.266665780480051906e-01
2.905306221616937301e-01
2.274077215505919403e-01
2.976142866299997247e-01
2.305026594414688046e-01
2.958585201107123419e-01
2.715744024823370517e-01
3.516428717408398019e-01
2.904445678052822166e-01
3.479163898175602898e-01
2.586101422329411537e-01
3.696881525894617493e-01
4.257852593892655912e-01
2.757082139768548545e-01
2.998910352730180806e-01
3.325958424703142624e-01
2.521161904155536648e-01
2.454239033533516523e-01
1.729232504414436045e-01
3.863630119323763212e-01
3.591605888790377898e-01
2.981844506340839973e-01
2.484522864193616509e-01
2.973090419278543450e-01
2.218636061060091369e-01
2.158372259795023063e-01
5.763111983460913468e-01
5.801353360008550952e-01
2.208591047622163184e-01
3.693493202135360587e-01
2.511535526796931928e-01
4.411950564956296228e-01
2.501443793318526843e-01
2.940446564308876742e-01
3.693589669963305844e-01
2.369355921165634815e-01
2.545206332072249555e-01
3.605420585838147174e-01
2.540141515449332310e-01
4.953901954230142124e-01
4.972288962911761145e-01
2.433409249058558210e-01
