2.369571359249764975e-01
2.689507388740819960e-01
2.564931808955929204e-01
2.873618731647590296e-01
1.427292617030395228e+00
2.917489474857041798e-01
3.446598184995272041e-01
2.912228149069326921e-01
2.206917663802193397e-01
2.819931615462326069e-01
3.383735010381802577e-01
3.273865226302818399e-01
2.953859422817798897e-01
3.542279891476382003e-01
2.933725543649402523e-01
3.552196481170789566e-01
3.849112857323933601e-01
2.720850272480320742e-01
2.587418962764887476e-01
4.065710515877393183e-01
2.821431823220308943e-01
3.495343584231085377e-01
2.258406821250596441e-01
3.372305895030617284e-01
1.768865952454322099e-01
3.535963776724423968e-01
3.685899923335604345e-01
2.335371272556899247e-01
2.947311900366900717e-01
2.977543501922721991e-01
3.501670506974045027e-01
2.360106285418826777e-01
1.109808888959961992e+00
1.018064000282820736e+00
2.186402465983210974e-01
2.646144016103512131e-01
3.848012772485479571e-01
3.357602525124095405e-01
2.431078323119927886e-01
2.728863176117570788e-01
2.380745890795596675e-01
3.787727123146008013e-01
3.510911743658682860e-01
2.520717429227439799e-01
2.514861910215721030e-01
5.001902201993737584e-01
4.956993820297870834e-01
2.474644552900879257e-01
