2.394605804422694495e-01
2.509545790049628744e-01
2.538055124135510932e-01
2.872541092249397132e-01
4.142553824758259395e-01
2.939072053405301088e-01
2.164547685112319098e-01
2.981384918771393666e-01
2.262674604892848662e-01
2.961663663114062484e-01
2.141876619807853710e-01
2.997662539254373759e-01
2.746830711193031238e-01
3.517237893363233114e-01
2.891214150836181607e-01
3.482830717677401489e-01
2.603105415550856505e-01
3.780556764031010597e-01
4.148062019458828575e-01
2.654823628740321517e-01
2.972743780648469114e-01
3.376478730065549105e-01
2.572485925769503745e-01
2.731670813261403707e-01
1.754252270169409378e-01
3.717874332847596053e-01
3.643251300000239223e-01
2.514663454100112827e-01
2.504383297045180701e-01
2.942623184284370863e-01
2.359641123503926907e-01
2.150662087924763710e-01
9.440666944613662626e-01
8.545047224306777656e-01
2.143163044904109471e-01
2.783070102450824201e-01
3.831272290116299328e-01
5.548284905317248938e-01
2.459935662390707600e-01
2.939667702291290374e-01
2.647489845341045034e-01
2.923016099156576786e-01
2.708341326353989609e-01
2.636013900930324061e-01
2.473697145671488462e-01
4.955467018700049908e-01
4.971843525453506496e-01
2.479283284982486679e-01
