2.417940254583511583e-01
3.878433808985703446e-01
2.552587668864714221e-01
2.870049285080234491e-01
5.102323873739565974e-01
2.950034747884594521e-01
2.162881292683828671e-01
2.980486120153009733e-01
2.328880584743161508e-01
2.963646510149858249e-01
2.222329272239077225e-01
2.742591774869804211e-01
2.272102236668099018e-01
2.387426717515831742e-01
2.848714676900619969e-01
3.495488204540296295e-01
3.795712881543457651e-01
2.663584980984434192e-01
2.628201471806447254e-01
4.132922694106339612e-01
2.900773334603885534e-01
3.328515527681956687e-01
2.735944496316549124e-01
2.501147213748389220e-01
1.759226489577706276e-01
3.564755592496177683e-01
4.009895227100379600e-01
2.343758150389841366e-01
3.344706597702913897e-01
2.894312229527292724e-01
2.246937221314820876e-01
2.123148534982930435e-01
3.916968139648733804e-01
7.874395530260009934e-01
2.110289366804211642e-01
3.790605006579873537e-01
2.646395431063311987e-01
3.759785384545247244e-01
2.480524961883113777e-01
2.934592587185231860e-01
2.545124763565210224e-01
3.196553114504217530e-01
2.706023895170167060e-01
2.753213704505101389e-01
2.481307969524909063e-01
4.972903732441318336e-01
4.969391184827608998e-01
2.489969085038495344e-01
