2.206293585791257172e-01
3.611730674429545762e-01
2.548153669903294727e-01
2.872049214615131629e-01
1.053187507684615332e+00
2.931128049454795881e-01
2.240103868523500852e-01
2.930510880981129218e-01
2.262931695085951267e-01
2.946385285908874052e-01
2.344618695967455035e-01
2.302212440899706059e-01
2.343243070421106855e-01
3.361861189092521518e-01
2.942359073515999901e-01
3.586389513507567406e-01
3.041646130956670024e-01
2.897909640156146049e-01
3.239368620486305916e-01
2.744904347786000787e-01
2.840863630141566287e-01
2.295605323823342592e-01
2.196626667265293154e-01
2.116380838695678668e-01
1.748872911287064624e-01
3.596860762449644588e-01
3.887415485997769427e-01
2.524076429647380548e-01
3.034257862441316345e-01
2.951001330935135170e-01
2.466365298167496334e-01
2.118743079439685539e-01
3.124872483922162547e-01
2.453489641384636044e-01
2.201498276826014400e-01
3.099140242964333880e-01
3.500896553200955608e-01
3.371147786679488667e-01
2.515493257727337006e-01
3.007561350522601762e-01
2.575858374962842201e-01
3.389931269502335365e-01
3.690988294684292570e-01
2.263850729236137893e-01
2.553107997881579050e-01
4.986884769262117656e-01
4.968300906982633380e-01
2.495839992075173930e-01
