2.204831133563573964e-01
2.519605814598045446e-01
2.613528800861074641e-01
2.819918570733518370e-01
4.656246874054955076e-01
2.986382906296858319e-01
2.297397909961533813e-01
2.959349803039512117e-01
2.308048711031889799e-01
2.963368107396823770e-01
2.211980040438538408e-01
2.911013627823355598e-01
2.782303124278552864e-01
3.604638971556127780e-01
2.868501807863567121e-01
3.394990293640902101e-01
3.770992895387507149e-01
2.670958578865346156e-01
2.516217462865298349e-01
4.029477423210678921e-01
2.953602999011951669e-01
3.280290417748144005e-01
2.737889639793227303e-01
2.734152521411587489e-01
1.735649841494287249e-01
3.722617959564811785e-01
3.471375756720562200e-01
2.791414725599807301e-01
2.261774794845340386e-01
2.965734453012443539e-01
2.204862696505856257e-01
2.081036019979264906e-01
8.522342222072556428e-01
7.239836838964738286e-01
2.280121312396338751e-01
3.777753715436485971e-01
2.724545350113842801e-01
4.200011449730808866e-01
2.476657218207838074e-01
2.894115463192863946e-01
3.684638185037620306e-01
2.356053661906125363e-01
2.608344659789701425e-01
3.594751722012466399e-01
2.545056602340498020e-01
4.991162887165427331e-01
4.971184695728270708e-01
2.520441055311656853e-01
