2.185654951383351752e-01
2.894019428564952867e-01
2.536844009825963142e-01
2.881671313426068526e-01
5.495120049004317275e-01
2.981158037156627638e-01
2.195639722557674312e-01
2.922747237698910538e-01
2.245770054671296090e-01
2.962272303671308893e-01
2.179169951597951238e-01
2.282786522519042738e-01
2.293310506153926343e-01
3.381354464813056682e-01
2.977526726072843855e-01
3.415384532871977852e-01
3.747849284134112668e-01
2.644730008953922185e-01
2.630462413493602769e-01
4.146182630587804674e-01
2.921931016180602803e-01
2.267383033193192121e-01
2.153546627547000269e-01
2.158101866530336144e-01
1.751645322572065178e-01
3.629825735110416285e-01
3.691708645319482507e-01
2.474277407730699763e-01
2.559757584956334209e-01
2.977747483344637680e-01
2.312557182669102429e-01
2.196880659135679315e-01
2.977132956380877937e-01
2.478804382560204078e-01
3.265070737678081314e-01
2.648483628537366408e-01
3.598666519562386812e-01
3.575734020036331340e-01
2.466058607445208439e-01
2.906712453272430885e-01
2.378832589214554261e-01
3.109110814200297668e-01
3.113912288288551711e-01
2.740665463047657902e-01
2.459012292463114147e-01
4.978999623738338820e-01
4.950471371333000636e-01
2.480459160651416750e-01
