2.191275003232229790e-01
3.714662083668082149e-01
2.552465143663003588e-01
2.825836968287259165e-01
3.529420316195426288e-01
2.986668509007361916e-01
2.147976447654717791e-01
2.956197774601239114e-01
2.302066378054318241e-01
2.982254989812884727e-01
2.375869725885182415e-01
2.295656321937834532e-01
2.360657627580903806e-01
3.381770240150885898e-01
2.965081341962548800e-01
3.368953682905089231e-01
2.600908333833826247e-01
3.731932239277780949e-01
4.201432982006988448e-01
2.725045588144748288e-01
2.961474944784852625e-01
2.254968075961764074e-01
2.069721960047433973e-01
2.158566614820238427e-01
1.736567696197515442e-01
3.750773679297262908e-01
3.689050139453666222e-01
2.637676219533070521e-01
2.538948095166182473e-01
2.965406698654781126e-01
2.255027567588759607e-01
2.135664468463309984e-01
2.918409293557156503e-01
3.050856154818325505e-01
2.132489347785316014e-01
3.370832577740189295e-01
2.528391425911942769e-01
3.954033315408878035e-01
2.419119801301954920e-01
2.278040249102301351e-01
2.844862940323300560e-01
2.677774101724953448e-01
2.580753910695619546e-01
2.762662254078928070e-01
2.494969708144681997e-01
4.972583495754609451e-01
4.967121447308374682e-01
2.474269098128319411e-01
