2.364665362939232796e-01
3.873191694683138508e-01
2.536569107837002846e-01
2.878564789651463229e-01
1.223181138772338583e+00
2.274513683351924997e-01
2.500557772383346089e-01
2.822376677413316326e-01
3.466462081031321252e-01
2.954327062740322862e-01
3.551364423026760475e-01
2.814233440169953138e-01
2.797788097099221938e-01
3.602413211358675427e-01
2.858879697446480850e-01
3.549875467234439030e-01
2.557140967848033908e-01
3.546389211789597318e-01
4.097461672855464143e-01
2.957972345088997201e-01
2.897585705337621387e-01
3.493730757200314008e-01
2.737433259112680428e-01
3.117995433082009771e-01
1.748139264218306899e-01
3.635454033146792718e-01
3.687724254800023305e-01
2.518495205152280758e-01
2.620983456288392688e-01
2.202725311704252786e-01
3.304056372012691978e-01
2.916104511052221571e-01
1.188782334036692978e+00
8.729068486609792288e-01
2.345588321887665528e-01
2.649476320540223306e-01
3.787615560268802195e-01
3.415491477623544547e-01
2.470432220381574562e-01
2.953016066262826866e-01
2.602886159827801915e-01
3.484023313369518093e-01
3.728753367860355161e-01
2.369581319822396392e-01
2.485228157994548159e-01
4.962726765509645754e-01
4.966815215818501938e-01
2.482002357059338304e-01
