2.347093634094173653e-01
2.495676666138139099e-01
2.560003221488189595e-01
2.861469265817300767e-01
3.541035381938253956e-01
2.792640552338598314e-01
3.538225903000001282e-01
2.983550177167108020e-01
3.431921251746915535e-01
2.984078920871662266e-01
3.491158661245413186e-01
3.062841687838022686e-01
2.724107726029399990e-01
3.488222034931214299e-01
2.891535181111531960e-01
3.469714753921352424e-01
3.801573191492511605e-01
2.682888472796472468e-01
2.622672482848754649e-01
4.160565435306038395e-01
2.977626403512319553e-01
3.515082332371954332e-01
2.591832366127229115e-01
2.196726886720442307e-01
1.759424392741854581e-01
3.568618865961682429e-01
3.914106885100671618e-01
2.434479522230498794e-01
3.054324128124731863e-01
2.971477905337744918e-01
3.604118874519982585e-01
3.442098910875744933e-01
5.132457550049926986e-01
7.135177108558674597e-01
3.518540167561865495e-01
3.749550573865142455e-01
2.614978422509757761e-01
4.070333928298350834e-01
2.439460506528528250e-01
2.902692760774578384e-01
2.695333148700350678e-01
2.880256965619113485e-01
2.845693259794880303e-01
2.610668284266848271e-01
2.501719649111055488e-01
4.978132509719555010e-01
4.970693271604951780e-01
2.473681649386147985e-01
