2.280688318916101742e-01
2.486749127805137349e-01
2.556240467973783237e-01
2.897237544501055084e-01
7.509742075168061026e-01
2.870417846368142900e-01
3.486506057570483708e-01
2.993364956864382753e-01
3.402673214452861528e-01
2.963683510467451376e-01
3.531394475318809789e-01
2.922819312810794323e-01
2.339593545277238174e-01
2.215717137827347138e-01
2.811543842410123561e-01
3.583883499880421430e-01
3.788831652073696987e-01
2.723818640612420405e-01
2.582527645582908815e-01
4.059455738890733190e-01
2.853747128573168590e-01
3.517566348945550536e-01
3.025424863565432387e-01
3.476434197314874353e-01
1.753230066370391194e-01
3.617609956425965612e-01
4.131453195700767744e-01
2.566508316464036765e-01
3.654205587649428932e-01
2.944097162610626039e-01
3.593306136825955011e-01
3.318194080659550016e-01
1.251825998069904911e+00
1.064380666098527328e+00
3.468785523064244480e-01
3.753936503073814768e-01
2.581751517395271533e-01
4.553748638755024114e-01
2.490941577609463720e-01
2.945473163981348064e-01
3.059583016898093089e-01
2.596243494359831150e-01
2.450275242272277332e-01
3.110083145561453044e-01
2.475700067468920296e-01
4.954541593445095371e-01
4.943984063280271180e-01
2.478781093051908579e-01
