2.231246712417528366e-01
3.792520933023835750e-01
2.543970821685000994e-01
2.869739015952257888e-01
6.318744518867769333e-01
2.967178584495522853e-01
2.190972432321804386e-01
2.958828310313058041e-01
2.306946038119320197e-01
2.965145429762213181e-01
2.205286969836453004e-01
2.207288798846084033e-01
2.311432997492528507e-01
3.234094291373231234e-01
2.927428349353654591e-01
3.320714057955604370e-01
3.229330322789684682e-01
2.713889676603215007e-01
2.724583242098553848e-01
3.397764968274105679e-01
2.965043579925425443e-01
2.309807291906494087e-01
2.154127129677366193e-01
2.159713117343958488e-01
1.747476908954431474e-01
3.717338719737453556e-01
3.702940511772537802e-01
2.573014313252359186e-01
2.559050998939108590e-01
2.948173650110262334e-01
2.310984623045371777e-01
2.151629071061385012e-01
2.978124516246601905e-01
2.539914058958908649e-01
3.285362150737722864e-01
2.625632354002918611e-01
3.679897517454465694e-01
4.039331650363212067e-01
2.462277902965937237e-01
2.933757683827033502e-01
2.883277320348138772e-01
2.651234332261392379e-01
2.572023872544835221e-01
2.789587493191478806e-01
2.476189236196841559e-01
4.965704470567888773e-01
4.964971934577894763e-01
2.479058878308761094e-01
