2.236062140439061263e-01
3.857705999684863940e-01
2.527346698802123148e-01
2.878576079568103685e-01
5.652190213602596991e-01
2.982601487827694076e-01
2.171199310195260079e-01
2.956165990260531951e-01
2.468494990650940413e-01
2.980491233169094145e-01
2.865069725153989166e-01
2.601361606197745702e-01
2.342403007968447137e-01
3.443733994051488279e-01
2.938983310124714254e-01
3.450458494055176351e-01
3.403934998155472846e-01
2.750535178658815583e-01
2.625873669454060755e-01
3.573378743001231483e-01
2.942273735922283362e-01
2.249371071227515839e-01
2.154391425611744959e-01
2.200055720628157352e-01
1.737513938307984340e-01
3.798726120455536148e-01
3.644879034615866042e-01
2.794502472883770849e-01
2.528066392646121097e-01
2.966578266532529651e-01
2.279528862082413898e-01
2.131636402267668429e-01
2.995162021757731829e-01
2.693337770953588839e-01
2.889512416176425735e-01
2.633894083164318722e-01
3.763808905125256010e-01
3.593836973621698516e-01
2.483596360184875951e-01
2.820676485611832707e-01
2.588085346217625649e-01
3.083535024755726384e-01
3.102708817910113659e-01
2.512609135382866121e-01
2.476941383433234056e-01
4.975246468198042948e-01
4.965119126229378677e-01
2.471962780572558860e-01
