2.283096000986298002e-01
2.582283621648815974e-01
2.537075825116881789e-01
2.866341115121288641e-01
5.104551622589881266e-01
2.980282330031234217e-01
2.163309666152524735e-01
2.973296510841613172e-01
2.231432562839246458e-01
2.971529527892548539e-01
2.219484632779019084e-01
2.212235851389274532e-01
2.311535497998584987e-01
3.367689859229630045e-01
2.947847173511614072e-01
3.407637225657620950e-01
2.639080557770777657e-01
3.230553069387195886e-01
3.295391673618767725e-01
2.877973885032358847e-01
2.969948514195711042e-01
2.250415557471713013e-01
2.300597110072205298e-01
2.173160789455388375e-01
1.754437606639583092e-01
3.782316693992330836e-01
3.652730872986293398e-01
2.608540116672022346e-01
2.485099292470595300e-01
2.973696412943980238e-01
2.228689066240445993e-01
2.147102956543499863e-01
2.992937357039174850e-01
2.360598128408500640e-01
3.108545878526550732e-01
2.690341769632444979e-01
3.514529036974770593e-01
5.230843316198316995e-01
2.496876610254646911e-01
2.934458893536874280e-01
2.722308244533843125e-01
2.721597076796600789e-01
2.762735197234986173e-01
2.737955056179010027e-01
2.473647170507879689e-01
4.985505768165930385e-01
4.956301068786212460e-01
2.482210516276951440e-01
