2.277889580819245086e-01
3.007598577396194961e-01
2.544337447944537978e-01
2.842201146802009193e-01
7.934388798174358826e-01
2.962201887428618785e-01
2.324230162159090785e-01
2.917383481305523274e-01
2.292861200137512601e-01
2.975011642140379386e-01
2.273773871851231254e-01
2.232189702715696444e-01
2.275673683093932531e-01
3.221652687915531610e-01
2.981021865490898204e-01
3.478846884644198889e-01
2.639556118438036170e-01
3.771590704217302470e-01
4.193338653878325162e-01
2.706711126416280200e-01
2.970002127374498646e-01
2.348286949235619259e-01
2.254036476401490574e-01
2.234610673398031433e-01
1.770283396758156325e-01
3.686586588596138525e-01
3.789661872499988093e-01
2.458959915719708400e-01
2.686436744114739650e-01
2.939056778366294642e-01
2.227326596943883519e-01
2.206364641440499152e-01
3.465061220015206445e-01
4.029399460848792081e-01
2.122550838166365472e-01
3.830923556554047260e-01
2.744905936091734944e-01
4.023055451178811914e-01
2.455952898392884665e-01
2.830856540259027998e-01
2.485327647868104950e-01
3.595023237073212141e-01
3.708904340943310896e-01
2.533287883464925283e-01
2.491015603091613351e-01
4.956607850660866843e-01
4.987179024453014531e-01
2.510941211660260852e-01
