2.231452669975957925e-01
3.560319955651190527e-01
2.543651246239347352e-01
2.870795371187492839e-01
3.167245768669369466e-01
2.985823643065875221e-01
2.199734074414455010e-01
2.974793410771877644e-01
2.257494906971028725e-01
2.969223045785651105e-01
2.203903173651806102e-01
2.177124296021454297e-01
2.310630195463158898e-01
3.304370229711743323e-01
2.963732131331520692e-01
3.292190581499224722e-01
2.672871745611492544e-01
3.215971630341631915e-01
3.332967882609191301e-01
2.820835150862136542e-01
2.969070200992289243e-01
2.255587734094493535e-01
2.194381530079434761e-01
2.164629828295465686e-01
1.752887361124999821e-01
3.705535920160251129e-01
3.692855539062088743e-01
2.549586114848224616e-01
2.505131585639150393e-01
2.956002005536369492e-01
2.284355283691128502e-01
2.169835734417841500e-01
2.944887508027210221e-01
2.694167676757415197e-01
2.204147255066319366e-01
3.399951115192269002e-01
2.605635283738145791e-01
3.745672480239271018e-01
2.466306599876448569e-01
2.244950236592222481e-01
2.726116191637623087e-01
2.864628408700777285e-01
2.705895043548602330e-01
2.650186160891230269e-01
2.482384843386986617e-01
4.965369578994209276e-01
4.964402110207543073e-01
2.478396236039253908e-01
