2.304684573090457211e-01
3.123217851552611002e-01
2.506649585611209208e-01
2.842259392674806318e-01
7.694770534118522409e-01
2.954968296573206588e-01
2.253574930442691082e-01
2.978894970808592113e-01
2.233672442754760790e-01
2.974201957849361144e-01
2.122387505939655472e-01
2.278953035350459178e-01
2.335437208609117965e-01
3.258801575444333909e-01
2.932379531691472474e-01
3.312086519154319175e-01
2.581107789958411725e-01
3.595571174295812411e-01
4.183873036859723227e-01
2.803036503420893166e-01
3.011700626334400943e-01
2.363926038791059059e-01
2.615588053150341707e-01
2.246856086911435124e-01
1.762913684439172679e-01
3.804250739943663140e-01
3.652946021375817476e-01
2.581300238210367248e-01
2.529567844361974016e-01
2.952839511975733355e-01
2.393650816595814523e-01
2.133878138949815151e-01
3.026386640659585736e-01
2.550447888515918748e-01
2.143663794250210697e-01
2.864952318741887938e-01
3.078915039219538019e-01
4.943009077504355031e-01
2.502015324081160452e-01
2.150636333895639685e-01
2.872252069581250900e-01
2.466725937554422599e-01
2.611847426745328438e-01
2.979521074739680531e-01
2.489958038168259002e-01
4.994962827292621088e-01
4.945850307340493579e-01
2.534954983313763011e-01
