2.498509942153513685e-01
2.386748707929178259e-01
2.587583586094623911e-01
2.866763985219958899e-01
1.267193218110833408e+00
3.003495242921410679e-01
2.158652929520244734e-01
3.000822953577587104e-01
2.275118663305768230e-01
2.979790787410563913e-01
2.244460449669940239e-01
2.637275527532779162e-01
2.241307978909442278e-01
2.275781139585433266e-01
2.775987115210786782e-01
3.494578323494377803e-01
3.794225068108272314e-01
2.707548619970704395e-01
2.790928216995330891e-01
4.212576204305603089e-01
2.874234344378514550e-01
3.298783162664670199e-01
2.760606759267993371e-01
2.464933730811304791e-01
1.758790330975977534e-01
4.110310198586870634e-01
3.514617891533936556e-01
3.433301156511165964e-01
2.174186932138225115e-01
2.978601626780209566e-01
2.258300258309241804e-01
2.064140645105703442e-01
9.137820085937330417e-01
8.717149854158021682e-01
2.230810145830960101e-01
3.643574450777055107e-01
2.539229447183650179e-01
5.666330660402065789e-01
2.435247145306588257e-01
2.955860859254560991e-01
2.533278454621648579e-01
3.689921611630213594e-01
3.640686270111245237e-01
2.399628867560697487e-01
2.503091919755279782e-01
4.969627175738408620e-01
4.973068334311762650e-01
2.490523061075698708e-01
