2.417305780144953786e-01
2.529407982123319520e-01
2.579337999857394537e-01
2.793052220290960785e-01
1.065057153288355485e+00
2.741836996828905804e-01
3.521894872555323408e-01
2.962218664111686550e-01
2.842306620491850122e-01
2.952294064486006842e-01
3.575935201299589861e-01
2.851750913168587531e-01
2.757487341565214578e-01
3.570121184906557832e-01
2.811259359663204060e-01
3.483760836312942977e-01
2.581322129575641111e-01
3.652572625490116964e-01
4.187293993442271489e-01
2.781044752958974908e-01
2.944850802072294660e-01
3.438730330030237980e-01
2.870340858227066749e-01
3.274583864949380252e-01
1.745338304668317964e-01
4.085885711111323926e-01
3.549542002905091698e-01
3.598485411302995707e-01
2.383520659658505403e-01
2.808874689138639580e-01
2.135048631150559539e-01
3.152185148811640358e-01
1.283504506102581155e+00
1.151641830317249982e+00
3.521863563103795336e-01
3.840161416025966168e-01
3.248895035831763090e-01
5.250409374787010641e-01
2.468057233158243158e-01
2.977378205693597679e-01
3.766159229616181103e-01
2.320747232976076158e-01
2.880035453322157823e-01
3.136226179955834970e-01
2.501831510786858281e-01
4.972179128936169423e-01
4.973082985593137439e-01
2.515400400487758925e-01
