2.239681322753646897e-01
3.611874897772905935e-01
2.525719067950104590e-01
2.914647405613318143e-01
1.370802228001821499e+00
2.753285644609002603e-01
2.202176157316203531e-01
2.965717836523975581e-01
2.126359960002641436e-01
2.889250114832537242e-01
2.906795906981667343e-01
2.865999726999870489e-01
2.326606765873003579e-01
3.430579350732659294e-01
2.961206839109726263e-01
3.502351047145632057e-01
3.837035723789659625e-01
2.641021240417050220e-01
2.431925164942583262e-01
3.879447389439610316e-01
2.993610495938494598e-01
2.350816294020337260e-01
2.126925379851811182e-01
2.264648732965384992e-01
1.745532841661820711e-01
3.726001602916036437e-01
3.573372501112935806e-01
2.576874922753129016e-01
2.543947770842621692e-01
2.979624169479325735e-01
2.205711054532526749e-01
3.358763483970667041e-01
5.705207860653082053e-01
9.842145207355251779e-01
2.756109165525757465e-01
3.592497138146282798e-01
2.425010678873652792e-01
2.505278829544621000e-01
2.499608760380553352e-01
2.961363048822995281e-01
3.680701720166829061e-01
2.243944281194772128e-01
2.459716844999095542e-01
3.495825625332992237e-01
2.567705104475707656e-01
4.952722250091514122e-01
4.971553380523444088e-01
2.491919593880797534e-01
