2.305185325546353359e-01
3.474430676289698150e-01
2.548589409964032160e-01
2.865033995159141367e-01
2.428912666438818035e-01
2.977821203751154777e-01
2.156938988332082752e-01
2.959914921168314561e-01
2.323690466189809178e-01
2.960378121205611279e-01
2.547654630346791738e-01
2.432050589365311044e-01
2.318408084268608060e-01
3.464658280020537773e-01
2.934349817801313320e-01
3.409187637984157915e-01
3.411649718312603774e-01
2.733880698211218485e-01
2.647158350451268571e-01
3.576810667546269085e-01
2.950316506685728979e-01
2.265474735592952482e-01
2.245561622388300149e-01
2.197086568695373887e-01
1.755639338268114580e-01
3.725480248477688328e-01
3.737427752143241966e-01
2.599470641362255918e-01
2.652366447292837104e-01
2.970896763656429851e-01
2.337429621825033721e-01
2.158863685273879340e-01
2.862227064002000332e-01
2.586959802365925709e-01
2.233612013335126156e-01
2.679007532888106335e-01
3.462616569516817622e-01
4.105497717255708889e-01
2.475822397413350029e-01
2.934515534057555164e-01
3.153171226658572079e-01
2.917497441814842496e-01
2.544584574493580775e-01
2.756058120735981332e-01
2.474762766082493348e-01
4.971685561168886491e-01
4.959775591450532040e-01
2.475537363017883130e-01
