2.570152213717583622e-01
3.801836381228585471e-01
2.599597402143529190e-01
2.861104598536661769e-01
4.243984376997651520e-01
2.970000281881502446e-01
2.428549550890220787e-01
2.906744840188025258e-01
3.442604651676388627e-01
2.965503114120806027e-01
3.197709139202488671e-01
2.905407100417853328e-01
2.731690861489088906e-01
3.557053789814708100e-01
2.805528524437552185e-01
3.504358285312079713e-01
3.756385440332440373e-01
2.600520064847659518e-01
2.718401550910571896e-01
4.191974186406597913e-01
2.976390149547609165e-01
3.363911859789709968e-01
2.774079005312942714e-01
3.099301151411720245e-01
1.732222751737241828e-01
3.588922559994988659e-01
3.876673765475417421e-01
2.400986720262807406e-01
3.256954471487752967e-01
2.692677626499648813e-01
2.183040761344560432e-01
3.201080276055099927e-01
7.327455314743350767e-01
5.447471679895001806e-01
2.831984256707927861e-01
2.939217314834632888e-01
3.875089432340492190e-01
3.634122254543865616e-01
2.440529186281036322e-01
2.971017648924355603e-01
2.325556613687292384e-01
3.777815235412707584e-01
3.426922575973038176e-01
2.715698126579067506e-01
2.524898542655669709e-01
4.988503992197421133e-01
4.961606621013771590e-01
2.472374772158859590e-01
