2.620341973756812881e-01
3.214107451816762273e-01
2.558167116547329645e-01
2.881591967966468104e-01
5.589191926896277529e-01
2.964414737273075584e-01
2.185133163432628201e-01
2.968436378276158583e-01
2.209958280382473550e-01
2.970750948018538451e-01
2.277145904231370199e-01
2.186666604695798322e-01
2.300373515254897083e-01
3.315229748804847110e-01
2.944417912711048135e-01
3.323448899203775841e-01
2.633938720484219620e-01
3.424220439553597450e-01
3.570705261029714084e-01
2.757275335961172913e-01
2.957001797574260182e-01
2.376492513927951633e-01
2.305989082313533722e-01
2.176638542939753895e-01
1.748628726415732415e-01
3.623251408376610416e-01
3.709428832347111959e-01
2.422888958548670424e-01
2.632435175019880447e-01
2.957742246393011976e-01
2.348947716041178135e-01
2.177460525074516873e-01
3.717831370584190331e-01
2.505233116018169559e-01
3.439420925998455947e-01
3.081191725814396154e-01
2.782243485825733331e-01
3.954625955026038753e-01
2.480387714823972523e-01
2.799418537482220581e-01
2.545429048526960392e-01
2.935410420090550088e-01
2.876840847332961526e-01
2.744893431316666743e-01
2.480825915185526365e-01
4.973509050947931276e-01
4.971726829569471096e-01
2.476535191261922120e-01
