2.603349419192671488e-01
2.493231037286702811e-01
2.551553366700958780e-01
2.866714906515835382e-01
8.678777455905581917e-01
2.959914380609807716e-01
2.413105789914355148e-01
2.746329877485776394e-01
3.460454676602551238e-01
2.984749392581978467e-01
3.404957879991586389e-01
2.979528201982705182e-01
2.797931192742016404e-01
3.530333516657191417e-01
2.862306432591031347e-01
3.521272327054376650e-01
3.797630511396246078e-01
2.663673585864532178e-01
2.615387697444767068e-01
4.130249941039531025e-01
2.935068106808054189e-01
3.517415930192298035e-01
2.623164379868088147e-01
2.262843315143766021e-01
1.746718784021600301e-01
3.633041946604824712e-01
3.670877703530096570e-01
2.518377107611008969e-01
2.615139047617868751e-01
2.215643968151562448e-01
2.992440028510426342e-01
3.317607639566256816e-01
5.180636877300650589e-01
5.634043151278397277e-01
3.042764945169731394e-01
2.513746541394817902e-01
3.563382349404136118e-01
5.673401444452267350e-01
2.475728004013036665e-01
2.952449742771797725e-01
2.813730531915265010e-01
2.808964582115497377e-01
2.622663471631769827e-01
2.681184153847522289e-01
2.475402946173079766e-01
4.963392014963943222e-01
4.963391273633436795e-01
2.481488045827278666e-01
