2.285267801921404829e-01
2.616617516602712801e-01
2.550444776964926885e-01
2.849797614525936273e-01
4.104012064291910900e-01
2.968069612492854059e-01
2.198751943122915220e-01
2.962352678504798775e-01
2.269598962451080393e-01
2.971353455783967701e-01
2.222528874574882796e-01
2.231037942752313874e-01
2.292782352508215826e-01
3.368717015183951835e-01
2.956595722368228207e-01
3.322305260941569860e-01
2.675065015641009958e-01
3.262880812899985883e-01
3.369048012307964135e-01
2.771691618584936068e-01
2.959945629578554782e-01
2.289335640248735537e-01
2.250072812820987367e-01
2.170744580765904819e-01
1.751895211192054658e-01
3.676551519010558544e-01
3.718472532402410935e-01
2.477690310976154164e-01
2.612389542486872607e-01
2.961252952116911752e-01
2.263683241470892671e-01
2.145115791913979608e-01
2.908477922801895321e-01
2.482448638182300771e-01
2.257602144037633707e-01
3.162119880841154362e-01
2.793885590176460321e-01
4.310687951566346543e-01
2.471895018597936866e-01
2.933522495574722444e-01
2.865615048907519946e-01
2.768038587589947142e-01
2.628842456125847216e-01
2.739697895590139098e-01
2.474320129672489266e-01
4.964722239476194732e-01
4.967667436691597382e-01
2.469230919212951625e-01
