2.285197378819013025e-01
2.661272163975838545e-01
2.546727520474903472e-01
2.863460739113255493e-01
6.734043815350868600e-01
2.975396069728205584e-01
2.203148373606405863e-01
2.958953589682858376e-01
2.260167244974386480e-01
2.968237087679085895e-01
2.193701706207501212e-01
2.227448644441304415e-01
2.310263294406655621e-01
3.348349316790839025e-01
2.953752428874557023e-01
3.329136048682965199e-01
2.666974927263127126e-01
3.332307701205519668e-01
3.442371134636714736e-01
2.758475191144964533e-01
2.958502141558490006e-01
2.308888145818205895e-01
2.177177104674446195e-01
2.177328695406956505e-01
1.749917163177389101e-01
3.741624715386632771e-01
3.673745829954355724e-01
2.605557992800836553e-01
2.530208521624361384e-01
2.959075981758612639e-01
2.308582782544891798e-01
2.135401652417584506e-01
2.953069681562253690e-01
2.326159864537697686e-01
2.513666099562757439e-01
3.244398973969155331e-01
2.627795217391901139e-01
5.527418820074349037e-01
2.472649567433932993e-01
2.913662668385000321e-01
2.654915581697643301e-01
2.839578380340943564e-01
2.825177051208571100e-01
2.665576227258913411e-01
2.467527757892656048e-01
4.958222545694987438e-01
4.964120900989073548e-01
2.470167462990117691e-01
