2.516301445554086080e-01
2.509617717738778508e-01
2.547105259537051913e-01
2.870725155600274969e-01
8.760116630769166912e-01
2.929347636756786666e-01
2.411608542221489182e-01
2.742563209587811079e-01
3.472187585792325670e-01
2.978596986986309925e-01
3.395603689365569999e-01
2.996568617198840379e-01
2.785240342519904044e-01
3.519978914744874010e-01
2.852413132499960757e-01
3.510340046950954362e-01
3.788160666292772483e-01
2.649188496186455355e-01
2.631722095548576501e-01
4.153656602007312348e-01
2.937221622507197871e-01
3.537337571438010642e-01
2.632274267644428289e-01
2.248607763282735872e-01
1.750261845141765082e-01
3.622009106482584895e-01
3.680726372982064398e-01
2.498472929251344676e-01
2.641068656934946746e-01
2.213129078548429496e-01
3.022050477624177445e-01
3.318828586376217915e-01
3.574666109276323223e-01
6.099374643677090146e-01
3.010896798524737572e-01
2.503153892138779146e-01
3.549651635824039309e-01
5.681673157591888845e-01
2.473126737402589759e-01
2.953016614848192889e-01
2.647881818617123240e-01
3.029631330998714955e-01
2.980834650622837811e-01
2.506450998630000426e-01
2.476000008272777053e-01
4.966093336652404044e-01
4.959596731260636493e-01
2.482927368212488606e-01
