2.321338647119985388e-01
2.419942898177118995e-01
2.546056046620098212e-01
2.861164126386739892e-01
8.734068427008309099e-01
2.870910624287897894e-01
3.513578799121027663e-01
2.875204433894104072e-01
3.642543549628798893e-01
2.848996408609750786e-01
3.556256747171144816e-01
3.313331778395728344e-01
2.841440134772699744e-01
3.049691515732926850e-01
2.927127489234644386e-01
3.603444911103305115e-01
2.871534438493598129e-01
3.881323264116273153e-01
3.912983031743931805e-01
2.627321973536099753e-01
2.921201344844044367e-01
3.482721419840186239e-01
2.161335241341557079e-01
3.535703229394553393e-01
1.729028525391748949e-01
3.629289281830171410e-01
3.709451793621356130e-01
2.570918596997956440e-01
2.580288871316654409e-01
2.933831635668855964e-01
2.196194788869858527e-01
2.054799051434746393e-01
1.391208707137589817e+00
1.384732625625185287e+00
2.666314492697089422e-01
3.830180572735962241e-01
2.731520476259826635e-01
5.334962775417182446e-01
2.507498869004570752e-01
2.807844965526319903e-01
2.649214747458026320e-01
3.384047916720400173e-01
3.722810278151818530e-01
2.403560734277222499e-01
2.575609981621009847e-01
4.945867668724386323e-01
4.977024480733599487e-01
2.500915758348284390e-01
