2.269568828281328110e-01
2.543803879848388627e-01
2.561368466270493860e-01
2.870828679955413354e-01
5.459364840920448714e-01
2.985145542713298905e-01
2.187677879754727772e-01
2.823743228944392003e-01
3.461981023572375249e-01
2.984039533983543491e-01
3.425647502896492780e-01
2.889164901162233901e-01
2.745984882245796066e-01
3.579701928119948251e-01
2.827224933324741230e-01
3.490949115673882552e-01
3.787423539484532364e-01
2.671246027949954471e-01
2.609405408588624242e-01
4.117287815512125082e-01
2.939869677350238075e-01
3.428432545758893779e-01
2.812566605249711138e-01
3.017220127183244949e-01
1.751953040977632936e-01
3.840293053154698599e-01
3.583440326854708813e-01
2.824196577546873033e-01
2.386004441408918764e-01
2.755047054344885726e-01
2.065847137294502256e-01
3.250076007120126786e-01
8.307122299877356397e-01
5.654839850283842617e-01
3.365517367050694375e-01
3.747175067064296150e-01
2.878630100928488145e-01
5.647884689542734815e-01
2.468097245568604547e-01
2.968935202454737743e-01
3.588176205031995969e-01
2.517238322624333891e-01
2.376910217426596028e-01
3.703708146697775594e-01
2.466529277161393363e-01
4.964271693765450744e-01
4.969340826853566040e-01
2.487477635090147299e-01
