2.363448441028594971e-01
2.511011958122253418e-01
2.558134794235229492e-01
2.883857190608978271e-01
5.353844165802001953e-01
2.852223813533782959e-01
3.556230366230010986e-01
2.960188388824462891e-01
3.457213640213012695e-01
2.987836301326751709e-01
3.422730863094329834e-01
2.898519635200500488e-01
2.771889865398406982e-01
3.553978204727172852e-01
2.841064631938934326e-01
3.519320189952850342e-01
3.787588179111480713e-01
2.658199667930603027e-01
2.691044807434082031e-01
4.180971980094909668e-01
2.948012948036193848e-01
3.485188484191894531e-01
2.828987836837768555e-01
2.964427173137664795e-01
1.745583862066268921e-01
3.620599508285522461e-01
3.768763542175292969e-01
2.515088319778442383e-01
2.881396412849426270e-01
2.802340984344482422e-01
2.074865698814392090e-01
3.363556861877441406e-01
1.006895065307617188e+00
1.152564764022827148e+00
3.576159179210662842e-01
2.745686769485473633e-01
3.828635513782501221e-01
5.656753778457641602e-01
2.483249306678771973e-01
2.933664321899414062e-01
3.237795233726501465e-01
2.970775663852691650e-01
2.757511436939239502e-01
3.367473185062408447e-01
2.485278248786926270e-01
4.956325888633728027e-01
4.964573979377746582e-01
2.485692948102951050e-01
