2.337243556976318359e-01
3.394748568534851074e-01
2.547737658023834229e-01
2.888071537017822266e-01
6.693614125251770020e-01
2.980709373950958252e-01
2.203084230422973633e-01
2.965012192726135254e-01
2.307237982749938965e-01
2.969289124011993408e-01
2.238592356443405151e-01
2.280046194791793823e-01
2.314149439334869385e-01
3.394590318202972412e-01
2.962154746055603027e-01
3.341765403747558594e-01
2.782378196716308594e-01
3.616757094860076904e-01
4.005014896392822266e-01
2.925463020801544189e-01
2.969627380371093750e-01
2.360110878944396973e-01
2.293483465909957886e-01
2.208293080329895020e-01
1.758322417736053467e-01
3.730705976486206055e-01
3.751538395881652832e-01
2.762228250503540039e-01
2.810519337654113770e-01
2.960380017757415771e-01
2.347836345434188843e-01
2.170242965221405029e-01
2.956438064575195312e-01
2.615061998367309570e-01
2.311082929372787476e-01
2.795070409774780273e-01
3.474051356315612793e-01
5.521858334541320801e-01
2.488563209772109985e-01
2.943151891231536865e-01
3.164633214473724365e-01
3.055086433887481689e-01
2.781074941158294678e-01
3.366131484508514404e-01
2.485125213861465454e-01
4.966787397861480713e-01
4.967276751995086670e-01
2.484026998281478882e-01
