2.282958626747131348e-01
3.616020679473876953e-01
2.534856200218200684e-01
2.916077375411987305e-01
1.371800899505615234e+00
2.769021391868591309e-01
2.202229648828506470e-01
2.977961897850036621e-01
2.192298620939254761e-01
2.890397906303405762e-01
2.925810813903808594e-01
2.874216437339782715e-01
2.327632755041122437e-01
3.434169888496398926e-01
2.963252663612365723e-01
3.512816131114959717e-01
3.837037086486816406e-01
2.642745077610015869e-01
2.452395707368850708e-01
3.889726996421813965e-01
2.993610501289367676e-01
2.390308380126953125e-01
2.133744955062866211e-01
2.271629273891448975e-01
1.745637357234954834e-01
3.727423548698425293e-01
3.580158948898315430e-01
2.613180875778198242e-01
2.558846473693847656e-01
2.980011701583862305e-01
2.208611667156219482e-01
3.361153304576873779e-01
5.763347148895263672e-01
9.856733083724975586e-01
2.794167995452880859e-01
3.596618473529815674e-01
2.425644546747207642e-01
2.506566345691680908e-01
2.527105510234832764e-01
2.961602807044982910e-01
3.686500191688537598e-01
2.244005501270294189e-01
2.481424659490585327e-01
3.498065471649169922e-01
2.567712366580963135e-01
4.952782988548278809e-01
4.971783757209777832e-01
2.495285123586654663e-01
