2.282211035490036011e-01
3.618539571762084961e-01
2.564169764518737793e-01
2.872540652751922607e-01
5.205145478248596191e-01
2.976570725440979004e-01
2.190820723772048950e-01
2.969379723072052002e-01
2.289533615112304688e-01
2.972302138805389404e-01
2.691406309604644775e-01
2.480175346136093140e-01
2.331173419952392578e-01
3.460043966770172119e-01
2.935719490051269531e-01
3.440527617931365967e-01
3.661513626575469971e-01
2.851392924785614014e-01
2.838287353515625000e-01
3.948094248771667480e-01
2.962965369224548340e-01
2.293009608983993530e-01
2.496322542428970337e-01
2.229223549365997314e-01
1.759581863880157471e-01
3.872991204261779785e-01
3.704441785812377930e-01
3.077711164951324463e-01
2.715775370597839355e-01
2.990168631076812744e-01
2.265224456787109375e-01
2.203803360462188721e-01
3.014253973960876465e-01
2.564738988876342773e-01
2.243465781211853027e-01
3.527351617813110352e-01
2.896934151649475098e-01
3.907848596572875977e-01
2.482037246227264404e-01
2.942481338977813721e-01
3.326042294502258301e-01
2.854531407356262207e-01
2.736962735652923584e-01
3.389851450920104980e-01
2.492395788431167603e-01
4.967477023601531982e-01
4.967314600944519043e-01
2.494286745786666870e-01
