2.320895940065383911e-01
3.052071332931518555e-01
2.527495622634887695e-01
2.930807769298553467e-01
6.773210763931274414e-01
2.987817525863647461e-01
2.236458212137222290e-01
2.943055331707000732e-01
2.316677272319793701e-01
2.963170409202575684e-01
2.260577976703643799e-01
2.311519533395767212e-01
2.326498925685882568e-01
3.388774991035461426e-01
2.954097986221313477e-01
3.336582481861114502e-01
2.785573601722717285e-01
3.563004136085510254e-01
4.005136191844940186e-01
3.017380833625793457e-01
2.963149845600128174e-01
2.286006808280944824e-01
2.413095086812973022e-01
2.176579087972640991e-01
1.739435940980911255e-01
3.759236037731170654e-01
3.754663467407226562e-01
2.799897193908691406e-01
2.868387401103973389e-01
2.971269786357879639e-01
2.211639732122421265e-01
2.207679897546768188e-01
3.029350042343139648e-01
2.648641169071197510e-01
2.213900834321975708e-01
3.243356943130493164e-01
3.174271285533905029e-01
4.262096583843231201e-01
2.496259957551956177e-01
2.942796945571899414e-01
2.969126105308532715e-01
3.233281970024108887e-01
3.232020139694213867e-01
2.929809391498565674e-01
2.492497712373733521e-01
4.981044232845306396e-01
4.932112693786621094e-01
2.460426986217498779e-01
