2.410797178745269775e-01
2.609179019927978516e-01
2.531127631664276123e-01
2.984568476676940918e-01
6.668933629989624023e-01
2.846297025680541992e-01
3.597684800624847412e-01
2.941777408123016357e-01
3.429380357265472412e-01
2.982828617095947266e-01
3.166508674621582031e-01
2.833809554576873779e-01
2.780449092388153076e-01
3.560271561145782471e-01
2.896219491958618164e-01
3.346186280250549316e-01
3.807278871536254883e-01
2.661655843257904053e-01
2.857438325881958008e-01
4.240347146987915039e-01
2.943108677864074707e-01
3.437159657478332520e-01
2.665224671363830566e-01
3.579268753528594971e-01
1.775133609771728516e-01
3.741735816001892090e-01
3.669893145561218262e-01
2.672192454338073730e-01
2.711167335510253906e-01
2.853050231933593750e-01
2.023336142301559448e-01
3.369364440441131592e-01
1.327079653739929199e+00
1.040548324584960938e+00
3.469297885894775391e-01
3.885324597358703613e-01
3.400906622409820557e-01
5.537463426589965820e-01
2.445842921733856201e-01
2.987049221992492676e-01
2.867539525032043457e-01
3.420766294002532959e-01
3.724555969238281250e-01
2.380366623401641846e-01
2.426854670047760010e-01
4.974786043167114258e-01
4.930241703987121582e-01
2.449847459793090820e-01
