2.424057722091674805e-01
2.510324120521545410e-01
2.550400495529174805e-01
2.790048122406005859e-01
9.139466285705566406e-01
2.793139219284057617e-01
3.432990014553070068e-01
2.927220165729522705e-01
3.292931318283081055e-01
2.885276675224304199e-01
2.235123962163925171e-01
2.372970134019851685e-01
2.974251508712768555e-01
3.086590766906738281e-01
2.805813848972320557e-01
3.495725393295288086e-01
3.562429547309875488e-01
2.446563243865966797e-01
2.995203733444213867e-01
4.311399161815643311e-01
2.834816575050354004e-01
3.527281284332275391e-01
2.887795269489288330e-01
3.156809806823730469e-01
1.776927113533020020e-01
3.756610155105590820e-01
3.509934544563293457e-01
2.818122506141662598e-01
2.306963801383972168e-01
2.173143625259399414e-01
2.951279878616333008e-01
2.574705779552459717e-01
1.156635761260986328e+00
8.712946176528930664e-01
3.469689488410949707e-01
2.563562393188476562e-01
3.703101277351379395e-01
3.697823286056518555e-01
2.622777521610260010e-01
2.885169684886932373e-01
2.576392292976379395e-01
3.628392815589904785e-01
3.671170473098754883e-01
2.416594624519348145e-01
2.477974444627761841e-01
5.012235641479492188e-01
4.874362349510192871e-01
2.438155710697174072e-01
