2.545235157012939453e-01
3.876453638076782227e-01
2.556317150592803955e-01
2.873618900775909424e-01
9.706234931945800781e-01
2.919161915779113770e-01
2.387330085039138794e-01
2.853046655654907227e-01
3.422808647155761719e-01
2.922867834568023682e-01
3.551168739795684814e-01
3.012527823448181152e-01
2.776191234588623047e-01
3.548038303852081299e-01
2.939112186431884766e-01
3.416072726249694824e-01
3.748329281806945801e-01
2.607688903808593750e-01
2.769669890403747559e-01
4.241724610328674316e-01
2.962706387042999268e-01
3.537420630455017090e-01
2.417977303266525269e-01
2.564743459224700928e-01
1.750246584415435791e-01
3.653676807880401611e-01
3.699156939983367920e-01
2.579250931739807129e-01
2.690972387790679932e-01
2.792222499847412109e-01
2.163187861442565918e-01
3.224127292633056641e-01
7.629618048667907715e-01
6.227839589118957520e-01
3.150463998317718506e-01
3.093685805797576904e-01
3.877566754817962646e-01
3.441635370254516602e-01
2.487205713987350464e-01
2.931967973709106445e-01
2.646711766719818115e-01
3.474112451076507568e-01
3.566599786281585693e-01
2.540988028049468994e-01
2.511999011039733887e-01
4.957590699195861816e-01
4.972720444202423096e-01
2.515170276165008545e-01
