2.267153859138488770e-01
2.479114681482315063e-01
2.563199400901794434e-01
2.937890887260437012e-01
8.923968076705932617e-01
2.838570475578308105e-01
3.500308692455291748e-01
2.931791543960571289e-01
3.350605964660644531e-01
2.983635067939758301e-01
3.522343039512634277e-01
2.819748222827911377e-01
2.801361978054046631e-01
3.647037744522094727e-01
2.766571044921875000e-01
3.480067253112792969e-01
3.896645307540893555e-01
2.871717810630798340e-01
2.635627985000610352e-01
4.099156558513641357e-01
2.947050333023071289e-01
3.189707994461059570e-01
2.988347709178924561e-01
3.558898866176605225e-01
1.779898107051849365e-01
3.661721646785736084e-01
3.893221020698547363e-01
2.613942623138427734e-01
3.090228736400604248e-01
2.808526158332824707e-01
2.138526886701583862e-01
3.205522596836090088e-01
1.288236856460571289e+00
8.579366207122802734e-01
3.504165410995483398e-01
2.647221684455871582e-01
3.658174276351928711e-01
4.578995704650878906e-01
2.465913444757461548e-01
2.959718704223632812e-01
3.119790554046630859e-01
3.007686138153076172e-01
3.213510513305664062e-01
3.029421865940093994e-01
2.477339208126068115e-01
4.961513280868530273e-01
5.004132390022277832e-01
2.494188547134399414e-01
