2.505560219287872314e-01
2.491804808378219604e-01
2.512180805206298828e-01
2.877382040023803711e-01
1.275734901428222656e+00
2.881601452827453613e-01
3.549256026744842529e-01
2.983108758926391602e-01
3.003506660461425781e-01
2.963791489601135254e-01
2.402122020721435547e-01
2.594708800315856934e-01
2.476281374692916870e-01
2.780914008617401123e-01
2.734805345535278320e-01
3.583802580833435059e-01
3.726460337638854980e-01
2.555969655513763428e-01
2.897218465805053711e-01
4.400903582572937012e-01
2.788585424423217773e-01
3.453784883022308350e-01
2.937981486320495605e-01
3.650846183300018311e-01
1.740741431713104248e-01
3.630965352058410645e-01
4.189296066761016846e-01
2.486556470394134521e-01
3.651278316974639893e-01
2.890810668468475342e-01
3.527347147464752197e-01
2.521892488002777100e-01
1.048243522644042969e+00
1.214007854461669922e+00
2.294176816940307617e-01
2.630783915519714355e-01
3.837050795555114746e-01
3.496122360229492188e-01
2.398954182863235474e-01
2.863176465034484863e-01
2.982624173164367676e-01
3.251911401748657227e-01
2.568934261798858643e-01
3.716055154800415039e-01
2.490165531635284424e-01
5.058107376098632812e-01
4.924968183040618896e-01
2.490954250097274780e-01
