2.473109662532806396e-01
2.512221932411193848e-01
2.505909800529479980e-01
2.839732766151428223e-01
6.529473662376403809e-01
2.939343452453613281e-01
3.181120455265045166e-01
2.933315038681030273e-01
3.473834395408630371e-01
2.966869771480560303e-01
2.931393384933471680e-01
2.640864253044128418e-01
2.837242484092712402e-01
3.524065613746643066e-01
2.925567030906677246e-01
3.608853518962860107e-01
2.604090571403503418e-01
3.742727041244506836e-01
4.173947870731353760e-01
2.687110006809234619e-01
2.900940775871276855e-01
3.505103588104248047e-01
2.651179432868957520e-01
2.698133587837219238e-01
1.723380833864212036e-01
3.569003343582153320e-01
3.900505304336547852e-01
2.452031075954437256e-01
3.027153611183166504e-01
2.243232280015945435e-01
2.984250187873840332e-01
2.796956300735473633e-01
1.128195881843566895e+00
8.985984325408935547e-01
2.169972509145736694e-01
2.903519272804260254e-01
3.839621543884277344e-01
4.895250499248504639e-01
2.505064010620117188e-01
2.903057634830474854e-01
2.394075542688369751e-01
3.822929561138153076e-01
3.639168143272399902e-01
2.628983855247497559e-01
2.464529424905776978e-01
4.957661032676696777e-01
4.996940493583679199e-01
2.432424724102020264e-01
