2.214060872793197632e-01
3.718782961368560791e-01
2.566613554954528809e-01
2.886040508747100830e-01
8.416206836700439453e-01
2.986433804035186768e-01
2.210548967123031616e-01
2.973203957080841064e-01
2.282139211893081665e-01
2.968000173568725586e-01
2.434878945350646973e-01
2.358530759811401367e-01
2.356648445129394531e-01
3.367300927639007568e-01
2.949717342853546143e-01
3.407862484455108643e-01
3.635050654411315918e-01
2.878359854221343994e-01
2.880162298679351807e-01
3.910948038101196289e-01
2.958810925483703613e-01
2.354383617639541626e-01
2.299789339303970337e-01
2.230347096920013428e-01
1.754104346036911011e-01
3.785261511802673340e-01
3.741906285285949707e-01
2.869239449501037598e-01
2.801492810249328613e-01
2.957355082035064697e-01
2.341389060020446777e-01
2.196334600448608398e-01
3.004988133907318115e-01
2.819892466068267822e-01
3.190446794033050537e-01
2.770897150039672852e-01
3.767132163047790527e-01
4.238119721412658691e-01
2.482924014329910278e-01
2.906098067760467529e-01
3.341042399406433105e-01
2.829458117485046387e-01
2.764129042625427246e-01
3.398563563823699951e-01
2.483738660812377930e-01
4.971570670604705811e-01
4.965983033180236816e-01
2.487686127424240112e-01
