2.391433566808700562e-01
2.539792358875274658e-01
2.543278336524963379e-01
2.848316431045532227e-01
5.510989427566528320e-01
2.974313497543334961e-01
3.237943351268768311e-01
2.740170955657958984e-01
3.538921177387237549e-01
2.968739271163940430e-01
3.453411459922790527e-01
2.895682454109191895e-01
2.770890593528747559e-01
3.625042140483856201e-01
2.871705889701843262e-01
3.562444448471069336e-01
3.736060857772827148e-01
2.665730416774749756e-01
2.654530107975006104e-01
4.210471510887145996e-01
2.917389273643493652e-01
3.575819134712219238e-01
2.695557177066802979e-01
2.242536395788192749e-01
1.749660670757293701e-01
3.606675863265991211e-01
4.076739549636840820e-01
2.446528673171997070e-01
3.607959151268005371e-01
2.892402708530426025e-01
2.031629383563995361e-01
2.892304062843322754e-01
9.151236414909362793e-01
1.273414134979248047e+00
3.408027887344360352e-01
2.668073177337646484e-01
3.778742253780364990e-01
4.228495359420776367e-01
2.524297535419464111e-01
2.211008965969085693e-01
2.416148334741592407e-01
3.735694885253906250e-01
3.582719862461090088e-01
2.540233135223388672e-01
2.554068565368652344e-01
4.944516420364379883e-01
4.951705634593963623e-01
2.469218075275421143e-01
