2.380163669586181641e-01
2.510975897312164307e-01
2.557489573955535889e-01
2.882074117660522461e-01
1.170684576034545898e+00
2.859703302383422852e-01
3.526110053062438965e-01
2.992152273654937744e-01
3.489899039268493652e-01
2.968246340751647949e-01
3.028323054313659668e-01
3.087200224399566650e-01
2.766921520233154297e-01
3.508499264717102051e-01
2.904995679855346680e-01
3.448971807956695557e-01
2.838031649589538574e-01
3.588205277919769287e-01
3.938112556934356689e-01
2.931722998619079590e-01
2.975297570228576660e-01
3.508283793926239014e-01
2.607074975967407227e-01
2.350269705057144165e-01
1.750798970460891724e-01
3.680316805839538574e-01
3.744020760059356689e-01
2.663707733154296875e-01
2.825274169445037842e-01
2.229046970605850220e-01
3.595865666866302490e-01
3.467687666416168213e-01
9.301136732101440430e-01
1.171531081199645996e+00
2.379536628723144531e-01
3.636386692523956299e-01
2.576308250427246094e-01
3.406581282615661621e-01
2.472653985023498535e-01
2.824769020080566406e-01
3.150113523006439209e-01
3.006147742271423340e-01
3.041599690914154053e-01
3.147040605545043945e-01
2.488541603088378906e-01
4.967220723628997803e-01
4.965006113052368164e-01
2.485864609479904175e-01
