2.369427978992462158e-01
2.986639738082885742e-01
2.535362243652343750e-01
2.863301634788513184e-01
4.102571308612823486e-01
2.971687316894531250e-01
2.258226573467254639e-01
2.967220544815063477e-01
2.335461229085922241e-01
2.966491580009460449e-01
2.304359674453735352e-01
2.326196432113647461e-01
2.309029698371887207e-01
3.264966607093811035e-01
2.972885966300964355e-01
3.297519981861114502e-01
3.531738519668579102e-01
3.038954138755798340e-01
3.078786730766296387e-01
3.687113821506500244e-01
2.963003814220428467e-01
2.448653578758239746e-01
2.435752600431442261e-01
2.185014933347702026e-01
1.747046709060668945e-01
3.750757277011871338e-01
3.763396739959716797e-01
2.783766686916351318e-01
2.815349996089935303e-01
2.978269159793853760e-01
2.312532365322113037e-01
2.214543819427490234e-01
3.006296455860137939e-01
3.107128441333770752e-01
3.152122497558593750e-01
2.908437848091125488e-01
3.482903838157653809e-01
5.501914024353027344e-01
2.458004951477050781e-01
2.930195331573486328e-01
3.169649243354797363e-01
2.985600233078002930e-01
3.056145906448364258e-01
3.097299039363861084e-01
2.467962503433227539e-01
4.949445724487304688e-01
4.966370761394500732e-01
2.478972077369689941e-01
