2.622463107109069824e-01
3.915130198001861572e-01
2.526430487632751465e-01
2.916595935821533203e-01
8.476443290710449219e-01
2.833313345909118652e-01
3.550866842269897461e-01
2.916082739830017090e-01
3.479753136634826660e-01
2.892555594444274902e-01
3.497089445590972900e-01
2.701199054718017578e-01
2.841418981552124023e-01
3.624084591865539551e-01
2.808531224727630615e-01
3.559598922729492188e-01
2.912614047527313232e-01
3.698951601982116699e-01
3.886635303497314453e-01
2.853666841983795166e-01
2.958512306213378906e-01
3.479216098785400391e-01
2.931269407272338867e-01
3.587805032730102539e-01
1.751131713390350342e-01
3.741106986999511719e-01
3.646612763404846191e-01
2.750740051269531250e-01
2.620576620101928711e-01
2.891256511211395264e-01
3.174365460872650146e-01
2.225167304277420044e-01
1.126338839530944824e+00
9.757903814315795898e-01
2.380325049161911011e-01
3.809882104396820068e-01
2.655436992645263672e-01
5.866278409957885742e-01
2.506970763206481934e-01
2.751331925392150879e-01
3.526348471641540527e-01
2.655574381351470947e-01
3.076703846454620361e-01
3.243149816989898682e-01
2.414463758468627930e-01
5.005872845649719238e-01
4.941995739936828613e-01
2.502768039703369141e-01
