2.487832903861999512e-01
3.885407447814941406e-01
2.545526623725891113e-01
2.884240746498107910e-01
6.601853370666503906e-01
2.851652801036834717e-01
3.534948825836181641e-01
2.949008345603942871e-01
3.451266884803771973e-01
2.999781966209411621e-01
3.523460626602172852e-01
2.917051315307617188e-01
2.785724103450775146e-01
3.542981743812561035e-01
2.752489149570465088e-01
3.503419160842895508e-01
3.798272609710693359e-01
2.663069367408752441e-01
2.728438079357147217e-01
4.216834008693695068e-01
2.952166795730590820e-01
3.083923459053039551e-01
3.020786643028259277e-01
3.565366864204406738e-01
1.751846671104431152e-01
3.564941287040710449e-01
3.758211731910705566e-01
2.431749403476715088e-01
2.896246612071990967e-01
2.843838036060333252e-01
2.070232331752777100e-01
3.403217792510986328e-01
1.322756648063659668e+00
1.253622055053710938e+00
3.566743731498718262e-01
3.476151525974273682e-01
3.616275191307067871e-01
5.128751993179321289e-01
2.521452009677886963e-01
2.951741218566894531e-01
2.488301992416381836e-01
3.625473082065582275e-01
3.687283396720886230e-01
2.421170473098754883e-01
2.476205229759216309e-01
4.966312348842620850e-01
4.951637983322143555e-01
2.526201605796813965e-01
