2.323148995637893677e-01
3.455500602722167969e-01
2.548055946826934814e-01
2.879053950309753418e-01
6.170871257781982422e-01
2.972367703914642334e-01
2.185271829366683960e-01
2.958528697490692139e-01
2.290125191211700439e-01
2.976141870021820068e-01
2.294187545776367188e-01
2.297331094741821289e-01
2.352294921875000000e-01
3.353637158870697021e-01
2.966359555721282959e-01
3.304739296436309814e-01
2.984807789325714111e-01
3.415022790431976318e-01
3.691003322601318359e-01
3.145256936550140381e-01
2.960242033004760742e-01
2.395545095205307007e-01
2.305608242750167847e-01
2.207385748624801636e-01
1.754438430070877075e-01
3.786203861236572266e-01
3.736194372177124023e-01
2.898308336734771729e-01
2.758150398731231689e-01
2.974267601966857910e-01
2.408665269613265991e-01
2.230067700147628784e-01
2.846486866474151611e-01
2.625603675842285156e-01
2.283002138137817383e-01
2.822546958923339844e-01
3.554250299930572510e-01
5.477424263954162598e-01
2.494571655988693237e-01
2.943549752235412598e-01
3.120080530643463135e-01
3.059573471546173096e-01
3.141999542713165283e-01
3.041040897369384766e-01
2.471058666706085205e-01
4.953840672969818115e-01
4.970690011978149414e-01
2.486750185489654541e-01
