2.256083637475967407e-01
2.929300367832183838e-01
2.560747563838958740e-01
2.895348072052001953e-01
3.528618812561035156e-01
2.958546578884124756e-01
2.268517017364501953e-01
3.006231784820556641e-01
3.360462188720703125e-01
2.813470065593719482e-01
2.151529937982559204e-01
3.106786012649536133e-01
2.304493784904479980e-01
3.413400650024414062e-01
3.012472093105316162e-01
3.510891497135162354e-01
3.426149487495422363e-01
3.567726612091064453e-01
3.211364150047302246e-01
2.941912412643432617e-01
2.277522087097167969e-01
2.887082397937774658e-01
2.246312797069549561e-01
3.529157638549804688e-01
1.758894771337509155e-01
3.518427908420562744e-01
4.039951562881469727e-01
2.218787968158721924e-01
3.394210934638977051e-01
2.999112606048583984e-01
2.199310809373855591e-01
2.226792722940444946e-01
2.838388383388519287e-01
2.668823301792144775e-01
2.190098315477371216e-01
2.650011777877807617e-01
3.691404759883880615e-01
6.086201667785644531e-01
2.465787231922149658e-01
2.892354428768157959e-01
2.987370491027832031e-01
3.195769488811492920e-01
3.112480938434600830e-01
3.073629438877105713e-01
2.468097358942031860e-01
4.972788989543914795e-01
4.960962235927581787e-01
2.527078390121459961e-01
