2.299595326185226440e-01
2.651041448116302490e-01
2.556177079677581787e-01
2.884292602539062500e-01
9.049761891365051270e-01
2.964296638965606689e-01
2.216243445873260498e-01
2.957473099231719971e-01
2.338327616453170776e-01
2.954593002796173096e-01
2.640375196933746338e-01
2.426669597625732422e-01
2.403296679258346558e-01
3.378417789936065674e-01
2.933723926544189453e-01
3.392854034900665283e-01
3.452410697937011719e-01
2.999177575111389160e-01
3.089907765388488770e-01
3.725702762603759766e-01
2.954339087009429932e-01
2.416708618402481079e-01
2.369028329849243164e-01
2.239772081375122070e-01
1.751843690872192383e-01
3.678848445415496826e-01
3.746951222419738770e-01
2.653509080410003662e-01
2.814335525035858154e-01
2.968408465385437012e-01
2.361821830272674561e-01
2.163814604282379150e-01
2.974456548690795898e-01
2.499509602785110474e-01
2.697942256927490234e-01
3.680183291435241699e-01
2.730148136615753174e-01
5.756888389587402344e-01
2.477539777755737305e-01
2.945580184459686279e-01
3.112358748912811279e-01
3.034901618957519531e-01
3.193413913249969482e-01
3.024392724037170410e-01
2.480880022048950195e-01
4.968358278274536133e-01
4.961421489715576172e-01
2.486789822578430176e-01
