2.333556860685348511e-01
2.510094046592712402e-01
2.554434835910797119e-01
2.919066548347473145e-01
1.178638100624084473e+00
2.844309210777282715e-01
3.501579761505126953e-01
2.997019290924072266e-01
3.512139916419982910e-01
2.993316948413848877e-01
3.482937216758728027e-01
3.007604479789733887e-01
2.736184000968933105e-01
3.507898449897766113e-01
2.879854142665863037e-01
3.493109345436096191e-01
3.785529136657714844e-01
2.624862790107727051e-01
2.752753794193267822e-01
4.214460253715515137e-01
2.989380955696105957e-01
3.367278575897216797e-01
2.678047418594360352e-01
2.618284523487091064e-01
1.735596954822540283e-01
3.722810149192810059e-01
3.707138597965240479e-01
2.802671194076538086e-01
2.742899060249328613e-01
2.388279438018798828e-01
3.449026644229888916e-01
3.503515720367431641e-01
1.191113233566284180e+00
1.290748834609985352e+00
2.252966165542602539e-01
3.888370394706726074e-01
2.984999120235443115e-01
3.851808011531829834e-01
2.489433586597442627e-01
2.909636497497558594e-01
3.507402837276458740e-01
2.577619552612304688e-01
2.680837213993072510e-01
3.488889336585998535e-01
2.508553862571716309e-01
4.971614181995391846e-01
4.974033832550048828e-01
2.488035112619400024e-01
