2.515953779220581055e-01
2.514925003051757812e-01
2.567993104457855225e-01
2.904518246650695801e-01
7.093079090118408203e-01
2.962525486946105957e-01
2.290641814470291138e-01
2.967418432235717773e-01
2.289166152477264404e-01
2.954679727554321289e-01
2.260541766881942749e-01
2.968789637088775635e-01
2.748013734817504883e-01
3.573179841041564941e-01
2.942993640899658203e-01
3.420033156871795654e-01
3.357766270637512207e-01
3.052560389041900635e-01
3.273997008800506592e-01
3.610981702804565430e-01
2.983389496803283691e-01
3.235725760459899902e-01
2.603835463523864746e-01
2.708823382854461670e-01
1.749766170978546143e-01
3.750047683715820312e-01
3.782896995544433594e-01
2.788658440113067627e-01
2.906064391136169434e-01
2.927001416683197021e-01
2.441823035478591919e-01
2.198644280433654785e-01
9.178406000137329102e-01
8.665914535522460938e-01
2.217867225408554077e-01
2.571385800838470459e-01
3.639677762985229492e-01
6.021839380264282227e-01
2.485616207122802734e-01
2.948526740074157715e-01
2.997032105922698975e-01
3.216553628444671631e-01
3.205812573432922363e-01
2.875281572341918945e-01
2.524834871292114258e-01
4.969988465309143066e-01
4.963150024414062500e-01
2.494241744279861450e-01
