2.233171612024307251e-01
3.647459149360656738e-01
2.554280459880828857e-01
2.890495657920837402e-01
8.086966276168823242e-01
2.976642549037933350e-01
2.208426147699356079e-01
2.964606285095214844e-01
2.316069006919860840e-01
2.973761558532714844e-01
2.267801612615585327e-01
2.269508838653564453e-01
2.323513925075531006e-01
3.368864357471466064e-01
2.957225143909454346e-01
3.382056057453155518e-01
3.676118552684783936e-01
2.761348783969879150e-01
2.839561104774475098e-01
4.047006666660308838e-01
2.946303784847259521e-01
2.309677898883819580e-01
2.319743633270263672e-01
2.196889966726303101e-01
1.753361970186233521e-01
3.749850988388061523e-01
3.739816546440124512e-01
2.794670462608337402e-01
2.795165181159973145e-01
2.959468066692352295e-01
2.348688393831253052e-01
2.177241593599319458e-01
2.987671494483947754e-01
2.585991322994232178e-01
3.278889358043670654e-01
3.121012747287750244e-01
3.284657299518585205e-01
4.566145539283752441e-01
2.478076219558715820e-01
2.891420423984527588e-01
2.991314530372619629e-01
3.168561458587646484e-01
3.129968643188476562e-01
3.031111657619476318e-01
2.489243000745773315e-01
4.966129660606384277e-01
4.963598549365997314e-01
2.484345436096191406e-01
