2.384373247623443604e-01
2.573967576026916504e-01
2.538344264030456543e-01
2.894499003887176514e-01
6.460429430007934570e-01
2.995213866233825684e-01
2.199169248342514038e-01
2.942902743816375732e-01
2.341952472925186157e-01
2.957910895347595215e-01
2.281867861747741699e-01
2.259626239538192749e-01
2.337049841880798340e-01
3.351277112960815430e-01
2.967763543128967285e-01
3.361967504024505615e-01
2.808945775032043457e-01
3.632538020610809326e-01
3.971294760704040527e-01
2.853150069713592529e-01
2.980211973190307617e-01
2.328133881092071533e-01
2.398200184106826782e-01
2.205547392368316650e-01
1.749420166015625000e-01
3.680688440799713135e-01
3.750920891761779785e-01
2.688255012035369873e-01
2.837117910385131836e-01
2.970183491706848145e-01
2.324159443378448486e-01
2.173932343721389771e-01
3.143118321895599365e-01
3.046313822269439697e-01
3.168313205242156982e-01
2.891159951686859131e-01
3.460289537906646729e-01
5.300888419151306152e-01
2.508553862571716309e-01
2.942005395889282227e-01
2.748839259147644043e-01
3.453530967235565186e-01
3.465238809585571289e-01
2.679474651813507080e-01
2.485771328210830688e-01
4.972402453422546387e-01
4.981858432292938232e-01
2.491882592439651489e-01
