2.300419509410858154e-01
3.091691732406616211e-01
2.558407187461853027e-01
2.883211076259613037e-01
5.697581768035888672e-01
2.977415025234222412e-01
2.209137827157974243e-01
2.967194020748138428e-01
2.291661649942398071e-01
2.973228096961975098e-01
2.261150032281875610e-01
2.254739701747894287e-01
2.327365875244140625e-01
3.357757031917572021e-01
2.959886193275451660e-01
3.377098143100738525e-01
3.413584828376770020e-01
2.995751798152923584e-01
3.174922764301300049e-01
3.743073046207427979e-01
2.958599925041198730e-01
2.328594624996185303e-01
2.343797832727432251e-01
2.184067368507385254e-01
1.754081845283508301e-01
3.769507408142089844e-01
3.719834685325622559e-01
2.834284901618957520e-01
2.741893827915191650e-01
2.967952489852905273e-01
2.353053539991378784e-01
2.163705825805664062e-01
2.903630137443542480e-01
2.690156698226928711e-01
2.271507680416107178e-01
3.195552825927734375e-01
3.199254870414733887e-01
4.489326179027557373e-01
2.481170594692230225e-01
2.935959100723266602e-01
3.148877024650573730e-01
3.067278265953063965e-01
2.863081097602844238e-01
3.275532722473144531e-01
2.487146407365798950e-01
4.966255724430084229e-01
4.961802065372467041e-01
2.483237683773040771e-01
