2.306882441043853760e-01
2.573577463626861572e-01
2.568465471267700195e-01
2.884006798267364502e-01
7.378765940666198730e-01
2.988170385360717773e-01
2.212047278881072998e-01
2.834437489509582520e-01
3.474834859371185303e-01
2.987943589687347412e-01
3.453522622585296631e-01
2.923924326896667480e-01
2.755627632141113281e-01
3.589174151420593262e-01
2.834867537021636963e-01
3.502437174320220947e-01
3.795950114727020264e-01
2.707663178443908691e-01
2.653764188289642334e-01
4.143840372562408447e-01
2.944604754447937012e-01
3.442448377609252930e-01
2.848406136035919189e-01
3.064910769462585449e-01
1.755108237266540527e-01
3.884043991565704346e-01
3.598704636096954346e-01
3.128777444362640381e-01
2.481589913368225098e-01
2.765778303146362305e-01
2.091079056262969971e-01
3.310520648956298828e-01
9.892899394035339355e-01
5.763797760009765625e-01
3.393179178237915039e-01
3.832122385501861572e-01
2.973884046077728271e-01
5.713689923286437988e-01
2.477699071168899536e-01
2.972999811172485352e-01
3.606075048446655273e-01
2.559069395065307617e-01
2.407624870538711548e-01
3.713750541210174561e-01
2.475095987319946289e-01
4.965565800666809082e-01
4.970514774322509766e-01
2.498054057359695435e-01
