2.287592440843582153e-01
2.606506645679473877e-01
2.621300816535949707e-01
2.897523343563079834e-01
4.801805317401885986e-01
2.992415726184844971e-01
2.206380218267440796e-01
2.993694543838500977e-01
3.472819328308105469e-01
2.789523899555206299e-01
3.510049283504486084e-01
3.024979829788208008e-01
2.924925684928894043e-01
3.430466651916503906e-01
2.923112809658050537e-01
3.406104743480682373e-01
2.594293355941772461e-01
3.620317280292510986e-01
4.194087684154510498e-01
2.824863195419311523e-01
2.247030287981033325e-01
2.890763878822326660e-01
2.315311282873153687e-01
3.552300631999969482e-01
1.744828820228576660e-01
3.565651476383209229e-01
3.998481631278991699e-01
2.323523014783859253e-01
3.342068791389465332e-01
2.991925477981567383e-01
2.100041806697845459e-01
2.280067354440689087e-01
2.867425978183746338e-01
2.712450325489044189e-01
3.087944686412811279e-01
2.637124359607696533e-01
3.684141039848327637e-01
5.380986928939819336e-01
2.486558407545089722e-01
2.954593002796173096e-01
2.504473626613616943e-01
3.607410192489624023e-01
3.650114834308624268e-01
2.497113198041915894e-01
2.465167492628097534e-01
4.990229904651641846e-01
4.910027682781219482e-01
2.489297389984130859e-01
