2.350065410137176514e-01
3.819416463375091553e-01
2.557899951934814453e-01
2.886097133159637451e-01
1.086469888687133789e+00
2.949662506580352783e-01
2.310033291578292847e-01
2.959223985671997070e-01
3.489754498004913330e-01
2.941468358039855957e-01
3.525159060955047607e-01
2.847407162189483643e-01
2.824940085411071777e-01
3.615767061710357666e-01
2.874361574649810791e-01
3.561748564243316650e-01
2.897805571556091309e-01
3.456745147705078125e-01
3.845783174037933350e-01
3.152955770492553711e-01
2.896882295608520508e-01
3.498968183994293213e-01
2.778961658477783203e-01
3.107191324234008789e-01
1.752672344446182251e-01
3.728162944316864014e-01
3.732814192771911621e-01
2.770696282386779785e-01
2.786700725555419922e-01
2.216605544090270996e-01
3.022702336311340332e-01
3.180796205997467041e-01
1.178967356681823730e+00
9.244036078453063965e-01
2.236823439598083496e-01
3.771617412567138672e-01
2.717971503734588623e-01
4.332008063793182373e-01
2.479149103164672852e-01
2.945278882980346680e-01
2.674147486686706543e-01
3.536826968193054199e-01
3.744995594024658203e-01
2.405691444873809814e-01
2.486112117767333984e-01
4.967231154441833496e-01
4.963306784629821777e-01
2.489724606275558472e-01
