2.347458004951477051e-01
2.527895271778106689e-01
2.562086880207061768e-01
2.881061434745788574e-01
9.361959695816040039e-01
2.880880534648895264e-01
3.541931211948394775e-01
2.896472811698913574e-01
3.526766300201416016e-01
2.883415520191192627e-01
3.586490452289581299e-01
3.041098713874816895e-01
2.835474312305450439e-01
3.477227985858917236e-01
2.938699424266815186e-01
3.609502911567687988e-01
2.958232164382934570e-01
3.840333819389343262e-01
3.857457339763641357e-01
2.547085881233215332e-01
2.862864136695861816e-01
3.571791350841522217e-01
2.614327073097229004e-01
3.565033972263336182e-01
1.750244945287704468e-01
3.729199767112731934e-01
3.732978403568267822e-01
2.774325609207153320e-01
2.782924771308898926e-01
2.952288389205932617e-01
3.314428627490997314e-01
2.682585418224334717e-01
1.365430355072021484e+00
1.308500647544860840e+00
2.366526871919631958e-01
3.705298900604248047e-01
2.929464280605316162e-01
4.243037104606628418e-01
2.501001358032226562e-01
2.939473688602447510e-01
3.377936780452728271e-01
2.800534963607788086e-01
2.863669395446777344e-01
3.316330313682556152e-01
2.478782534599304199e-01
4.971046149730682373e-01
4.973690211772918701e-01
2.494375258684158325e-01
