2.564940750598907471e-01
3.867314457893371582e-01
2.538974285125732422e-01
2.885880470275878906e-01
9.789690971374511719e-01
2.823607623577117920e-01
2.225478589534759521e-01
2.883376479148864746e-01
3.347868323326110840e-01
2.984400391578674316e-01
3.638964593410491943e-01
2.995544672012329102e-01
2.775657773017883301e-01
3.559071421623229980e-01
2.796794772148132324e-01
3.534726798534393311e-01
3.797112405300140381e-01
2.679384946823120117e-01
2.663525640964508057e-01
4.150587916374206543e-01
2.918036878108978271e-01
3.447331190109252930e-01
2.938089966773986816e-01
2.529368102550506592e-01
1.746531575918197632e-01
3.564624786376953125e-01
3.710378408432006836e-01
2.433076202869415283e-01
2.787089347839355469e-01
2.768638134002685547e-01
2.160868346691131592e-01
3.210976123809814453e-01
8.780354857444763184e-01
5.789036750793457031e-01
3.122073709964752197e-01
3.059086203575134277e-01
3.874809145927429199e-01
3.538182377815246582e-01
2.496063411235809326e-01
2.926389276981353760e-01
2.648109793663024902e-01
3.536798357963562012e-01
3.656017780303955078e-01
2.469781339168548584e-01
2.501699328422546387e-01
4.936051666736602783e-01
4.971626996994018555e-01
2.485364675521850586e-01
