2.352307885885238647e-01
2.466411292552947998e-01
2.576781511306762695e-01
2.911116778850555420e-01
7.625771760940551758e-01
2.828298807144165039e-01
3.556158542633056641e-01
2.838350534439086914e-01
3.572991192340850830e-01
2.850242555141448975e-01
3.490246832370758057e-01
3.212746977806091309e-01
2.763694524765014648e-01
3.292734026908874512e-01
2.968797087669372559e-01
3.571488559246063232e-01
2.826878428459167480e-01
3.893169760704040527e-01
3.982720673084259033e-01
2.521402835845947266e-01
2.893472313880920410e-01
3.546099662780761719e-01
1.940707713365554810e-01
3.552198410034179688e-01
1.782110780477523804e-01
3.681754469871520996e-01
3.654840886592864990e-01
2.842902541160583496e-01
2.584292292594909668e-01
2.972629666328430176e-01
2.201251387596130371e-01
2.208803892135620117e-01
1.349452018737792969e+00
1.369668722152709961e+00
3.238527178764343262e-01
3.851138353347778320e-01
2.932057082653045654e-01
5.214146971702575684e-01
2.504081130027770996e-01
2.906525433063507080e-01
3.491678833961486816e-01
2.703049778938293457e-01
2.279914915561676025e-01
3.771420121192932129e-01
2.480797469615936279e-01
4.990566968917846680e-01
4.950807690620422363e-01
2.526586055755615234e-01
