2.384576350450515747e-01
2.516644299030303955e-01
2.558018565177917480e-01
2.872856855392456055e-01
1.439196348190307617e+00
2.886258959770202637e-01
3.507792651653289795e-01
2.978852689266204834e-01
3.248487412929534912e-01
2.800851464271545410e-01
2.189362496137619019e-01
3.345069587230682373e-01
2.313587814569473267e-01
3.345830440521240234e-01
2.826747596263885498e-01
3.581309914588928223e-01
3.052485585212707520e-01
3.843284249305725098e-01
3.735007345676422119e-01
2.544649243354797363e-01
2.952660024166107178e-01
3.329035341739654541e-01
2.937289178371429443e-01
3.585457801818847656e-01
1.750775575637817383e-01
3.678193092346191406e-01
3.648391664028167725e-01
2.702826261520385742e-01
2.607472538948059082e-01
2.959866225719451904e-01
3.577242791652679443e-01
2.547056674957275391e-01
1.435997605323791504e+00
1.426489830017089844e+00
3.359432518482208252e-01
3.687192797660827637e-01
2.534155547618865967e-01
5.116636753082275391e-01
2.494712620973587036e-01
2.875755429267883301e-01
3.345411121845245361e-01
2.853285968303680420e-01
2.447998523712158203e-01
3.701570928096771240e-01
2.495481818914413452e-01
4.957966208457946777e-01
4.963445961475372314e-01
2.482239156961441040e-01
