2.398177683353424072e-01
3.491792082786560059e-01
2.592214643955230713e-01
2.828196883201599121e-01
7.274344563484191895e-01
2.999723851680755615e-01
2.194533795118331909e-01
2.978163063526153564e-01
2.306960076093673706e-01
2.954728603363037109e-01
2.276569455862045288e-01
2.245644032955169678e-01
2.309043854475021362e-01
3.382221460342407227e-01
2.963120341300964355e-01
3.426541686058044434e-01
3.675889074802398682e-01
2.719204127788543701e-01
2.758715152740478516e-01
4.069321751594543457e-01
2.986604273319244385e-01
2.421276420354843140e-01
2.388398051261901855e-01
2.247570902109146118e-01
1.747833490371704102e-01
3.695836663246154785e-01
3.805758059024810791e-01
2.665988802909851074e-01
2.918488979339599609e-01
2.984406650066375732e-01
2.322409749031066895e-01
2.208841443061828613e-01
3.176023066043853760e-01
3.241453170776367188e-01
3.178592920303344727e-01
2.929926812648773193e-01
3.261177539825439453e-01
5.478568077087402344e-01
2.451725006103515625e-01
2.944190502166748047e-01
3.466205894947052002e-01
2.626995146274566650e-01
2.638990283012390137e-01
3.525997698307037354e-01
2.524583637714385986e-01
4.947224259376525879e-01
4.981912672519683838e-01
2.490843534469604492e-01
