2.404412180185317993e-01
3.410851061344146729e-01
2.544745504856109619e-01
2.871484756469726562e-01
6.887454986572265625e-01
2.984099984169006348e-01
2.251889854669570923e-01
2.985789477825164795e-01
2.209216505289077759e-01
2.964158952236175537e-01
2.359894365072250366e-01
2.171965837478637695e-01
2.361547797918319702e-01
3.316658735275268555e-01
2.967119216918945312e-01
3.336876928806304932e-01
2.793113887310028076e-01
3.642931878566741943e-01
3.921635150909423828e-01
2.891278266906738281e-01
2.980316579341888428e-01
2.310465723276138306e-01
2.471465617418289185e-01
2.158945947885513306e-01
1.755288839340209961e-01
3.707182407379150391e-01
3.728900253772735596e-01
2.702879309654235840e-01
2.861663997173309326e-01
2.995589673519134521e-01
2.278625518083572388e-01
2.214619070291519165e-01
2.993523180484771729e-01
2.930254638195037842e-01
3.277070820331573486e-01
3.174268603324890137e-01
3.360189497470855713e-01
4.805081188678741455e-01
2.498630434274673462e-01
2.916505038738250732e-01
3.436803519725799561e-01
2.627288103103637695e-01
2.660876214504241943e-01
3.452200591564178467e-01
2.462389618158340454e-01
4.971046149730682373e-01
4.960049688816070557e-01
2.545861303806304932e-01
