2.463969588279724121e-01
3.905620872974395752e-01
2.514348030090332031e-01
2.836938500404357910e-01
1.251054525375366211e+00
2.901515066623687744e-01
3.555970788002014160e-01
3.012579381465911865e-01
3.575391769409179688e-01
3.052915036678314209e-01
3.592762947082519531e-01
3.336549699306488037e-01
2.791886925697326660e-01
3.356729149818420410e-01
2.919390201568603516e-01
3.503579199314117432e-01
3.787314891815185547e-01
2.679246068000793457e-01
2.660479247570037842e-01
4.108501672744750977e-01
3.014288544654846191e-01
3.578632175922393799e-01
2.452630102634429932e-01
2.393064200878143311e-01
1.741086244583129883e-01
3.756233453750610352e-01
3.552647531032562256e-01
2.776572108268737793e-01
2.464976459741592407e-01
2.177582681179046631e-01
3.542062640190124512e-01
3.251926600933074951e-01
1.266286253929138184e+00
1.916122078895568848e+00
3.475576937198638916e-01
3.948999643325805664e-01
3.163015246391296387e-01
5.469362735748291016e-01
2.391380667686462402e-01
2.910946905612945557e-01
2.334756553173065186e-01
3.714434802532196045e-01
3.369005918502807617e-01
2.776153087615966797e-01
2.511317431926727295e-01
4.946642518043518066e-01
4.963347315788269043e-01
2.413914799690246582e-01
