2.534414231777191162e-01
3.854948580265045166e-01
2.558207809925079346e-01
2.886926829814910889e-01
6.890163421630859375e-01
2.855578064918518066e-01
3.523452281951904297e-01
2.983435094356536865e-01
3.666258752346038818e-01
3.009738028049468994e-01
3.438730239868164062e-01
2.854044735431671143e-01
2.640372514724731445e-01
3.551341593265533447e-01
2.863341271877288818e-01
3.616346418857574463e-01
3.856157362461090088e-01
2.811608016490936279e-01
2.504850625991821289e-01
4.059062302112579346e-01
2.873180210590362549e-01
3.480298221111297607e-01
2.693911790847778320e-01
3.590940237045288086e-01
1.760275363922119141e-01
3.622671663761138916e-01
3.721833229064941406e-01
2.569041550159454346e-01
2.869133353233337402e-01
2.894602417945861816e-01
3.585541248321533203e-01
3.562858402729034424e-01
1.064014554023742676e+00
7.137623429298400879e-01
3.459765911102294922e-01
2.521028220653533936e-01
3.418147563934326172e-01
4.958933591842651367e-01
2.443391233682632446e-01
2.952742874622344971e-01
3.664170503616333008e-01
2.445516437292098999e-01
2.437096983194351196e-01
3.615702092647552490e-01
2.520714104175567627e-01
4.934275150299072266e-01
4.967249929904937744e-01
2.510732412338256836e-01
