2.511718571186065674e-01
2.513121664524078369e-01
2.577762603759765625e-01
2.883244156837463379e-01
3.009977936744689941e-01
2.814694344997406006e-01
3.498155772686004639e-01
3.005242347717285156e-01
3.575410246849060059e-01
2.903895676136016846e-01
3.497437238693237305e-01
2.956402897834777832e-01
2.858658134937286377e-01
3.618941903114318848e-01
2.996188700199127197e-01
3.541218638420104980e-01
3.562567234039306641e-01
2.518900930881500244e-01
2.836229801177978516e-01
4.253992736339569092e-01
2.961354553699493408e-01
3.536323606967926025e-01
2.279207408428192139e-01
3.664422035217285156e-01
1.703284829854965210e-01
3.618172109127044678e-01
3.683853149414062500e-01
2.599898278713226318e-01
2.703908085823059082e-01
2.889387011528015137e-01
3.549009561538696289e-01
2.844343185424804688e-01
7.062737941741943359e-01
5.610253214836120605e-01
2.170487642288208008e-01
2.858114242553710938e-01
3.876644074916839600e-01
5.441212058067321777e-01
2.472877204418182373e-01
2.939086556434631348e-01
3.723918199539184570e-01
2.491499632596969604e-01
2.569192945957183838e-01
3.703572750091552734e-01
2.449465692043304443e-01
4.973648190498352051e-01
4.989567399024963379e-01
2.488178014755249023e-01
