2.385191619396209717e-01
3.807385563850402832e-01
2.569220364093780518e-01
2.885366678237915039e-01
7.020758986473083496e-01
2.839674353599548340e-01
3.494225144386291504e-01
2.940713465213775635e-01
3.430455923080444336e-01
2.533203065395355225e-01
3.523433208465576172e-01
3.492868840694427490e-01
2.318039685487747192e-01
2.969439029693603516e-01
2.264953106641769409e-01
2.947389483451843262e-01
2.604505121707916260e-01
3.554939627647399902e-01
4.199790954589843750e-01
3.013864457607269287e-01
2.205350548028945923e-01
2.932355105876922607e-01
2.955806851387023926e-01
3.601093888282775879e-01
1.737623959779739380e-01
3.828009963035583496e-01
3.827507793903350830e-01
2.898356914520263672e-01
2.960741817951202393e-01
2.956218719482421875e-01
2.238952070474624634e-01
2.392495870590209961e-01
7.165517807006835938e-01
4.815925955772399902e-01
3.021952211856842041e-01
3.889364600181579590e-01
3.057390153408050537e-01
5.307196974754333496e-01
2.473714500665664673e-01
2.910006940364837646e-01
2.950483560562133789e-01
3.176075518131256104e-01
3.119579851627349854e-01
3.071347773075103760e-01
2.504693567752838135e-01
4.974873960018157959e-01
4.977096319198608398e-01
2.498877197504043579e-01
