2.297239628905999864e-01
2.554032490967484414e-01
2.544325445453257672e-01
2.868338020637976049e-01
4.779994776749568741e-01
2.977572899427117781e-01
2.184870645843991765e-01
2.961017183471402192e-01
2.294408155462025478e-01
2.960468391077466510e-01
2.441139713672378642e-01
2.339348422279981521e-01
2.343545427530448755e-01
3.411447290243576624e-01
2.947004150455329596e-01
3.414916207749243982e-01
2.718843468739913782e-01
3.264688301384260916e-01
3.106411544766448096e-01
2.793994243139699130e-01
2.949644682454004019e-01
2.385455445443757649e-01
2.222489586262627326e-01
2.227741027437402099e-01
1.751910075877183004e-01
3.708776544153549737e-01
3.673457797298231853e-01
2.540694785443673998e-01
2.568447074511739925e-01
2.965738531739345318e-01
2.280271777374801301e-01
2.168401055970176627e-01
3.028678341878393576e-01
2.584670134534623465e-01
2.864869246142910386e-01
2.634657594090927257e-01
3.196378370031981997e-01
5.263943139880017386e-01
2.476082611859252436e-01
2.945140658663646382e-01
2.727851810189104720e-01
2.793773365489288785e-01
2.666286376569471650e-01
2.721762232700598583e-01
2.473412162332487840e-01
4.965156988867309718e-01
4.962775699045540168e-01
2.474821243063945742e-01
