2.330441717726601525e-01
2.977917103595965620e-01
2.549760177950611273e-01
2.853498620126693197e-01
5.610660685516217772e-01
2.980417385710132372e-01
2.184933508098361454e-01
2.968437431126183523e-01
2.221520168239717319e-01
2.965992797851246254e-01
2.200574844160031462e-01
2.208541814227875100e-01
2.287642568007687560e-01
3.324340269064662290e-01
2.947648777262562025e-01
3.353999287266506424e-01
2.834517439098050429e-01
2.921962036964487752e-01
2.935015747551248388e-01
3.005774734724263597e-01
2.970385746674090721e-01
2.311407161800447529e-01
2.188072102794042517e-01
2.162762295952829206e-01
1.747524911155569904e-01
3.630503363543526318e-01
3.722337967475485843e-01
2.423807178146183405e-01
2.586668778378787281e-01
2.962519348311779543e-01
2.295474219234015512e-01
2.154401544123632772e-01
3.000644885966701758e-01
2.784067416828492347e-01
3.133634380869605995e-01
2.679620079460279247e-01
3.063573294284959170e-01
4.609388601380440820e-01
2.467094456693069982e-01
2.930774478055827581e-01
2.712012734137356773e-01
2.778748499830982488e-01
2.752465660676022829e-01
2.684578441473998156e-01
2.487811060768526927e-01
4.959102528531589282e-01
4.958234917643483119e-01
2.469972063964449016e-01
