2.084430127809807631e-01
2.584035939471204801e-01
2.510421281343536148e-01
2.772380739270101091e-01
7.885696470781954348e-01
2.936743650651018056e-01
3.297131057011740696e-01
2.840070867304221314e-01
3.471545694142707528e-01
2.955979778804395663e-01
2.985910236326264067e-01
3.066964263054363093e-01
2.746896948851073050e-01
3.534599378429819638e-01
2.951712839128312060e-01
3.568659044836733352e-01
3.760190146965930458e-01
2.739904493286343112e-01
2.717774342966000622e-01
4.261096868598365228e-01
2.928949574364058672e-01
3.474475614019051362e-01
2.357629100880313799e-01
2.235085364023725873e-01
1.744568131539100675e-01
3.772847879206395194e-01
3.454030009897476328e-01
2.728422062476456578e-01
2.181468280398614901e-01
2.805638556245135806e-01
2.032970687384686725e-01
2.787433933274868769e-01
9.833039584778670017e-01
4.887121287968435590e-01
3.312871393064702463e-01
2.798744574883894054e-01
3.892739681074141589e-01
3.534631517382226251e-01
2.482081268733166701e-01
2.239362739203065722e-01
2.480726992286701182e-01
3.713905927688683772e-01
3.612546858667774474e-01
2.560694660197686545e-01
2.406576563603413099e-01
4.967913218195332825e-01
4.974479953077515226e-01
2.543408477537354440e-01
