2.175542311224126502e-01
3.593303202251129091e-01
2.548212825415782090e-01
2.898179374286709020e-01
6.571771875763698922e-01
2.973103761823965852e-01
2.204825098074581491e-01
2.965377738642821503e-01
2.319757899967946346e-01
2.964495100441243425e-01
2.338180011419380699e-01
2.290601745441960546e-01
2.343608903558073719e-01
3.300672689596942933e-01
2.937863081025757772e-01
3.309522474870116304e-01
3.207225462269910898e-01
2.723728492853464411e-01
2.736347870979639052e-01
3.317464886121531675e-01
2.975168184539335736e-01
2.390212362507344035e-01
2.207277741467151277e-01
2.206812320296988317e-01
1.740115140292940454e-01
3.739348010030621450e-01
3.648061463623851752e-01
2.643809765359537156e-01
2.486054373325143341e-01
2.961893691218672187e-01
2.342433501744972391e-01
2.144574162342459400e-01
3.004091708291494744e-01
2.426401179508200223e-01
3.154076612657601419e-01
2.605778246773012841e-01
3.749063237672516369e-01
4.280081308092863468e-01
2.477881149504215785e-01
2.888722242961094255e-01
2.845599873473669827e-01
2.627921814769983433e-01
2.767265406188279542e-01
2.736888083084134116e-01
2.475875513025454777e-01
4.967490460963871479e-01
4.963989999270186915e-01
2.481682755960323561e-01
