2.318620089385568517e-01
2.560778398439330639e-01
2.567683840842016063e-01
2.874206811525701899e-01
9.397542367533543439e-01
2.857794625187610182e-01
3.529819715163494132e-01
2.888178975885887789e-01
3.597005064004121233e-01
2.883844410504449174e-01
3.558839136459678865e-01
2.778502358621661728e-01
2.866461140839546839e-01
3.497944894888068701e-01
2.859281703765844673e-01
3.593888819125115597e-01
2.626582251083435793e-01
3.775720681746583818e-01
4.154955890348751013e-01
2.601055898357093610e-01
2.852879314773513197e-01
3.492484743226531574e-01
2.915676876680269314e-01
3.574939809290292314e-01
1.759518370996154268e-01
3.587897250741027277e-01
3.770885607754407842e-01
2.323486447582572001e-01
2.620289355018790012e-01
2.964970977334093760e-01
3.449968725764852029e-01
3.478672582119494150e-01
1.170509535824530989e+00
7.877175678910106615e-01
3.369894810938858787e-01
3.732081198066709571e-01
3.415442185277808296e-01
5.079725889852113596e-01
2.459244932552990537e-01
2.958570538865419874e-01
3.666665918614795960e-01
2.482544744565630956e-01
2.449924651563614442e-01
3.673419313782652629e-01
2.518526184640445531e-01
4.970003752551079290e-01
4.978673881798124645e-01
2.477919850919377831e-01
