2.334556791432237377e-01
2.566317776460533273e-01
2.545562945109371422e-01
2.862070162165237242e-01
7.791463653649930432e-01
2.952537534774305472e-01
2.178922797889113749e-01
2.844873236477445944e-01
3.503703577649010525e-01
2.976198237153345194e-01
3.523535930564674068e-01
2.791676326676239550e-01
2.752931715733522577e-01
3.608575863541171325e-01
2.816595750439670476e-01
3.460927031736689696e-01
3.653361654220659838e-01
2.852201952603060087e-01
2.618695635024817503e-01
3.402068602655475837e-01
2.943845898101687397e-01
3.461623129291387380e-01
2.841047518461999322e-01
2.961235853971684873e-01
1.751285719083704173e-01
3.922060035594121530e-01
3.592441523908004308e-01
2.964598323836530325e-01
2.398425971545920243e-01
2.785726442778291845e-01
2.053548797356493927e-01
3.103996436598399633e-01
1.021572902611222577e+00
6.635160899391161493e-01
3.198514208932510261e-01
3.086175242159019394e-01
3.674574791636109894e-01
3.380855830501037218e-01
2.476963953556203801e-01
2.960443030362028827e-01
3.609991381658849696e-01
2.495192708030220530e-01
2.409876142666574628e-01
3.698733371037187800e-01
2.479899725518598108e-01
4.971492134824048170e-01
4.955038829518774723e-01
2.493321636566670496e-01
