2.283617783411832913e-01
3.348925542660612376e-01
2.564315669915275264e-01
2.864831692448724376e-01
6.007140373626471685e-01
2.955516638743624913e-01
2.254767268070232700e-01
2.922058927410761675e-01
2.293620205501090692e-01
2.957273745253735098e-01
2.298936748480430448e-01
2.319997085157666783e-01
2.328490147599968918e-01
3.452417469489225677e-01
2.970257829800532212e-01
3.342090308909078655e-01
2.660109054076159607e-01
3.439225505883768963e-01
3.792738344212177592e-01
2.664475347687733087e-01
2.971995920045295558e-01
2.417577168250151232e-01
2.099915684814125660e-01
2.093022195530269969e-01
1.737023927640198306e-01
3.574293034959112880e-01
3.819518047113695247e-01
2.373191642894664499e-01
2.833667415796414235e-01
2.969426155789360311e-01
2.323634305938426237e-01
2.215192802164334396e-01
3.056201178661372975e-01
2.882466438960208932e-01
3.349409229560287304e-01
2.684369198504258369e-01
3.288529642094298877e-01
3.759500489606444340e-01
2.467850896558526352e-01
2.927543838849908098e-01
2.737125778482322747e-01
2.916675024433779129e-01
2.627718940167281803e-01
2.652212610559472328e-01
2.489440552251281635e-01
4.959590316274399280e-01
4.981393954047383388e-01
2.519173725499546102e-01
