2.268979705801723035e-01
2.728842068083670025e-01
2.578378304474865379e-01
2.827225683093477770e-01
6.868504161690198728e-01
2.811247839911698021e-01
3.479219202670534306e-01
2.907289593159614882e-01
3.594273688721165150e-01
2.906796773626789121e-01
3.532906079706985558e-01
2.755556229493220100e-01
2.870483063641945387e-01
3.585354378109295026e-01
2.801597416239517413e-01
3.591292310897108431e-01
2.755578981404204764e-01
3.835617853430242086e-01
4.087377294889359414e-01
2.594834548646441363e-01
2.842417754909340455e-01
3.518292654629571192e-01
2.848007484787839494e-01
3.546491712424698628e-01
1.740434115959062222e-01
3.732369198376589425e-01
3.667115503141879507e-01
2.620541961275004716e-01
2.562644160983087449e-01
2.946028306853621936e-01
3.581123216034357015e-01
3.415507636322480112e-01
1.463474445380184896e+00
1.395965964622251088e+00
3.389820680127280106e-01
2.816188344085573947e-01
3.837573057348381278e-01
3.249256918137817252e-01
2.453352390899741775e-01
2.908123025975379305e-01
2.793477870603472968e-01
2.883679772087274218e-01
2.758912503763950030e-01
2.517834272055081701e-01
2.489938646290479340e-01
4.967365593484454056e-01
4.949984033704379893e-01
2.495663531668475821e-01
