2.331231364986173782e-01
3.476476179871166861e-01
2.558639277531208345e-01
2.871693267093191615e-01
9.338394322812286763e-01
2.926108642792606962e-01
2.336188690951447045e-01
2.954875879464603505e-01
3.486211230339294476e-01
2.929523037306119293e-01
3.530146345671115737e-01
2.846881337160518943e-01
2.824675357809092735e-01
3.595897356099305164e-01
2.844963409910586938e-01
3.571824230550141310e-01
3.338342568198076621e-01
3.124891479592592503e-01
2.598304924864909826e-01
3.356158473852602353e-01
2.896083352840700398e-01
3.462133200285004153e-01
2.789232228090823273e-01
3.133609341846349539e-01
1.753522822356216593e-01
3.601696972477025360e-01
3.710275477690654355e-01
2.458634082824071587e-01
2.673404012340438451e-01
2.204815202551654862e-01
3.038804556756160014e-01
3.077952916013518836e-01
4.634196134457276295e-01
4.366225692232312827e-01
2.180237031253074720e-01
3.774748183866495355e-01
2.638791852698761375e-01
3.830789235553839212e-01
2.475065708944359510e-01
2.896549457952755646e-01
2.714730269163396770e-01
3.411343099280412794e-01
3.754684641705562376e-01
2.341308192016658685e-01
2.485542445019756352e-01
4.963346346700135414e-01
4.965632526399441637e-01
2.475153287012419878e-01
