2.209890872701819886e-01
3.672638826758505282e-01
2.609495112607171374e-01
2.861404119325219320e-01
1.241023005225317721e+00
2.809986665970786168e-01
3.538470541473068831e-01
2.879731532773246450e-01
3.461231105016098208e-01
2.980952555486924838e-01
3.593179875414590496e-01
2.733760757420733989e-01
2.767068092339283192e-01
3.615274247531751195e-01
2.783802278920551876e-01
3.471477331386257359e-01
2.801906340415775687e-01
2.738982268037977730e-01
3.992500878190944347e-01
4.029944340241498613e-01
2.991705388046891345e-01
3.560556985607361002e-01
2.895097809405611788e-01
3.556030925023987987e-01
1.752607266622285553e-01
3.627326580742685214e-01
3.673633813071665033e-01
2.370981039511173838e-01
2.491772158298813378e-01
2.873327238280189433e-01
3.266046756841270438e-01
3.589367513948592547e-01
1.123819147235961990e+00
1.288421761060552617e+00
2.403391480439420469e-01
3.651231620033830727e-01
2.549666193323990582e-01
2.797257941624505251e-01
2.490802357657817268e-01
2.893363342391871984e-01
2.474623378695061104e-01
2.943241054052818106e-01
3.145840909460035362e-01
2.718917269442781004e-01
2.436335024364097435e-01
4.964424978367548147e-01
4.964612212088350685e-01
2.450910634568330138e-01
