2.232129213762834574e-01
3.914503591425378959e-01
2.521345227884558282e-01
2.867167391156296707e-01
1.105327291012756064e+00
2.829456937179088416e-01
3.606426249874364331e-01
2.942100120320301215e-01
3.394119779692667538e-01
2.976148487650190910e-01
3.529938617384141830e-01
2.994632641842731036e-01
2.797242084307971499e-01
3.576721562867327120e-01
2.792549797320091898e-01
3.578854757803740516e-01
3.800732995623141708e-01
2.709115928162549314e-01
2.604614627098249535e-01
4.107517176568580286e-01
2.896377408596688130e-01
3.537163571143390750e-01
2.927858136888975560e-01
3.564575094907972974e-01
1.741806753791771689e-01
3.588032376625904796e-01
3.966769906099607557e-01
2.401337539508635599e-01
3.129156710833352895e-01
2.870666360290936026e-01
3.536798909317985795e-01
3.292540351797602627e-01
1.571314686319530418e+00
1.797086641984553035e+00
3.442578964760226734e-01
3.813116818047723733e-01
3.325467761913121212e-01
5.201638867615260287e-01
2.476154903600234769e-01
2.959350758192866304e-01
2.449865038871968104e-01
3.699032119669722340e-01
3.562035352557527679e-01
2.481927113294198628e-01
2.513052745371606167e-01
4.982496055703218296e-01
4.946004952177556202e-01
2.438587909190778058e-01
