2.175598267351907811e-01
3.670948035889122218e-01
2.538691332994554295e-01
2.884683594554421915e-01
4.943331127488954091e-01
2.968832811983198594e-01
2.155763224189704008e-01
2.972808129085451334e-01
2.254546616372193890e-01
2.968693734856798216e-01
2.226384993723236339e-01
2.196499881854687142e-01
2.292847496462585843e-01
3.279418479941666464e-01
2.937613533254893050e-01
3.214798383594269504e-01
2.818032201051792196e-01
3.158775753890289972e-01
2.851571278240024321e-01
3.095116349950136625e-01
2.961696024724416176e-01
2.307081002980230222e-01
2.306660085272875249e-01
2.173325466259830585e-01
1.752389052003876235e-01
3.629680204857332892e-01
3.750282501244493472e-01
2.439005590190696515e-01
2.683874723368290249e-01
2.958781952487949396e-01
2.271335089187306033e-01
2.150918375314016528e-01
2.893645861644671413e-01
2.916037691579349556e-01
2.654343934642659497e-01
2.940070383985606273e-01
2.961937831701831891e-01
3.950299717546213452e-01
2.473385571085003065e-01
2.890421370109803045e-01
2.845676929678541134e-01
2.777642943721335689e-01
2.531445818307972440e-01
2.754116170843649014e-01
2.473465038068354549e-01
4.960212235502652889e-01
4.972252633639128172e-01
2.479067206109780430e-01
