2.232485374585891080e-01
3.366757884151482805e-01
2.536839882618524000e-01
2.883691820691238195e-01
3.845822709507202286e-01
2.972587749106143096e-01
2.173859594057623856e-01
2.961716752244647477e-01
2.340328162085735519e-01
2.962966962816612759e-01
2.868283658658103419e-01
2.584771021621448117e-01
2.333526039959369358e-01
3.504054860933348281e-01
2.927317856527568152e-01
3.428073463866395665e-01
3.222802578690456277e-01
2.781798170382350222e-01
2.712742485122391356e-01
3.262476856831337257e-01
2.938849978017354370e-01
2.278040901691834319e-01
2.281819451393564402e-01
2.207554190926425686e-01
1.747475597569618233e-01
3.725712098402682582e-01
3.653204222055507766e-01
2.602197493890981428e-01
2.529961649863973761e-01
2.950293975334644658e-01
2.316560872305917507e-01
2.164512638154940105e-01
2.920869454577051938e-01
2.559020058345722881e-01
2.313646337988530255e-01
2.894263267142260787e-01
2.933361472115570412e-01
3.857667888255816857e-01
2.470545118510819316e-01
2.921158848085106396e-01
3.138548264018906631e-01
2.692394412065636233e-01
2.713675995283638120e-01
2.649992155184022202e-01
2.487135345917471374e-01
4.959018130745242448e-01
4.961306742556783611e-01
2.465436470993818407e-01
