2.241484593571793082e-01
2.599933183993066721e-01
2.525741558040537904e-01
2.897380823802089278e-01
5.102786956246324612e-01
2.967333876882475296e-01
2.222799181506919519e-01
2.951462210738823866e-01
2.302310202895033464e-01
2.958398750982742520e-01
2.215180077460570662e-01
2.149807208258704694e-01
2.307335697058692237e-01
3.240916238248190973e-01
2.942737967712570901e-01
3.318633671002506613e-01
2.671832991693494086e-01
3.640123167494158651e-01
3.815624571168404477e-01
2.673884944199665936e-01
2.954843360403283103e-01
2.263506987104506596e-01
2.297073780171220436e-01
2.146258500605806585e-01
1.750029668106970193e-01
3.748682726090274975e-01
3.708320977972713317e-01
2.607540514319354741e-01
2.523014600248495998e-01
2.973962120192266134e-01
2.230915572808728486e-01
2.188085938829117116e-01
3.025261729432803248e-01
2.645627443522652888e-01
3.346551600653218106e-01
2.604169466300331193e-01
3.220540792041955980e-01
5.166762090511388683e-01
2.513759870961597698e-01
2.949183684905051228e-01
2.641061399417057864e-01
2.879635593025697826e-01
2.863775466756695587e-01
2.584595366085929435e-01
2.461054362209813551e-01
4.961312377280484576e-01
4.966283989424205014e-01
2.475908046847135058e-01
