2.389961245872268547e-01
2.614013106118429630e-01
2.549870223475733666e-01
2.864152612794968467e-01
6.528833401652144319e-01
2.931964492276930567e-01
2.556558186528813392e-01
2.787148655775262829e-01
3.459671523711588259e-01
2.980675582278961011e-01
3.211832158395127590e-01
2.846311926252874103e-01
2.748043124299308637e-01
3.546277666941902718e-01
2.823570163489390050e-01
3.489507852226956808e-01
3.779247524270075709e-01
2.630123277689622174e-01
2.663575591953714627e-01
4.171180022948913213e-01
2.949588219397825117e-01
3.493947599141258853e-01
2.792964919357103226e-01
3.103682000409163089e-01
1.749218292068892289e-01
4.053775979944765906e-01
3.592817003073480175e-01
3.392300302647633936e-01
2.424587616695124404e-01
2.766255881520289783e-01
2.041510927803018571e-01
3.137446675539671825e-01
7.675474645387262429e-01
6.916889943402160235e-01
3.269450697581732235e-01
2.924591730295438841e-01
3.882775937666042565e-01
3.441852556616310510e-01
2.474016857448620987e-01
2.961909131445888965e-01
3.619495718256895977e-01
2.472784292338532919e-01
2.419093864231492419e-01
3.691423527702431540e-01
2.477653120649768448e-01
4.964715074848612963e-01
4.962503484459810932e-01
2.480097093094413008e-01
