2.498725891726683301e-01
3.818167663020495262e-01
2.508528376841719365e-01
2.890890286442119317e-01
7.701778233642659899e-01
2.788049042743430128e-01
2.227644062564006211e-01
2.772607097976646506e-01
3.372232745017662570e-01
2.856674093199534914e-01
3.556086171784571537e-01
2.946904196521681341e-01
2.919160736268841538e-01
3.655025876667779561e-01
2.818990540872692852e-01
3.526604873866381884e-01
3.700070003230151450e-01
3.516550843085514688e-01
2.736739321801761604e-01
2.976424612457636010e-01
2.852394462363795347e-01
3.531854828304140659e-01
2.757106063049069578e-01
3.582379794299646592e-01
1.775060212002274596e-01
3.767702374703076340e-01
3.641128578831124285e-01
2.924446522314532726e-01
2.354503180822089814e-01
2.887036280405561595e-01
3.081796747252991131e-01
2.841924709212883537e-01
9.949604330969260557e-01
7.741099014135435219e-01
2.417628116582518916e-01
3.681943549652688108e-01
2.561024919683886902e-01
3.388195404939621236e-01
2.477072417136537419e-01
2.769607213464380102e-01
3.802430344990982425e-01
2.246438720185676696e-01
2.694989220825798060e-01
3.490503728177505316e-01
2.414810720655874432e-01
4.962004957376976444e-01
4.958820243639482372e-01
2.451853969130309840e-01
