2.340859594432756763e-01
2.484016327351967757e-01
2.580099635970816707e-01
2.823976883215418843e-01
4.182987794634067114e-01
2.841905077953525427e-01
3.527234782456715734e-01
2.881364852742029914e-01
3.578523239820435298e-01
2.921906206055445709e-01
3.588922141873556737e-01
2.746552600225771190e-01
2.801425981625407235e-01
3.585196500299085987e-01
2.848152850985211093e-01
3.536062995623063809e-01
2.676096077680713559e-01
3.784959803037866166e-01
4.000005376295159287e-01
2.501971225428032408e-01
2.981814332254823507e-01
3.456272748680138673e-01
2.830376297887192139e-01
3.610003860260821429e-01
1.764472514868483111e-01
3.585957030936136047e-01
3.806314758143797827e-01
2.475304517795021142e-01
2.780441876319750816e-01
2.922803829711029255e-01
3.308805875155055864e-01
3.251721741095072726e-01
1.248981058082069717e+00
1.285242996465391974e+00
3.259222510899006386e-01
2.490066496728276790e-01
3.397922692416128210e-01
4.889510944564833816e-01
2.468580159357489368e-01
2.878030143023482257e-01
2.337110420796557897e-01
3.758939220266943049e-01
3.121659062588809652e-01
2.767740745352588183e-01
2.505874501923508468e-01
5.003555473902013828e-01
4.938308407093670582e-01
2.403943353247522952e-01
