2.277706828680882700e-01
2.553218364623153769e-01
2.556317476587187110e-01
2.861346354354108446e-01
8.504865433108984574e-01
2.988073834426765440e-01
2.269161175215287929e-01
2.805220714489932154e-01
3.523697947171658962e-01
2.937384277681578948e-01
3.540114088878400511e-01
2.728923449192161566e-01
2.820728971981201205e-01
3.608495495415310339e-01
2.812917782039918713e-01
3.538950976424821704e-01
3.784825738586204413e-01
3.277955425905057507e-01
2.603829479265390989e-01
3.285732414420697856e-01
2.902028362233677883e-01
3.559988242227695165e-01
2.824128396825210663e-01
3.543552324087665961e-01
1.756769713257542720e-01
3.701820350261611492e-01
3.675606827672835419e-01
2.551769500803715562e-01
2.568239495073911249e-01
2.927397548865930954e-01
3.135572783989974965e-01
2.893182201626555150e-01
1.343355935695816239e+00
1.399984028997072638e+00
2.342189244093150768e-01
3.641187541513954962e-01
2.613919783635045846e-01
3.031138496522356451e-01
2.461839022224446283e-01
2.878529176171648052e-01
3.326833798556755872e-01
2.429663876885397034e-01
2.574445428104754630e-01
3.402218295055166042e-01
2.468922925402362301e-01
4.970605602601695372e-01
4.961802297792316518e-01
2.485784357457773430e-01
