2.273990948434445880e-01
2.957427272513932226e-01
2.533858833934694021e-01
2.853371840994241571e-01
5.856663094291780780e-01
2.945844103905627676e-01
2.182513306510234230e-01
2.947870701336400834e-01
2.309541963123335484e-01
2.991765904954259425e-01
2.180071501606187512e-01
2.184718519804787207e-01
2.305614292828087886e-01
3.235594431740662635e-01
2.973182606194112454e-01
3.343435673231009986e-01
3.567663668504593710e-01
2.711964429626643192e-01
2.556208032325671953e-01
3.835470926362538058e-01
2.992760127366881351e-01
2.283436295209350098e-01
2.365756226633015102e-01
2.117428163607952551e-01
1.729525887199944434e-01
3.723986334699399547e-01
3.685583324374952507e-01
2.581165687330969627e-01
2.545870913271159330e-01
2.954542755719520852e-01
2.262694824989242293e-01
2.154460655309614336e-01
2.791244258279478863e-01
2.766554709975016513e-01
3.162502479804895072e-01
2.628590618478275909e-01
3.795190939455708179e-01
4.204916289353537451e-01
2.463596722191259136e-01
2.920494873587842211e-01
3.004202741875954819e-01
2.632935166683432193e-01
2.548891886126059547e-01
2.860548589970405842e-01
2.475123677999349348e-01
4.967563195490032335e-01
4.956860343735763896e-01
2.442556355585765171e-01
