2.559576793399787054e-01
3.688633162116496389e-01
2.410030709986526465e-01
2.992860390630345258e-01
9.473626499211931229e-01
3.010395197417422009e-01
2.304149837281492530e-01
2.864263218790357168e-01
2.236133519036768991e-01
2.892602871632637407e-01
2.319380087720123995e-01
2.205737270875907652e-01
2.372844413714992606e-01
3.346387244852831455e-01
2.998452257049844527e-01
3.379211671410781159e-01
2.782162308149369601e-01
3.846525113420646291e-01
4.000425198561752271e-01
2.518795700300264784e-01
2.934631550191839078e-01
2.145319008004906991e-01
1.989236345817279317e-01
2.298373031643118625e-01
1.746911746643481089e-01
4.034413182602631376e-01
3.498257235296610146e-01
3.389384153204726968e-01
2.259305144150106359e-01
2.969198698840533890e-01
2.125522296740830763e-01
2.206228507494771285e-01
3.344423326190353318e-01
4.808391695422604140e-01
2.474160419011166567e-01
2.542011239653395593e-01
3.741955842180144098e-01
3.683221898716725895e-01
2.500761800933792856e-01
3.036336710257227511e-01
2.500425936454778730e-01
3.727967351783612049e-01
3.698878497216067096e-01
2.500309637892497716e-01
2.439649172734824345e-01
5.007626895200306683e-01
4.996279425206639480e-01
2.447063320538890863e-01
