2.296317149508192434e-01
2.503838377291386363e-01
2.547398089574031688e-01
2.852925186266528357e-01
6.017798603689308301e-01
2.973832032462856434e-01
2.427832090441199020e-01
2.797570067638421309e-01
3.434872339296669019e-01
2.974287717425355693e-01
3.292555126753169970e-01
2.821925579893573843e-01
2.760191292453907930e-01
3.569700325166891841e-01
2.822672877488552334e-01
3.503436743718098545e-01
3.784525986451989787e-01
2.656824114095922562e-01
2.670254213169624968e-01
4.187389254941942252e-01
2.934849395951016349e-01
3.474614896658798080e-01
2.837627607149695863e-01
3.045949259631067774e-01
1.753385379092095020e-01
3.904876536485125671e-01
3.596522433409894970e-01
2.972568526886064655e-01
2.426701357929096359e-01
2.762541194299104608e-01
2.056368619897973038e-01
3.147486675824116009e-01
8.878983933104629411e-01
7.418583845058328574e-01
3.473189631372087804e-01
3.058876125182072303e-01
3.125560966197867829e-01
3.424543678474020747e-01
2.466095657387403495e-01
2.911567136935410693e-01
3.602364374204041209e-01
2.494165216521781747e-01
2.410176277933748223e-01
3.678398233912713589e-01
2.462068527352338221e-01
4.958995835134399344e-01
4.955176017674385314e-01
2.480932871150595687e-01
