2.292900698332271947e-01
2.547612825705883322e-01
2.540074009548776157e-01
2.896789317858155521e-01
8.004436633385149102e-01
2.889666387352914367e-01
3.655151371186170506e-01
2.914548008880917807e-01
3.378720492832550937e-01
2.979993565253666321e-01
3.468743722450066680e-01
2.859375218591730383e-01
2.767144506527697279e-01
3.576319128712253659e-01
2.913455845768594954e-01
3.567289138614004873e-01
3.805762863406131902e-01
2.735641552238414764e-01
2.639749815092406471e-01
4.173507862528719747e-01
2.892849288478966940e-01
3.445521447359599088e-01
2.648965753203596507e-01
2.427721109668663779e-01
1.745374028936941269e-01
3.715346644681188915e-01
3.617412664657116972e-01
2.474627337948689942e-01
2.467982485463376119e-01
2.254863941301761265e-01
2.696786704117030697e-01
2.755934294076889945e-01
1.458572772903450998e+00
1.467410363047448874e+00
3.214308380214375149e-01
2.864370577602493029e-01
3.865493958053671242e-01
3.990375468974583506e-01
2.518568267806373107e-01
2.925519757415216415e-01
2.838154290467799767e-01
3.070300333624622069e-01
3.596762559727184061e-01
2.467618627270105058e-01
2.483117603593127387e-01
4.969065909763260569e-01
4.946629723302088943e-01
2.484895172609877245e-01
