2.347650406856530703e-01
3.866598243537901491e-01
2.558337486170553787e-01
2.855201433730941707e-01
8.327625328581207409e-01
2.313968414752530234e-01
2.498943854155399880e-01
2.790180819777857701e-01
3.464079595250909027e-01
2.936649662611150458e-01
3.561028641232928393e-01
2.815160057309364916e-01
2.819312054042172333e-01
3.599246050209079506e-01
2.881555415618932137e-01
3.565522071416620253e-01
3.811085696163656888e-01
3.114424018270521288e-01
2.542431990595589442e-01
3.419075080974861014e-01
2.859699717406280484e-01
3.496120342987565355e-01
2.689207575732279198e-01
3.215173597660720972e-01
1.751027835307646385e-01
3.814660347110024330e-01
3.661010145783030745e-01
2.750572530444196362e-01
2.544242957408258676e-01
2.200667064446038268e-01
2.725887517930157822e-01
3.219704694274541090e-01
1.023267104006046146e+00
8.335691952354079559e-01
2.284529623384206898e-01
3.136233731932759339e-01
2.942600266446157020e-01
4.402378102743497168e-01
2.464550664644488964e-01
2.941446410922688992e-01
2.565886628429526195e-01
3.191131910079330058e-01
2.995928926141259718e-01
2.486515574880066581e-01
2.497833954898282804e-01
4.958670295623182067e-01
4.971103434821727007e-01
2.479834577210300040e-01
