2.243553134702373775e-01
3.805833380911992636e-01
2.541776648268908034e-01
2.901805103160761123e-01
5.691505356840563801e-01
2.867882234918101014e-01
2.356130205731991334e-01
2.799136611180114698e-01
3.528319555137974239e-01
2.910226086731303452e-01
3.559410820091937211e-01
2.721622074654113654e-01
2.815182438029072420e-01
3.607090660498638579e-01
2.809868374488398990e-01
3.563012427654553282e-01
3.704188906803093095e-01
3.368889031284119651e-01
2.696104365584069962e-01
3.204432460714571329e-01
2.846632174164329121e-01
3.555693346759664641e-01
2.813239254085020957e-01
3.574147370729051643e-01
1.745089673639788896e-01
3.573638691732306527e-01
3.790420520021934303e-01
2.386941573923620219e-01
2.868304866324283275e-01
2.918898671586773741e-01
3.116752199696779524e-01
2.909256225936381890e-01
1.218821605127264229e+00
6.145827625640916114e-01
2.405938678056715185e-01
3.600185720445919224e-01
2.563502720077913133e-01
2.808328650009514482e-01
2.434283692927547149e-01
2.277531155199068735e-01
2.425532395393940055e-01
3.125513285152678455e-01
3.209625626457056069e-01
2.691610979455628661e-01
2.450976711619293202e-01
4.944813025501569315e-01
4.971788807973003266e-01
2.482009241014641321e-01
