2.164958810607246209e-01
2.565917886918290813e-01
2.478943385859028736e-01
2.948393265812333519e-01
1.456510184012816955e+00
2.944657692417351202e-01
2.480356032391920484e-01
2.827351300350964824e-01
3.458122544933460163e-01
2.912193277725741436e-01
3.552218660158526498e-01
2.844127774099473593e-01
2.802434199831999040e-01
3.596290042962951850e-01
2.933628881969675972e-01
3.505903212466199848e-01
2.572759946031049072e-01
3.647996252579177034e-01
4.249274885101938515e-01
2.891468496971404956e-01
2.902647557593996397e-01
3.470251124355770989e-01
2.702542577962327996e-01
3.291080817250631729e-01
1.756386186140632133e-01
3.641004939219272818e-01
3.716584841986896870e-01
2.547049587312620322e-01
2.818306048070662873e-01
2.223658738706567328e-01
2.634000878665472278e-01
3.222386088946842531e-01
1.138164478835924198e+00
9.332051893669579545e-01
2.375960039641051014e-01
3.573827101100199854e-01
2.608819105346102396e-01
3.055349641498486535e-01
2.510249747314589053e-01
2.892841279635685603e-01
2.385708704647958867e-01
3.719082122675193003e-01
3.515821526553586374e-01
2.550507693153262201e-01
2.438818610318365110e-01
4.993619140346117202e-01
4.966475774760973350e-01
2.461035439496587207e-01
