2.242433913708992144e-01
2.634087783587593101e-01
2.544507816821758306e-01
2.913789897707483312e-01
7.033418199927368164e-01
2.967951161115287562e-01
2.234291174347287634e-01
2.984978803000022385e-01
2.246850653364718120e-01
2.977153638787684575e-01
2.221599864535252766e-01
2.208143048011805831e-01
2.321997690101401390e-01
3.285989556762809460e-01
2.949913134768467060e-01
3.371167387741769716e-01
3.390950882253829790e-01
2.659697063498770997e-01
2.645829408199975585e-01
3.859509698492217811e-01
2.954141290392881536e-01
2.286929980549893549e-01
2.240135186410628365e-01
2.123148213529068018e-01
1.755298253739514536e-01
3.835190233700430662e-01
3.631328832357284542e-01
2.721047167959569357e-01
2.444476621194981159e-01
2.948733180001029686e-01
2.270521225664908493e-01
2.172641677143821726e-01
3.070228637849930498e-01
2.393216023125494807e-01
2.366978122122890271e-01
3.186976736513185138e-01
2.687904001553375610e-01
5.129976939609220965e-01
2.467876009090810285e-01
2.952796026300905652e-01
2.962493011950317889e-01
3.005299942756743392e-01
2.846746214623854798e-01
2.515771538479957825e-01
2.443917769421433128e-01
4.975335347084746673e-01
4.968033012037390006e-01
2.467891622162793341e-01
