2.344974838436810205e-01
3.088501894415445759e-01
2.543642855570822925e-01
2.868931854974619555e-01
2.672101694043498288e-01
2.882958963986392842e-01
2.996167393236062182e-01
2.865744310140247997e-01
3.407287753294769295e-01
2.966152118634513557e-01
2.844393534005961732e-01
2.998964188580820478e-01
2.736847779326341268e-01
3.519294560104517244e-01
2.854153943478158761e-01
3.478161854851772872e-01
2.680280586830273148e-01
3.424457519367590796e-01
3.531960619675573176e-01
2.696612108742065250e-01
2.959531124149460402e-01
3.410274634406555427e-01
2.695120804420752525e-01
2.796528350733960555e-01
1.750129491898350931e-01
3.622179585506150601e-01
3.706561026652870350e-01
2.487050222820577638e-01
2.686581810225194267e-01
2.746575815207733529e-01
2.093596611184590783e-01
3.122680139777386787e-01
3.380612333193661612e-01
3.522370011862165917e-01
2.232312767435606637e-01
2.904826210093928718e-01
3.861368895315991367e-01
4.289696465313713181e-01
2.473533988280867957e-01
2.891357580272198580e-01
2.850119404855948613e-01
3.000518313465529996e-01
2.711217932705332068e-01
2.523793359889924814e-01
2.480695382394665360e-01
4.966836628424727285e-01
4.963188366042489696e-01
2.485268388990114763e-01
