2.133235467133093310e-01
2.551020207425320208e-01
2.490643416635417995e-01
2.957964890760386711e-01
4.171100335206259779e-01
2.847992808452407543e-01
2.183290019692052109e-01
2.994075093906112817e-01
2.943060340578769751e-01
2.965473522810415652e-01
2.251680883549588841e-01
2.728627673411419541e-01
2.742708770599565082e-01
3.599453986176868736e-01
2.830572938393566829e-01
3.577113557922854681e-01
2.612422429797652268e-01
3.772004886660160761e-01
4.151062162391868093e-01
2.599316341065565084e-01
2.910823254136897797e-01
3.564127632231531839e-01
2.903964449142270587e-01
3.616414520031425162e-01
1.720416914093948479e-01
3.701886844247533892e-01
3.682518621777265411e-01
2.655514311708104813e-01
2.708218199178784591e-01
2.862017408641405747e-01
3.569740580879924297e-01
2.276790365835486274e-01
6.263206866382222682e-01
5.323500834271959192e-01
3.413523713337977550e-01
2.584252069516305150e-01
3.668761010896696151e-01
4.848997635687993801e-01
2.519007410535001323e-01
2.891641195208714543e-01
3.718879752263939409e-01
2.263465550303650486e-01
2.655523647486044414e-01
3.537004177012523232e-01
2.480202933714528712e-01
4.974847040669155840e-01
4.941098760130288592e-01
2.491803466940935574e-01
