2.508920496500816610e-01
2.888357966636977969e-01
2.532241747503188867e-01
2.841887615602938233e-01
1.200622221742085660e+00
2.928563112419362291e-01
3.399044542085565834e-01
2.813920608326573869e-01
3.425267896499219478e-01
2.943301358417895197e-01
3.050252534896289447e-01
3.352344381190801026e-01
2.316586954414660560e-01
3.210678339375478973e-01
2.188674658186121891e-01
3.489582982027730762e-01
3.694002831192665925e-01
2.536187074818690435e-01
2.676753188846537346e-01
4.173409433466014895e-01
2.762184436702500578e-01
3.306472497065293115e-01
3.587066843979538344e-01
3.457220822807459126e-01
1.731916863244879201e-01
4.008545055326548368e-01
3.519796706030349775e-01
3.498269128655531746e-01
2.326055950255131177e-01
2.982614211933549142e-01
3.554611651127910776e-01
3.500622016478045495e-01
1.171038556365237904e+00
9.783360255411135409e-01
2.335436643269851731e-01
3.616134374389770589e-01
2.532304550250534803e-01
3.348780021138935137e-01
2.490026461666521862e-01
2.964396751502103022e-01
3.151759970321937332e-01
2.416572631239370106e-01
2.619150779556473352e-01
3.396790726580790620e-01
2.490974202499437185e-01
4.977994576787158065e-01
4.968379141679986621e-01
2.485601606074649972e-01
