3.082417845726013184e-01
3.146315217018127441e-01
2.283089756965637207e-01
4.200475811958312988e-01
1.858225166797637939e-01
3.029091954231262207e-01
3.757938146591186523e-01
2.952202558517456055e-01
2.433104962110519409e-01
3.050343692302703857e-01
2.343373894691467285e-01
3.024268150329589844e-01
2.399708628654479980e-01
2.994678020477294922e-01
2.734117805957794189e-01
2.395537197589874268e-01
3.526074588298797607e-01
2.836475968360900879e-01
2.288077473640441895e-01
2.694902420043945312e-01
2.706584334373474121e-01
1.194432854652404785e+00
2.462539970874786377e-01
2.510876059532165527e-01
7.496839761734008789e-01
2.485336810350418091e-01
3.128018379211425781e-01
2.659398317337036133e-01
2.346635162830352783e-01
4.422329068183898926e-01
8.507984280586242676e-01
6.080106496810913086e-01
2.411804050207138062e-01
2.383547723293304443e-01
3.091423809528350830e-01
3.638213574886322021e-01
2.592701017856597900e-01
2.209728360176086426e-01
4.556193649768829346e-01
2.517975270748138428e-01
3.967441916465759277e-01
5.853220224380493164e-01
2.067970037460327148e-01
2.226521670818328857e-01
3.942600786685943604e-01
1.088928103446960449e+00
1.055044174194335938e+00
3.968614041805267334e-01
4.581931233406066895e-01
3.056877553462982178e-01
2.406262457370758057e-01
2.397686094045639038e-01
3.031204342842102051e-01
3.013453185558319092e-01
2.513841390609741211e-01
3.028993308544158936e-01
4.015669226646423340e-01
3.066512644290924072e-01
2.430925667285919189e-01
2.791863083839416504e-01
3.433846235275268555e-01
2.961435317993164062e-01
2.102236896753311157e-01
2.998032867908477783e-01
3.937346935272216797e-01
4.259084165096282959e-01
3.378372192382812500e-01
2.553350627422332764e-01
3.707465231418609619e-01
3.827805519104003906e-01
2.972271740436553955e-01
2.527409493923187256e-01
5.818298459053039551e-01
2.777516543865203857e-01
2.938332855701446533e-01
2.883383333683013916e-01
2.324886769056320190e-01
2.578022778034210205e-01
2.203950434923171997e-01
3.934729397296905518e-01
4.780396819114685059e-01
2.922960519790649414e-01
3.437411785125732422e-01
4.017474055290222168e-01
2.830883264541625977e-01
4.019328057765960693e-01
3.595733344554901123e-01
2.752925157546997070e-01
2.616524100303649902e-01
2.790949940681457520e-01
2.480523586273193359e-01
2.574587464332580566e-01
4.560986459255218506e-01
2.289562970399856567e-01
3.003364205360412598e-01
2.519722282886505127e-01
3.028067946434020996e-01
3.522228896617889404e-01
2.879669666290283203e-01
3.667614758014678955e-01
2.567917108535766602e-01
2.238995134830474854e-01
4.706994593143463135e-01
2.238995134830474854e-01
4.706994593143463135e-01
3.276599347591400146e-01
2.612335979938507080e-01
2.926943600177764893e-01
3.803721368312835693e-01
2.892092466354370117e-01
2.359364032745361328e-01
3.571679890155792236e-01
1.760141700506210327e-01
3.935809731483459473e-01
2.891729176044464111e-01
2.480886727571487427e-01
2.360804826021194458e-01
3.829307556152343750e-01
3.749666512012481689e-01
6.926398277282714844e-01
6.793739199638366699e-01
3.008869886398315430e-01
2.374215871095657349e-01
3.884340524673461914e-01
2.608658373355865479e-01
5.304564237594604492e-01
4.638253748416900635e-01
2.613751590251922607e-01
4.815651178359985352e-01
3.484608530998229980e-01
3.110980391502380371e-01
4.454548060894012451e-01
4.099207222461700439e-01
5.055571198463439941e-01
4.870543777942657471e-01
4.139818549156188965e-01
2.460995614528656006e-01
2.481491565704345703e-01
3.956412076950073242e-01
3.550027906894683838e-01
2.961485981941223145e-01
2.291593253612518311e-01
8.858507275581359863e-01
3.871911466121673584e-01
7.595407962799072266e-01
3.409017324447631836e-01
3.606480062007904053e-01
3.929350972175598145e-01
2.466576546430587769e-01
2.486966103315353394e-01
2.554701566696166992e-01
9.590965509414672852e-01
2.724187672138214111e-01
1.039325475692749023e+00
2.672582566738128662e-01
1.730895638465881348e-01
1.100556373596191406e+00
2.499499917030334473e-01
3.867777287960052490e-01
4.027480185031890869e-01
4.238561391830444336e-01
2.583757042884826660e-01
3.695158958435058594e-01
3.504625260829925537e-01
2.265303432941436768e-01
4.039937853813171387e-01
4.869589209556579590e-01
4.270526468753814697e-01
5.212350487709045410e-01
2.605167925357818604e-01
2.330857962369918823e-01
3.035572171211242676e-01
2.474388778209686279e-01
3.969155848026275635e-01
3.009518086910247803e-01
1.212224721908569336e+00
1.258368730545043945e+00
2.987306118011474609e-01
2.946370542049407959e-01
2.492287904024124146e-01
3.765753507614135742e-01
3.090177774429321289e-01
1.077179312705993652e+00
1.429969072341918945e+00
2.610555589199066162e-01
3.104754388332366943e-01
2.622327208518981934e-01
2.953709363937377930e-01
2.339701205492019653e-01
2.564468383789062500e-01
1.647337198257446289e+00
4.422589540481567383e-01
2.918646931648254395e-01
2.956179678440093994e-01
2.225174158811569214e-01
3.749746382236480713e-01
2.808469235897064209e-01
3.649397194385528564e-01
2.709150910377502441e-01
3.857537806034088135e-01
2.915904521942138672e-01
4.519258737564086914e-01
2.573868632316589355e-01
5.003818273544311523e-01
4.967705309391021729e-01
2.413482815027236938e-01
