2.347998619079589844e-01
2.519642412662506104e-01
3.651012778282165527e-01
4.187075197696685791e-01
1.766040474176406860e-01
2.815758883953094482e-01
3.372387886047363281e-01
3.074101209640502930e-01
2.121249437332153320e-01
2.982213497161865234e-01
2.409750819206237793e-01
3.013452589511871338e-01
2.567527592182159424e-01
4.976313412189483643e-01
2.972607612609863281e-01
3.169131875038146973e-01
2.985699176788330078e-01
3.647533059120178223e-01
2.630608379840850830e-01
2.499699592590332031e-01
2.799088656902313232e-01
1.407096624374389648e+00
2.567975521087646484e-01
2.442908436059951782e-01
6.810895204544067383e-01
3.013668656349182129e-01
3.240400850772857666e-01
3.879303932189941406e-01
2.171197831630706787e-01
3.032457828521728516e-01
7.546710371971130371e-01
9.670665860176086426e-01
3.759919703006744385e-01
2.783325314521789551e-01
2.272333502769470215e-01
2.645863890647888184e-01
2.575752139091491699e-01
2.756465077400207520e-01
2.970437705516815186e-01
3.030593991279602051e-01
3.580195009708404541e-01
5.202575922012329102e-01
2.119103670120239258e-01
2.244214415550231934e-01
2.694160044193267822e-01
1.501695513725280762e+00
1.470644235610961914e+00
3.000033199787139893e-01
5.278048515319824219e-01
2.469210326671600342e-01
3.014647066593170166e-01
3.301196694374084473e-01
2.607163190841674805e-01
3.091439604759216309e-01
2.027757316827774048e-01
3.255118727684020996e-01
2.639905214309692383e-01
2.266053855419158936e-01
2.473317235708236694e-01
3.777115046977996826e-01
3.704132437705993652e-01
3.016139864921569824e-01
2.356055974960327148e-01
3.937778174877166748e-01
3.349835574626922607e-01
2.478648871183395386e-01
3.432797491550445557e-01
2.503317594528198242e-01
3.209189772605895996e-01
2.522419095039367676e-01
2.885428667068481445e-01
2.333366721868515015e-01
7.012495994567871094e-01
2.812738716602325439e-01
2.102878987789154053e-01
2.785300612449645996e-01
3.093687295913696289e-01
2.361970096826553345e-01
2.403622120618820190e-01
4.537521600723266602e-01
4.104387760162353516e-01
2.946251630783081055e-01
3.537357449531555176e-01
3.753518164157867432e-01
3.687017858028411865e-01
2.567527890205383301e-01
3.082368969917297363e-01
4.535317420959472656e-01
2.529703080654144287e-01
2.846769988536834717e-01
2.467407286167144775e-01
2.515352666378021240e-01
6.853451132774353027e-01
2.446896135807037354e-01
3.084833621978759766e-01
2.541928291320800781e-01
2.893388569355010986e-01
3.422761559486389160e-01
2.987205982208251953e-01
3.587868809700012207e-01
2.596170008182525635e-01
2.143151909112930298e-01
4.606918394565582275e-01
2.143151909112930298e-01
4.606918394565582275e-01
2.755376398563385010e-01
2.195950746536254883e-01
3.691205978393554688e-01
3.985448181629180908e-01
3.088769912719726562e-01
2.470242530107498169e-01
3.125843405723571777e-01
1.757981777191162109e-01
3.691083490848541260e-01
2.531244158744812012e-01
2.096115648746490479e-01
2.532607316970825195e-01
4.049023985862731934e-01
3.700121045112609863e-01
5.017170310020446777e-01
6.108943819999694824e-01
2.960759997367858887e-01
2.276686131954193115e-01
3.651602268218994141e-01
2.256191372871398926e-01
4.709076285362243652e-01
5.145658254623413086e-01
2.445505857467651367e-01
4.943065345287322998e-01
2.283987551927566528e-01
2.964068353176116943e-01
4.085302650928497314e-01
4.163568615913391113e-01
4.624769687652587891e-01
4.509644806385040283e-01
3.739585280418395996e-01
3.045997321605682373e-01
2.531046867370605469e-01
3.246058523654937744e-01
3.811181187629699707e-01
2.858198881149291992e-01
2.056112736463546753e-01
1.273517131805419922e+00
2.970555424690246582e-01
1.192815542221069336e+00
3.961022198200225830e-01
3.765952885150909424e-01
3.179323673248291016e-01
2.878228724002838135e-01
2.473984658718109131e-01
3.063560426235198975e-01
1.493181109428405762e+00
3.665487170219421387e-01
1.395405173301696777e+00
4.739556908607482910e-01
1.691803783178329468e-01
8.725439310073852539e-01
2.168985903263092041e-01
3.902255594730377197e-01
4.198213815689086914e-01
3.594495654106140137e-01
3.842733204364776611e-01
2.989715635776519775e-01
2.917447090148925781e-01
2.269295006990432739e-01
3.978391289710998535e-01
4.646514952182769775e-01
5.412974953651428223e-01
5.093495249748229980e-01
2.801089286804199219e-01
3.073841035366058350e-01
2.557459175586700439e-01
4.168657064437866211e-01
2.572177946567535400e-01
3.152744770050048828e-01
1.052140593528747559e+00
7.139838337898254395e-01
2.195928096771240234e-01
3.048753738403320312e-01
2.436021417379379272e-01
3.896293044090270996e-01
2.744649052619934082e-01
9.957061409950256348e-01
6.270613670349121094e-01
2.743974924087524414e-01
3.807439804077148438e-01
2.524559497833251953e-01
2.769891619682312012e-01
2.602863609790802002e-01
2.365290522575378418e-01
1.411706805229187012e+00
2.961519658565521240e-01
4.409693479537963867e-01
2.943891882896423340e-01
3.659699261188507080e-01
2.510178685188293457e-01
2.611072063446044922e-01
2.509063482284545898e-01
3.705374300479888916e-01
3.673649132251739502e-01
4.855460822582244873e-01
2.978774905204772949e-01
2.383631914854049683e-01
4.853173792362213135e-01
4.964936673641204834e-01
2.380293905735015869e-01
