2.695804834365844727e-01
2.793263494968414307e-01
3.633019030094146729e-01
3.317584097385406494e-01
1.736628562211990356e-01
2.587526738643646240e-01
2.756378054618835449e-01
2.751698195934295654e-01
3.280009925365447998e-01
3.009468019008636475e-01
2.493246048688888550e-01
2.447924166917800903e-01
2.883197963237762451e-01
4.877470433712005615e-01
2.954950630664825439e-01
2.300500124692916870e-01
3.428970277309417725e-01
3.186761140823364258e-01
3.646621704101562500e-01
2.526528537273406982e-01
2.899285256862640381e-01
8.660799860954284668e-01
2.512345612049102783e-01
2.462263107299804688e-01
6.498836874961853027e-01
2.773661315441131592e-01
3.121814727783203125e-01
3.485842645168304443e-01
2.368726879358291626e-01
3.053068220615386963e-01
6.848109364509582520e-01
7.466744780540466309e-01
3.026570975780487061e-01
2.663552165031433105e-01
2.553777992725372314e-01
2.760668992996215820e-01
2.923903763294219971e-01
3.286220133304595947e-01
3.468075692653656006e-01
2.980200350284576416e-01
3.431793153285980225e-01
4.935106933116912842e-01
2.197609096765518188e-01
2.174893468618392944e-01
2.728199660778045654e-01
6.043285727500915527e-01
6.815091967582702637e-01
3.400182425975799561e-01
5.038516521453857422e-01
2.802688777446746826e-01
2.676527500152587891e-01
3.006577193737030029e-01
3.227703869342803955e-01
2.974844276905059814e-01
2.232934385538101196e-01
2.937310934066772461e-01
3.439681529998779297e-01
2.720960080623626709e-01
2.571196854114532471e-01
2.986634075641632080e-01
3.093631267547607422e-01
2.957523763179779053e-01
2.305869013071060181e-01
2.855785191059112549e-01
3.214098215103149414e-01
3.567054271697998047e-01
3.145911395549774170e-01
2.486080676317214966e-01
3.370970487594604492e-01
3.091402053833007812e-01
2.934903800487518311e-01
2.365186661481857300e-01
7.215992808341979980e-01
2.359057515859603882e-01
3.222770690917968750e-01
2.936079204082489014e-01
2.218509912490844727e-01
2.350327223539352417e-01
2.529581487178802490e-01
4.413771331310272217e-01
4.332122802734375000e-01
2.858632504940032959e-01
3.528405427932739258e-01
3.631251752376556396e-01
2.770477831363677979e-01
3.984960615634918213e-01
2.539618313312530518e-01
2.375105619430541992e-01
2.573826313018798828e-01
2.897653281688690186e-01
2.485352307558059692e-01
2.489206045866012573e-01
5.179465413093566895e-01
2.594377100467681885e-01
3.010167777538299561e-01
2.696086168289184570e-01
2.910625934600830078e-01
3.503383696079254150e-01
3.314065635204315186e-01
3.551479578018188477e-01
3.183071911334991455e-01
2.374601364135742188e-01
4.841947257518768311e-01
2.374601364135742188e-01
4.841947257518768311e-01
2.796620428562164307e-01
2.608163058757781982e-01
3.552446365356445312e-01
3.577207624912261963e-01
2.912137210369110107e-01
2.276719957590103149e-01
3.239398598670959473e-01
1.754926592111587524e-01
3.790949285030364990e-01
2.950479686260223389e-01
3.535434305667877197e-01
2.453062385320663452e-01
3.926650583744049072e-01
3.728285729885101318e-01
5.046288967132568359e-01
4.861876070499420166e-01
2.936980128288269043e-01
2.337241619825363159e-01
3.924838006496429443e-01
2.576694190502166748e-01
4.793643653392791748e-01
5.141341090202331543e-01
2.904109060764312744e-01
4.899213314056396484e-01
2.958098351955413818e-01
4.105794131755828857e-01
3.876775503158569336e-01
4.191597402095794678e-01
4.408314228057861328e-01
4.641294181346893311e-01
4.561675488948822021e-01
2.758172750473022461e-01
2.748132050037384033e-01
2.955637872219085693e-01
2.915693819522857666e-01
2.964930832386016846e-01
2.149525880813598633e-01
6.507322192192077637e-01
2.845653295516967773e-01
6.018909811973571777e-01
3.161664307117462158e-01
3.563161194324493408e-01
3.299596905708312988e-01
2.746244966983795166e-01
2.396701425313949585e-01
2.737285196781158447e-01
5.667738914489746094e-01
4.022088944911956787e-01
6.170288920402526855e-01
3.821737766265869141e-01
1.727654933929443359e-01
8.292601704597473145e-01
2.502174675464630127e-01
3.337730169296264648e-01
3.099830150604248047e-01
3.090373277664184570e-01
3.730051517486572266e-01
3.893860280513763428e-01
3.861074447631835938e-01
2.357770651578903198e-01
2.908817231655120850e-01
4.685138165950775146e-01
4.487139284610748291e-01
4.672955572605133057e-01
2.656914293766021729e-01
2.572097480297088623e-01
2.733881771564483643e-01
4.363951683044433594e-01
4.500457048416137695e-01
4.587484896183013916e-01
2.574163973331451416e-01
5.571203827857971191e-01
2.485536783933639526e-01
2.846700847148895264e-01
2.494689971208572388e-01
3.157701492309570312e-01
2.556114196777343750e-01
9.560105800628662109e-01
9.069851040840148926e-01
3.358341455459594727e-01
3.496950864791870117e-01
2.576308548450469971e-01
2.889813482761383057e-01
2.477023601531982422e-01
2.454268485307693481e-01
9.663203358650207520e-01
3.933281898498535156e-01
3.063449561595916748e-01
2.938929498195648193e-01
3.282903134822845459e-01
2.937143743038177490e-01
3.234675526618957520e-01
2.753430306911468506e-01
3.420836627483367920e-01
2.947895228862762451e-01
5.012650489807128906e-01
5.060393810272216797e-01
2.428807169198989868e-01
4.953415393829345703e-01
4.951678812503814697e-01
2.495882958173751831e-01
