2.771821916103363037e-01
2.497558742761611938e-01
2.288470715284347534e-01
4.471923112869262695e-01
1.604150980710983276e-01
4.180693328380584717e-01
2.206716984510421753e-01
2.584588825702667236e-01
2.978371977806091309e-01
2.974054217338562012e-01
2.673574090003967285e-01
2.424974143505096436e-01
3.101144731044769287e-01
4.498632848262786865e-01
2.959882020950317383e-01
2.149976640939712524e-01
2.686167955398559570e-01
4.158473014831542969e-01
2.232778519392013550e-01
2.638900578022003174e-01
2.788458168506622314e-01
1.239877939224243164e+00
2.450489699840545654e-01
2.361101359128952026e-01
6.947473287582397461e-01
2.515352964401245117e-01
3.655967414379119873e-01
3.776876628398895264e-01
2.052218168973922729e-01
3.658701777458190918e-01
1.385247230529785156e+00
1.190158367156982422e+00
2.531580030918121338e-01
2.935335934162139893e-01
2.959594428539276123e-01
3.770052492618560791e-01
2.416112273931503296e-01
4.108624756336212158e-01
2.599249482154846191e-01
3.051786422729492188e-01
3.541906177997589111e-01
5.092278122901916504e-01
2.196678966283798218e-01
2.393846213817596436e-01
3.071888685226440430e-01
1.641694784164428711e+00
1.674047112464904785e+00
4.381164014339447021e-01
5.633657574653625488e-01
2.561425268650054932e-01
3.135825395584106445e-01
3.188432157039642334e-01
2.388011664152145386e-01
2.311471551656723022e-01
3.428498506546020508e-01
3.005927503108978271e-01
3.885112702846527100e-01
2.604169547557830811e-01
3.135569691658020020e-01
3.111928105354309082e-01
2.738411724567413330e-01
2.924277484416961670e-01
3.388878703117370605e-01
2.218670696020126343e-01
2.623012959957122803e-01
4.534191787242889404e-01
4.435729384422302246e-01
2.425138950347900391e-01
3.259033262729644775e-01
2.322304546833038330e-01
3.068892061710357666e-01
2.063734382390975952e-01
1.271827697753906250e+00
3.025590777397155762e-01
2.782821953296661377e-01
2.721617221832275391e-01
2.166863977909088135e-01
2.411845475435256958e-01
3.046341836452484131e-01
3.473586142063140869e-01
4.566518962383270264e-01
3.020761311054229736e-01
2.620934545993804932e-01
3.167964518070220947e-01
3.738930523395538330e-01
2.455951869487762451e-01
2.522300481796264648e-01
5.537508130073547363e-01
2.630608081817626953e-01
2.809163630008697510e-01
2.440982908010482788e-01
2.507927417755126953e-01
2.772634029388427734e-01
2.519702017307281494e-01
3.152855336666107178e-01
3.414351642131805420e-01
2.793653309345245361e-01
2.154274582862854004e-01
3.313366770744323730e-01
4.338870644569396973e-01
2.834536433219909668e-01
4.367951154708862305e-01
4.579748809337615967e-01
4.367951154708862305e-01
4.579748809337615967e-01
4.618192017078399658e-01
3.114786744117736816e-01
3.017449378967285156e-01
2.487629354000091553e-01
2.298651486635208130e-01
3.476794362068176270e-01
3.582861721515655518e-01
1.766747981309890747e-01
3.505795001983642578e-01
2.204813212156295776e-01
4.807556271553039551e-01
2.315361946821212769e-01
3.739665448665618896e-01
4.300151467323303223e-01
5.641250014305114746e-01
4.413570165634155273e-01
3.036593794822692871e-01
3.557161688804626465e-01
3.876363933086395264e-01
4.041002392768859863e-01
2.103829681873321533e-01
2.364529669284820557e-01
3.439388871192932129e-01
2.943212091922760010e-01
4.230035543441772461e-01
3.200952708721160889e-01
4.542686045169830322e-01
3.992693126201629639e-01
4.695082604885101318e-01
5.464750528335571289e-01
5.136876106262207031e-01
2.410477250814437866e-01
2.529545426368713379e-01
4.040099084377288818e-01
3.757884800434112549e-01
3.066952824592590332e-01
2.200567871332168579e-01
8.776336908340454102e-01
3.897306621074676514e-01
9.704312682151794434e-01
3.149730265140533447e-01
3.734983205795288086e-01
3.853063583374023438e-01
2.518193125724792480e-01
2.371433824300765991e-01
2.497398108243942261e-01
9.844353199005126953e-01
2.676602303981781006e-01
8.452064394950866699e-01
3.085757493972778320e-01
1.754650771617889404e-01
3.379999697208404541e-01
2.321960180997848511e-01
2.881336510181427002e-01
3.818703889846801758e-01
2.745778560638427734e-01
3.715951740741729736e-01
4.287772774696350098e-01
3.846791088581085205e-01
2.112273573875427246e-01
3.171024620532989502e-01
4.895814359188079834e-01
5.464777946472167969e-01
4.471308290958404541e-01
2.427591085433959961e-01
2.465217858552932739e-01
3.040016293525695801e-01
4.182462990283966064e-01
5.276693701744079590e-01
5.045264959335327148e-01
1.193570256233215332e+00
7.694432735443115234e-01
3.001565635204315186e-01
2.905821502208709717e-01
2.671890556812286377e-01
3.437135517597198486e-01
3.308322727680206299e-01
1.060785889625549316e+00
6.741816997528076172e-01
2.411576211452484131e-01
2.945878505706787109e-01
2.670879662036895752e-01
2.832737267017364502e-01
2.604342699050903320e-01
2.225353568792343140e-01
1.241293907165527344e+00
4.577717185020446777e-01
2.530098557472229004e-01
2.777498364448547363e-01
2.473095059394836426e-01
3.808450698852539062e-01
2.546094655990600586e-01
3.590556979179382324e-01
2.680410444736480713e-01
3.478807210922241211e-01
2.912696301937103271e-01
3.856799006462097168e-01
2.499979585409164429e-01
4.955864846706390381e-01
5.012444257736206055e-01
2.435754239559173584e-01
