2.505413889884948730e-01
3.788574039936065674e-01
2.143851369619369507e-01
2.791809439659118652e-01
1.737843155860900879e-01
3.822682201862335205e-01
2.404744625091552734e-01
2.859002649784088135e-01
3.511737585067749023e-01
3.003880381584167480e-01
2.773841321468353271e-01
2.122875005006790161e-01
2.602018415927886963e-01
4.979648292064666748e-01
2.993142008781433105e-01
2.260840535163879395e-01
3.381862938404083252e-01
3.246536254882812500e-01
3.676275610923767090e-01
2.570330798625946045e-01
3.011212050914764404e-01
9.387319684028625488e-01
2.258959710597991943e-01
2.660695314407348633e-01
7.545846700668334961e-01
2.988209724426269531e-01
2.595650255680084229e-01
2.719264626502990723e-01
2.260442376136779785e-01
3.271543681621551514e-01
1.064949274063110352e+00
9.294841289520263672e-01
2.717554271221160889e-01
2.908281385898590088e-01
3.090647161006927490e-01
3.890012502670288086e-01
2.518292665481567383e-01
2.172648161649703979e-01
4.224949777126312256e-01
2.621392607688903809e-01
2.293904721736907959e-01
5.064592361450195312e-01
2.040930986404418945e-01
2.342413067817687988e-01
3.432112634181976318e-01
7.565724849700927734e-01
6.874073743820190430e-01
4.567307233810424805e-01
2.668220102787017822e-01
2.376236468553543091e-01
2.505633533000946045e-01
3.868811428546905518e-01
3.708409070968627930e-01
2.990334331989288330e-01
2.257852852344512939e-01
4.222818911075592041e-01
3.485297560691833496e-01
3.053047358989715576e-01
2.323897629976272583e-01
3.763734400272369385e-01
2.627736628055572510e-01
2.943976521492004395e-01
2.153322696685791016e-01
2.514537274837493896e-01
3.615120649337768555e-01
4.020111560821533203e-01
3.925327658653259277e-01
3.054979145526885986e-01
2.518432140350341797e-01
3.108777999877929688e-01
2.928225100040435791e-01
3.507975935935974121e-01
9.501183629035949707e-01
2.594012320041656494e-01
3.462311029434204102e-01
3.004978895187377930e-01
2.373056709766387939e-01
2.287902384996414185e-01
2.198294699192047119e-01
4.248893260955810547e-01
4.645147621631622314e-01
2.959408760070800781e-01
3.531033694744110107e-01
3.774519860744476318e-01
3.126434683799743652e-01
3.907543420791625977e-01
2.788296639919281006e-01
1.984993666410446167e-01
2.552978396415710449e-01
2.927336394786834717e-01
2.584357261657714844e-01
2.460366338491439819e-01
5.607039928436279297e-01
3.104125857353210449e-01
2.789712548255920410e-01
2.880103886127471924e-01
2.989732027053833008e-01
2.553232908248901367e-01
2.825402319431304932e-01
4.085167944431304932e-01
3.694914579391479492e-01
2.552703917026519775e-01
4.076701700687408447e-01
2.552703917026519775e-01
4.076701700687408447e-01
2.411534935235977173e-01
2.948914468288421631e-01
3.060767352581024170e-01
2.601806819438934326e-01
3.053620755672454834e-01
2.204993963241577148e-01
2.576606571674346924e-01
1.782245784997940063e-01
3.636990189552307129e-01
2.458881735801696777e-01
4.636172950267791748e-01
2.339529842138290405e-01
2.976742982864379883e-01
2.223443239927291870e-01
5.286445021629333496e-01
3.880103230476379395e-01
2.996314465999603271e-01
2.122498154640197754e-01
3.217778801918029785e-01
3.934386670589447021e-01
6.643560528755187988e-01
4.498555064201354980e-01
4.775447249412536621e-01
2.494794428348541260e-01
4.798395335674285889e-01
3.745517134666442871e-01
4.209868907928466797e-01
2.541062831878662109e-01
4.010809957981109619e-01
4.905924499034881592e-01
4.696924388408660889e-01
2.549431324005126953e-01
3.048622310161590576e-01
3.278017640113830566e-01
2.739963531494140625e-01
2.934297323226928711e-01
2.192601114511489868e-01
5.799818634986877441e-01
3.168358504772186279e-01
5.467448830604553223e-01
2.910910248756408691e-01
3.848856687545776367e-01
3.674995899200439453e-01
2.882810831069946289e-01
2.347359806299209595e-01
2.549058198928833008e-01
3.225848674774169922e-01
4.688485562801361084e-01
3.581689298152923584e-01
4.920212924480438232e-01
1.737728118896484375e-01
8.449597358703613281e-01
3.004896044731140137e-01
3.531939685344696045e-01
2.863371670246124268e-01
2.373562306165695190e-01
2.513483464717864990e-01
3.312159478664398193e-01
3.683272898197174072e-01
2.449346631765365601e-01
4.222167432308197021e-01
4.290116429328918457e-01
2.752489745616912842e-01
3.169904947280883789e-01
3.064930438995361328e-01
2.554329633712768555e-01
2.593742311000823975e-01
4.724711775779724121e-01
5.547044277191162109e-01
5.601214170455932617e-01
3.551928400993347168e-01
4.123990535736083984e-01
2.314648777246475220e-01
2.855187952518463135e-01
2.826181352138519287e-01
3.766351342201232910e-01
2.676789164543151855e-01
1.000180363655090332e+00
6.826572418212890625e-01
2.670336663722991943e-01
3.509202003479003906e-01
2.596420645713806152e-01
2.767922878265380859e-01
2.531363368034362793e-01
2.469756454229354858e-01
3.297398388385772705e-01
2.279012799263000488e-01
4.557422101497650146e-01
2.693269550800323486e-01
2.726261019706726074e-01
3.425973951816558838e-01
3.498013317584991455e-01
3.782247900962829590e-01
2.319611608982086182e-01
3.289103209972381592e-01
4.830631315708160400e-01
5.322291851043701172e-01
2.494834363460540771e-01
4.954694807529449463e-01
4.983291625976562500e-01
2.487287819385528564e-01
