2.331136912107467651e-01
2.472589612007141113e-01
3.744502365589141846e-01
4.080820679664611816e-01
1.805491298437118530e-01
2.655051946640014648e-01
2.477135360240936279e-01
2.609597444534301758e-01
2.883417904376983643e-01
3.113245368003845215e-01
2.409750968217849731e-01
2.518768906593322754e-01
2.949813306331634521e-01
2.790035903453826904e-01
3.008022010326385498e-01
2.269052863121032715e-01
2.503797113895416260e-01
4.522001147270202637e-01
3.609140217304229736e-01
2.405597269535064697e-01
2.831077277660369873e-01
1.419410109519958496e+00
2.601576447486877441e-01
2.330365031957626343e-01
6.663129329681396484e-01
2.986670434474945068e-01
2.246886342763900757e-01
2.651716172695159912e-01
3.573065698146820068e-01
3.549562990665435791e-01
4.393677115440368652e-01
4.118082523345947266e-01
3.903164863586425781e-01
2.802480757236480713e-01
2.471456378698348999e-01
3.227460980415344238e-01
2.434317469596862793e-01
2.332852035760879517e-01
4.123068749904632568e-01
3.111317455768585205e-01
3.535830676555633545e-01
5.253065228462219238e-01
2.164139747619628906e-01
2.156710177659988403e-01
2.648622393608093262e-01
1.324676513671875000e+00
1.461836934089660645e+00
3.173420727252960205e-01
5.342302918434143066e-01
2.579651176929473877e-01
3.017432391643524170e-01
2.925371527671813965e-01
2.657780945301055908e-01
3.047916889190673828e-01
1.981640607118606567e-01
3.251430392265319824e-01
2.739251554012298584e-01
2.433146089315414429e-01
2.386985123157501221e-01
3.724768459796905518e-01
3.747172057628631592e-01
2.999016046524047852e-01
2.244036495685577393e-01
3.859287202358245850e-01
2.993459403514862061e-01
2.195130884647369385e-01
2.982481718063354492e-01
2.259424775838851929e-01
4.255784153938293457e-01
3.740735054016113281e-01
2.902498841285705566e-01
2.250266671180725098e-01
8.889824748039245605e-01
2.738064825534820557e-01
2.790304422378540039e-01
2.958344221115112305e-01
2.192441672086715698e-01
2.332723438739776611e-01
2.518312335014343262e-01
4.617196023464202881e-01
4.656951129436492920e-01
2.932933270931243896e-01
3.564828038215637207e-01
3.943056762218475342e-01
2.538070380687713623e-01
4.228604435920715332e-01
3.275820016860961914e-01
3.511694669723510742e-01
2.424644082784652710e-01
2.724077403545379639e-01
2.569843828678131104e-01
2.514140307903289795e-01
5.043619275093078613e-01
2.439364045858383179e-01
3.041890561580657959e-01
2.241718322038650513e-01
2.789712846279144287e-01
3.600013554096221924e-01
3.477268815040588379e-01
3.965929746627807617e-01
3.019569516181945801e-01
2.666345834732055664e-01
4.477432668209075928e-01
2.666345834732055664e-01
4.477432668209075928e-01
2.005417793989181519e-01
2.349893152713775635e-01
3.815258443355560303e-01
3.840312361717224121e-01
2.893319725990295410e-01
2.674134671688079834e-01
2.887853682041168213e-01
1.735914498567581177e-01
3.682078123092651367e-01
2.600826621055603027e-01
2.051219046115875244e-01
2.502238750457763672e-01
3.889652490615844727e-01
3.698107302188873291e-01
4.716926813125610352e-01
6.114718914031982422e-01
2.915098071098327637e-01
2.182498574256896973e-01
3.755928575992584229e-01
2.542459070682525635e-01
4.724922776222229004e-01
5.805049538612365723e-01
2.444871813058853149e-01
4.820093214511871338e-01
2.875656187534332275e-01
3.932962715625762939e-01
3.369346261024475098e-01
4.459259212017059326e-01
3.886347711086273193e-01
4.922905266284942627e-01
4.614552855491638184e-01
3.005095422267913818e-01
2.387802153825759888e-01
3.317890763282775879e-01
3.965223431587219238e-01
2.967304885387420654e-01
2.409211248159408569e-01
1.192030906677246094e+00
3.253936171531677246e-01
1.051504969596862793e+00
4.183646738529205322e-01
3.930966854095458984e-01
3.161312937736511230e-01
3.034880161285400391e-01
2.574392855167388916e-01
3.115525543689727783e-01
1.349864959716796875e+00
3.197452127933502197e-01
1.264717817306518555e+00
4.564262628555297852e-01
1.784292459487915039e-01
1.196822762489318848e+00
2.813343405723571777e-01
2.659793198108673096e-01
3.587324917316436768e-01
2.447386234998703003e-01
3.531245887279510498e-01
3.913591504096984863e-01
4.170923531055450439e-01
2.178852707147598267e-01
3.448405563831329346e-01
4.548724889755249023e-01
4.930810928344726562e-01
3.531953692436218262e-01
2.916024327278137207e-01
2.441700249910354614e-01
2.224432229995727539e-01
5.319877266883850098e-01
5.094192624092102051e-01
5.484906435012817383e-01
6.259412765502929688e-01
8.423734903335571289e-01
2.426643371582031250e-01
3.048212528228759766e-01
2.709944546222686768e-01
3.830221593379974365e-01
2.650377154350280762e-01
1.211947798728942871e+00
1.163849949836730957e+00
3.230370879173278809e-01
3.823584318161010742e-01
2.509262561798095703e-01
2.899896204471588135e-01
2.775265276432037354e-01
2.553527057170867920e-01
9.033604264259338379e-01
4.391787946224212646e-01
3.347282409667968750e-01
2.999683022499084473e-01
3.853894174098968506e-01
2.199772596359252930e-01
3.332536518573760986e-01
2.820886671543121338e-01
3.555291593074798584e-01
2.554583847522735596e-01
4.421368539333343506e-01
5.353148579597473145e-01
2.375078499317169189e-01
4.978362321853637695e-01
5.002799034118652344e-01
2.560487985610961914e-01
