2.405722141265869141e-01
3.847154676914215088e-01
2.211447358131408691e-01
3.599360585212707520e-01
1.771016716957092285e-01
4.376219511032104492e-01
2.643728256225585938e-01
2.915287315845489502e-01
3.722123503684997559e-01
3.016703128814697266e-01
2.386650443077087402e-01
2.298761010169982910e-01
2.741586565971374512e-01
4.455490410327911377e-01
2.980620563030242920e-01
2.279955893754959106e-01
3.771126866340637207e-01
2.820248305797576904e-01
3.165659308433532715e-01
2.671778202056884766e-01
2.853663861751556396e-01
9.452354311943054199e-01
2.536000311374664307e-01
2.476065605878829956e-01
6.840080022811889648e-01
3.062857985496520996e-01
3.166985809803009033e-01
4.040903151035308838e-01
2.510079443454742432e-01
2.399687469005584717e-01
5.337658524513244629e-01
5.837413072586059570e-01
2.991939187049865723e-01
2.960962057113647461e-01
3.055420815944671631e-01
3.560309112071990967e-01
2.362985163927078247e-01
2.783325314521789551e-01
3.766430914402008057e-01
2.418470382690429688e-01
4.007966816425323486e-01
4.731373786926269531e-01
2.133025825023651123e-01
2.260088473558425903e-01
3.803129792213439941e-01
5.411921739578247070e-01
3.730200827121734619e-01
3.612339794635772705e-01
4.435943663120269775e-01
2.997832298278808594e-01
2.371370792388916016e-01
2.501619458198547363e-01
3.345220088958740234e-01
3.003813922405242920e-01
2.391714751720428467e-01
2.803479731082916260e-01
3.895702660083770752e-01
2.404183745384216309e-01
3.069217801094055176e-01
3.090905845165252686e-01
2.555112540721893311e-01
3.048064708709716797e-01
2.140677273273468018e-01
3.144614100456237793e-01
2.667545676231384277e-01
4.441913664340972900e-01
4.765469431877136230e-01
2.665932774543762207e-01
3.729101121425628662e-01
3.804470896720886230e-01
3.003098368644714355e-01
2.243412584066390991e-01
6.164227128028869629e-01
2.157104313373565674e-01
3.571918308734893799e-01
2.885030210018157959e-01
2.542026638984680176e-01
2.336257398128509521e-01
2.420206516981124878e-01
4.464985728263854980e-01
4.190691709518432617e-01
2.937906980514526367e-01
3.626030683517456055e-01
3.996222615242004395e-01
2.941071093082427979e-01
3.884700536727905273e-01
3.307490944862365723e-01
2.894960343837738037e-01
2.439200580120086670e-01
2.957379817962646484e-01
2.563591301441192627e-01
2.543284893035888672e-01
3.376699090003967285e-01
2.590945661067962646e-01
3.097660541534423828e-01
2.646129131317138672e-01
2.781528234481811523e-01
2.281161695718765259e-01
1.901394277811050415e-01
4.547449350357055664e-01
2.460040599107742310e-01
4.337902367115020752e-01
4.072996079921722412e-01
4.337902367115020752e-01
4.072996079921722412e-01
2.160138636827468872e-01
2.465643584728240967e-01
3.553561270236968994e-01
2.394284754991531372e-01
2.858845591545104980e-01
2.330600917339324951e-01
3.660246133804321289e-01
1.767427176237106323e-01
3.890012204647064209e-01
3.315448462963104248e-01
3.915890157222747803e-01
2.473984509706497192e-01
3.852103054523468018e-01
3.635312914848327637e-01
6.504259705543518066e-01
6.931550502777099609e-01
2.845223844051361084e-01
2.334523350000381470e-01
3.730214536190032959e-01
2.588706016540527344e-01
4.714297354221343994e-01
5.798180103302001953e-01
2.590945661067962646e-01
5.064336061477661133e-01
2.559335827827453613e-01
3.885691463947296143e-01
3.383755087852478027e-01
4.581145644187927246e-01
3.950253129005432129e-01
5.024509429931640625e-01
4.568150639533996582e-01
2.423324137926101685e-01
2.261415421962738037e-01
3.859921991825103760e-01
3.912198543548583984e-01
3.027754724025726318e-01
2.127980142831802368e-01
3.103175759315490723e-01
3.608240485191345215e-01
3.352938890457153320e-01
3.019022941589355469e-01
3.070325255393981934e-01
2.607335448265075684e-01
2.574820518493652344e-01
2.660751342773437500e-01
3.072767257690429688e-01
5.736287832260131836e-01
1.981388032436370850e-01
5.493532419204711914e-01
2.849350571632385254e-01
1.634319573640823364e-01
8.578822016716003418e-01
2.604112029075622559e-01
3.771869242191314697e-01
2.634881138801574707e-01
2.838643789291381836e-01
3.724862039089202881e-01
4.329676628112792969e-01
3.710633218288421631e-01
2.441270202398300171e-01
2.596112489700317383e-01
4.888455569744110107e-01
3.747959136962890625e-01
4.736422300338745117e-01
2.361059039831161499e-01
2.454974651336669922e-01
2.991220653057098389e-01
4.010535776615142822e-01
4.892493784427642822e-01
4.957075417041778564e-01
2.361652106046676636e-01
6.110646724700927734e-01
3.068207800388336182e-01
2.837710380554199219e-01
2.425159364938735962e-01
3.701701760292053223e-01
2.433803528547286987e-01
1.176798105239868164e+00
1.141735911369323730e+00
2.402186244726181030e-01
2.506411671638488770e-01
2.663193047046661377e-01
2.824995517730712891e-01
2.499380111694335938e-01
2.551587820053100586e-01
8.802731633186340332e-01
2.689349353313446045e-01
3.993607163429260254e-01
3.021092414855957031e-01
2.622308135032653809e-01
3.549394011497497559e-01
3.303225338459014893e-01
3.680081367492675781e-01
2.260110378265380859e-01
3.189513683319091797e-01
5.215131640434265137e-01
4.951130747795104980e-01
2.553506791591644287e-01
5.040128827095031738e-01
4.918637871742248535e-01
2.449673265218734741e-01
