2.627528011798858643e-01
2.948682010173797607e-01
2.272878587245941162e-01
4.056724607944488525e-01
1.752833425998687744e-01
3.736906051635742188e-01
3.475189208984375000e-01
2.666750848293304443e-01
3.212012350559234619e-01
2.815472185611724854e-01
2.585727870464324951e-01
2.732936143875122070e-01
2.594270110130310059e-01
5.131336450576782227e-01
2.942914962768554688e-01
2.424429804086685181e-01
2.977019548416137695e-01
3.794526457786560059e-01
2.606408298015594482e-01
2.566825151443481445e-01
2.864647209644317627e-01
1.095810413360595703e+00
2.511312961578369141e-01
2.480951249599456787e-01
7.509282827377319336e-01
2.530087530612945557e-01
3.304225802421569824e-01
3.194137215614318848e-01
3.574685156345367432e-01
3.355697095394134521e-01
4.796017110347747803e-01
6.351774930953979492e-01
3.067536652088165283e-01
2.856565713882446289e-01
2.666172087192535400e-01
3.076280057430267334e-01
2.696368992328643799e-01
2.953534424304962158e-01
3.405590355396270752e-01
2.985629737377166748e-01
3.651814758777618408e-01
5.556761622428894043e-01
2.136511504650115967e-01
2.147903144359588623e-01
2.845501303672790527e-01
1.194318175315856934e+00
1.151243567466735840e+00
3.049034476280212402e-01
5.188718438148498535e-01
2.442802935838699341e-01
2.667042613029479980e-01
3.629312515258789062e-01
3.357535302639007568e-01
2.965389490127563477e-01
2.332617938518524170e-01
3.699536323547363281e-01
3.154824376106262207e-01
2.873955368995666504e-01
2.726257145404815674e-01
2.747246325016021729e-01
2.918874621391296387e-01
2.975920736789703369e-01
2.185351848602294922e-01
2.575164437294006348e-01
3.321544229984283447e-01
4.076226055622100830e-01
3.388813138008117676e-01
2.465951293706893921e-01
3.892492949962615967e-01
3.748127818107604980e-01
2.967779934406280518e-01
2.398725301027297974e-01
7.388881444931030273e-01
2.812521755695343018e-01
2.272552400827407837e-01
2.726639211177825928e-01
2.882794141769409180e-01
2.453922182321548462e-01
2.588435113430023193e-01
3.720804154872894287e-01
4.615255892276763916e-01
2.982144653797149658e-01
3.397538065910339355e-01
3.579891920089721680e-01
3.617143630981445312e-01
2.925572693347930908e-01
3.124208450317382812e-01
4.368534982204437256e-01
2.586204409599304199e-01
2.860875725746154785e-01
2.485762685537338257e-01
2.493185997009277344e-01
5.978392362594604492e-01
2.710619866847991943e-01
2.782672941684722900e-01
2.739654183387756348e-01
2.891505062580108643e-01
3.503381013870239258e-01
2.624519169330596924e-01
3.176104426383972168e-01
3.155356347560882568e-01
2.876031994819641113e-01
3.614135980606079102e-01
2.876031994819641113e-01
3.614135980606079102e-01
2.991367876529693604e-01
2.694109380245208740e-01
3.309135437011718750e-01
3.473314642906188965e-01
2.971137762069702148e-01
2.411074191331863403e-01
3.246197402477264404e-01
1.747190058231353760e-01
3.874991536140441895e-01
3.117222487926483154e-01
3.990642428398132324e-01
2.934544384479522705e-01
3.436715304851531982e-01
3.646468818187713623e-01
5.980941057205200195e-01
5.702036619186401367e-01
2.966043353080749512e-01
2.129360586404800415e-01
2.850101590156555176e-01
3.843201100826263428e-01
4.389107525348663330e-01
5.364163517951965332e-01
2.766199707984924316e-01
5.140240192413330078e-01
3.745646178722381592e-01
4.309579432010650635e-01
4.603251516819000244e-01
4.365098774433135986e-01
3.538707792758941650e-01
4.007021784782409668e-01
3.324405252933502197e-01
3.052508234977722168e-01
2.574759721755981445e-01
2.905848324298858643e-01
3.247455656528472900e-01
2.959546148777008057e-01
2.510111331939697266e-01
1.070117592811584473e+00
2.772243916988372803e-01
1.047695040702819824e+00
3.823288977146148682e-01
3.137801885604858398e-01
2.885188162326812744e-01
2.742010056972503662e-01
2.738616764545440674e-01
2.796820402145385742e-01
1.188758492469787598e+00
3.923780620098114014e-01
1.163441896438598633e+00
3.895169496536254883e-01
1.729469597339630127e-01
8.920733332633972168e-01
2.649973034858703613e-01
2.728258967399597168e-01
3.324958384037017822e-01
3.052865564823150635e-01
3.908665776252746582e-01
3.536837995052337646e-01
3.762822151184082031e-01
2.175544202327728271e-01
3.093659281730651855e-01
3.912177383899688721e-01
4.436233639717102051e-01
3.879413008689880371e-01
2.639809548854827881e-01
2.819734811782836914e-01
2.574627101421356201e-01
4.967148602008819580e-01
4.744849503040313721e-01
4.860486090183258057e-01
1.031844496726989746e+00
9.226082563400268555e-01
3.008610010147094727e-01
2.974420785903930664e-01
2.324303239583969116e-01
3.274414837360382080e-01
2.923034131526947021e-01
9.770734310150146484e-01
8.517866134643554688e-01
3.070499300956726074e-01
2.593205869197845459e-01
2.540623843669891357e-01
2.897963225841522217e-01
2.543055415153503418e-01
2.459635883569717407e-01
1.079351902008056641e+00
3.208064436912536621e-01
3.807559013366699219e-01
2.942199110984802246e-01
2.932522892951965332e-01
3.207370936870574951e-01
3.257015347480773926e-01
3.267322182655334473e-01
2.841824889183044434e-01
2.812875509262084961e-01
5.077775716781616211e-01
4.858112931251525879e-01
2.513645887374877930e-01
4.961825907230377197e-01
4.950913190841674805e-01
2.510956525802612305e-01
