3.051589727401733398e-01
2.897170484066009521e-01
2.527785599231719971e-01
4.292889535427093506e-01
1.812760233879089355e-01
2.969781160354614258e-01
3.804549574851989746e-01
2.365480810403823853e-01
2.725820839405059814e-01
3.038486242294311523e-01
2.455239146947860718e-01
3.008869886398315430e-01
2.434440553188323975e-01
5.118408203125000000e-01
2.925405800342559814e-01
2.737334370613098145e-01
2.896031439304351807e-01
3.567267656326293945e-01
2.761340141296386719e-01
2.504455447196960449e-01
3.187758028507232666e-01
8.496672511100769043e-01
2.400749772787094116e-01
2.372466772794723511e-01
7.600460052490234375e-01
2.463209480047225952e-01
3.042514920234680176e-01
2.751690149307250977e-01
2.048438340425491333e-01
4.495575129985809326e-01
1.011008977890014648e+00
1.203579902648925781e+00
3.758151531219482422e-01
2.950830161571502686e-01
2.666008770465850830e-01
3.266588449478149414e-01
2.492889612913131714e-01
2.383694648742675781e-01
4.263155460357666016e-01
3.028960227966308594e-01
2.632527053356170654e-01
5.726411938667297363e-01
2.204427421092987061e-01
2.285519391298294067e-01
2.850069999694824219e-01
6.431274414062500000e-01
5.689797997474670410e-01
2.718915343284606934e-01
4.727843105792999268e-01
3.047457933425903320e-01
2.456745803356170654e-01
2.963005304336547852e-01
3.837746679782867432e-01
2.883122861385345459e-01
3.473470807075500488e-01
2.957937717437744141e-01
3.667369186878204346e-01
3.076165914535522461e-01
2.501159608364105225e-01
2.416732907295227051e-01
3.286623954772949219e-01
2.998982667922973633e-01
2.150836884975433350e-01
2.511154711246490479e-01
3.680122494697570801e-01
3.683055341243743896e-01
2.800714075565338135e-01
2.491605728864669800e-01
3.330164849758148193e-01
2.341153323650360107e-01
2.991103529930114746e-01
2.435898035764694214e-01
7.484015822410583496e-01
2.535349726676940918e-01
3.164758980274200439e-01
3.001216351985931396e-01
2.260663360357284546e-01
2.688437700271606445e-01
2.980016171932220459e-01
3.313819169998168945e-01
4.320231080055236816e-01
2.823756337165832520e-01
3.518607914447784424e-01
2.149627953767776489e-01
3.848259449005126953e-01
3.009135723114013672e-01
2.371518015861511230e-01
4.521260559558868408e-01
2.531580626964569092e-01
3.069299757480621338e-01
2.405451834201812744e-01
2.512548267841339111e-01
2.442089319229125977e-01
3.001416027545928955e-01
2.469695806503295898e-01
3.046128153800964355e-01
2.935472130775451660e-01
3.466150164604187012e-01
2.533396780490875244e-01
2.422250956296920776e-01
3.718790113925933838e-01
3.407110273838043213e-01
2.471861392259597778e-01
3.407110273838043213e-01
2.471861392259597778e-01
2.875308692455291748e-01
2.607335150241851807e-01
3.817433714866638184e-01
2.806813120841979980e-01
2.833107411861419678e-01
3.602360188961029053e-01
3.589052557945251465e-01
1.741120219230651855e-01
3.763535320758819580e-01
3.116552531719207764e-01
3.729999661445617676e-01
3.028151094913482666e-01
2.610919177532196045e-01
2.421342432498931885e-01
6.866519451141357422e-01
6.767960786819458008e-01
3.026466369628906250e-01
3.380857706069946289e-01
2.211108207702636719e-01
2.850280702114105225e-01
4.534103870391845703e-01
5.781781673431396484e-01
4.122401773929595947e-01
5.151630640029907227e-01
2.896722257137298584e-01
4.546261727809906006e-01
4.259553551673889160e-01
4.635460376739501953e-01
4.589465856552124023e-01
3.269694149494171143e-01
4.221681654453277588e-01
2.630607783794403076e-01
2.977817654609680176e-01
3.590236902236938477e-01
2.967372536659240723e-01
3.046210408210754395e-01
3.598902523517608643e-01
1.126479864120483398e+00
2.473276704549789429e-01
9.699144959449768066e-01
2.555112540721893311e-01
3.592797815799713135e-01
4.223469197750091553e-01
3.005894124507904053e-01
2.270792424678802490e-01
2.664544582366943359e-01
1.139836549758911133e+00
4.559715092182159424e-01
1.011909246444702148e+00
4.593789577484130859e-01
1.794240474700927734e-01
8.367233276367187500e-01
3.020860254764556885e-01
2.956162691116333008e-01
3.969748020172119141e-01
3.589721024036407471e-01
2.709852159023284912e-01
3.607450723648071289e-01
2.387530058622360229e-01
3.443994522094726562e-01
3.050032556056976318e-01
4.316734969615936279e-01
4.549219310283660889e-01
3.349716365337371826e-01
2.360614091157913208e-01
2.441085278987884521e-01
3.015609085559844971e-01
4.703126251697540283e-01
5.288685560226440430e-01
5.111438035964965820e-01
4.082987904548645020e-01
7.720451354980468750e-01
2.341815382242202759e-01
2.978237569332122803e-01
3.606368899345397949e-01
3.775155842304229736e-01
2.714884877204895020e-01
8.105430006980895996e-01
1.100013494491577148e+00
3.458467721939086914e-01
3.690230250358581543e-01
2.667695283889770508e-01
2.553448379039764404e-01
2.351042181253433228e-01
2.528398633003234863e-01
5.878690481185913086e-01
4.327920675277709961e-01
2.234121412038803101e-01
2.961401641368865967e-01
2.658363878726959229e-01
3.683652579784393311e-01
2.886156141757965088e-01
3.619778752326965332e-01
2.428620606660842896e-01
3.909551799297332764e-01
3.687139451503753662e-01
4.737403988838195801e-01
2.514497637748718262e-01
4.967987537384033203e-01
4.968640804290771484e-01
2.618663609027862549e-01
