2.570077478885650635e-01
2.165432870388031006e-01
2.061576992273330688e-01
4.433350861072540283e-01
1.752854883670806885e-01
4.364527463912963867e-01
3.793652355670928955e-01
2.750036120414733887e-01
2.597479224205017090e-01
3.142260313034057617e-01
2.679215967655181885e-01
3.092716932296752930e-01
2.552390694618225098e-01
5.166333317756652832e-01
3.059836328029632568e-01
2.217881381511688232e-01
3.237359821796417236e-01
3.405715525150299072e-01
2.494854480028152466e-01
2.670823335647583008e-01
2.854242324829101562e-01
9.871802926063537598e-01
2.394890338182449341e-01
2.513343989849090576e-01
7.218850255012512207e-01
2.428703159093856812e-01
3.898730278015136719e-01
3.822694718837738037e-01
2.258893102407455444e-01
3.976870477199554443e-01
1.259686470031738281e+00
1.096592783927917480e+00
2.400874942541122437e-01
2.476812452077865601e-01
3.049868941307067871e-01
3.625423908233642578e-01
2.501240074634552002e-01
3.978014588356018066e-01
2.718547582626342773e-01
3.090016543865203857e-01
3.524655401706695557e-01
5.548377633094787598e-01
2.055382728576660156e-01
2.054409682750701904e-01
2.551333010196685791e-01
8.744078278541564941e-01
8.904879689216613770e-01
2.967068850994110107e-01
5.260436534881591797e-01
2.465846389532089233e-01
3.075093328952789307e-01
3.474521338939666748e-01
2.525331377983093262e-01
2.986184656620025635e-01
2.229035645723342896e-01
3.085919618606567383e-01
2.648678719997406006e-01
2.623909115791320801e-01
3.045668900012969971e-01
2.716707289218902588e-01
2.495075017213821411e-01
2.997965514659881592e-01
2.275038361549377441e-01
2.850736677646636963e-01
2.836141586303710938e-01
4.545953869819641113e-01
4.664096832275390625e-01
3.022812902927398682e-01
2.792507708072662354e-01
3.290728628635406494e-01
3.005244731903076172e-01
1.962676793336868286e-01
7.381205558776855469e-01
2.352700680494308472e-01
3.112522363662719727e-01
2.816132009029388428e-01
2.174993902444839478e-01
2.390669435262680054e-01
2.256612777709960938e-01
4.243359565734863281e-01
4.396373331546783447e-01
2.984777987003326416e-01
3.376358747482299805e-01
3.730978369712829590e-01
2.514955401420593262e-01
4.181458353996276855e-01
3.044306635856628418e-01
2.770234942436218262e-01
2.696924209594726562e-01
2.781474292278289795e-01
2.477438002824783325e-01
2.478830218315124512e-01
2.959544062614440918e-01
3.016703128814697266e-01
2.598114609718322754e-01
2.999349534511566162e-01
2.956585884094238281e-01
2.348062545061111450e-01
2.450244724750518799e-01
4.136507809162139893e-01
3.674153089523315430e-01
2.948796451091766357e-01
2.594628632068634033e-01
2.948796451091766357e-01
2.594628632068634033e-01
2.422250956296920776e-01
3.086535036563873291e-01
3.187286853790283203e-01
2.488975524902343750e-01
2.997832298278808594e-01
2.287662178277969360e-01
2.661296725273132324e-01
1.823266297578811646e-01
4.096010029315948486e-01
3.615217506885528564e-01
4.358783960342407227e-01
2.347466498613357544e-01
3.770689070224761963e-01
3.961047530174255371e-01
4.882335364818572998e-01
3.773618638515472412e-01
3.005028665065765381e-01
2.154901325702667236e-01
3.855203986167907715e-01
3.309289813041687012e-01
4.503398239612579346e-01
6.524200439453125000e-01
2.352254092693328857e-01
4.964725077152252197e-01
3.598680496215820312e-01
3.758723437786102295e-01
2.895410060882568359e-01
4.266426861286163330e-01
4.402385652065277100e-01
5.183877944946289062e-01
5.270919203758239746e-01
3.096917569637298584e-01
2.522974312305450439e-01
2.883487343788146973e-01
2.668145000934600830e-01
2.904255390167236328e-01
2.182040065526962280e-01
4.489549696445465088e-01
2.415740042924880981e-01
5.874081850051879883e-01
3.536226451396942139e-01
2.452855259180068970e-01
2.398457527160644531e-01
3.077726066112518311e-01
2.289126217365264893e-01
2.963545024394989014e-01
6.109223365783691406e-01
4.307876825332641602e-01
5.442718863487243652e-01
3.029603660106658936e-01
1.737670898437500000e-01
6.817660331726074219e-01
2.551979720592498779e-01
4.282160401344299316e-01
3.869134187698364258e-01
3.715668916702270508e-01
2.537419497966766357e-01
3.760172426700592041e-01
2.921060919761657715e-01
2.258030027151107788e-01
4.341255128383636475e-01
5.334959626197814941e-01
5.084181427955627441e-01
4.174936711788177490e-01
2.321658581495285034e-01
2.477316856384277344e-01
3.053129315376281738e-01
3.218850493431091309e-01
4.355479478836059570e-01
2.709261476993560791e-01
5.652617812156677246e-01
5.674601197242736816e-01
2.516724467277526855e-01
3.016769886016845703e-01
2.097712904214859009e-01
2.704976797103881836e-01
2.866426110267639160e-01
1.088506221771240234e+00
9.169644713401794434e-01
3.809737563133239746e-01
3.979070186614990234e-01
2.598095238208770752e-01
3.000899851322174072e-01
2.388513982295989990e-01
2.394096851348876953e-01
7.977723479270935059e-01
2.506670951843261719e-01
4.408139884471893311e-01
2.883001863956451416e-01
3.706790506839752197e-01
2.204222828149795532e-01
3.164837956428527832e-01
2.764489054679870605e-01
3.650875985622406006e-01
3.921032845973968506e-01
5.077213644981384277e-01
4.389555454254150391e-01
2.444933056831359863e-01
4.932604730129241943e-01
4.893760681152343750e-01
2.463899552822113037e-01
