2.469757050275802612e-01
2.556579709053039551e-01
3.492320179939270020e-01
3.673281371593475342e-01
1.764681041240692139e-01
2.200204581022262573e-01
2.423220723867416382e-01
2.848051786422729492e-01
3.168611228466033936e-01
3.115461170673370361e-01
2.603727579116821289e-01
2.614918351173400879e-01
2.971884310245513916e-01
5.491210818290710449e-01
2.982130050659179688e-01
2.367128878831863403e-01
3.740774989128112793e-01
2.808843255043029785e-01
3.986389040946960449e-01
2.523687481880187988e-01
2.918235659599304199e-01
3.184508383274078369e-01
2.302389740943908691e-01
2.599249780178070068e-01
6.314260959625244141e-01
2.376993745565414429e-01
3.171529173851013184e-01
2.240915000438690186e-01
2.182223796844482422e-01
4.292889237403869629e-01
8.117014765739440918e-01
7.152299880981445312e-01
4.038637876510620117e-01
3.055519163608551025e-01
2.391045391559600830e-01
3.537640273571014404e-01
2.491144090890884399e-01
3.086842894554138184e-01
4.338213801383972168e-01
3.083520829677581787e-01
3.589052259922027588e-01
5.101871490478515625e-01
2.076679766178131104e-01
1.992535889148712158e-01
2.838450074195861816e-01
8.344290852546691895e-01
8.384432196617126465e-01
3.514740169048309326e-01
5.184794068336486816e-01
2.604207992553710938e-01
2.480685263872146606e-01
3.853828907012939453e-01
3.909794986248016357e-01
2.920342385768890381e-01
2.480443567037582397e-01
3.889614045619964600e-01
3.329894840717315674e-01
2.489437460899353027e-01
3.040394484996795654e-01
2.796157896518707275e-01
2.575927078723907471e-01
2.903428673744201660e-01
2.357753217220306396e-01
3.144550621509552002e-01
2.894874215126037598e-01
4.412866830825805664e-01
4.771089851856231689e-01
2.725087106227874756e-01
3.616544902324676514e-01
3.752998411655426025e-01
2.920924127101898193e-01
2.167809903621673584e-01
9.899104833602905273e-01
2.391526401042938232e-01
3.371913135051727295e-01
2.773914337158203125e-01
2.185817807912826538e-01
2.974508106708526611e-01
2.442130297422409058e-01
4.593778252601623535e-01
2.765465378761291504e-01
3.066740632057189941e-01
3.203216791152954102e-01
2.652470767498016357e-01
3.705185651779174805e-01
2.826905846595764160e-01
3.814145028591156006e-01
3.001949489116668701e-01
2.324692904949188232e-01
3.198280632495880127e-01
2.552449405193328857e-01
2.407612949609756470e-01
7.273739576339721680e-01
3.001749217510223389e-01
2.402061671018600464e-01
2.855065464973449707e-01
2.996146976947784424e-01
2.125864923000335693e-01
2.410891801118850708e-01
4.227836132049560547e-01
3.661283850669860840e-01
3.195715546607971191e-01
2.919366359710693359e-01
3.195715546607971191e-01
2.919366359710693359e-01
2.449673265218734741e-01
2.925542891025543213e-01
2.996364235877990723e-01
2.462315708398818970e-01
3.009019792079925537e-01
2.044333517551422119e-01
2.479636669158935547e-01
1.774147450923919678e-01
2.222476005554199219e-01
3.470821082592010498e-01
4.628001451492309570e-01
3.002299070358276367e-01
3.253628313541412354e-01
3.777168095111846924e-01
5.607655048370361328e-01
4.508813321590423584e-01
2.991805374622344971e-01
2.355164289474487305e-01
2.810782790184020996e-01
4.480245113372802734e-01
5.318599343299865723e-01
5.139124393463134766e-01
3.145218789577484131e-01
5.493459701538085938e-01
4.464291632175445557e-01
4.457061886787414551e-01
4.844099283218383789e-01
5.038312673568725586e-01
3.915648460388183594e-01
3.492334485054016113e-01
4.983060956001281738e-01
2.336514443159103394e-01
3.050672113895416260e-01
3.573877215385437012e-01
2.797016203403472900e-01
2.982934713363647461e-01
2.225174009799957275e-01
5.673729181289672852e-01
3.237622380256652832e-01
6.195683479309082031e-01
2.295321077108383179e-01
3.768102526664733887e-01
3.722405135631561279e-01
2.716946601867675781e-01
2.461930066347122192e-01
2.776256501674652100e-01
4.432030916213989258e-01
4.092786014080047607e-01
3.908835947513580322e-01
4.543852806091308594e-01
1.700029373168945312e-01
7.892543077468872070e-01
2.542085647583007812e-01
2.806652486324310303e-01
3.465919494628906250e-01
2.122333347797393799e-01
4.278083145618438721e-01
3.823884725570678711e-01
3.923735022544860840e-01
2.344631999731063843e-01
2.527469098567962646e-01
4.684527516365051270e-01
4.490489661693572998e-01
3.666742444038391113e-01
2.383148670196533203e-01
2.964236438274383545e-01
2.353741526603698730e-01
4.837984442710876465e-01
4.989528357982635498e-01
4.150518178939819336e-01
3.355428278446197510e-01
7.084595561027526855e-01
2.410892099142074585e-01
2.885307371616363525e-01
3.710794448852539062e-01
2.823437750339508057e-01
2.396559864282608032e-01
7.810350656509399414e-01
9.703748226165771484e-01
3.840845823287963867e-01
3.476406037807464600e-01
2.562537789344787598e-01
2.997815012931823730e-01
2.411928027868270874e-01
2.405784577131271362e-01
9.012956619262695312e-01
4.347447752952575684e-01
4.177774190902709961e-01
2.828002572059631348e-01
3.326694965362548828e-01
2.898171842098236084e-01
3.508760333061218262e-01
2.140233814716339111e-01
3.823127150535583496e-01
2.703497409820556641e-01
3.178097009658813477e-01
3.613723814487457275e-01
2.524777054786682129e-01
4.927940666675567627e-01
5.000739097595214844e-01
2.633382081985473633e-01
