2.466637641191482544e-01
2.316549122333526611e-01
3.506180047988891602e-01
3.572758138179779053e-01
1.768304258584976196e-01
2.145622819662094116e-01
2.471821308135986328e-01
2.792507410049438477e-01
3.044749200344085693e-01
3.004812300205230713e-01
2.542026638984680176e-01
2.340726107358932495e-01
3.073336482048034668e-01
4.426477253437042236e-01
2.775175869464874268e-01
1.964917033910751343e-01
2.721855640411376953e-01
4.107431769371032715e-01
2.558300197124481201e-01
2.592180371284484863e-01
2.804193198680877686e-01
1.112654089927673340e+00
2.453752309083938599e-01
2.443153858184814453e-01
7.214873433113098145e-01
2.565228939056396484e-01
3.700432181358337402e-01
3.949986994266510010e-01
2.617384195327758789e-01
3.552843332290649414e-01
1.385417222976684570e+00
1.179164528846740723e+00
2.954555749893188477e-01
2.332916557788848877e-01
2.229214906692504883e-01
2.521071135997772217e-01
3.009417951107025146e-01
4.017996788024902344e-01
2.402061522006988525e-01
2.973583638668060303e-01
2.849947214126586914e-01
4.955774247646331787e-01
2.271453142166137695e-01
2.175361961126327515e-01
2.588068544864654541e-01
4.892054498195648193e-01
6.184116005897521973e-01
3.247815072536468506e-01
5.054552555084228516e-01
2.647489607334136963e-01
3.152109980583190918e-01
3.573093712329864502e-01
2.769295871257781982e-01
2.997615337371826172e-01
2.420598864555358887e-01
2.524618804454803467e-01
2.417002022266387939e-01
3.069950640201568604e-01
2.456114739179611206e-01
2.558984160423278809e-01
2.910755574703216553e-01
2.906165719032287598e-01
2.353316843509674072e-01
2.711973488330841064e-01
3.794983327388763428e-01
4.381666183471679688e-01
3.409589231014251709e-01
2.482297271490097046e-01
3.859701454639434814e-01
3.658428192138671875e-01
3.012059032917022705e-01
2.374130934476852417e-01
7.442916631698608398e-01
2.318750321865081787e-01
3.740441203117370605e-01
2.848789691925048828e-01
2.649244964122772217e-01
2.420640289783477783e-01
2.496136724948883057e-01
4.247563183307647705e-01
4.415393471717834473e-01
2.989665567874908447e-01
3.466525673866271973e-01
3.750173151493072510e-01
2.738631069660186768e-01
4.036111533641815186e-01
3.269893229007720947e-01
2.480705231428146362e-01
2.381973862648010254e-01
3.142069578170776367e-01
2.473235875368118286e-01
2.549744844436645508e-01
2.977331280708312988e-01
2.661541104316711426e-01
2.976323068141937256e-01
2.618300914764404297e-01
2.727746069431304932e-01
2.548920810222625732e-01
2.224454581737518311e-01
3.980728685855865479e-01
3.016437888145446777e-01
3.160553574562072754e-01
4.282253384590148926e-01
3.160553574562072754e-01
4.282253384590148926e-01
2.391840368509292603e-01
2.325531989336013794e-01
3.819672465324401855e-01
4.165837168693542480e-01
2.942685782909393311e-01
2.152696102857589722e-01
3.279466331005096436e-01
1.708917170763015747e-01
3.576506078243255615e-01
2.394702285528182983e-01
3.226902186870574951e-01
2.337049096822738647e-01
3.874596655368804932e-01
3.657444119453430176e-01
5.628223419189453125e-01
4.240636527538299561e-01
2.989280819892883301e-01
2.455422431230545044e-01
3.885691463947296143e-01
2.624518871307373047e-01
5.049098730087280273e-01
5.616146326065063477e-01
2.665989398956298828e-01
4.945158958435058594e-01
3.089741170406341553e-01
3.411069810390472412e-01
4.654986262321472168e-01
4.032393693923950195e-01
5.234968662261962891e-01
4.881208837032318115e-01
4.408299028873443604e-01
3.011411130428314209e-01
2.342519909143447876e-01
3.541651666164398193e-01
3.995359241962432861e-01
2.988076508045196533e-01
2.270990908145904541e-01
8.083941340446472168e-01
2.697220742702484131e-01
6.346470713615417480e-01
3.761090636253356934e-01
3.777301013469696045e-01
3.230448663234710693e-01
2.685851752758026123e-01
2.524499893188476562e-01
3.075922131538391113e-01
8.916758894920349121e-01
2.552351653575897217e-01
7.682408094406127930e-01
4.016478061676025391e-01
1.751484870910644531e-01
9.610675573348999023e-01
3.151031434535980225e-01
3.276018500328063965e-01
2.748399078845977783e-01
3.836143612861633301e-01
2.698518037796020508e-01
3.187616467475891113e-01
3.909475207328796387e-01
2.195016741752624512e-01
4.469238817691802979e-01
3.661010563373565674e-01
3.689904808998107910e-01
4.971729516983032227e-01
2.968938648700714111e-01
2.484733015298843384e-01
2.377771884202957153e-01
4.722170829772949219e-01
5.282555818557739258e-01
5.784400701522827148e-01
1.908559650182723999e-01
5.930235981941223145e-01
3.071839511394500732e-01
2.918424010276794434e-01
3.569691479206085205e-01
2.737955152988433838e-01
2.566826641559600830e-01
9.312587380409240723e-01
1.070665121078491211e+00
3.849233090877532959e-01
2.615377604961395264e-01
2.646130025386810303e-01
2.638047933578491211e-01
2.459857463836669922e-01
2.383736521005630493e-01
6.266807913780212402e-01
2.586793303489685059e-01
4.288927316665649414e-01
2.607834041118621826e-01
3.629820644855499268e-01
2.408360093832015991e-01
2.822959125041961670e-01
2.483726888895034790e-01
3.652656376361846924e-01
3.626430332660675049e-01
3.849506080150604248e-01
2.684939205646514893e-01
2.484531998634338379e-01
4.996328055858612061e-01
4.872791171073913574e-01
2.382876574993133545e-01
