2.311903983354568481e-01
3.878479003906250000e-01
2.175591886043548584e-01
2.716928124427795410e-01
1.781264394521713257e-01
4.025245606899261475e-01
2.494654357433319092e-01
2.803676128387451172e-01
3.117001652717590332e-01
3.062694966793060303e-01
2.647281587123870850e-01
2.359279394149780273e-01
3.083601295948028564e-01
5.305176377296447754e-01
3.085854351520538330e-01
2.115207016468048096e-01
2.970033586025238037e-01
3.874570727348327637e-01
2.564449608325958252e-01
2.636740505695343018e-01
2.711789011955261230e-01
6.609697341918945312e-01
2.573052644729614258e-01
2.473701685667037964e-01
7.379999756813049316e-01
3.089497983455657959e-01
2.512229681015014648e-01
3.348954617977142334e-01
1.831310838460922241e-01
2.936358153820037842e-01
8.138593435287475586e-01
7.759136557579040527e-01
3.765673935413360596e-01
2.959273755550384521e-01
2.319159507751464844e-01
2.859248220920562744e-01
2.573421597480773926e-01
2.761412560939788818e-01
3.955691754817962646e-01
2.531027495861053467e-01
3.736361563205718994e-01
5.053117275238037109e-01
2.053606510162353516e-01
2.757697999477386475e-01
3.635849058628082275e-01
1.457114338874816895e+00
1.349932312965393066e+00
2.159699052572250366e-01
4.879845976829528809e-01
3.051720559597015381e-01
2.409688532352447510e-01
2.994344532489776611e-01
3.611273467540740967e-01
2.916538715362548828e-01
2.095900624990463257e-01
3.094899058341979980e-01
3.984193205833435059e-01
3.016421496868133545e-01
2.755557894706726074e-01
3.112780153751373291e-01
3.997173905372619629e-01
2.976759970188140869e-01
2.599730491638183594e-01
2.756718695163726807e-01
4.017262458801269531e-01
3.113984465599060059e-01
4.423900842666625977e-01
2.621755301952362061e-01
3.714727163314819336e-01
3.921084105968475342e-01
2.895669341087341309e-01
2.785157263278961182e-01
7.324650287628173828e-01
2.719301283359527588e-01
2.525351345539093018e-01
2.776724398136138916e-01
2.677498459815979004e-01
2.461666166782379150e-01
3.093525469303131104e-01
3.191629052162170410e-01
4.344294965267181396e-01
2.827950417995452881e-01
3.529447913169860840e-01
2.331286966800689697e-01
3.696998059749603271e-01
2.735434174537658691e-01
2.695440649986267090e-01
4.823090136051177979e-01
2.649339437484741211e-01
3.021555840969085693e-01
2.304452359676361084e-01
2.491605579853057861e-01
3.280929923057556152e-01
2.455401718616485596e-01
2.321227937936782837e-01
3.778425455093383789e-01
3.039671182632446289e-01
2.371771484613418579e-01
3.530636727809906006e-01
2.773896157741546631e-01
2.893457412719726562e-01
3.872001767158508301e-01
2.559472322463989258e-01
3.872001767158508301e-01
2.559472322463989258e-01
3.054194152355194092e-01
2.451244145631790161e-01
2.562244832515716553e-01
3.253152072429656982e-01
2.741678059101104736e-01
3.648793995380401611e-01
3.440784811973571777e-01
1.822251230478286743e-01
3.727733790874481201e-01
2.894373834133148193e-01
3.207786977291107178e-01
2.481551915407180786e-01
3.807584047317504883e-01
3.601333200931549072e-01
6.793237924575805664e-01
6.700237989425659180e-01
2.937515676021575928e-01
2.165202051401138306e-01
3.913732171058654785e-01
2.810017764568328857e-01
5.027136206626892090e-01
5.018107295036315918e-01
2.837481498718261719e-01
5.149426460266113281e-01
2.604649662971496582e-01
4.926479160785675049e-01
4.385544359683990479e-01
4.030682146549224854e-01
4.555535316467285156e-01
3.659576177597045898e-01
4.907656908035278320e-01
2.410580813884735107e-01
2.482619434595108032e-01
3.902857899665832520e-01
3.824408054351806641e-01
2.948134839534759521e-01
2.358495146036148071e-01
1.323211908340454102e+00
3.879200816154479980e-01
1.425194978713989258e+00
3.393655419349670410e-01
3.184179365634918213e-01
2.509123086929321289e-01
2.963443696498870850e-01
2.319612056016921997e-01
3.020529747009277344e-01
1.314511179924011230e+00
2.641060054302215576e-01
1.210731148719787598e+00
3.367580473423004150e-01
1.704669892787933350e-01
8.250157833099365234e-01
2.556207776069641113e-01
3.565192520618438721e-01
2.282213717699050903e-01
2.910996377468109131e-01
3.927912712097167969e-01
4.331627190113067627e-01
3.975549936294555664e-01
2.280898690223693848e-01
2.759438455104827881e-01
4.746819436550140381e-01
3.793177902698516846e-01
4.796394109725952148e-01
2.658439278602600098e-01
2.298651486635208130e-01
2.959121167659759521e-01
4.564580917358398438e-01
4.909694194793701172e-01
5.283492803573608398e-01
8.743864297866821289e-01
1.038040876388549805e+00
2.916333079338073730e-01
2.970538735389709473e-01
3.708112537860870361e-01
2.852139174938201904e-01
3.377662003040313721e-01
7.385593056678771973e-01
7.326629757881164551e-01
3.890320956707000732e-01
2.463919371366500854e-01
2.616123259067535400e-01
2.963005006313323975e-01
2.512886822223663330e-01
2.476711273193359375e-01
5.979106426239013672e-01
3.265118896961212158e-01
4.221539795398712158e-01
2.957042157649993896e-01
2.447651773691177368e-01
3.870064020156860352e-01
3.261671364307403564e-01
3.720873296260833740e-01
2.578313052654266357e-01
2.771100699901580811e-01
5.439733862876892090e-01
4.799364209175109863e-01
2.329828441143035889e-01
4.863876998424530029e-01
4.971659481525421143e-01
2.257831245660781860e-01
