2.634919881820678711e-01
2.473155111074447632e-01
2.366938740015029907e-01
4.424703419208526611e-01
1.686268150806427002e-01
4.086208045482635498e-01
3.676356673240661621e-01
3.060539364814758301e-01
2.316246181726455688e-01
3.079918622970581055e-01
2.736438810825347900e-01
3.004013597965240479e-01
2.376446574926376343e-01
5.105026364326477051e-01
2.186435312032699585e-01
3.472822904586791992e-01
3.053751885890960693e-01
3.806848824024200439e-01
3.222762346267700195e-01
2.414642125368118286e-01
2.922566831111907959e-01
1.592166185379028320e+00
2.448223978281021118e-01
2.551254332065582275e-01
7.543342113494873047e-01
2.426602542400360107e-01
3.028992712497711182e-01
2.631520330905914307e-01
3.581144511699676514e-01
2.479052394628524780e-01
1.177176237106323242e+00
1.093653440475463867e+00
3.811810016632080078e-01
2.505613863468170166e-01
2.505852878093719482e-01
2.984928190708160400e-01
2.437580525875091553e-01
2.342156916856765747e-01
4.397328197956085205e-01
3.072474598884582520e-01
2.672788798809051514e-01
5.253122448921203613e-01
2.057084739208221436e-01
2.785839438438415527e-01
2.904255390167236328e-01
1.535314559936523438e+00
1.658686280250549316e+00
2.738868594169616699e-01
4.703126251697540283e-01
2.389581352472305298e-01
2.605417072772979736e-01
3.706966340541839600e-01
3.798433542251586914e-01
3.080665171146392822e-01
2.198067456483840942e-01
3.984193503856658936e-01
3.044683933258056641e-01
2.633059024810791016e-01
3.099112510681152344e-01
2.826269268989562988e-01
2.285213172435760498e-01
2.818616330623626709e-01
2.377435415983200073e-01
2.296562492847442627e-01
2.714940011501312256e-01
4.430191516876220703e-01
4.160600602626800537e-01
2.346167117357254028e-01
3.942283391952514648e-01
3.793823719024658203e-01
2.990434765815734863e-01
2.552899718284606934e-01
9.134210348129272461e-01
2.729358971118927002e-01
2.673031687736511230e-01
2.830742001533508301e-01
2.067897170782089233e-01
2.345591485500335693e-01
2.371434271335601807e-01
4.391821324825286865e-01
4.413366019725799561e-01
2.888407707214355469e-01
3.421710133552551270e-01
4.187755584716796875e-01
3.713353276252746582e-01
2.969090640544891357e-01
3.600694239139556885e-01
5.084819197654724121e-01
2.564585506916046143e-01
3.080648481845855713e-01
2.489216327667236328e-01
2.388576865196228027e-01
6.807450652122497559e-01
2.608945667743682861e-01
3.060474097728729248e-01
3.295527100563049316e-01
3.045209050178527832e-01
3.714323341846466064e-01
3.361620903015136719e-01
3.720778524875640869e-01
2.764163315296173096e-01
2.230761796236038208e-01
4.513468146324157715e-01
2.230761796236038208e-01
4.513468146324157715e-01
2.455402314662933350e-01
2.906406223773956299e-01
2.522062659263610840e-01
3.655242323875427246e-01
2.727691531181335449e-01
2.800875008106231689e-01
3.389439582824707031e-01
1.789217442274093628e-01
3.527747094631195068e-01
2.362434715032577515e-01
3.143931031227111816e-01
2.365375459194183350e-01
3.724231123924255371e-01
3.749426603317260742e-01
6.698939800262451172e-01
6.637092232704162598e-01
2.961637973785400391e-01
2.191369384527206421e-01
3.852388560771942139e-01
2.647508084774017334e-01
4.809501171112060547e-01
6.131108999252319336e-01
2.485517710447311401e-01
4.953200221061706543e-01
2.923713326454162598e-01
3.980917036533355713e-01
3.354832231998443604e-01
4.703360497951507568e-01
3.835895955562591553e-01
4.829502403736114502e-01
4.508924186229705811e-01
2.370611578226089478e-01
2.432077080011367798e-01
3.997010886669158936e-01
3.900256156921386719e-01
2.838132977485656738e-01
2.558085024356842041e-01
1.787907242774963379e+00
4.041954576969146729e-01
1.912180066108703613e+00
3.434210419654846191e-01
3.599902391433715820e-01
3.741376698017120361e-01
2.702091932296752930e-01
2.293730527162551880e-01
2.300195544958114624e-01
1.802156805992126465e+00
3.330119848251342773e-01
1.670998215675354004e+00
3.401205539703369141e-01
1.636734455823898315e-01
1.425889611244201660e+00
2.543029487133026123e-01
2.485819607973098755e-01
3.213051557540893555e-01
3.711886107921600342e-01
4.304079711437225342e-01
3.700459301471710205e-01
3.803221881389617920e-01
2.028546184301376343e-01
3.081103563308715820e-01
4.130605161190032959e-01
5.038680434226989746e-01
5.114811062812805176e-01
2.448203265666961670e-01
3.050999343395233154e-01
2.523350417613983154e-01
5.191116929054260254e-01
4.872473478317260742e-01
4.245809614658355713e-01
1.235834002494812012e+00
1.197535276412963867e+00
3.031468093395233154e-01
2.970285713672637939e-01
2.382225692272186279e-01
3.908810019493103027e-01
2.748490273952484131e-01
1.231888294219970703e+00
1.126083493232727051e+00
2.780467569828033447e-01
2.683691084384918213e-01
2.647319138050079346e-01
2.635545432567596436e-01
2.506750822067260742e-01
2.610689401626586914e-01
1.351859807968139648e+00
4.423233866691589355e-01
2.582653462886810303e-01
2.973701357841491699e-01
2.533870637416839600e-01
3.810983896255493164e-01
2.371370941400527954e-01
3.688048124313354492e-01
2.655974328517913818e-01
3.674262166023254395e-01
3.127602934837341309e-01
4.748620688915252686e-01
2.471314966678619385e-01
4.986391365528106689e-01
4.994636476039886475e-01
2.368142604827880859e-01
