2.510855793952941895e-01
2.803120017051696777e-01
2.306230664253234863e-01
4.047558605670928955e-01
1.751573681831359863e-01
4.075244665145874023e-01
3.263267576694488525e-01
2.834376394748687744e-01
2.779885530471801758e-01
3.035791516304016113e-01
2.476776242256164551e-01
2.807630300521850586e-01
2.692334055900573730e-01
4.056361019611358643e-01
2.939707040786743164e-01
2.300597578287124634e-01
3.377070724964141846e-01
3.228355348110198975e-01
3.468378186225891113e-01
2.564091384410858154e-01
2.873588502407073975e-01
1.013902544975280762e+00
2.494136244058609009e-01
2.476031333208084106e-01
6.932902932167053223e-01
2.746524810791015625e-01
3.150642514228820801e-01
3.392417728900909424e-01
2.517152130603790283e-01
3.105607330799102783e-01
7.952085733413696289e-01
7.873003482818603516e-01
2.984577417373657227e-01
2.874565422534942627e-01
2.701824903488159180e-01
3.169547319412231445e-01
2.665919661521911621e-01
3.300037682056427002e-01
3.585892319679260254e-01
2.693949937820434570e-01
3.552637994289398193e-01
4.806664288043975830e-01
2.238414436578750610e-01
2.266221046447753906e-01
3.238370120525360107e-01
5.439288616180419922e-01
5.334703922271728516e-01
3.766061663627624512e-01
4.465726613998413086e-01
2.579336464405059814e-01
2.886452376842498779e-01
3.163607120513916016e-01
2.854916751384735107e-01
2.968918979167938232e-01
2.277055829763412476e-01
3.149998784065246582e-01
2.997066974639892578e-01
2.686465084552764893e-01
2.817088067531585693e-01
2.966784536838531494e-01
2.823535799980163574e-01
2.970627546310424805e-01
2.172730118036270142e-01
2.773936092853546143e-01
3.021297454833984375e-01
4.159033596515655518e-01
3.936425149440765381e-01
2.579850852489471436e-01
3.611541986465454102e-01
3.479914665222167969e-01
2.964717745780944824e-01
2.359845489263534546e-01
7.641466259956359863e-01
2.355650514364242554e-01
3.417423963546752930e-01
2.868894338607788086e-01
2.294510453939437866e-01
2.533252835273742676e-01
2.425607144832611084e-01
4.231924712657928467e-01
4.359296560287475586e-01
2.948707044124603271e-01
3.421563208103179932e-01
3.538422584533691406e-01
3.217515647411346436e-01
3.452431857585906982e-01
3.146260082721710205e-01
3.715993762016296387e-01
2.563953399658203125e-01
2.873120903968811035e-01
2.497527599334716797e-01
2.482117712497711182e-01
5.827528834342956543e-01
2.784108817577362061e-01
2.583414018154144287e-01
3.266594707965850830e-01
2.939723730087280273e-01
2.402215003967285156e-01
2.936990559101104736e-01
3.382301330566406250e-01
3.336948156356811523e-01
3.126299381256103516e-01
3.286292254924774170e-01
3.126299381256103516e-01
3.286292254924774170e-01
2.345809787511825562e-01
2.599972486495971680e-01
3.180939257144927979e-01
3.285722136497497559e-01
2.965950965881347656e-01
2.253204286098480225e-01
3.348193466663360596e-01
1.753335893154144287e-01
3.769232928752899170e-01
3.033703863620758057e-01
3.706841766834259033e-01
2.492448687553405762e-01
3.769172430038452148e-01
3.543769419193267822e-01
5.650570392608642578e-01
5.526961684226989746e-01
2.963416278362274170e-01
2.318256944417953491e-01
3.691098392009735107e-01
2.964652776718139648e-01
4.961643517017364502e-01
5.157964229583740234e-01
3.121397793292999268e-01
4.655430912971496582e-01
3.232122659683227539e-01
3.927483260631561279e-01
3.907276391983032227e-01
3.882431983947753906e-01
4.572212100028991699e-01
4.537831246852874756e-01
4.553575813770294189e-01
2.729330956935882568e-01
2.729342877864837646e-01
2.981013953685760498e-01
2.965736389160156250e-01
2.958228290081024170e-01
2.188069671392440796e-01
4.928966760635375977e-01
2.764177024364471436e-01
4.613315761089324951e-01
3.123601973056793213e-01
3.194569051265716553e-01
3.100588321685791016e-01
2.765734195709228516e-01
2.591523230075836182e-01
2.713888287544250488e-01
4.224233925342559814e-01
3.949860334396362305e-01
4.394902884960174561e-01
3.696384429931640625e-01
1.741589605808258057e-01
7.217231392860412598e-01
2.649072110652923584e-01
3.195033371448516846e-01
3.220588862895965576e-01
3.173930048942565918e-01
3.641229867935180664e-01
3.602798283100128174e-01
3.629661500453948975e-01
2.280256301164627075e-01
3.241326808929443359e-01
4.205124974250793457e-01
4.230525791645050049e-01
4.179057180881500244e-01
2.649306952953338623e-01
2.670585811138153076e-01
2.633590698242187500e-01
4.530057013034820557e-01
4.520216882228851318e-01
4.526119530200958252e-01
2.805498838424682617e-01
5.391452312469482422e-01
2.422934919595718384e-01
2.882452905178070068e-01
2.785696685314178467e-01
2.993575334548950195e-01
3.206325471401214600e-01
8.707208633422851562e-01
8.014673590660095215e-01
3.418497145175933838e-01
2.976769208908081055e-01
2.566165328025817871e-01
2.877056002616882324e-01
2.475557327270507812e-01
2.474402785301208496e-01
1.050315499305725098e+00
3.476342856884002686e-01
3.669592142105102539e-01
2.906606495380401611e-01
3.059909045696258545e-01
3.121944665908813477e-01
3.167460858821868896e-01
3.155608475208282471e-01
3.004444539546966553e-01
2.918987274169921875e-01
4.783924818038940430e-01
4.729785919189453125e-01
2.484170794486999512e-01
4.964239001274108887e-01
4.964208304882049561e-01
2.487404197454452515e-01
