2.439056932926177979e-01
2.686298489570617676e-01
2.327959984540939331e-01
4.309848248958587646e-01
1.757668852806091309e-01
4.260492324829101562e-01
3.276949226856231689e-01
2.903600931167602539e-01
3.797222375869750977e-01
3.003347516059875488e-01
2.302129119634628296e-01
2.279341816902160645e-01
2.454322576522827148e-01
2.964827120304107666e-01
2.982934415340423584e-01
2.313547283411026001e-01
3.876956999301910400e-01
2.759329378604888916e-01
2.346358895301818848e-01
2.520337104797363281e-01
2.858828306198120117e-01
7.699928283691406250e-01
2.583969831466674805e-01
2.459369599819183350e-01
7.683526873588562012e-01
2.497238367795944214e-01
3.913744688034057617e-01
3.806034326553344727e-01
3.032226562500000000e-01
3.393802642822265625e-01
1.182883143424987793e+00
1.158653378486633301e+00
3.173546791076660156e-01
2.105919718742370605e-01
2.423344701528549194e-01
2.573790848255157471e-01
3.091860115528106689e-01
3.810629546642303467e-01
2.464406490325927734e-01
3.064196705818176270e-01
3.513488173484802246e-01
5.789179205894470215e-01
2.406345754861831665e-01
2.290741652250289917e-01
2.766983807086944580e-01
8.299378752708435059e-01
8.276622891426086426e-01
3.603345155715942383e-01
5.062894225120544434e-01
2.421961724758148193e-01
3.111847937107086182e-01
3.363658189773559570e-01
2.223083376884460449e-01
2.978942394256591797e-01
2.608236670494079590e-01
3.342543542385101318e-01
2.929453849792480469e-01
2.372782677412033081e-01
2.148976475000381470e-01
3.725868761539459229e-01
3.974493145942687988e-01
2.958546578884124756e-01
2.244303673505783081e-01
4.013090729713439941e-01
3.306069970130920410e-01
2.498419582843780518e-01
3.554855287075042725e-01
3.041232824325561523e-01
3.036593198776245117e-01
3.776068985462188721e-01
2.894321680068969727e-01
1.969161927700042725e-01
8.199395537376403809e-01
2.371180951595306396e-01
3.310664296150207520e-01
2.751453816890716553e-01
2.155620306730270386e-01
2.476812303066253662e-01
2.245885133743286133e-01
4.508147835731506348e-01
4.327227473258972168e-01
2.878628075122833252e-01
3.574436902999877930e-01
3.554279208183288574e-01
2.803604304790496826e-01
4.351333081722259521e-01
2.501139938831329346e-01
2.415139973163604736e-01
2.434604614973068237e-01
2.961857616901397705e-01
2.437088191509246826e-01
2.399228811264038086e-01
2.449530363082885742e-01
2.386964857578277588e-01
3.060784041881561279e-01
2.506910264492034912e-01
2.805797159671783447e-01
2.307856082916259766e-01
2.387907058000564575e-01
4.205686748027801514e-01
2.669250667095184326e-01
4.168716967105865479e-01
4.403872489929199219e-01
4.168716967105865479e-01
4.403872489929199219e-01
2.518670260906219482e-01
3.037844598293304443e-01
2.982783615589141846e-01
2.486000806093215942e-01
2.904513478279113770e-01
2.301716953516006470e-01
2.581375539302825928e-01
1.709327548742294312e-01
3.618977665901184082e-01
2.537911832332611084e-01
4.361490607261657715e-01
2.604476809501647949e-01
3.882382810115814209e-01
3.815979361534118652e-01
5.441277027130126953e-01
4.277393519878387451e-01
2.955773770809173584e-01
2.085784971714019775e-01
3.623989224433898926e-01
3.420555591583251953e-01
4.783868193626403809e-01
6.011828780174255371e-01
2.607431411743164062e-01
5.494724512100219727e-01
2.645770013332366943e-01
4.783366620540618896e-01
4.334835708141326904e-01
3.801433742046356201e-01
4.915373325347900391e-01
3.827727437019348145e-01
5.037757158279418945e-01
3.001482486724853516e-01
2.454668581485748291e-01
3.079756200313568115e-01
3.823401331901550293e-01
2.818758189678192139e-01
3.270611464977264404e-01
1.238186120986938477e+00
2.610842585563659668e-01
1.159483432769775391e+00
3.654065728187561035e-01
4.210142195224761963e-01
3.584382534027099609e-01
2.828108668327331543e-01
2.301890552043914795e-01
2.287137657403945923e-01
1.383251547813415527e+00
2.248799353837966919e-01
1.399930596351623535e+00
3.690988719463348389e-01
1.768473982810974121e-01
9.563335180282592773e-01
2.474610805511474609e-01
3.700553774833679199e-01
2.636076211929321289e-01
2.952218651771545410e-01
3.744128644466400146e-01
4.259084165096282959e-01
3.952074944972991943e-01
2.260818183422088623e-01
2.465481609106063843e-01
4.725314676761627197e-01
3.894868195056915283e-01
4.736042320728302002e-01
2.730530798435211182e-01
2.345229089260101318e-01
3.072816133499145508e-01
4.262792468070983887e-01
4.608286023139953613e-01
5.074780583381652832e-01
7.153803110122680664e-01
9.187310934066772461e-01
3.041397929191589355e-01
2.855678498744964600e-01
2.154645621776580811e-01
2.703423798084259033e-01
3.233914077281951904e-01
7.730646729469299316e-01
8.476019501686096191e-01
3.847843408584594727e-01
2.909054756164550781e-01
2.807294130325317383e-01
2.727012932300567627e-01
2.420309931039810181e-01
2.538069784641265869e-01
8.316614627838134766e-01
2.694939374923706055e-01
3.993557393550872803e-01
3.067034780979156494e-01
3.672887086868286133e-01
2.490040063858032227e-01
2.576839327812194824e-01
2.536493539810180664e-01
3.730871081352233887e-01
3.844034671783447266e-01
4.951686859130859375e-01
2.617900073528289795e-01
2.661953866481781006e-01
4.903284609317779541e-01
4.934176504611968994e-01
2.419937998056411743e-01
