2.443214505910873413e-01
2.767868936061859131e-01
3.565641343593597412e-01
3.733751177787780762e-01
1.695552915334701538e-01
2.331437170505523682e-01
2.337220460176467896e-01
2.926447987556457520e-01
3.005544841289520264e-01
3.003647029399871826e-01
2.556912004947662354e-01
2.368248105049133301e-01
2.956399619579315186e-01
5.183647274971008301e-01
2.968989312648773193e-01
2.287837415933609009e-01
3.811600506305694580e-01
2.657461166381835938e-01
3.605564534664154053e-01
2.624003887176513672e-01
2.851473391056060791e-01
9.610748291015625000e-01
2.598325908184051514e-01
2.409086823463439941e-01
5.617917180061340332e-01
3.003497719764709473e-01
2.310952097177505493e-01
2.727654576301574707e-01
2.511055171489715576e-01
2.527469098567962646e-01
7.467690110206604004e-01
1.140188574790954590e+00
3.182655870914459229e-01
3.012606799602508545e-01
2.264045029878616333e-01
2.688512504100799561e-01
3.032243251800537109e-01
2.683076858520507812e-01
4.488808512687683105e-01
3.013120889663696289e-01
3.141639232635498047e-01
4.739250838756561279e-01
2.254639565944671631e-01
2.456623613834381104e-01
2.587836682796478271e-01
5.643979310989379883e-01
7.100768089294433594e-01
4.434286355972290039e-01
4.753619134426116943e-01
2.436349391937255859e-01
2.919914126396179199e-01
3.038436770439147949e-01
2.540019750595092773e-01
3.060947060585021973e-01
2.054409831762313843e-01
2.972170710563659668e-01
2.682330906391143799e-01
3.020479679107666016e-01
2.567586004734039307e-01
2.395787835121154785e-01
3.260996639728546143e-01
2.908264100551605225e-01
2.127345353364944458e-01
2.094397395849227905e-01
3.402954041957855225e-01
3.407725989818572998e-01
2.519623041152954102e-01
3.053915500640869141e-01
2.903257012367248535e-01
3.200624585151672363e-01
2.904582619667053223e-01
2.156246751546859741e-01
1.072602391242980957e+00
2.397290319204330444e-01
3.465861976146697998e-01
2.964945137500762939e-01
2.316398024559020996e-01
2.531915903091430664e-01
2.399353533983230591e-01
4.286944866180419922e-01
4.636787176132202148e-01
2.991153597831726074e-01
3.620718121528625488e-01
3.939619064331054688e-01
2.968939244747161865e-01
3.960365951061248779e-01
3.767452836036682129e-01
3.153109252452850342e-01
2.442559450864791870e-01
2.820088565349578857e-01
2.521527111530303955e-01
2.701295614242553711e-01
3.648396432399749756e-01
3.024532794952392578e-01
2.619121968746185303e-01
2.912421524524688721e-01
2.892714738845825195e-01
2.217092365026473999e-01
2.425159364938735962e-01
4.161693751811981201e-01
3.645490109920501709e-01
3.333241045475006104e-01
2.278332412242889404e-01
3.333241045475006104e-01
2.278332412242889404e-01
1.937885433435440063e-01
2.250555306673049927e-01
3.706615567207336426e-01
3.866212069988250732e-01
2.908143401145935059e-01
2.310108244419097900e-01
3.392388224601745605e-01
1.714788228273391724e-01
3.634308278560638428e-01
2.542459070682525635e-01
2.414477318525314331e-01
2.402956485748291016e-01
3.811692297458648682e-01
3.678844571113586426e-01
4.441902637481689453e-01
5.471333861351013184e-01
3.038634359836578369e-01
2.107747793197631836e-01
3.805062472820281982e-01
3.557667732238769531e-01
4.993355274200439453e-01
5.611087083816528320e-01
2.576916515827178955e-01
5.440127849578857422e-01
2.580968737602233887e-01
4.553306698799133301e-01
4.188042283058166504e-01
3.340792953968048096e-01
5.409926176071166992e-01
4.104948043823242188e-01
5.102607011795043945e-01
2.154089212417602539e-01
2.918252646923065186e-01
3.806270658969879150e-01
3.411245644092559814e-01
2.926858365535736084e-01
2.040244936943054199e-01
7.845163941383361816e-01
2.991955578327178955e-01
8.650577664375305176e-01
2.114781290292739868e-01
3.284585177898406982e-01
3.882808089256286621e-01
2.529130280017852783e-01
2.994144260883331299e-01
2.387006431818008423e-01
6.381896734237670898e-01
4.487181007862091064e-01
6.833308339118957520e-01
4.053702056407928467e-01
1.735914796590805054e-01
1.113754749298095703e+00
3.082498908042907715e-01
3.176743686199188232e-01
2.539133727550506592e-01
3.758549988269805908e-01
2.663343846797943115e-01
3.464260101318359375e-01
3.907876312732696533e-01
1.982397586107254028e-01
4.320752024650573730e-01
3.555024862289428711e-01
3.272475898265838623e-01
4.784976541996002197e-01
3.061012923717498779e-01
2.614593505859375000e-01
2.550705671310424805e-01
4.549956023693084717e-01
5.382155179977416992e-01
5.660424232482910156e-01
4.358543157577514648e-01
6.208856701850891113e-01
2.911820709705352783e-01
2.991069555282592773e-01
2.087869644165039062e-01
3.782313764095306396e-01
2.490662336349487305e-01
6.436371803283691406e-01
8.949977159500122070e-01
3.164474368095397949e-01
3.483187854290008545e-01
2.577770352363586426e-01
2.895686328411102295e-01
2.395349740982055664e-01
2.478325814008712769e-01
9.146545529365539551e-01
4.082670807838439941e-01
4.271732568740844727e-01
2.952524423599243164e-01
3.661010861396789551e-01
2.615243196487426758e-01
3.998450040817260742e-01
2.383988201618194580e-01
3.699446022510528564e-01
3.405230939388275146e-01
2.849244773387908936e-01
4.392573237419128418e-01
2.471618652343750000e-01
4.940789639949798584e-01
4.941588342189788818e-01
2.489538341760635376e-01
