2.471133023500442505e-01
2.633381783962249756e-01
3.503612577915191650e-01
3.751266300678253174e-01
1.832512021064758301e-01
2.218581140041351318e-01
2.532685995101928711e-01
2.328282743692398071e-01
3.003081977367401123e-01
3.021589219570159912e-01
2.542793750762939453e-01
2.690074443817138672e-01
3.065207600593566895e-01
5.263857245445251465e-01
2.987791597843170166e-01
3.489684164524078369e-01
2.735982537269592285e-01
4.119429588317871094e-01
2.805351912975311279e-01
2.657009363174438477e-01
2.667001485824584961e-01
1.199810624122619629e+00
2.549215555191040039e-01
2.529782652854919434e-01
7.257968187332153320e-01
2.524321675300598145e-01
3.328317701816558838e-01
2.608256042003631592e-01
2.657686769962310791e-01
4.378172755241394043e-01
9.817596673965454102e-01
9.089497923851013184e-01
3.120720982551574707e-01
2.821789979934692383e-01
2.643520236015319824e-01
2.373478412628173828e-01
3.176491856575012207e-01
3.055666387081146240e-01
4.407878816127777100e-01
3.074622154235839844e-01
2.411700636148452759e-01
3.711400926113128662e-01
2.370168566703796387e-01
2.781042754650115967e-01
2.647376060485839844e-01
1.623601317405700684e+00
1.691972255706787109e+00
2.313482016324996948e-01
4.731236100196838379e-01
2.360423505306243896e-01
2.527825236320495605e-01
3.798381090164184570e-01
3.768753111362457275e-01
2.926465272903442383e-01
2.446998059749603271e-01
3.963558971881866455e-01
3.186801075935363770e-01
3.081200718879699707e-01
2.723876237869262695e-01
2.523370385169982910e-01
2.645618617534637451e-01
2.994544804096221924e-01
2.045727074146270752e-01
2.317606210708618164e-01
3.406376242637634277e-01
4.412470459938049316e-01
3.445199429988861084e-01
2.294798642396926880e-01
3.695375323295593262e-01
3.253935873508453369e-01
3.029339909553527832e-01
2.202203273773193359e-01
6.918424367904663086e-01
2.907472848892211914e-01
1.893568038940429688e-01
2.597094476222991943e-01
3.155360221862792969e-01
2.437642216682434082e-01
2.515094578266143799e-01
4.125651419162750244e-01
4.513845741748809814e-01
3.115413486957550049e-01
3.409472107887268066e-01
4.085302650928497314e-01
3.723345100879669189e-01
2.866513729095458984e-01
3.159888982772827148e-01
4.900938570499420166e-01
2.591543495655059814e-01
2.841495871543884277e-01
2.520118653774261475e-01
2.493852078914642334e-01
6.469196081161499023e-01
2.533396482467651367e-01
3.056500852108001709e-01
2.566748559474945068e-01
3.007490336894989014e-01
3.630357384681701660e-01
3.207038938999176025e-01
3.590069115161895752e-01
2.961283624172210693e-01
2.144318222999572754e-01
4.882948994636535645e-01
2.144318222999572754e-01
4.882948994636535645e-01
2.302064150571823120e-01
2.555092871189117432e-01
2.801623940467834473e-01
3.719488680362701416e-01
2.980520129203796387e-01
2.505713105201721191e-01
3.581647276878356934e-01
1.776344329118728638e-01
3.602554202079772949e-01
2.275653332471847534e-01
2.916298806667327881e-01
2.467772215604782104e-01
3.353341519832611084e-01
2.454913109540939331e-01
6.747421622276306152e-01
6.697148084640502930e-01
2.993075251579284668e-01
2.058202922344207764e-01
3.428264856338500977e-01
4.155923128128051758e-01
5.674310326576232910e-01
5.238978266716003418e-01
4.630334079265594482e-01
3.232258856296539307e-01
4.777750372886657715e-01
2.461828291416168213e-01
3.642608523368835449e-01
4.082278311252593994e-01
5.006964802742004395e-01
4.632979333400726318e-01
5.447320342063903809e-01
2.898361086845397949e-01
2.382792234420776367e-01
3.037153482437133789e-01
3.725989758968353271e-01
2.981777787208557129e-01
2.087486237287521362e-01
1.069342255592346191e+00
2.796587347984313965e-01
9.369359016418457031e-01
3.896216154098510742e-01
3.963962793350219727e-01
3.262054026126861572e-01
3.018774688243865967e-01
2.683430612087249756e-01
3.178443014621734619e-01
1.226381182670593262e+00
3.379186391830444336e-01
1.106290102005004883e+00
4.546713232994079590e-01
1.769208759069442749e-01
8.277058601379394531e-01
3.072230219841003418e-01
3.743113577365875244e-01
2.777516543865203857e-01
2.606012225151062012e-01
2.674527764320373535e-01
3.156595826148986816e-01
3.913744688034057617e-01
2.021533995866775513e-01
4.210320413112640381e-01
4.319177865982055664e-01
2.702665030956268311e-01
3.163715898990631104e-01
2.933956384658813477e-01
2.377077639102935791e-01
2.396455407142639160e-01
4.450494349002838135e-01
5.054671168327331543e-01
5.488842725753784180e-01
9.065874814987182617e-01
4.678385853767395020e-01
2.420350909233093262e-01
3.029752373695373535e-01
2.309653609991073608e-01
3.735278248786926270e-01
2.642460763454437256e-01
6.941562891006469727e-01
3.559522032737731934e-01
2.515909373760223389e-01
3.780488967895507812e-01
2.799178063869476318e-01
2.925098240375518799e-01
2.441986650228500366e-01
2.500019669532775879e-01
1.149606108665466309e+00
3.092992305755615234e-01
4.134307503700256348e-01
3.046276271343231201e-01
3.748679459095001221e-01
2.639185190200805664e-01
2.793026566505432129e-01
2.372192889451980591e-01
3.778226971626281738e-01
3.962738513946533203e-01
5.375480651855468750e-01
3.156342506408691406e-01
2.352636456489562988e-01
4.974997043609619141e-01
5.009720325469970703e-01
2.249488681554794312e-01
