2.527706325054168701e-01
2.868100404739379883e-01
2.236090004444122314e-01
4.285440146923065186e-01
1.746453046798706055e-01
3.897216618061065674e-01
4.096473753452301025e-01
2.739781141281127930e-01
3.050475120544433594e-01
2.975130081176757812e-01
2.346422672271728516e-01
3.045488297939300537e-01
2.419648617506027222e-01
4.220828711986541748e-01
2.811369597911834717e-01
2.143688350915908813e-01
2.762208878993988037e-01
3.913693428039550781e-01
2.477922439575195312e-01
2.617059350013732910e-01
2.878298163414001465e-01
8.301764130592346191e-01
2.569474577903747559e-01
2.535842657089233398e-01
4.362235069274902344e-01
2.356459498405456543e-01
4.011284112930297852e-01
3.846595585346221924e-01
2.376509755849838257e-01
3.882949650287628174e-01
6.943507194519042969e-01
1.082249879837036133e+00
2.645958960056304932e-01
3.056681156158447266e-01
3.131341636180877686e-01
3.746491670608520508e-01
2.542204260826110840e-01
4.146167039871215820e-01
3.250200152397155762e-01
2.507469058036804199e-01
4.017175734043121338e-01
5.730095505714416504e-01
3.509030938148498535e-01
2.234300673007965088e-01
3.793125748634338379e-01
1.642404317855834961e+00
1.500025629997253418e+00
3.929491639137268066e-01
3.005428314208984375e-01
3.043074309825897217e-01
2.617059648036956787e-01
2.252243459224700928e-01
2.801713943481445312e-01
2.814409732818603516e-01
3.325071632862091064e-01
2.350531518459320068e-01
3.547576367855072021e-01
3.030197918415069580e-01
2.548784315586090088e-01
2.451305836439132690e-01
3.083812594413757324e-01
3.037416636943817139e-01
2.092892527580261230e-01
2.947981655597686768e-01
3.976581394672393799e-01
4.287866055965423584e-01
3.437440395355224609e-01
2.366051226854324341e-01
3.364208340644836426e-01
2.280043810606002808e-01
2.890397906303405762e-01
2.098642438650131226e-01
1.319980382919311523e+00
3.034287095069885254e-01
2.549686431884765625e-01
2.510856091976165771e-01
2.788978219032287598e-01
2.508824467658996582e-01
3.079788386821746826e-01
2.978002429008483887e-01
4.538864791393280029e-01
2.943823337554931641e-01
2.164624482393264771e-01
3.001016080379486084e-01
3.787953853607177734e-01
2.640568315982818604e-01
2.533890008926391602e-01
5.164822936058044434e-01
2.516525685787200928e-01
2.887004613876342773e-01
2.457579672336578369e-01
2.717166841030120850e-01
3.136287629604339600e-01
2.455218732357025146e-01
2.457193583250045776e-01
3.769668638706207275e-01
2.836864292621612549e-01
2.293752133846282959e-01
4.157534837722778320e-01
2.870853543281555176e-01
3.416781723499298096e-01
4.011395871639251709e-01
3.815887570381164551e-01
4.011395871639251709e-01
3.815887570381164551e-01
4.282533824443817139e-01
2.647810280323028564e-01
2.598480284214019775e-01
2.561893761157989502e-01
2.149720638990402222e-01
3.362513780593872070e-01
4.216752052307128906e-01
1.741033792495727539e-01
3.497999310493469238e-01
2.081345766782760620e-01
4.049468636512756348e-01
2.440614551305770874e-01
3.947416245937347412e-01
3.750026524066925049e-01
6.756137609481811523e-01
6.761627197265625000e-01
2.864576578140258789e-01
3.519885540008544922e-01
3.898999691009521484e-01
4.158965051174163818e-01
5.311176776885986328e-01
5.441745519638061523e-01
2.947320640087127686e-01
3.713825345039367676e-01
3.285863995552062988e-01
4.260387420654296875e-01
3.884803950786590576e-01
4.938106834888458252e-01
5.379692912101745605e-01
5.218170285224914551e-01
5.868159532546997070e-01
2.594783008098602295e-01
2.480604350566864014e-01
4.030049145221710205e-01
3.852972686290740967e-01
3.027308881282806396e-01
2.503217756748199463e-01
9.408123493194580078e-01
3.911585509777069092e-01
1.095136880874633789e+00
3.530637025833129883e-01
3.720712065696716309e-01
3.895741105079650879e-01
2.744066119194030762e-01
2.336000651121139526e-01
2.385371923446655273e-01
1.074620008468627930e+00
2.909106314182281494e-01
9.225230813026428223e-01
2.563474178314208984e-01
1.737613230943679810e-01
8.301361203193664551e-01
2.423159182071685791e-01
3.583768904209136963e-01
2.278288751840591431e-01
2.821311354637145996e-01
4.241627156734466553e-01
3.861022889614105225e-01
3.737485706806182861e-01
2.207622975111007690e-01
2.287290692329406738e-01
4.452257752418518066e-01
3.377484083175659180e-01
4.522896707057952881e-01
2.323208898305892944e-01
2.944791913032531738e-01
2.570622563362121582e-01
4.485376179218292236e-01
4.909775853157043457e-01
4.117766320705413818e-01
6.251351237297058105e-01
3.382217884063720703e-01
2.491545528173446655e-01
2.848385274410247803e-01
2.606645226478576660e-01
2.663287520408630371e-01
3.092183172702789307e-01
6.526499390602111816e-01
4.429954588413238525e-01
3.774043023586273193e-01
4.026673436164855957e-01
2.599903643131256104e-01
2.862061858177185059e-01
2.319180965423583984e-01
2.519563138484954834e-01
1.118504643440246582e+00
2.590038776397705078e-01
4.490890502929687500e-01
2.939472794532775879e-01
3.854269683361053467e-01
2.197726070880889893e-01
2.581239938735961914e-01
3.014050126075744629e-01
3.448202013969421387e-01
3.653669357299804688e-01
4.109135866165161133e-01
3.057973086833953857e-01
2.496316879987716675e-01
4.876904189586639404e-01
5.010728240013122559e-01
2.569746673107147217e-01
