2.578953206539154053e-01
2.571186125278472900e-01
3.550605177879333496e-01
3.732425570487976074e-01
1.750028878450393677e-01
2.191027104854583740e-01
2.601018846035003662e-01
3.018095493316650391e-01
2.710235714912414551e-01
3.020860552787780762e-01
2.578991949558258057e-01
2.398978918790817261e-01
2.972422838211059570e-01
4.948888421058654785e-01
2.958479225635528564e-01
2.442989945411682129e-01
3.860606253147125244e-01
2.522399723529815674e-01
3.662807345390319824e-01
2.523529529571533203e-01
2.861013412475585938e-01
1.236525297164916992e+00
2.568330168724060059e-01
2.510900199413299561e-01
5.402897000312805176e-01
3.072328269481658936e-01
2.611819207668304443e-01
2.857348322868347168e-01
2.419276684522628784e-01
4.298231899738311768e-01
1.058495521545410156e+00
9.761540889739990234e-01
3.312234878540039062e-01
2.823490202426910400e-01
2.482297122478485107e-01
2.761828601360321045e-01
2.985414266586303711e-01
2.602633237838745117e-01
4.032132923603057861e-01
3.083799481391906738e-01
3.637499213218688965e-01
4.929157793521881104e-01
2.402019798755645752e-01
2.192140668630599976e-01
2.734289765357971191e-01
6.856974363327026367e-01
5.321993827819824219e-01
3.474161922931671143e-01
5.343659520149230957e-01
2.632318139076232910e-01
3.046194314956665039e-01
2.694349884986877441e-01
2.458056509494781494e-01
2.876584529876708984e-01
2.473257035017013550e-01
2.768793702125549316e-01
2.870208919048309326e-01
2.525192797183990479e-01
3.048540651798248291e-01
2.886354029178619385e-01
2.966398000717163086e-01
3.123837411403656006e-01
2.041126638650894165e-01
3.021817505359649658e-01
2.499823719263076782e-01
4.678161442279815674e-01
4.791293740272521973e-01
3.099386990070343018e-01
2.886329889297485352e-01
3.808057308197021484e-01
2.972961962223052979e-01
2.162248492240905762e-01
7.612382769584655762e-01
2.217241525650024414e-01
3.272060453891754150e-01
2.752635776996612549e-01
2.160467058420181274e-01
2.180297970771789551e-01
2.660319507122039795e-01
4.142064750194549561e-01
4.587766230106353760e-01
2.876880466938018799e-01
3.516970276832580566e-01
3.390484452247619629e-01
3.664011359214782715e-01
2.790215313434600830e-01
2.229780703783035278e-01
4.940171837806701660e-01
2.640045285224914551e-01
2.913090884685516357e-01
2.497619092464447021e-01
2.582150101661682129e-01
6.268483996391296387e-01
2.379369139671325684e-01
2.284749299287796021e-01
3.719475269317626953e-01
2.945722043514251709e-01
2.344226837158203125e-01
3.795968890190124512e-01
2.246197015047073364e-01
3.094720840454101562e-01
3.545817732810974121e-01
3.026221990585327148e-01
3.545817732810974121e-01
3.026221990585327148e-01
3.100935220718383789e-01
2.552747428417205811e-01
2.573255002498626709e-01
3.292646110057830811e-01
3.008993268013000488e-01
1.995645165443420410e-01
3.832609653472900391e-01
1.729306131601333618e-01
3.846047222614288330e-01
2.994451522827148438e-01
4.276014268398284912e-01
2.391171008348464966e-01
3.889434039592742920e-01
3.516546487808227539e-01
6.984560489654541016e-01
6.649286150932312012e-01
3.032929301261901855e-01
2.389183789491653442e-01
3.921163082122802734e-01
2.576567530632019043e-01
4.963073134422302246e-01
3.827304244041442871e-01
2.554964125156402588e-01
4.790375828742980957e-01
2.926328778266906738e-01
3.773364126682281494e-01
2.899920642375946045e-01
4.344985187053680420e-01
4.200285375118255615e-01
5.026419758796691895e-01
4.608118832111358643e-01
3.096384704113006592e-01
2.466889172792434692e-01
2.297084778547286987e-01
2.899709939956665039e-01
3.042055070400238037e-01
1.960637569427490234e-01
9.279083609580993652e-01
2.758568227291107178e-01
8.385658860206604004e-01
3.835317194461822510e-01
2.509844601154327393e-01
2.964472770690917969e-01
2.873575985431671143e-01
2.997515201568603516e-01
2.542046308517456055e-01
6.833739280700683594e-01
4.161453843116760254e-01
7.859724164009094238e-01
3.173206448554992676e-01
1.748999655246734619e-01
1.467986226081848145e+00
3.056321442127227783e-01
3.620232045650482178e-01
2.843244373798370361e-01
2.489826977252960205e-01
3.422601222991943359e-01
3.925735652446746826e-01
2.830901145935058594e-01
2.284862846136093140e-01
4.439560472965240479e-01
5.193135738372802734e-01
3.709019124507904053e-01
4.105900526046752930e-01
2.503776848316192627e-01
2.341559082269668579e-01
2.999206483364105225e-01
5.483648180961608887e-01
5.973691344261169434e-01
5.102310776710510254e-01
9.604847431182861328e-01
9.479683041572570801e-01
2.300821989774703979e-01
2.173425853252410889e-01
3.448950350284576416e-01
3.678599894046783447e-01
3.970314264297485352e-01
1.303338408470153809e+00
1.014189362525939941e+00
2.523013949394226074e-01
4.038254320621490479e-01
2.701740264892578125e-01
2.953540384769439697e-01
2.558929324150085449e-01
2.516779601573944092e-01
1.249030470848083496e+00
2.484793812036514282e-01
4.294165372848510742e-01
2.813112139701843262e-01
2.663343846797943115e-01
3.384759426116943359e-01
3.426327109336853027e-01
3.778386116027832031e-01
2.265365123748779297e-01
3.231005966663360596e-01
4.983071088790893555e-01
5.237627029418945312e-01
2.585516870021820068e-01
5.065611004829406738e-01
4.924479126930236816e-01
2.561963796615600586e-01
