3.141735196113586426e-01
3.332701325416564941e-01
2.834836840629577637e-01
2.872455716133117676e-01
1.708332747220993042e-01
2.039166092872619629e-01
2.605551779270172119e-01
2.640246152877807617e-01
3.219999969005584717e-01
3.080438673496246338e-01
2.529940307140350342e-01
2.398728877305984497e-01
3.002232313156127930e-01
3.428935408592224121e-01
2.912129759788513184e-01
2.188263982534408569e-01
2.554623186588287354e-01
4.172216951847076416e-01
3.646052479743957520e-01
2.592199146747589111e-01
3.062580525875091553e-01
8.832874894142150879e-01
2.306924164295196533e-01
2.586541473865509033e-01
7.910814881324768066e-01
2.469615042209625244e-01
3.756514191627502441e-01
3.639079034328460693e-01
2.236448079347610474e-01
3.961956202983856201e-01
7.891825437545776367e-01
9.646474719047546387e-01
2.866513431072235107e-01
2.843166887760162354e-01
2.580038905143737793e-01
2.667170166969299316e-01
3.089481592178344727e-01
4.002761542797088623e-01
2.458474934101104736e-01
2.964995503425598145e-01
3.605481684207916260e-01
4.918312430381774902e-01
2.468886226415634155e-01
2.113078087568283081e-01
3.076913654804229736e-01
7.303792834281921387e-01
7.705750465393066406e-01
3.328317701816558838e-01
5.660114884376525879e-01
2.737005352973937988e-01
3.013801574707031250e-01
2.775031328201293945e-01
2.535586655139923096e-01
2.989113032817840576e-01
2.123322784900665283e-01
2.446630299091339111e-01
2.364614009857177734e-01
2.443112730979919434e-01
2.999966740608215332e-01
3.208582401275634766e-01
2.657178938388824463e-01
3.023987412452697754e-01
2.137241065502166748e-01
3.159825801849365234e-01
2.534659504890441895e-01
4.501032829284667969e-01
4.808419346809387207e-01
2.322606295347213745e-01
3.758417367935180664e-01
3.057793080806732178e-01
2.866949737071990967e-01
2.041714787483215332e-01
5.804772377014160156e-01
2.185474336147308350e-01
3.402660191059112549e-01
2.706473767757415771e-01
2.330364435911178589e-01
2.996982038021087646e-01
2.392090857028961182e-01
4.144369959831237793e-01
3.420204818248748779e-01
2.968467473983764648e-01
3.518522977828979492e-01
2.457905560731887817e-01
3.764744400978088379e-01
2.602826058864593506e-01
3.659985959529876709e-01
2.295081466436386108e-01
2.583118081092834473e-01
3.135618269443511963e-01
2.314648628234863281e-01
2.512746453285217285e-01
6.920830607414245605e-01
2.595784664154052734e-01
3.076280057430267334e-01
2.619561254978179932e-01
2.871392965316772461e-01
2.108980715274810791e-01
2.393407076597213745e-01
4.469820261001586914e-01
2.582904696464538574e-01
4.339227378368377686e-01
4.492281973361968994e-01
4.339227378368377686e-01
4.492281973361968994e-01
2.537597417831420898e-01
2.930836081504821777e-01
3.184933066368103027e-01
2.694586813449859619e-01
3.040410876274108887e-01
2.041812539100646973e-01
2.813485562801361084e-01
1.772258281707763672e-01
3.858885765075683594e-01
3.343007564544677734e-01
4.679497778415679932e-01
2.303757667541503906e-01
3.711993694305419922e-01
3.817603886127471924e-01
4.935676157474517822e-01
3.763628304004669189e-01
2.972288727760314941e-01
2.163469344377517700e-01
4.033484756946563721e-01
2.634900212287902832e-01
5.613937377929687500e-01
5.217182636260986328e-01
2.723930776119232178e-01
4.607591331005096436e-01
3.805811405181884766e-01
4.738838970661163330e-01
4.058484435081481934e-01
3.490328788757324219e-01
4.854863286018371582e-01
4.290174841880798340e-01
5.168954730033874512e-01
2.442171126604080200e-01
3.095189929008483887e-01
3.393788039684295654e-01
2.671778202056884766e-01
2.925815880298614502e-01
2.249310910701751709e-01
5.033745765686035156e-01
2.970420718193054199e-01
4.717478156089782715e-01
2.486644238233566284e-01
2.825048267841339111e-01
2.346124351024627686e-01
2.862603962421417236e-01
2.509202957153320312e-01
3.002482056617736816e-01
2.548843026161193848e-01
4.157667160034179688e-01
2.561483681201934814e-01
4.576242566108703613e-01
1.694048643112182617e-01
2.852227389812469482e-01
2.492488622665405273e-01
3.124579787254333496e-01
3.638983070850372314e-01
2.415574342012405396e-01
3.915954232215881348e-01
4.293541312217712402e-01
3.782512247562408447e-01
2.358092516660690308e-01
2.618186771869659424e-01
4.966326653957366943e-01
4.639159142971038818e-01
3.955148160457611084e-01
2.562693357467651367e-01
2.570058107376098633e-01
3.123635351657867432e-01
4.288321137428283691e-01
5.027533769607543945e-01
5.070009827613830566e-01
2.100047618150711060e-01
3.251245617866516113e-01
2.415408641099929810e-01
3.012324571609497070e-01
2.331244498491287231e-01
2.696256339550018311e-01
3.504211306571960449e-01
3.698080480098724365e-01
3.725197613239288330e-01
3.827792704105377197e-01
2.842340171337127686e-01
2.706140875816345215e-01
2.672938108444213867e-01
2.527469098567962646e-01
2.599480152130126953e-01
1.237139821052551270e+00
4.830827713012695312e-01
2.035042345523834229e-01
2.929521799087524414e-01
3.281904458999633789e-01
3.040032684803009033e-01
3.316700160503387451e-01
2.444095015525817871e-01
3.730268180370330811e-01
2.832136750221252441e-01
5.222547054290771484e-01
4.601944684982299805e-01
2.369641363620758057e-01
4.997129440307617188e-01
4.966869354248046875e-01
2.574043273925781250e-01
