2.704828977584838867e-01
2.329914122819900513e-01
2.387404143810272217e-01
4.252152144908905029e-01
1.635909527540206909e-01
3.751452565193176270e-01
2.596073448657989502e-01
3.036873042583465576e-01
2.973987162113189697e-01
3.086777925491333008e-01
2.478870451450347900e-01
2.491385340690612793e-01
2.959695756435394287e-01
4.403112232685089111e-01
3.072132766246795654e-01
2.364190965890884399e-01
2.745778560638427734e-01
4.064812362194061279e-01
2.743154764175415039e-01
2.595784962177276611e-01
3.085027933120727539e-01
8.142580389976501465e-01
2.473903596401214600e-01
2.408360242843627930e-01
7.039836645126342773e-01
2.308007478713989258e-01
3.350253403186798096e-01
2.735854387283325195e-01
3.466828465461730957e-01
2.898188829421997070e-01
6.811122894287109375e-01
8.468731045722961426e-01
2.416795492172241211e-01
2.996581196784973145e-01
3.009817004203796387e-01
3.582358956336975098e-01
2.330879569053649902e-01
3.481062650680541992e-01
4.684836864471435547e-01
3.041940033435821533e-01
3.770304918289184570e-01
4.748757183551788330e-01
2.224724441766738892e-01
2.371117770671844482e-01
2.660168707370758057e-01
5.658497810363769531e-01
5.081937909126281738e-01
3.891696035861968994e-01
5.336833596229553223e-01
2.338418364524841309e-01
3.077677488327026367e-01
2.814213633537292480e-01
2.827030122280120850e-01
2.977666854858398438e-01
2.403850853443145752e-01
3.085336387157440186e-01
2.493230551481246948e-01
2.534994781017303467e-01
3.016040027141571045e-01
3.488581180572509766e-01
2.414311021566390991e-01
2.977414727210998535e-01
2.357498556375503540e-01
2.618587315082550049e-01
2.355312556028366089e-01
4.512139260768890381e-01
4.511972367763519287e-01
2.605090737342834473e-01
3.830521404743194580e-01
3.790316283702850342e-01
2.974171936511993408e-01
2.826747298240661621e-01
7.294997572898864746e-01
2.200317829847335815e-01
3.223600387573242188e-01
2.929061055183410645e-01
2.079999893903732300e-01
2.322993576526641846e-01
2.506571412086486816e-01
4.148698747158050537e-01
4.844522476196289062e-01
2.679925858974456787e-01
3.632423281669616699e-01
3.493236005306243896e-01
3.011344969272613525e-01
3.840637505054473877e-01
2.180940061807632446e-01
2.292705625295639038e-01
2.596266269683837891e-01
2.911666035652160645e-01
2.494273036718368530e-01
2.467670291662216187e-01
5.995264649391174316e-01
3.080405890941619873e-01
2.406262457370758057e-01
3.361636102199554443e-01
2.998482882976531982e-01
2.414000779390335083e-01
2.716431319713592529e-01
3.199578225612640381e-01
3.754383623600006104e-01
2.001323997974395752e-01
3.307249546051025391e-01
2.001323997974395752e-01
3.307249546051025391e-01
3.419488072395324707e-01
2.330729365348815918e-01
2.801231741905212402e-01
3.497027158737182617e-01
3.024400472640991211e-01
2.344141602516174316e-01
3.874906003475189209e-01
1.843393445014953613e-01
4.035975635051727295e-01
3.603248894214630127e-01
3.457933068275451660e-01
2.567527592182159424e-01
3.820496499538421631e-01
3.654941320419311523e-01
6.635516881942749023e-01
6.732755303382873535e-01
2.980821728706359863e-01
2.028619945049285889e-01
3.944730460643768311e-01
2.852735221385955811e-01
4.752882719039916992e-01
4.648795127868652344e-01
2.687656879425048828e-01
5.045046806335449219e-01
2.449877411127090454e-01
3.207272589206695557e-01
4.658733606338500977e-01
4.260152280330657959e-01
4.571651518344879150e-01
4.789884686470031738e-01
3.774877190589904785e-01
2.543697953224182129e-01
2.999116182327270508e-01
2.516604959964752197e-01
2.424066662788391113e-01
2.914257943630218506e-01
2.229842841625213623e-01
1.013109087944030762e+00
2.408339381217956543e-01
9.779411554336547852e-01
2.792596817016601562e-01
2.640776038169860840e-01
2.849245369434356689e-01
2.997915744781494141e-01
3.062939345836639404e-01
2.531284093856811523e-01
7.458384037017822266e-01
4.673520922660827637e-01
8.545974493026733398e-01
4.299581050872802734e-01
1.694255173206329346e-01
4.975479543209075928e-01
2.415657192468643188e-01
3.500756919384002686e-01
2.215784043073654175e-01
2.696831226348876953e-01
3.641908466815948486e-01
3.748559355735778809e-01
4.199785292148590088e-01
3.614706099033355713e-01
3.803012073040008545e-01
5.662208199501037598e-01
5.356658697128295898e-01
5.001899003982543945e-01
3.041529059410095215e-01
2.514776289463043213e-01
2.537518143653869629e-01
3.571806252002716064e-01
2.676265835762023926e-01
4.389908313751220703e-01
8.422766327857971191e-01
5.192282199859619141e-01
3.016305565834045410e-01
2.813076376914978027e-01
2.904892861843109131e-01
3.561431765556335449e-01
3.151459991931915283e-01
6.862171292304992676e-01
3.442063331604003906e-01
2.689571976661682129e-01
2.979077100753784180e-01
2.581588625907897949e-01
2.962025701999664307e-01
2.425798773765563965e-01
2.417953312397003174e-01
6.480007767677307129e-01
2.926106154918670654e-01
3.945870697498321533e-01
2.922344803810119629e-01
2.465643882751464844e-01
3.629710078239440918e-01
3.188322186470031738e-01
3.747451901435852051e-01
2.255703061819076538e-01
2.988678514957427979e-01
5.154649019241333008e-01
4.781818985939025879e-01
2.623908817768096924e-01
4.963194131851196289e-01
4.995447993278503418e-01
2.450898289680480957e-01
