2.606011629104614258e-01
2.791665494441986084e-01
2.360444217920303345e-01
4.159638285636901855e-01
1.726122051477432251e-01
3.977800905704498291e-01
3.549492359161376953e-01
2.884337007999420166e-01
2.279473096132278442e-01
3.028579652309417725e-01
2.407840490341186523e-01
2.984944880008697510e-01
2.548901140689849854e-01
4.408230483531951904e-01
2.884493172168731689e-01
2.272399365901947021e-01
3.803852796554565430e-01
2.669925093650817871e-01
3.281554579734802246e-01
2.682498991489410400e-01
2.965281903743743896e-01
1.163427352905273438e+00
2.505872845649719238e-01
2.388598322868347168e-01
6.462514400482177734e-01
3.044157922267913818e-01
2.358833998441696167e-01
3.149761557579040527e-01
2.704477906227111816e-01
2.071955353021621704e-01
9.528409838676452637e-01
1.005074620246887207e+00
2.569377720355987549e-01
2.959070503711700439e-01
3.155265152454376221e-01
3.665542304515838623e-01
2.469453662633895874e-01
2.742280066013336182e-01
4.179700613021850586e-01
3.151856362819671631e-01
3.568935096263885498e-01
4.840134084224700928e-01
2.161665856838226318e-01
2.352636754512786865e-01
2.640245854854583740e-01
1.229491233825683594e+00
1.192728400230407715e+00
4.236743748188018799e-01
5.297858119010925293e-01
2.701314389705657959e-01
3.089886605739593506e-01
3.875267505645751953e-01
2.982431948184967041e-01
3.005378246307373047e-01
2.331308424472808838e-01
2.880347371101379395e-01
2.740237116813659668e-01
2.560976445674896240e-01
2.997098565101623535e-01
3.152951002120971680e-01
2.528458237648010254e-01
2.942481637001037598e-01
2.153926491737365723e-01
2.621373832225799561e-01
2.526459693908691406e-01
4.425573348999023438e-01
4.466687738895416260e-01
2.425407171249389648e-01
4.230897724628448486e-01
3.785986900329589844e-01
2.974188625812530518e-01
3.239659965038299561e-01
6.589562296867370605e-01
2.752907574176788330e-01
2.925713360309600830e-01
2.823207080364227295e-01
2.098046690225601196e-01
2.426396459341049194e-01
2.497778832912445068e-01
4.396760165691375732e-01
4.498588442802429199e-01
2.947575151920318604e-01
3.402087688446044922e-01
3.610401153564453125e-01
3.763960301876068115e-01
2.688196301460266113e-01
2.549372315406799316e-01
4.579093456268310547e-01
2.524698078632354736e-01
3.070259988307952881e-01
2.449060529470443726e-01
2.449203282594680786e-01
7.410870194435119629e-01
2.325446307659149170e-01
2.323897629976272583e-01
3.667642176151275635e-01
3.077580332756042480e-01
3.334816098213195801e-01
4.128558635711669922e-01
4.127408266067504883e-01
3.447462618350982666e-01
4.181996881961822510e-01
3.357424139976501465e-01
4.181996881961822510e-01
3.357424139976501465e-01
2.589671611785888672e-01
2.364846616983413696e-01
3.634363412857055664e-01
2.587991356849670410e-01
2.954910993576049805e-01
2.159189432859420776e-01
3.627257645130157471e-01
1.782750338315963745e-01
3.617706000804901123e-01
2.436842024326324463e-01
3.956879675388336182e-01
3.090921938419342041e-01
2.505473792552947998e-01
3.151078820228576660e-01
6.434981822967529297e-01
6.473801136016845703e-01
2.872559726238250732e-01
2.341666072607040405e-01
2.705586850643157959e-01
4.167349338531494141e-01
5.636905431747436523e-01
6.565583944320678711e-01
4.005171656608581543e-01
4.378584027290344238e-01
3.268287181854248047e-01
4.841993153095245361e-01
4.871252179145812988e-01
4.399943351745605469e-01
3.092458546161651611e-01
4.210712611675262451e-01
2.595168352127075195e-01
2.494814544916152954e-01
3.039177060127258301e-01
3.622595667839050293e-01
2.671497464179992676e-01
2.899327278137207031e-01
1.924707591533660889e-01
1.069815397262573242e+00
3.283503651618957520e-01
9.951652884483337402e-01
2.612680494785308838e-01
2.796908915042877197e-01
2.825773954391479492e-01
2.504515647888183594e-01
2.362329363822937012e-01
2.983705699443817139e-01
9.008750915527343750e-01
4.490044713020324707e-01
9.042725563049316406e-01
4.675938189029693604e-01
1.743846237659454346e-01
5.703735351562500000e-01
3.092717528343200684e-01
3.404775857925415039e-01
2.353253364562988281e-01
3.623671531677246094e-01
3.131979703903198242e-01
3.719153404235839844e-01
2.555875480175018311e-01
2.074126452207565308e-01
4.243595004081726074e-01
3.498985171318054199e-01
2.578487992286682129e-01
4.330103695392608643e-01
2.514995038509368896e-01
2.446875423192977905e-01
3.093864917755126953e-01
5.080521106719970703e-01
5.275462269783020020e-01
4.309768080711364746e-01
5.493022203445434570e-01
7.002584934234619141e-01
2.968097031116485596e-01
2.976860702037811279e-01
2.800464034080505371e-01
3.398779034614562988e-01
3.196263313293457031e-01
1.058788061141967773e+00
8.385289907455444336e-01
2.359343022108078003e-01
2.922755479812622070e-01
2.679477334022521973e-01
2.896083295345306396e-01
2.213300317525863647e-01
2.582344412803649902e-01
1.075204253196716309e+00
2.155736386775970459e-01
4.658100008964538574e-01
2.951694130897521973e-01
3.653176426887512207e-01
2.533416152000427246e-01
2.466819584369659424e-01
2.580038607120513916e-01
3.606896400451660156e-01
3.623106479644775391e-01
4.077462255954742432e-01
3.255671560764312744e-01
2.462640851736068726e-01
4.893106818199157715e-01
4.984555542469024658e-01
2.423241436481475830e-01
