2.498759329319000244e-01
2.381889969110488892e-01
2.377519905567169189e-01
4.737171828746795654e-01
1.760965585708618164e-01
4.528377056121826172e-01
2.518431842327117920e-01
2.994461655616760254e-01
2.766134440898895264e-01
3.066952228546142578e-01
2.521546781063079834e-01
2.574586868286132812e-01
3.028085231781005859e-01
4.948453903198242188e-01
3.071449100971221924e-01
2.470404207706451416e-01
2.833936810493469238e-01
3.712155222892761230e-01
3.110578358173370361e-01
2.615511417388916016e-01
2.821772396564483643e-01
5.806617140769958496e-01
2.351722568273544312e-01
2.500199973583221436e-01
8.159644007682800293e-01
2.430349737405776978e-01
3.676315546035766602e-01
3.648711740970611572e-01
3.628828525543212891e-01
4.256923794746398926e-01
1.045640945434570312e+00
1.186620712280273438e+00
2.940424978733062744e-01
2.750308513641357422e-01
2.498719394207000732e-01
2.517180740833282471e-01
3.082385659217834473e-01
3.655803501605987549e-01
2.260221093893051147e-01
2.973919808864593506e-01
3.276110291481018066e-01
5.492112040519714355e-01
2.058567404747009277e-01
2.379306554794311523e-01
2.468238174915313721e-01
6.021571755409240723e-01
7.050254344940185547e-01
3.148984014987945557e-01
4.955945312976837158e-01
2.393866926431655884e-01
3.013320565223693848e-01
3.751625716686248779e-01
2.964202761650085449e-01
2.801606655120849609e-01
2.360402196645736694e-01
3.544065058231353760e-01
3.044519722461700439e-01
2.744193673133850098e-01
3.068207502365112305e-01
2.902774512767791748e-01
2.444871962070465088e-01
2.978086471557617188e-01
2.149255573749542236e-01
3.144932091236114502e-01
3.308609724044799805e-01
4.920355379581451416e-01
4.798812270164489746e-01
2.501938939094543457e-01
3.761169910430908203e-01
3.849194347858428955e-01
2.979764938354492188e-01
2.411659210920333862e-01
7.708630561828613281e-01
3.014232516288757324e-01
2.192190438508987427e-01
2.581491470336914062e-01
2.486965805292129517e-01
2.383149266242980957e-01
2.425634115934371948e-01
4.457824230194091797e-01
4.498099088668823242e-01
2.965451180934906006e-01
3.412843346595764160e-01
3.919757604598999023e-01
2.908418476581573486e-01
3.873783051967620850e-01
3.420263230800628662e-01
2.967102527618408203e-01
2.558925449848175049e-01
2.914601266384124756e-01
2.521169185638427734e-01
2.424231767654418945e-01
5.097479224205017090e-01
2.284425497055053711e-01
3.002565205097198486e-01
2.476388663053512573e-01
3.012589216232299805e-01
3.457816839218139648e-01
3.268837630748748779e-01
3.468299210071563721e-01
2.953827083110809326e-01
2.129905670881271362e-01
4.894077181816101074e-01
2.129905670881271362e-01
4.894077181816101074e-01
2.227914333343505859e-01
2.443890273571014404e-01
2.345655113458633423e-01
3.041018843650817871e-01
2.973768711090087891e-01
2.322627902030944824e-01
3.651451468467712402e-01
1.690858155488967896e-01
3.908362686634063721e-01
3.318508863449096680e-01
3.637196421623229980e-01
2.312119901180267334e-01
3.718493878841400146e-01
3.862654566764831543e-01
6.811085939407348633e-01
6.590583920478820801e-01
3.015841245651245117e-01
2.371117621660232544e-01
3.689146041870117188e-01
2.099070847034454346e-01
4.454357624053955078e-01
5.082459449768066406e-01
2.046093791723251343e-01
4.702828526496887207e-01
2.918184697628021240e-01
4.183634519577026367e-01
3.836312890052795410e-01
2.845083177089691162e-01
4.476013481616973877e-01
3.631115555763244629e-01
4.671123921871185303e-01
3.083390891551971436e-01
2.511135041713714600e-01
2.843043804168701172e-01
3.902870714664459229e-01
2.941360175609588623e-01
2.250555306673049927e-01
4.025193750858306885e-01
2.884943783283233643e-01
2.522793114185333252e-01
3.913387358188629150e-01
3.740935623645782471e-01
2.567546963691711426e-01
2.938094735145568848e-01
2.558319866657257080e-01
2.980486452579498291e-01
4.112437069416046143e-01
3.133895397186279297e-01
3.244773745536804199e-01
4.332204759120941162e-01
1.744791716337203979e-01
7.608349323272705078e-01
2.383295744657516479e-01
3.646737933158874512e-01
3.914408981800079346e-01
4.195056259632110596e-01
2.482015043497085571e-01
3.658564686775207520e-01
3.163336515426635742e-01
1.943347454071044922e-01
3.950329124927520752e-01
4.907188415527343750e-01
4.515107870101928711e-01
5.255330204963684082e-01
2.635393440723419189e-01
2.434378564357757568e-01
2.996497750282287598e-01
2.573985159397125244e-01
4.181447029113769531e-01
3.059754669666290283e-01
9.987245798110961914e-01
7.900747060775756836e-01
2.506192326545715332e-01
2.930307090282440186e-01
1.897577196359634399e-01
3.729101717472076416e-01
2.648263573646545410e-01
7.405370473861694336e-01
6.849626898765563965e-01
2.488654255867004395e-01
3.827649354934692383e-01
2.526043951511383057e-01
2.916075885295867920e-01
2.460101395845413208e-01
2.317520081996917725e-01
5.559930801391601562e-01
2.925833165645599365e-01
4.088324606418609619e-01
2.813431620597839355e-01
3.647601902484893799e-01
2.408713251352310181e-01
2.976188659667968750e-01
2.494574189186096191e-01
3.664477467536926270e-01
3.858211338520050049e-01
5.219855308532714844e-01
3.486975729465484619e-01
2.607220411300659180e-01
4.964564144611358643e-01
5.052068233489990234e-01
2.514458000659942627e-01
