2.634919898704148333e-01
2.473155109749484715e-01
2.366938737075824084e-01
4.424703397564360152e-01
1.686268164605644881e-01
4.086208027591876624e-01
3.676356679311256204e-01
3.060539389466426230e-01
2.316246172869506903e-01
3.079918613621643320e-01
2.736438782529054814e-01
3.004013605436035017e-01
2.376446583790569056e-01
5.105026377542613014e-01
2.186435284630501297e-01
3.472822875646239815e-01
3.053751880730542489e-01
3.806848825081333709e-01
3.222762375499086951e-01
2.414642124033714587e-01
2.922566789347502691e-01
1.592166182914184214e+00
2.448223971400514121e-01
2.551254323399678725e-01
7.543342106141360803e-01
2.426602523932431255e-01
3.028992688150606294e-01
2.631520323097548686e-01
3.581144502686597342e-01
2.479052376180823913e-01
1.177176239674407876e+00
1.093653432383272728e+00
3.811810016839690118e-01
2.505613863150177312e-01
2.505852880060445709e-01
2.984928170561398364e-01
2.437580521520275878e-01
2.342156923072302999e-01
4.397328221706728324e-01
3.072474598806543833e-01
2.672788780460528257e-01
5.253122451757075151e-01
2.057084757931782470e-01
2.785839420309877412e-01
2.904255370476397924e-01
1.535314553640034330e+00
1.658686257476116754e+00
2.738868567886257877e-01
4.703126227749943045e-01
2.389581341114602464e-01
2.605417077283758709e-01
3.706966337772998332e-01
3.798433514011477774e-01
3.080665204488861053e-01
2.198067464332186804e-01
3.984193521817168682e-01
3.044683940406128220e-01
2.633059034406205479e-01
3.099112531777263868e-01
2.826269269515155336e-01
2.285213174352141996e-01
2.818616320605646375e-01
2.377435418945945678e-01
2.296562495573508667e-01
2.714939998848527880e-01
4.430191462809622838e-01
4.160600610170193114e-01
2.346167110622873198e-01
3.942283378365500357e-01
3.793823701976993257e-01
2.990434807629629987e-01
2.552899720284975693e-01
9.134210357568940397e-01
2.729358975023551959e-01
2.673031712903472523e-01
2.830742003004657059e-01
2.067897164941590038e-01
2.345591478594997448e-01
2.371434259247477971e-01
4.391821351559612729e-01
4.413366004802653508e-01
2.888407737264586106e-01
3.421710171791434441e-01
4.187755645976976582e-01
3.713353260323872806e-01
2.969090590828280529e-01
3.600694253367937581e-01
5.084819199420165248e-01
2.564585492056574711e-01
3.080648435518664741e-01
2.489216314187722434e-01
2.388576857812061138e-01
6.807450634988800875e-01
2.608945674816646187e-01
3.060474148197290800e-01
3.295527103848225337e-01
3.045209054811992555e-01
3.714323312012814959e-01
3.361620877462219714e-01
3.720778520964987957e-01
2.764163344708681080e-01
2.230761814740412352e-01
4.513468164098687896e-01
2.230761814740412352e-01
4.513468164098687896e-01
2.455402310680508404e-01
2.906406227063597636e-01
2.522062666432213773e-01
3.655242298130119138e-01
2.727691536395522864e-01
2.800874996264790528e-01
3.389439600053651414e-01
1.789217448058376958e-01
3.527747103870352285e-01
2.362434713026016486e-01
3.143931041609308030e-01
2.365375451228192982e-01
3.724231107423048304e-01
3.749426608858408283e-01
6.698939852834333575e-01
6.637092295132407394e-01
2.961637942019580416e-01
2.191369360100753616e-01
3.852388549102407356e-01
2.647508076421920542e-01
4.809501130794185397e-01
6.131108938209255399e-01
2.485517715492894519e-01
4.953200193829431774e-01
2.923713338335820477e-01
3.980917069428266397e-01
3.354832244363931126e-01
4.703360493911495910e-01
3.835895970998369209e-01
4.829502392881154238e-01
4.508924164053672579e-01
2.370611588798467173e-01
2.432077102641186928e-01
3.997010875280500586e-01
3.900256179050270444e-01
2.838132979191778649e-01
2.558085019212488764e-01
1.787907248322273102e+00
4.041954581277803493e-01
1.912180078164183339e+00
3.434210417297023921e-01
3.599902412190011947e-01
3.741376717266266527e-01
2.702091940945131610e-01
2.293730541754640806e-01
2.300195543843418511e-01
1.802156823261095164e+00
3.330119834361950915e-01
1.670998237384039964e+00
3.401205547955152841e-01
1.636734471224430554e-01
1.425889615465785409e+00
2.543029475214161894e-01
2.485819585010972110e-01
3.213051557930707847e-01
3.711886093704270251e-01
4.304079724976917487e-01
3.700459284990371134e-01
3.803221899009658902e-01
2.028546195287033727e-01
3.081103567296524792e-01
4.130605143367390153e-01
5.038680427631268000e-01
5.114811064693440823e-01
2.448203250382679774e-01
3.050999325414935348e-01
2.523350426248924250e-01
5.191116888252439443e-01
4.872473443240168955e-01
4.245809634502504815e-01
1.235834013509173879e+00
1.197535271651507527e+00
3.031468087703826364e-01
2.970285678277773123e-01
2.382225699788616813e-01
3.908810021745903751e-01
2.748490262145757423e-01
1.231888305173866938e+00
1.126083493269975255e+00
2.780467593624407763e-01
2.683691063289675993e-01
2.647319146685294111e-01
2.635545423767315376e-01
2.506750813513586862e-01
2.610689402473583276e-01
1.351859812596271526e+00
4.423233876147628085e-01
2.582653452615705225e-01
2.973701332388740126e-01
2.533870646608717414e-01
3.810983914033521103e-01
2.371370937599817097e-01
3.688048130966311011e-01
2.655974295122455753e-01
3.674262155659888673e-01
3.127602948640099689e-01
4.748620689098279612e-01
2.471314987598658974e-01
4.986391413570067099e-01
4.994636504502225627e-01
2.368142620110464669e-01
