5.170058593750000000e+03
5.306230468750000000e+03
5.059287597656250000e+03
1.087811508178710938e+02
3.415545703125000000e+04
1.054201049804687500e+02
4.731684265136718750e+02
2.188801025390625000e+03
4.739916015625000000e+03
1.408129760742187500e+03
6.116330566406250000e+03
1.246885742187500000e+03
3.301465820312500000e+03
1.471069641113281250e+02
1.333908447265625000e+03
8.786647460937500000e+03
3.490643920898437500e+02
1.850114624023437500e+03
4.347395629882812500e+02
5.073129882812500000e+03
1.204664062500000000e+03
9.084049224853515625e+01
4.574062500000000000e+03
5.732853515625000000e+03
4.032051086425781250e+01
1.325834960937500000e+03
5.520624023437500000e+03
1.054263549804687500e+03
2.942987792968750000e+03
5.768091796875000000e+03
5.450243473052978516e+00
2.944234275817871094e+01
1.588813598632812500e+03
5.479269531250000000e+03
3.112565917968750000e+03
3.280024658203125000e+03
1.414636474609375000e+03
1.819190429687500000e+03
2.402234649658203125e+02
4.232454101562500000e+03
6.209888671875000000e+03
5.328256988525390625e+01
7.007959960937500000e+03
4.917394531250000000e+03
8.020697631835937500e+02
2.291308593750000000e+01
1.271161117553710938e+02
1.172325744628906250e+02
1.050973925781250000e+04
4.545478515625000000e+03
1.144923339843750000e+03
1.322475341796875000e+03
2.550719726562500000e+03
1.594668457031250000e+03
4.670145019531250000e+03
6.557015380859375000e+02
1.267153076171875000e+03
3.548814208984375000e+03
1.307909301757812500e+03
7.711009521484375000e+02
2.900386718750000000e+03
1.737699462890625000e+03
1.187073632812500000e+04
1.426855712890625000e+03
3.834256591796875000e+03
1.156868209838867188e+02
1.052425842285156250e+02
4.408693847656250000e+03
2.091117248535156250e+02
3.531365966796875000e+02
1.593717529296875000e+03
5.419718261718750000e+03
3.512607336044311523e+00
4.143548828125000000e+03
6.155375976562500000e+02
1.605840576171875000e+03
6.133476562500000000e+03
1.191987792968750000e+03
3.790127929687500000e+03
1.235162841796875000e+03
5.566072845458984375e+01
1.568082275390625000e+03
5.009904479980468750e+02
2.720574218750000000e+03
1.399734375000000000e+03
2.565819091796875000e+02
4.678219909667968750e+02
2.140740661621093750e+02
3.584943603515625000e+03
2.186074218750000000e+03
4.559518554687500000e+03
4.516237792968750000e+03
1.380338859558105469e+01
5.765297363281250000e+03
6.947956054687500000e+03
3.113846740722656250e+02
1.663189819335937500e+03
3.808626708984375000e+03
2.870420837402343750e+02
1.310884667968750000e+04
9.568266601562500000e+02
4.757883605957031250e+02
6.714143676757812500e+02
4.757883605957031250e+02
6.714143676757812500e+02
2.208441406250000000e+03
3.752092529296875000e+03
4.190829589843750000e+03
3.980072265625000000e+03
1.371102539062500000e+03
1.077590332031250000e+04
4.280411987304687500e+02
3.395670703125000000e+04
6.238428955078125000e+02
4.191434570312500000e+03
1.283181762695312500e+02
2.662508056640625000e+03
3.278471984863281250e+02
3.098386840820312500e+02
1.452680015563964844e+01
1.873333740234375000e+01
1.699961669921875000e+03
5.002914550781250000e+03
3.394817504882812500e+02
3.040222167968750000e+03
6.361909484863281250e+01
7.423497772216796875e+01
4.794556152343750000e+03
6.355358505249023438e+01
1.956866210937500000e+03
1.151188049316406250e+02
1.547961730957031250e+02
5.387760009765625000e+02
1.028685302734375000e+02
2.866333618164062500e+02
7.115920257568359375e+01
1.281077148437500000e+03
2.799429199218750000e+03
5.420507812500000000e+02
5.986653320312500000e+03
1.322954833984375000e+03
6.997909667968750000e+03
3.788531494140625000e+01
3.360563476562500000e+03
2.548194885253906250e+02
3.090911560058593750e+02
5.453847656250000000e+03
7.499645385742187500e+02
1.796528808593750000e+03
4.152749511718750000e+03
1.426132446289062500e+03
1.047500732421875000e+03
9.151393127441406250e+01
2.501045379638671875e+02
3.838852539062500000e+02
3.376938281250000000e+04
1.489820766448974609e+01
6.145616210937500000e+03
3.011547546386718750e+02
2.084910583496093750e+02
5.025097045898437500e+02
3.614648437500000000e+02
9.219461059570312500e+02
1.968958251953125000e+03
3.585442626953125000e+03
1.782906951904296875e+02
1.984662017822265625e+02
5.697201156616210938e+01
8.318162536621093750e+01
4.322225097656250000e+03
1.228035400390625000e+03
3.203318359375000000e+03
1.937193908691406250e+02
2.647509277343750000e+03
1.103959594726562500e+03
1.082459765625000000e+04
2.035731124877929688e+01
4.453230957031250000e+03
1.553258300781250000e+03
1.245025390625000000e+04
2.324973144531250000e+03
4.911625976562500000e+03
1.962503910064697266e+00
5.239909172058105469e+00
3.399437255859375000e+02
3.731100463867187500e+02
2.387617431640625000e+03
2.874728027343750000e+03
4.762198730468750000e+03
4.194071777343750000e+03
4.016918659210205078e+00
3.902939208984375000e+03
1.135572509765625000e+02
1.680572753906250000e+03
3.743217163085937500e+02
5.191038574218750000e+03
9.444318237304687500e+02
3.630430664062500000e+03
6.407742919921875000e+02
2.396690063476562500e+02
6.802555084228515625e+01
1.399819335937500000e+02
3.410583496093750000e+03
6.416773223876953125e+01
7.014543151855468750e+01
3.258339843750000000e+03
