2.430637763511915572e-01
2.300630199291179845e-01
2.195745858904824543e-01
4.126220962930203240e-01
1.725282520229098893e-01
4.192099598855055231e-01
3.584271356144173026e-01
2.801231704763104124e-01
2.212803363264686241e-01
2.965451176845381731e-01
2.246886961771289437e-01
2.986536361608791990e-01
2.342861604353825566e-01
2.533515088231483303e-01
2.914463589710975522e-01
1.980126062171090051e-01
2.551078485894062164e-01
4.122268260144816843e-01
3.742832556146311052e-01
2.464730869665367197e-01
3.179008977476756037e-01
1.042276382591517336e+00
2.407508623644814272e-01
2.351871424379719522e-01
7.272708970248933369e-01
3.114129066654445221e-01
3.228652768595536293e-01
3.802880068324188678e-01
2.836476557299791867e-01
1.814744917151362158e-01
6.760694981509925983e-01
6.454904754043025994e-01
2.687694747859066813e-01
2.374741730679986451e-01
2.469838093058338013e-01
3.307491230897439682e-01
3.054979101827710597e-01
3.028745653947969019e-01
3.686203674362932836e-01
2.542184008259407713e-01
4.128025455483149697e-01
4.649623040383584760e-01
2.034231864098808018e-01
2.417043442052416446e-01
3.922652023881351702e-01
4.006606944302812390e-01
2.593703870454585614e-01
3.659795218311688858e-01
4.865726553721549941e-01
2.524380990286594906e-01
3.110208812513174936e-01
2.930938623969933654e-01
2.686745218962072745e-01
3.036856978267405971e-01
2.242320020012324444e-01
2.674883305722705606e-01
2.827348401613564710e-01
2.449428282892319175e-01
3.004845931284793048e-01
3.272139696745660076e-01
2.697443373209910678e-01
3.053145725748583339e-01
2.291593406650182241e-01
2.773337050497847178e-01
2.379537683118609082e-01
4.418981676993574137e-01
4.635719657463679977e-01
2.637631309433714488e-01
3.829738778926549125e-01
3.606687785443731808e-01
2.977582804151608920e-01
2.696571660282080507e-01
8.228881356496979826e-01
2.442048471171489876e-01
3.323778177268985057e-01
2.976491119808627461e-01
2.077498298047739944e-01
3.002182552553526729e-01
2.306793634279459271e-01
3.918813443595328683e-01
4.712504164432189668e-01
2.743537143399683575e-01
3.532605201952316865e-01
3.415274271558499386e-01
2.558006947159235378e-01
4.295415938735627215e-01
3.533538547308649469e-01
3.925060371288136563e-01
2.490200558874077208e-01
2.816416331403567286e-01
2.366663816416330890e-01
2.453181441734832158e-01
5.171566023472337070e-01
2.357986279640227056e-01
2.250822051248083377e-01
3.737097670600713073e-01
3.056680852441128193e-01
2.905185208566900545e-01
3.873112209987695786e-01
1.798165880828666019e-01
3.428396033909861251e-01
3.275774986438543257e-01
2.785784898911803920e-01
3.275774986438543257e-01
2.785784898911803920e-01
2.913846398742838129e-01
2.614574444930123365e-01
2.626880132226445119e-01
3.077742504935523926e-01
2.895617165200025656e-01
2.355970910382048367e-01
3.856241132928701076e-01
1.766295302964561997e-01
3.546350292190456610e-01
2.383568713645581039e-01
4.078393869385719128e-01
2.785785216799182007e-01
3.690324713409642299e-01
2.769711004785075925e-01
6.679894888575594880e-01
6.387252813029701271e-01
2.857288721570414025e-01
2.618950299757926703e-01
3.175358167307635315e-01
4.378184094312889685e-01
4.831045241609229213e-01
4.701042791863188075e-01
5.125231765914770588e-01
4.048332858632697207e-01
4.799228949017651513e-01
2.703959645259904621e-01
3.727009278731376329e-01
4.297592350081054224e-01
4.435154755114003033e-01
3.274293532460001432e-01
4.691129679893978888e-01
3.112169508806753582e-01
2.586793022076817605e-01
3.698228882311037080e-01
2.443296912235963791e-01
2.806599134900910619e-01
2.145763039828606777e-01
3.715507697989305913e-01
2.532311089374994495e-01
2.269823708714346910e-01
3.643418251224032067e-01
3.340449056107310244e-01
3.854879710234909163e-01
2.876264756439038672e-01
2.964270441271338319e-01
2.510318750756184158e-01
4.266719530266637750e-01
4.242133497200159531e-01
4.173116342501370091e-01
3.979560426518202187e-01
1.727715280263663611e-01
2.953675378859894063e-01
2.533771684697779247e-01
2.959357788403594314e-01
3.565192530682133598e-01
2.229529016214907844e-01
4.268887022890769378e-01
4.016988877694365745e-01
3.793427942055938584e-01
2.416691933356211464e-01
2.622746528565724766e-01
4.879979168130431644e-01
4.689498826381415797e-01
3.754144328547473486e-01
2.154947496523448303e-01
2.917498617701458907e-01
2.352891708780548430e-01
4.674119933563044560e-01
5.217259508399805235e-01
4.184506827916959493e-01
3.199124929846955401e-01
3.496669535903124681e-01
2.345314197076264762e-01
2.824358051826728055e-01
2.192236043901379661e-01
2.463655929178208970e-01
3.405010683611208178e-01
6.224861667226058159e-01
3.978655665898617189e-01
3.605966873691706653e-01
2.559238091758186950e-01
2.742991146051581008e-01
2.899827359077777333e-01
2.484250491944236250e-01
2.471295012463734508e-01
1.308160552614245908e+00
4.565993905798749752e-01
2.561151672491230880e-01
3.073011049112002735e-01
3.204340633489853873e-01
3.114000282548100018e-01
3.256700923601188458e-01
2.093824463073905295e-01
3.874596676041708321e-01
2.771317068825052132e-01
4.788788873489208120e-01
5.320121658526650865e-01
2.582653171946934223e-01
4.978282773146521234e-01
4.936912381424580776e-01
2.278135282128245509e-01
