1.242187622070312500e+03
1.552555175781250000e+03
6.340794921875000000e+03
1.203809432983398438e+02
3.597265625000000000e+04
3.840613098144531250e+02
3.289399902343750000e+03
2.465572998046875000e+03
7.409013671875000000e+02
1.075500610351562500e+03
3.703367675781250000e+03
6.278531250000000000e+03
1.109144531250000000e+03
4.549496841430664062e+01
1.568575683593750000e+03
4.569055664062500000e+03
1.115401123046875000e+03
4.405908813476562500e+02
2.064873779296875000e+03
3.632775390625000000e+03
1.832514038085937500e+03
1.315104126930236816e+00
3.442349609375000000e+03
4.044147216796875000e+03
4.341586589813232422e+00
3.094233154296875000e+03
1.236914794921875000e+03
6.955909667968750000e+03
4.992401428222656250e+02
2.561939941406250000e+03
3.906270980834960938e+01
9.973661804199218750e+01
2.700502929687500000e+02
1.539202392578125000e+03
4.342565917968750000e+03
8.395480957031250000e+02
4.016630615234375000e+03
5.051679992675781250e+02
7.583759307861328125e+01
6.323566894531250000e+03
2.439302978515625000e+02
7.094288635253906250e+01
5.070918273925781250e+02
7.881663085937500000e+03
3.256799621582031250e+02
2.256818771362304688e+01
1.528912830352783203e+01
4.232861328125000000e+02
2.183780029296875000e+03
5.018089843750000000e+03
4.333226074218750000e+03
3.642831115722656250e+02
2.631228942871093750e+02
1.452901367187500000e+03
1.077519335937500000e+04
2.520051116943359375e+02
8.748404541015625000e+02
1.163924316406250000e+03
4.046081542968750000e+03
2.052304199218750000e+03
2.621419189453125000e+03
1.190660888671875000e+03
8.474937500000000000e+03
2.863717773437500000e+03
3.263867187500000000e+02
1.229435577392578125e+02
7.500462036132812500e+02
4.781482421875000000e+03
3.505728759765625000e+02
4.211953735351562500e+02
1.492761718750000000e+03
6.006259765625000000e+03
7.659470367431640625e+01
1.849161865234375000e+03
1.299534667968750000e+03
1.448123657226562500e+03
7.993289550781250000e+03
3.936497802734375000e+03
5.097001464843750000e+03
2.140548706054687500e+02
7.700904846191406250e+01
1.312725585937500000e+03
5.838706054687500000e+02
2.284678955078125000e+02
1.631498413085937500e+03
2.399191131591796875e+02
7.529976806640625000e+02
1.104668847656250000e+04
2.755045410156250000e+03
2.380926269531250000e+03
4.165593750000000000e+03
5.532940429687500000e+03
3.044730186462402344e+01
4.137771972656250000e+03
1.333775512695312500e+03
1.054907226562500000e+03
1.668937988281250000e+03
4.670386962890625000e+02
6.409566650390625000e+02
3.716636962890625000e+02
2.482537353515625000e+03
7.408405761718750000e+03
6.040446853637695312e+01
7.408405761718750000e+03
6.040446853637695312e+01
1.053118164062500000e+04
5.473768554687500000e+03
2.146223632812500000e+03
7.939646606445312500e+02
1.671255615234375000e+03
5.399494140625000000e+03
3.677468872070312500e+02
2.781135351562500000e+04
3.935879821777343750e+02
2.546022949218750000e+03
7.461548461914062500e+02
1.202322021484375000e+03
1.021112609863281250e+03
3.423393554687500000e+02
1.335644912719726562e+01
1.060144042968750000e+01
1.680332275390625000e+03
5.946393554687500000e+03
2.673276367187500000e+03
1.236782073974609375e+02
1.251389465332031250e+02
9.961457824707031250e+01
9.891000366210937500e+02
4.106197357177734375e+01
1.511782379150390625e+02
7.518080139160156250e+01
1.668072509765625000e+02
8.061476135253906250e+01
7.228286743164062500e+01
4.650114440917968750e+02
5.209379882812500000e+02
4.794552734375000000e+03
1.318824707031250000e+03
2.963378295898437500e+02
7.362338867187500000e+02
2.213279785156250000e+03
1.039456640625000000e+04
1.425606012344360352e-01
3.681622558593750000e+03
2.235760092735290527e-01
1.009488378906250000e+04
3.517655761718750000e+03
3.973932800292968750e+02
2.628373046875000000e+03
4.264447265625000000e+03
1.344980957031250000e+03
1.864173412322998047e-01
1.507537994384765625e+02
4.006125330924987793e-01
1.734317321777343750e+02
4.001303906250000000e+04
2.065551042556762695e+00
1.204818603515625000e+03
1.868566650390625000e+03
2.931775207519531250e+02
8.949470825195312500e+02
5.266172851562500000e+03
6.117051391601562500e+02
4.842217102050781250e+02
1.027637207031250000e+04
1.270509490966796875e+02
3.350864257812500000e+02
6.558789825439453125e+01
4.311629028320312500e+02
1.355953369140625000e+03
7.383753906250000000e+03
2.646190917968750000e+03
1.244429321289062500e+02
3.732072067260742188e+01
3.916946411132812500e+01
3.092280960083007812e+01
1.240182757377624512e+00
4.093446289062500000e+03
1.845762207031250000e+03
7.091909179687500000e+03
1.593717529296875000e+03
5.019897949218750000e+03
7.518306732177734375e+00
7.013204097747802734e-01
2.645187988281250000e+02
4.155629272460937500e+02
4.554301269531250000e+03
2.773198486328125000e+03
3.713181884765625000e+03
3.771223144531250000e+03
1.001199930906295776e-01
3.849924621582031250e+02
1.519382812500000000e+03
1.423487304687500000e+03
3.003569641113281250e+02
4.029874267578125000e+03
1.014142272949218750e+03
1.876670166015625000e+03
3.193960876464843750e+02
1.905431518554687500e+03
7.722957611083984375e+01
4.530058288574218750e+01
3.726839355468750000e+03
7.256448364257812500e+01
6.408152008056640625e+01
7.329253906250000000e+03
