5.158544921875000000e+03
3.084338989257812500e+02
8.549493164062500000e+03
4.598835449218750000e+02
3.240888085937500000e+04
1.423657073974609375e+02
2.928863525390625000e+03
1.628965209960937500e+03
3.760584106445312500e+02
1.326797241210937500e+03
5.410870117187500000e+03
6.776993652343750000e+03
2.354985595703125000e+03
1.278282775878906250e+02
1.426132446289062500e+03
7.119366210937500000e+03
3.476747436523437500e+02
1.987357177734375000e+03
9.936077270507812500e+02
2.749144531250000000e+03
1.851753295898437500e+03
1.402038812637329102e+00
3.759275878906250000e+03
4.339374511718750000e+03
9.764115333557128906e+00
1.211264038085937500e+03
9.911132202148437500e+02
2.296832580566406250e+02
3.998298339843750000e+03
5.236871093750000000e+03
4.324095535278320312e+01
2.527420043945312500e+01
1.394066406250000000e+03
1.483894287109375000e+03
1.229062011718750000e+03
4.909912719726562500e+02
5.744259277343750000e+03
2.150879882812500000e+03
3.502837219238281250e+02
4.997529296875000000e+03
2.412433166503906250e+02
8.914077758789062500e+01
1.061752539062500000e+04
7.503213867187500000e+03
3.304860229492187500e+02
3.980072021484375000e+01
3.711989135742187500e+02
4.500579223632812500e+02
1.312453308105468750e+02
1.377704345703125000e+03
5.623454589843750000e+03
4.080116210937500000e+03
7.135949707031250000e+02
1.361325195312500000e+03
5.342489746093750000e+03
2.059754638671875000e+03
2.860784912109375000e+02
5.178381835937500000e+03
1.196282592773437500e+03
1.146793823242187500e+03
3.593683349609375000e+03
1.246966918945312500e+03
1.039184863281250000e+04
1.034179199218750000e+03
2.775420654296875000e+03
1.301905059814453125e+02
8.538191223144531250e+01
2.785510742187500000e+03
3.718562011718750000e+02
3.297876586914062500e+02
1.363272338867187500e+03
7.844135742187500000e+03
1.822754669189453125e+01
9.925973632812500000e+03
4.814940185546875000e+02
1.734194458007812500e+03
3.706119384765625000e+03
6.150010742187500000e+03
4.976058105468750000e+03
1.262058715820312500e+02
1.846229553222656250e+02
1.555147949218750000e+03
4.399579467773437500e+02
2.455285339355468750e+02
1.545136474609375000e+03
2.909743652343750000e+02
7.638499145507812500e+02
1.698807983398437500e+03
4.748045898437500000e+03
1.494711425781250000e+03
3.522956298828125000e+03
3.695131835937500000e+03
6.745992431640625000e+02
3.305599121093750000e+03
1.131871337890625000e+03
2.912955078125000000e+03
2.159231445312500000e+03
7.096816406250000000e+03
2.116249609375000000e+04
1.130818176269531250e+02
4.511763671875000000e+03
1.500794982910156250e+02
2.190362701416015625e+02
1.500794982910156250e+02
2.190362701416015625e+02
9.842609375000000000e+03
4.450596191406250000e+03
4.966119384765625000e+02
5.308174804687500000e+03
1.831706176757812500e+03
6.240114257812500000e+03
4.158515014648437500e+02
3.280581640625000000e+04
2.885986022949218750e+02
7.529156494140625000e+02
2.773428649902343750e+02
4.361321777343750000e+03
3.060642700195312500e+02
4.332606201171875000e+02
1.320726108551025391e+01
9.016077995300292969e+00
1.884956665039062500e+03
6.177470214843750000e+03
3.711907348632812500e+02
3.322795410156250000e+03
9.109576416015625000e+01
2.631781387329101562e+01
3.305599121093750000e+03
5.927408981323242188e+01
3.558249023437500000e+03
2.905294189453125000e+02
6.662028808593750000e+02
1.081820983886718750e+02
2.631785278320312500e+02
6.214955139160156250e+01
1.100417480468750000e+02
4.937770996093750000e+03
7.476836914062500000e+03
3.023631286621093750e+02
2.789168090820312500e+02
1.298003417968750000e+03
1.076947656250000000e+04
1.119854858398437500e+03
4.531345214843750000e+02
7.037949829101562500e+02
1.320691894531250000e+03
1.193695922851562500e+03
3.182867431640625000e+03
3.431770507812500000e+03
2.818215820312500000e+03
1.188015136718750000e+03
2.806818771362304688e+01
1.652657226562500000e+04
3.638227462768554688e+01
1.868635864257812500e+03
5.247810156250000000e+04
2.508615255355834961e+00
3.206579589843750000e+03
3.472643737792968750e+02
2.988366210937500000e+03
1.911325317382812500e+03
3.744025878906250000e+02
1.517984161376953125e+02
3.830997314453125000e+02
4.723945800781250000e+03
3.266321777343750000e+03
7.327738952636718750e+01
3.607704162597656250e+02
8.857221221923828125e+01
5.772433105468750000e+03
4.567914062500000000e+03
1.396076782226562500e+03
2.403176269531250000e+02
7.291523742675781250e+01
6.739797210693359375e+01
5.763741210937500000e+03
1.920776939392089844e+01
1.198647216796875000e+03
1.915100463867187500e+03
4.915393554687500000e+03
3.886793212890625000e+02
4.811571289062500000e+03
3.765201568603515625e-01
4.514462053775787354e-01
5.204271484375000000e+03
4.033532714843750000e+03
2.802748291015625000e+03
1.967403564453125000e+03
4.102099121093750000e+03
3.623571777343750000e+03
2.149291038513183594e+00
2.643118652343750000e+03
2.464949035644531250e+02
1.315273193359375000e+03
3.075372070312500000e+03
5.001205749511718750e+02
7.697874145507812500e+02
4.025830383300781250e+02
7.502777832031250000e+03
9.498459472656250000e+02
4.970594787597656250e+01
6.788497161865234375e+01
3.607263671875000000e+03
6.100285720825195312e+01
7.062052154541015625e+01
4.627548828125000000e+03
