2.365121540046878357e-01
3.741349316225388577e-01
2.795299277032576302e-01
2.259092335326495504e-01
1.796969776306276412e-01
3.834892487638880132e-01
3.643130071494318778e-01
2.409522528416822573e-01
2.532093812520868070e-01
3.121089365829867179e-01
2.222813060512318084e-01
3.017200223726925756e-01
2.433392110525168794e-01
3.135777151494257287e-01
3.020877000966738501e-01
2.464690490553492208e-01
3.850324425479676460e-01
2.896808395869275299e-01
2.195745858904824543e-01
2.462783030807642604e-01
3.020562538034122224e-01
8.131211350573060992e-01
2.484632577103288442e-01
2.442007208649957239e-01
7.857722091773425843e-01
2.936766448625071080e-01
2.454587533041050484e-01
2.860244216173978837e-01
2.248399259118884774e-01
3.222762669343156028e-01
7.748992402016314784e-01
5.494587401874008181e-01
2.493771891277485331e-01
2.850754257436807770e-01
3.057972762233751030e-01
3.681955312461298035e-01
2.512229974352678252e-01
2.633837751599870658e-01
4.599662711221296219e-01
3.094446336375807349e-01
3.728846316398230498e-01
4.726372632781816741e-01
2.478890570698966123e-01
2.291789322459772127e-01
2.801927650490725341e-01
6.233144415251657966e-01
5.031431296392063768e-01
3.429562181487172401e-01
5.990207859955674063e-01
2.499779779079125408e-01
3.095157430377796781e-01
3.175798961985555335e-01
2.499139749876789218e-01
2.872020032100172093e-01
2.100214200378158758e-01
2.658157045769716231e-01
2.696608912682768588e-01
2.969579441206650072e-01
2.326821677217425222e-01
2.470404656549239908e-01
3.296740332004844953e-01
3.019287846416142118e-01
2.233494830129459652e-01
2.766821084254593166e-01
3.856967410517866957e-01
3.548548523549018840e-01
2.622022040642049689e-01
3.137849280508329675e-01
2.653695638022502967e-01
3.012723028949243487e-01
2.876560077611127753e-01
3.490830975233987221e-01
5.902368450948234369e-01
2.681734273838770055e-01
3.397528525465668414e-01
2.962329995809105943e-01
2.143291689314542892e-01
2.499559693878832256e-01
2.456195810932390866e-01
4.513635042404648967e-01
4.055662440257684076e-01
2.654693716134196024e-01
3.634033488689109581e-01
3.595162909679245344e-01
3.747425347986987343e-01
2.381532783382231400e-01
2.671347260590911099e-01
4.557203031548760497e-01
2.688958356360583446e-01
2.917413118568533692e-01
2.489297089864634105e-01
2.515352676115542030e-01
7.327407015851967742e-01
3.008005967822754423e-01
2.649112919865500571e-01
3.161297140057118260e-01
2.889446022411389925e-01
2.681156086071196376e-01
2.830865379800656112e-01
3.024251722535338249e-01
3.931628450308994327e-01
1.885735560279754586e-01
3.349671080546728907e-01
1.885735560279754586e-01
3.349671080546728907e-01
2.965467876105220002e-01
2.384554461342030252e-01
2.614287444253119430e-01
3.358779600163246393e-01
2.902516131215919226e-01
2.104779964602797315e-01
3.895163545685504936e-01
1.731588380980922937e-01
4.181805858755825445e-01
3.754397329839353481e-01
3.921746928707531832e-01
2.383232862936956187e-01
3.792795533481608805e-01
3.044404384960349708e-01
6.640248311257063163e-01
6.661396033509768833e-01
2.998432848960846941e-01
2.294929022835547894e-01
3.349119167751341553e-01
4.087113759270441515e-01
5.129152517213827478e-01
2.542616713049138943e-01
5.158187130420029964e-01
4.088153239298403241e-01
4.744406943815075439e-01
4.094410811695417540e-01
2.556344859156444160e-01
3.578351438142435836e-01
5.249637972316926193e-01
5.137566910740242188e-01
4.471453698182584202e-01
3.066219044609631017e-01
2.469291251104303586e-01
2.836194621584164355e-01
3.154330553548382876e-01
2.981727741850453417e-01
1.856771251085868601e-01
6.759096927711421010e-01
2.442007377230514253e-01
5.665342209666204276e-01
3.536396017437358763e-01
3.096158793609034010e-01
2.711918037188943420e-01
2.912919229323154835e-01
2.235956198209971824e-01
2.947218990137003281e-01
7.713747028642486958e-01
3.732706940001984663e-01
8.604562313358155023e-01
2.406595079103014956e-01
1.747941836373259061e-01
3.422396774327819968e-01
2.563005984240140367e-01
3.179307849690372612e-01
3.570111993562490871e-01
2.259690165451436750e-01
4.318344314627198810e-01
3.683530403342897275e-01
3.857420972287763372e-01
2.452223448385828231e-01
1.900789136179431293e-01
4.523162272802628281e-01
3.983678809867352566e-01
3.568865357778601144e-01
2.506650985271038912e-01
2.983185943467654977e-01
2.245951577324572790e-01
4.357189209997940349e-01
4.506328413212219997e-01
3.571288305212876879e-01
2.413565367844992815e-01
3.323762403992348013e-01
2.654166540362916660e-01
2.859230906300490038e-01
2.262763673877616621e-01
2.644200908062123156e-01
2.316548684614160580e-01
9.559455580614115711e-01
6.192479080336336095e-01
3.723304866981386185e-01
3.615992072552190462e-01
2.509362406699513492e-01
3.075093646114509527e-01
2.366959907108634187e-01
2.451550215751803485e-01
7.498072397709536485e-01
2.378192253287849667e-01
4.323066138109529777e-01
2.898982469385853467e-01
2.891314654952286123e-01
3.432579331347004326e-01
3.292384751167087287e-01
3.852077105030496940e-01
2.295168797984502851e-01
3.074182254596516950e-01
5.052770950729367216e-01
5.180385687429838182e-01
2.520734073014917476e-01
4.957297124652325637e-01
5.003488070979060787e-01
2.520515632278346185e-01
