4.330089094589658998e+03
3.693164310072947956e+03
7.300425224600959154e+03
1.833556791409965285e+02
2.969334365049548069e+04
2.325836760091096664e+02
3.940486566873477727e+02
1.801820851254190075e+03
5.456381328523710181e+03
1.245978070610520945e+03
4.883148591002774992e+03
1.408100799594387809e+03
5.009436215978442306e+03
6.033087969453761445e+01
1.547305843408216106e+03
4.478016083289022390e+03
1.661143291060610863e+03
2.890306865279655995e+02
4.905154681466254260e+03
3.382425187190416636e+03
1.689240135065959748e+03
3.307495543938494126e-02
4.657433140875991739e+03
4.620192570891548712e+03
6.604220510182162052e+00
4.677807829449784549e+03
2.932467832216975239e+03
1.571001351350291998e+03
9.851601345932185723e+03
1.284661819214884702e+02
1.401187778461257949e+02
1.530067279895758148e+01
1.977389369585156146e+03
1.509461506807940850e+03
1.352660640286737816e+03
3.727664023442118264e+02
5.197976988564301791e+03
5.581167741078705149e+03
1.588388019450593447e+02
4.142008991718788820e+03
2.390147707422884764e+02
2.598864088574638131e+01
5.963693515426684826e+02
6.756883234635994086e+03
3.055169250071354554e+02
8.079019327632339298e+01
1.889983437662599286e+01
4.024363528877693170e+02
7.859681051744312299e+02
5.397528227561746462e+03
1.321426209399470963e+03
1.254091932620219723e+03
5.280150753130012163e+03
3.162255472724277752e+03
1.472391180997953779e+04
6.262166339986871435e+02
8.355171328506046393e+02
4.961513239670454823e+03
1.273718295804057561e+03
3.766687342216944216e+02
1.844683450686767628e+03
1.325760165260739086e+03
4.325622179703118491e+02
5.552446140173128697e+02
1.173226983692055683e+03
5.195913858307466882e+01
1.064934330263446896e+02
4.168886736495453079e+03
6.206328050141471522e+02
3.130076344115193933e+03
1.419730098072664532e+03
7.231953672364043996e+03
9.775429885329736113e-01
1.591670092634977664e+03
5.425107264899623260e+03
4.589959653072723086e+03
3.625707477033224677e+03
4.692296116786820676e+03
1.279486389781162416e+03
3.239205104325747925e+03
6.474630210084700366e+01
1.598411870922706839e+03
3.451979203828062055e+03
2.977150832687578713e+03
3.100790204368885270e+02
4.605551348351053093e+03
4.530218745918440618e+03
6.780426089975365755e+01
3.075945333780003239e+03
2.169086372094881881e+03
4.491045338744717810e+03
4.374379442744507287e+03
2.947695530535603581e+01
4.299594553665174317e+03
1.258692570738233144e+03
4.729182307424995088e+03
2.382252452795448335e+03
5.242085620948228097e+02
8.010521493743088286e+03
4.352717757594350019e+02
2.281590559556820608e+03
6.050106441357675067e+03
1.465191489658915032e+02
6.050106441357675067e+03
1.465191489658915032e+02
1.294943882629185055e+02
2.470796693973571564e+03
1.209844436287068675e+03
2.577026733184768545e+03
1.476226236961715813e+03
7.273242149893791975e+03
2.386448991593566461e+03
3.810929737509693223e+04
2.941169211821131739e+02
1.648180237903785155e+03
3.964024153308230893e+02
4.496564888748359408e+03
2.389504321007641181e+02
3.521028260216354511e+02
2.381959229687146973e+01
5.114097474186867487e+01
1.659616186176632709e+03
7.287791319892463434e+03
4.285363332389069910e+02
1.971580493671582417e+02
1.582578623057273148e+02
5.501587197117537187e+01
4.773111735148936532e+03
4.292390668001196730e+01
7.054127317845985090e+03
1.093857999098416803e+04
1.712840289346922418e+03
6.201523934327059351e+02
1.145487824909508845e+02
5.557415225462855801e+01
3.902780318533451975e+01
4.912004829370152947e+03
1.269288770644016040e+03
1.274778882416534088e+03
4.775583151914192058e+03
1.691162909848475238e+03
5.168067088193249674e+02
9.676203732017775394e+00
2.135415868127888643e+03
7.420643212009366607e+00
3.700330511750935329e+03
2.765673866018416902e+03
1.760375737996145972e+03
3.186726394938442809e+03
2.694046908927914501e+03
2.752541735126431377e+03
2.020373674408492803e+00
1.276652969412689913e+02
2.268793244611760684e+00
1.233850333465282176e+02
3.268228370525381979e+04
4.288880870447790983e-01
1.319496564928839234e+03
5.906428667238927801e+02
2.001903653864249918e+03
1.691216121179275888e+03
4.035640273884567250e+03
7.287937690438745904e+02
2.445519512031394697e+03
1.047485017980247176e+04
2.036974953077721580e+02
7.467170549096357490e+02
2.856804840209164013e+03
1.164075682683673904e+03
2.690361756242313731e+03
4.169358831922855643e+03
2.311180788987491269e+03
1.572068405158888993e+02
5.482794880371194779e+01
1.138863938982345161e+02
4.925308234797473039e-01
2.760193021777007649e-01
7.151352967611482200e+03
1.487906987626890441e+03
7.186769503824506501e+03
3.760155435558112458e+03
1.979327694199423604e+03
2.326385939354834176e-01
3.545212489437225556e-01
3.585974676228062208e+02
3.157631449369432062e+02
2.998654519080062983e+03
2.081864958647291132e+03
4.441191107883874793e+03
3.747761392445554520e+03
1.670219188172534786e-01
1.148923816888853253e+03
3.867664947536219415e+02
1.422041776222126373e+03
4.479890478735453144e+03
3.986252534463575330e+02
8.799211455948532148e+02
4.400822626569800491e+02
3.916781172117239294e+03
1.419483232179900597e+03
4.130026638419730034e+01
8.453415537326429785e+01
5.143103113107474201e+03
6.548687300253267551e+01
6.970690675984018014e+01
4.700447731527070573e+03
