3.426089581571701274e+03
3.165721101931585508e+03
5.037796373676543226e+03
2.622525011188374719e+02
3.505446746115252608e+04
3.040019777820738454e+03
7.943309528735247795e+02
3.469267402619778295e+03
2.406332669618189357e+03
1.368851358985541992e+03
5.455415969541449158e+03
2.276173800416554968e+03
4.679588224775287017e+03
1.064649474911331026e+02
1.601808664992388458e+03
6.565416364156874806e+03
1.756281210161790568e+03
2.861832020672356407e+02
1.943217596226636942e+03
3.487679355587923055e+03
1.916499850977811548e+03
3.679579316637041870e+02
4.136494761873159405e+03
4.514137167716018666e+03
5.428391888685446531e+01
3.092425115830481445e+03
2.414807625072483461e+03
2.818630873353545212e+03
5.433236333739239399e+02
1.812931741036827816e+03
4.832892841239059267e-01
4.726896268071698159e+00
9.092501790819748066e+02
2.376338601295702574e+03
4.896029988302538186e+03
2.989889136661518023e+03
2.146268528635761868e+03
3.774332442983386045e+03
2.506874690811464461e+02
5.278041539700941939e+03
5.852278772805016160e+02
5.870046887915553668e+01
6.777244310700806636e+03
6.125427340412945341e+03
6.596426786753202123e+02
5.057586951286106114e+01
1.497191747851613997e+01
7.587786965726127164e+01
9.487800737701259095e+02
3.532093755801608495e+03
1.922629102151724055e+03
2.656204988254356067e+03
2.783336333247916173e+03
1.532547039677835073e+03
5.123029964059405756e+02
1.187130305693598984e+03
1.343636405445105311e+03
2.529045029009521386e+03
3.253721996185282478e+03
3.717265038485887089e+03
2.025911645714463702e+03
1.433575075677842051e+03
4.915839979101987751e+02
2.622012331284406173e+03
1.245231306710059243e+03
2.044782764105108868e+02
9.401339810789418152e+02
4.118691849474720584e+03
3.536659321532273452e+02
3.318396227120926483e+02
1.450601139297645659e+03
6.862782967928222206e+03
1.977599807826252443e+00
2.994871089019149622e+03
4.972367153346645523e+02
6.944350450341084070e+03
3.160322981845313279e+03
4.923921297469390993e+03
5.446727806011314897e+03
1.234165669808078007e+02
1.594442065201686205e+02
2.262430644431395194e+03
4.988630595426777745e+02
4.953667343133346321e+02
3.680136057622362387e+02
2.593767403252391887e+03
4.600676166023599762e+03
1.020869431541315322e+02
3.781074871359134704e+03
1.684943966943505984e+03
4.567983465529360728e+03
4.545504587959626406e+03
8.057676404043863982e+00
3.229083676274430672e+03
1.918497999589147639e+03
3.524423164393243496e+03
1.666495849809842184e+03
5.013522255915036112e+02
4.466711220475824121e+03
1.131940758943699166e+03
2.489305557064027653e+03
3.017763512512823581e+03
8.652447976728983576e+02
3.017763512512823581e+03
8.652447976728983576e+02
1.474460122546928460e+03
4.250800842364677919e+03
4.926571546857394424e+03
1.508205044282522977e+03
2.030573588349842794e+03
5.020269550059069843e+02
4.525474376210162291e+02
3.420223715656009153e+04
4.702058205037717471e+02
5.443720661027580718e+03
6.388907660445390775e+02
2.213729491049306489e+03
3.350332062714045605e+03
3.962763260847336824e+03
1.111712679024376271e+01
1.317745327136500322e+01
2.054889953584313389e+03
4.763988595087533326e+02
6.000579529586848366e+03
2.268197506437784796e+03
1.739673955252675910e+02
4.002609717008660795e+01
3.593281990477130421e+02
9.654690901416293514e+01
5.356643820805324140e+03
2.096866004792929630e+02
1.480186614727966571e+03
1.849060048683281821e+02
2.099193626305716691e+02
3.972775627476819864e+03
1.302691546558930668e+03
3.906508997493133847e+03
1.285785077237094356e+03
7.554516358206942641e+02
9.510020009395103671e+02
1.885440397892371038e+03
5.145606160963562843e+02
7.856425365510115721e-01
5.581531366621268717e+03
3.563140640141782001e-01
3.389109277582530012e+03
5.262689684505638752e+02
6.088868595538422142e+02
1.563619041685359662e+03
7.212172107063986914e+03
2.963563025552516592e+03
2.655002520891969753e-01
1.180010658110953301e+02
2.034794344725063542e-01
1.135418859613965736e+02
3.637496250665585831e+04
2.609350036024382646e-01
1.318297899344745019e+03
1.803567301791874115e+03
1.217019207870914215e+03
1.523571482713479554e+03
1.739631109064870088e+03
2.523740913755081692e+03
2.412103597877585798e+03
4.912778270827493543e+02
3.435753437378315539e+03
2.137314192887786248e+02
3.327470756834995882e+02
3.732898835696024662e+02
3.653373173044084069e+03
3.484269340500288763e+03
3.111181187587037130e+03
9.064528087881407714e+01
9.065682998231510226e+01
8.415069699212338605e+01
2.608197880115055156e-01
3.142644084862685205e-01
4.803927186110744515e+03
1.893236755285226536e+03
4.930081428212390620e+02
2.960445296011768050e+02
3.804510058699423098e+03
1.036918345916739703e+01
2.379118640648946847e+00
9.130960121564512519e+02
4.532189070238868567e+02
3.823072065930439294e+03
1.821512977093630070e+03
4.290888459552174027e+03
4.701385713850042521e+03
2.007049705663408901e+01
4.037350735948956299e+03
1.447303721599751611e+02
1.496587637481721003e+03
3.564753531315598707e+02
5.841708498506580327e+03
3.203672352781436530e+03
2.972158095065382440e+03
6.104485521065209923e+02
3.806709932114962385e+02
1.403298361611668668e+02
1.180619678211054634e+03
4.469691298216040195e+03
6.758690842322414483e+01
6.711336822013416281e+01
4.651570573480939856e+03
