3.055176147900361405e-01
3.301560305918403437e-01
2.416547074972718590e-01
3.991716497471156089e-01
1.745165133730808282e-01
2.879409480895845364e-01
2.468785192222406610e-01
2.944112716494756699e-01
3.280700724447211392e-01
3.089109976734989993e-01
2.536966489144977244e-01
2.321766171683927737e-01
2.999633271396926482e-01
3.055011894554060525e-01
2.746288470828748274e-01
2.583234301618647644e-01
3.603414604125201315e-01
3.010481300236991231e-01
2.864209724741301755e-01
2.611225539567361142e-01
2.884457978464270433e-01
1.025382277512991269e+00
2.488453225135099645e-01
2.569085369020056020e-01
8.002087488461078202e-01
3.054929942618021532e-01
2.383631184418668059e-01
3.523705290626704123e-01
3.435767313549309976e-01
2.836529306828554642e-01
7.889600436857309163e-01
6.372652045150655198e-01
3.557822091896619132e-01
2.836952483222714427e-01
2.485035219346829194e-01
2.595148972705507706e-01
2.402394260342990417e-01
2.623089532393670931e-01
2.998949275374899748e-01
3.063086273059622555e-01
3.645394168341124508e-01
5.487512387444554163e-01
2.228788748307377054e-01
1.952280553527665774e-01
2.920787355970970722e-01
6.022109422387994515e-01
4.769706463099147586e-01
3.667615048812809531e-01
5.417877436284914694e-01
2.625280610452569996e-01
3.067604894993583020e-01
3.110079784571449513e-01
2.698480760832931979e-01
2.967187149876329144e-01
1.986705810790942994e-01
2.890484319243271094e-01
2.771136780280916145e-01
2.660544806220726533e-01
3.168358793007450269e-01
3.129936138216376507e-01
2.542321379757625510e-01
2.929658629793971958e-01
2.147510222294241045e-01
2.703146342300365990e-01
2.746670271105833283e-01
4.562937316352702055e-01
4.576931012928601161e-01
2.600499693427157366e-01
2.902463983596657582e-01
2.428620745486389232e-01
3.055666394598192670e-01
2.037596840929923880e-01
5.889405590692303738e-01
2.462904287640059475e-01
3.481192601302499634e-01
2.828479719235844625e-01
2.311600897676635014e-01
2.245639856227048814e-01
2.628421465112074640e-01
4.081837829121086059e-01
4.705974803261279149e-01
2.997015105397000667e-01
3.174035244256295796e-01
3.632464115275377825e-01
3.955400857498052036e-01
2.640151659665567752e-01
2.643879633250426631e-01
4.783398262881248808e-01
2.451224187805888799e-01
3.061796427855748570e-01
2.388221469305595868e-01
2.440593999160362848e-01
6.889303290436246119e-01
2.429855912967745779e-01
2.599788300638807836e-01
3.851194379323034656e-01
2.919349081728777051e-01
2.696756987563668773e-01
3.998224137746134166e-01
2.142218370629781765e-01
3.094010034290768929e-01
3.625685567760403849e-01
3.554784966797481238e-01
3.625685567760403849e-01
3.554784966797481238e-01
2.570018787564833929e-01
2.276246851421744877e-01
2.517240341542418824e-01
3.453939551646788564e-01
2.969326664289629325e-01
2.358431499389699870e-01
3.869134176451368701e-01
1.724209777494720985e-01
4.067197729048532273e-01
3.544939461689383675e-01
3.583796932019325809e-01
2.535132754649752629e-01
3.897909556122080010e-01
3.702228684347910748e-01
6.453556406703523374e-01
6.438773309417101798e-01
2.955723097788787168e-01
2.119103368518889807e-01
3.864840851577261427e-01
2.754650372668095981e-01
4.964684864494631755e-01
6.038061993664471938e-01
2.897067090775514164e-01
5.072681333900346257e-01
2.740328276317033906e-01
4.533497103160219477e-01
3.852725932231998440e-01
4.734817437401178108e-01
3.735839721319708095e-01
4.792181274821455950e-01
4.715633104086143224e-01
3.171765806152354594e-01
2.592411931634408528e-01
2.793098401233735650e-01
3.785550892309192395e-01
2.906217300109276147e-01
2.326262896043230777e-01
1.084478613159438831e+00
2.612163417367419638e-01
1.083944195558886658e+00
3.705604067445613103e-01
4.155538047167853244e-01
3.727438464565066001e-01
2.359046346928241056e-01
2.289934291181769388e-01
2.511811849552611497e-01
8.297995324726925581e-01
2.515253120641192108e-01
9.612126400146530081e-01
3.628456613953508492e-01
1.727801874445304697e-01
1.221455694411916371e+00
3.047966617616773566e-01
3.285239652300736557e-01
2.595765595125335556e-01
3.800644315291161202e-01
2.944367234559466251e-01
3.817341906599802659e-01
2.697498512836277729e-01
3.512420371655043949e-01
2.746815990345164438e-01
3.540889618890983859e-01
4.536639464330408100e-01
4.777509598641109800e-01
2.521229975759372577e-01
2.375373553703635232e-01
3.010680958323404544e-01
4.504997124307399403e-01
5.037280926701485084e-01
5.156528949118991401e-01
7.406017142280620913e-01
1.024206997976593758e+00
3.059558880908405665e-01
2.856098723857024568e-01
3.561024966759851473e-01
2.988276814090656819e-01
3.561403753015468521e-01
1.030539154920353528e+00
9.637099502991529620e-01
3.951809389894213598e-01
2.994628850896557948e-01
2.452692557844674548e-01
2.723104627346009110e-01
2.467346055564286489e-01
2.521527112351111266e-01
7.850369262306200469e-01
2.315275073329779720e-01
4.826261096743511003e-01
3.003298378418115533e-01
2.784923615486066262e-01
3.359538913316603148e-01
2.836635097089072466e-01
3.799592273898844685e-01
2.447161661649198960e-01
2.107177826307507496e-01
4.820985208328394389e-01
4.518915716670023341e-01
2.420082849454303908e-01
4.974182561888972343e-01
5.023076555106137375e-01
2.357413762636199062e-01
