3.791322682201583120e+03
3.305925308092817886e+03
7.538078001315342590e+03
2.568525156810646877e+02
3.514951876218021789e+04
2.823001982605494504e+02
6.102841882745977955e+02
2.803391905934011447e+03
3.751645739625614624e+03
1.280522533454248105e+03
4.992281366056286060e+03
1.595823594401888386e+03
3.918617566637862637e+03
7.383065471717484343e+02
1.575935763586239318e+03
9.425182308815919896e+03
1.116047551777428680e+03
2.377675977981809410e+03
7.664575607299109379e+02
3.601961358044427470e+03
1.817208975954274365e+03
4.923053000517182227e+04
4.279405364848104909e+03
4.493280420897465774e+03
9.028822392181654166e+00
1.438697832711541196e+03
4.003849530537366263e+03
9.969955404060847286e+02
3.148616401056248833e+03
1.076820013180864225e+04
1.395940706641859652e+00
2.480696643807722701e+00
4.721092701576426407e+03
1.572575049072207094e+03
1.554214663663656438e+03
7.092702494000154729e+02
4.220355388659933851e+03
2.166001449762342418e+03
4.217186665266085583e+02
3.769486113692419622e+03
3.901523887764739698e+02
9.139615009331076578e+01
7.771187148972344403e+03
6.683568016455447832e+03
7.321831014768434898e+02
2.562540161057574650e+00
1.381396861294228673e+00
9.920247661164677311e+02
1.020679658416917164e+02
4.073743255374807177e+03
1.510442322271734838e+03
1.359237691158504049e+03
3.375934110095071446e+03
1.457797847697253019e+03
9.121840558928863175e+03
1.300343085398927542e+03
2.162108105174947468e+03
3.645927201814585715e+03
1.881327511566505336e+03
1.911390843125724587e+03
3.572065430298509909e+03
1.522608725281469788e+03
1.058326242965948950e+04
3.516467975426769499e+03
3.228368676879575560e+03
2.024717582674540779e+02
6.574608453167285234e+02
4.526761164511066454e+03
3.748545457225502560e+02
4.291362813501876303e+02
1.450128227641768035e+03
2.938577767518088422e+03
6.501184083601031283e+00
4.022918925216592925e+03
1.899796351770128467e+03
2.113133586330523940e+03
7.251647719625383615e+03
5.114316679673394901e+03
5.384855933736041152e+03
2.262260137351361777e+02
2.250304277018967412e+02
1.783695318610590675e+03
9.274228292984039399e+02
5.697141676821479450e+02
3.938018295154994917e+02
2.493234743548870938e+03
2.595070374752565385e+03
1.170651064014284657e+02
3.603398938615029238e+03
1.839987675123583131e+03
4.235157605260239507e+03
4.439939881978480116e+03
7.910951062151104551e+00
4.384661677335405329e+03
3.990377753002233931e+03
1.297188286678094983e+03
1.626645141708967685e+03
1.611662967370875549e+03
1.046666824949284774e+03
2.003498497894521506e+02
1.244859639989208517e+03
2.754991051261675352e+02
6.955821162428771913e+02
2.754991051261675352e+02
6.955821162428771913e+02
5.689559436377377097e+03
4.665036236641885807e+03
6.383518919443002915e+02
3.877542730886415484e+03
1.695108480258310465e+03
8.771567358190835876e+03
4.623878327974946956e+02
3.392135526523791486e+04
4.880853616561584545e+02
5.483534824931135518e+03
3.005464282729074057e+02
3.668832343088986818e+03
1.391417321175403231e+03
2.978603891591846150e+03
1.451916095989272115e+01
1.039888663227035970e+01
1.497107399911629273e+03
8.268201769725652412e+03
1.390386870388902253e+03
1.202210448015202701e+03
1.126298981946057154e+02
7.141741600194183093e+01
1.199374972158819673e+03
1.317611248651911183e+03
1.049517520974089848e+03
1.215411772447791009e+03
1.032449846822156132e+03
1.433338605348800229e+03
4.755522047516585076e+02
5.707113047952743727e+02
6.658601228051163616e+02
4.890410033796330026e+03
4.654913218037958359e+03
3.679349583779389263e+02
4.130572189694914300e+02
1.479534674322288311e+03
6.428718362772977343e+03
3.676513817737928491e+01
4.110899963734366338e+02
1.926924635962117494e+00
8.167666912163754205e+02
4.460483640850500819e+02
4.780373954528416789e+02
2.544869212762131610e+03
5.349629285047410121e+03
4.070504290791399853e+03
1.601357778546302235e+00
2.667134565035958076e+03
3.646872656474357210e+00
1.569398441149714472e+03
3.638646625110350578e+04
9.254820470651981168e+01
3.454011756589264678e+03
1.354337610574008977e+03
1.250753452711757518e+03
1.228594197264302466e+03
1.933938651022635895e+03
1.469695864107526631e+03
1.642492516505120420e+03
9.321359893336948517e+03
9.389213115558718528e+02
7.779727918070302621e+02
7.893452209669808326e+02
7.349318507719297031e+02
3.622044880492605898e+03
3.903688349541589560e+03
3.241184500816623768e+03
1.231393490301342126e+03
8.409833366690750154e+02
1.209273820079981533e+03
3.224398708157836779e+01
3.993642608707258290e+01
1.306255059271370556e+03
1.591704002517177969e+03
3.262934922078883119e+03
4.794634719070910478e+02
1.063020609929740431e+03
1.327896901629667781e+01
6.902664990258638333e+00
3.761848924840038762e+03
1.900645832994611965e+03
3.567149918947191509e+03
1.849184117492130554e+03
4.394632145340087845e+03
4.463734839430689135e+03
6.813278198813605968e+01
3.000712175420938365e+03
6.702767248988324127e+02
1.504806157648725730e+03
1.242086330957533391e+03
4.840813994884715612e+03
3.412527664826874116e+03
2.745546626059426671e+03
9.650112924976800741e+02
4.081283116778588465e+02
5.424825703373282977e+02
1.454233690067755333e+03
4.332964178245984840e+03
6.694778023031126679e+01
6.683157096898318628e+01
4.395912727714161520e+03
