2.537439749022239455e-01
2.461889230454884503e-01
2.450265570586505348e-01
4.568106544233284105e-01
1.805130983132371691e-01
4.120933707464067841e-01
3.837224871803157078e-01
2.539094091677875920e-01
2.564097655297373768e-01
3.070911455655040978e-01
2.464163019959023926e-01
2.913090582456658306e-01
2.454322443263350639e-01
4.961098410506806777e-01
2.903273663958539363e-01
2.298064372697049551e-01
2.813147904656823628e-01
4.350413421265705294e-01
2.990333743505333430e-01
2.528042796303148210e-01
2.881267070313211498e-01
8.816699440374295982e-01
2.465542400499695364e-01
2.435158792860724619e-01
7.358654144206476788e-01
3.004729126705555364e-01
2.543088783444437118e-01
3.020645392072206503e-01
2.213458726053508241e-01
3.170157662372169449e-01
1.088373907332868873e+00
1.011794809909480453e+00
2.512806644863636030e-01
2.902188596203956750e-01
3.074638242433896940e-01
3.634748760507413579e-01
2.617212254295924190e-01
2.592932296495134570e-01
4.394837667942492199e-01
2.522280514910910654e-01
2.258384205596922489e-01
4.849937571550733129e-01
2.045165013910323903e-01
2.260353718677134971e-01
3.381759512127214817e-01
1.173901915405630714e+00
1.084092739731133070e+00
4.476281722414388042e-01
2.094277894627736558e-01
2.491605728434372891e-01
3.181729034382250187e-01
3.376758700599780116e-01
2.482861558488786147e-01
2.921317789179254665e-01
2.121650167225355987e-01
3.352909092235900612e-01
3.202919977357613357e-01
2.435795362135300679e-01
2.997748817924383302e-01
3.216224301815900910e-01
2.329120188930848545e-01
2.867490041229228681e-01
2.184147236002215164e-01
2.554329322176075445e-01
2.643860894528797800e-01
4.524090869005907289e-01
4.439019891170037369e-01
2.475277613103587515e-01
3.729798804697148640e-01
3.336075560798096862e-01
2.915698900646679914e-01
3.279176917461179563e-01
9.587704567215763474e-01
2.739160055497860680e-01
2.918389715578603716e-01
2.877168690544734120e-01
2.259668278571188293e-01
2.741842267815606804e-01
2.431090181515247195e-01
4.365386086238860486e-01
4.904049078144436802e-01
2.678581494937917751e-01
3.600513364480696366e-01
3.648300779131953275e-01
2.617135355449138889e-01
4.299871941353218263e-01
2.777300487798349815e-01
2.626975182502683803e-01
2.649849061747751588e-01
2.650000159022966040e-01
2.498518969704328907e-01
2.419214540589826046e-01
4.254527071455934673e-01
3.023639906932445998e-01
2.373942019023950190e-01
2.988109567750391049e-01
2.963680611096156103e-01
2.479152371092983587e-01
2.788583911381636860e-01
4.391969158065709422e-01
3.840338579402827746e-01
4.278574296635240248e-01
3.020164966697703179e-01
4.278574296635240248e-01
3.020164966697703179e-01
3.386458149960793751e-01
2.545859517618597190e-01
2.972187721348239497e-01
3.728605479049759697e-01
2.921130096461337922e-01
2.360974411359507696e-01
3.642142717562128484e-01
1.811214987620388683e-01
3.530523497794011978e-01
2.438626124246792704e-01
3.402131771874452038e-01
2.446813886191928911e-01
3.923951721241574209e-01
3.812859352143660452e-01
6.911960154883459717e-01
6.936959001778895129e-01
3.000683153404133385e-01
2.196952256154717231e-01
3.863495567614500525e-01
2.877655047055937554e-01
5.011247404636554048e-01
6.022499222646452433e-01
2.575053281303666952e-01
5.025196068619099954e-01
3.189890379076247284e-01
3.976945880607332118e-01
3.045012315707308348e-01
4.494585403672943791e-01
4.300394931913658070e-01
5.055828072287936736e-01
5.025574578367000278e-01
2.995679954914635124e-01
2.416629798979550992e-01
2.419627893867938861e-01
3.091714416622128869e-01
2.970050273534252105e-01
2.301868508696889304e-01
1.112687219001616157e+00
2.715308069324184892e-01
1.125544783093437085e+00
3.809369798542966423e-01
3.807282449799200830e-01
3.591907315558018898e-01
2.481329736347693549e-01
2.163030190608450642e-01
2.480039885279234912e-01
1.291635389145930013e+00
4.080220451249698677e-01
1.314221139245405956e+00
3.188275079493944064e-01
1.757981796460717505e-01
7.208418199590673758e-01
2.496277251749165760e-01
3.035127512336293076e-01
3.654654614138966306e-01
2.471335696959283956e-01
3.894983804460847021e-01
3.877640958516448966e-01
4.274985205311483960e-01
2.127181153408671810e-01
2.957448354924719913e-01
4.906373587933393066e-01
4.984676265426055686e-01
3.994270871761647079e-01
2.983470854996920218e-01
2.393344935866169587e-01
2.341131848059610221e-01
5.109578980726204867e-01
4.334420292682800713e-01
5.114821196065368891e-01
5.475865029843824949e-01
8.900257365969096446e-01
2.392090983455443243e-01
2.885775281724305974e-01
2.662235784690579199e-01
2.754741325512715111e-01
4.088141299701857356e-01
8.489364440215162455e-01
9.320250737332341773e-01
3.897653229157842514e-01
3.404026326069685693e-01
2.560488281093008522e-01
3.038782497909358060e-01
2.476711403537918132e-01
2.538562408647586643e-01
8.892839054242759333e-01
4.435233482636257163e-01
2.957092803204889320e-01
2.948796443371689002e-01
2.347189787620928281e-01
3.654613202961316532e-01
2.680746011249722227e-01
3.632106781689191100e-01
2.353146809384750182e-01
3.736214665208176799e-01
3.230619114944486836e-01
4.965863243689679907e-01
2.650735672725499370e-01
4.991602611624683106e-01
4.902540116794906755e-01
2.449775178470174897e-01
