2.579670252139964481e-01
2.522637240100902845e-01
2.108743336084882569e-01
4.168200831117713778e-01
1.820604362685823707e-01
3.884700532260004779e-01
3.759747445238119101e-01
2.956771233394467902e-01
2.732800515980630118e-01
3.022250527309355839e-01
2.188926781430807766e-01
3.088785751981960592e-01
2.617669730498961012e-01
3.308489030937394881e-01
2.904083439487077922e-01
2.347828588214856127e-01
3.773300330692180848e-01
2.774959515046403480e-01
3.081623006185756908e-01
2.480241965453730268e-01
2.828656705029852780e-01
8.519471358051055043e-01
2.557889826617667506e-01
2.474388775661213735e-01
8.091582610271532694e-01
2.959814067449725306e-01
2.264199843146960378e-01
3.024334298842036306e-01
1.986403609700934658e-01
3.088316296895380342e-01
1.264693132720001501e+00
1.119065996020172316e+00
2.386126374721601884e-01
3.042170070797554082e-01
2.978338262000933545e-01
3.557611686827769626e-01
2.591158149075636352e-01
2.971834535934883004e-01
3.894521573094617550e-01
3.089999856230928876e-01
3.598346414557989648e-01
5.045581451492293645e-01
2.096425266784752994e-01
2.135883719958908133e-01
2.767688036757009473e-01
6.432278133112475649e-01
4.783533797620916350e-01
4.063754104066271688e-01
5.118603121291871449e-01
2.964017375209135885e-01
2.564546778442623465e-01
2.364931113956096898e-01
2.732489433243048826e-01
2.928036464229428204e-01
2.519424546995398528e-01
2.395453760611077620e-01
3.652984785593736961e-01
2.394180286228480004e-01
2.933530530145765369e-01
3.315192157443921928e-01
2.593472595566236327e-01
3.004346809567984278e-01
1.918645210039678084e-01
3.371616289122483789e-01
2.937839310342684196e-01
4.673734913096340704e-01
4.947322315206491017e-01
2.202566386387752873e-01
3.184242256844576624e-01
2.276071146060724970e-01
3.048835394248493591e-01
2.329227627585944427e-01
6.945998072199313089e-01
2.424499550487099198e-01
3.102917985275313040e-01
2.950083625514804408e-01
2.189498252073605322e-01
2.312530419929363645e-01
2.310908590853103795e-01
4.538688987346423120e-01
4.386091526194874635e-01
2.900948217381015271e-01
3.446694032409872710e-01
3.722163149918951697e-01
2.822233128940025426e-01
4.218067851154964076e-01
2.695254997427839472e-01
2.608332315586895378e-01
2.536493846453592993e-01
2.952117320614505713e-01
2.468380167557007454e-01
2.443112570064939759e-01
3.003114760445811382e-01
3.194792262209201206e-01
2.742608492924750174e-01
2.724646619924169233e-01
2.919485841508053792e-01
2.378129653188785775e-01
2.447631226140285221e-01
3.890346856255025854e-01
3.686420284481071175e-01
2.557811446507892161e-01
2.401770220111106025e-01
2.557811446507892161e-01
2.401770220111106025e-01
2.736019185710052426e-01
2.463269965993209742e-01
2.686875145337620507e-01
3.086437865589093943e-01
3.008072113029329198e-01
2.155597205349739920e-01
3.781639325651766081e-01
1.804992998906526924e-01
3.489684444858609513e-01
2.592354108620516517e-01
4.389600756122891689e-01
2.937005162321235097e-01
3.534189736772044288e-01
2.586483647367391892e-01
6.797013330176173707e-01
6.410023038199038625e-01
3.079041529201906324e-01
2.140373759269363074e-01
2.911236574818548695e-01
4.190656247890781616e-01
2.947727705823904865e-01
5.933952951608784110e-01
4.690138147724617346e-01
5.270037023483457039e-01
3.811482480346962132e-01
4.445345326009409459e-01
4.768290520066770788e-01
5.238348230658328442e-01
2.939081199623083118e-01
2.952642774424846239e-01
4.326868942179811772e-01
2.940306362673810736e-01
2.495054896030895752e-01
2.421012055996226986e-01
2.843835067157073349e-01
3.020546155823650158e-01
2.156733565316205081e-01
8.586564178823516968e-01
2.414228468872027245e-01
6.871418963311946015e-01
3.755396010147037389e-01
3.086632512085212832e-01
2.506271891564442189e-01
2.932115213023865907e-01
2.235039017411236673e-01
2.959205791276011133e-01
8.005047377030822808e-01
3.960832969417109606e-01
9.551809944778898442e-01
2.755231274790638785e-01
1.704141934685358128e-01
7.409452822876192446e-01
3.043993936354018048e-01
3.819187905262206306e-01
3.111189284957018852e-01
2.572547498794126586e-01
3.737391847072275564e-01
2.502039071746519627e-01
3.039177038856561430e-01
3.616213190545115030e-01
2.049121564096623438e-01
3.938146533504782165e-01
2.868466365655296113e-01
4.120461029975655554e-01
2.679962485300780850e-01
3.169305915188277423e-01
2.690520291148374432e-01
4.705517907343678141e-01
4.838325368402339177e-01
4.341290037734427121e-01
5.090746266678696230e-01
4.054528198368191338e-01
3.051900816279032869e-01
2.889722879125284916e-01
2.680372611248306725e-01
3.503155686498735100e-01
3.356813463894408045e-01
6.751192231096571073e-01
5.707906474610099368e-01
2.530553642430620198e-01
3.243547356712223051e-01
2.636910970530182419e-01
2.912370266606497116e-01
2.475540323553250543e-01
2.487287976360557373e-01
1.189080241863298193e+00
4.709394860905037894e-01
2.059830124208611446e-01
2.890622592642421163e-01
2.399208406618898171e-01
3.713340484845890077e-01
2.582614722343501978e-01
3.123715472942247273e-01
3.233774626755182569e-01
3.695470069252249079e-01
3.962940860720871594e-01
3.412359978771982716e-01
2.495836161080399185e-01
4.957508771091863053e-01
4.941800554694066316e-01
2.628364268328109987e-01
