2.618644219121329386e-01
2.385372231557022493e-01
2.222296583283623617e-01
4.166977072841802632e-01
1.819395724298218664e-01
3.719636799052016829e-01
3.492363385981080426e-01
2.795460844409518586e-01
2.115987236274907424e-01
3.133943633543810892e-01
2.629924429088100202e-01
2.925713347276903131e-01
2.628363986244725004e-01
5.194093005225176585e-01
2.957178052002473745e-01
2.362244860416345127e-01
3.133862874845527724e-01
3.604011545919478809e-01
2.467873417124571978e-01
2.616046678690708838e-01
2.732672376723611074e-01
7.976806757566896611e-01
2.523667807157418119e-01
2.631007146592400092e-01
7.007780680249121597e-01
2.389393161908039687e-01
3.683367657073137735e-01
2.739214621782750103e-01
3.426732733900998973e-01
2.486865060166953689e-01
2.514795950065999985e-01
5.955887517987648039e-01
3.504054872047211999e-01
2.799624791541570623e-01
2.377793042899143117e-01
2.919914393285968912e-01
3.092700843347763184e-01
2.778020777674127251e-01
4.373030923180260543e-01
3.213627034511485348e-01
3.787835845943278712e-01
5.396646838570541282e-01
2.264044737189264689e-01
2.076366967950600551e-01
2.990735487482693022e-01
1.163553960951331234e+00
1.193607687409930840e+00
3.317468770576979531e-01
4.953685418860579448e-01
2.500899721903079298e-01
2.462051948073602781e-01
3.778901716426358304e-01
3.881365373929250850e-01
2.970134604281203794e-01
2.635526339923388583e-01
3.914051635809028817e-01
3.397675423909835013e-01
3.026433278875741428e-01
2.554525422107151167e-01
2.527310849673305437e-01
2.669943868262522058e-01
2.941070805426658219e-01
2.232599422504455977e-01
2.595804014603076970e-01
3.721974787825395037e-01
4.197213058189929735e-01
2.994411315443188948e-01
3.120912904431204504e-01
3.092910996468257734e-01
3.645174826415071290e-01
2.936766755269317741e-01
2.372951678327822611e-01
9.073328314046443799e-01
2.995629875210620852e-01
2.403934008022946267e-01
2.773553122405940652e-01
2.621507037982393484e-01
2.423344833078402705e-01
2.532883277187061299e-01
4.492894386172779919e-01
4.290407327982000418e-01
2.906217300109276147e-01
3.642704507444288753e-01
4.037338485645111108e-01
3.711414614526228894e-01
2.801624231201088611e-01
3.601028025213991457e-01
4.853226578523360257e-01
2.626175873904006974e-01
2.818971570445292230e-01
2.492508908457225225e-01
2.234032166856257662e-01
7.000099349097875789e-01
3.043320766523108234e-01
2.500500085208528511e-01
3.886115845330628815e-01
3.001616302376499124e-01
3.578211645993812362e-01
2.435138544342792810e-01
2.216619390260073374e-01
3.648232831173648383e-01
3.192945411397521971e-01
4.088936155118840232e-01
3.192945411397521971e-01
4.088936155118840232e-01
2.524638174462387474e-01
2.482921348176095055e-01
3.806954030584229209e-01
3.687383829243878197e-01
3.018393186822459495e-01
2.487287497067655062e-01
2.697887716754670540e-01
1.728988131849812093e-01
4.089180229431362279e-01
3.571302022884996208e-01
2.126452491397484157e-01
2.468217633873561190e-01
3.843812605465181109e-01
3.795720638438394579e-01
3.788746266248594341e-01
5.198470349299760818e-01
2.940543926822978271e-01
2.035706339091023498e-01
3.916490339445473645e-01
3.312581782861540591e-01
5.399360619463442479e-01
6.333766599239574191e-01
2.966091594839546652e-01
5.409805774162047554e-01
3.067816507121507996e-01
4.922651621981427583e-01
4.121285961158167588e-01
3.779880685256630790e-01
5.059940231839040736e-01
3.942727733921529421e-01
5.167223241034329950e-01
2.533633696149344416e-01
2.534363867593652508e-01
3.938133980538773837e-01
3.816489864424271183e-01
3.010564426638874802e-01
2.890328469871430994e-01
1.050518397230756795e+00
4.027182181436557151e-01
1.017461655519756425e+00
3.166275318064710742e-01
3.252983104442890849e-01
2.869389953478094224e-01
2.617804394955013381e-01
2.311600897676635014e-01
3.002632241481428266e-01
8.026077106239764003e-01
2.671815745979749801e-01
8.070815196160022742e-01
3.333631485849989362e-01
1.736519636464768923e-01
7.898917724111819139e-01
2.378780865831166547e-01
3.865177619855758029e-01
2.622021728619848280e-01
3.222576373111084580e-01
3.985598687915757332e-01
3.663946104908714640e-01
4.289918277489151444e-01
2.253242118462015775e-01
2.667002099768338019e-01
5.043123954236550244e-01
4.208574262612223005e-01
5.017379500355315658e-01
3.066267934264565453e-01
2.431028635342346866e-01
2.444258472194651699e-01
5.079182968505547846e-01
3.927874270573993853e-01
4.861285643175415894e-01
9.127348104867065715e-01
1.045052769270288451e+00
3.096546511593143425e-01
2.929368323599756962e-01
2.102450899413814966e-01
2.547586839600787245e-01
3.166654118585281452e-01
6.469303922730644807e-01
9.372419077352871497e-01
3.636962751688481710e-01
2.844046356466490844e-01
2.675462665540560003e-01
2.858617910812456531e-01
2.406429188697172539e-01
2.558006655550408293e-01
1.045842407582261879e+00
2.740839129730252566e-01
4.375259915504816077e-01
3.106122915603204970e-01
2.592624122738305115e-01
3.708691886622303424e-01
2.995346817061251277e-01
3.771484811444399399e-01
2.504435776265200309e-01
2.643841495419964049e-01
5.113061668340208588e-01
4.932230378563529638e-01
2.416153976118130542e-01
4.989197848562573756e-01
4.962156099780463125e-01
2.330085322727717123e-01
