1.193656982421875000e+03
1.116930541992187500e+03
1.205458593750000000e+04
1.432074890136718750e+02
3.229442578125000000e+04
5.584023437500000000e+02
3.521028076171875000e+03
1.347657592773437500e+03
8.018909912109375000e+02
1.279157592773437500e+03
4.776889648437500000e+03
3.649407714843750000e+03
1.273220092773437500e+03
4.531731445312500000e+03
1.487096557617187500e+03
8.058839843750000000e+03
8.118964843750000000e+02
6.339127197265625000e+02
6.049372070312500000e+03
4.132790527343750000e+03
2.003637573242187500e+03
1.664796769618988037e-01
4.908625488281250000e+03
3.624409912109375000e+03
5.427320480346679688e+00
3.646380126953125000e+03
9.033828125000000000e+02
7.246164062500000000e+03
4.251606750488281250e+02
3.601126464843750000e+03
3.547318875789642334e-01
3.085751533508300781e-01
5.471451660156250000e+03
1.340714843750000000e+03
1.535424926757812500e+03
4.414468383789062500e+02
4.426960937500000000e+03
6.529661621093750000e+03
9.318945312500000000e+01
3.668864013671875000e+03
2.342885742187500000e+02
2.537995147705078125e+01
7.403202636718750000e+03
6.521238281250000000e+03
5.506257934570312500e+02
1.217881011962890625e+01
8.779630661010742188e+00
9.807222900390625000e+02
6.877325439453125000e+01
3.889513427734375000e+03
1.133786254882812500e+03
2.644731445312500000e+02
1.063850708007812500e+03
1.554067504882812500e+03
9.538328125000000000e+03
6.018427734375000000e+02
1.787126586914062500e+03
5.256291992187500000e+03
1.151416870117187500e+03
2.765147216796875000e+03
2.126739990234375000e+03
1.404065917968750000e+03
9.383459960937500000e+03
2.220566162109375000e+03
3.405814941406250000e+03
1.257794647216796875e+02
9.480489349365234375e+01
5.165232910156250000e+03
2.407932739257812500e+02
5.627702636718750000e+02
1.396498291015625000e+03
1.517900097656250000e+04
4.161914825439453125e+00
5.398067382812500000e+03
7.837968750000000000e+02
1.677100463867187500e+03
7.758732421875000000e+03
5.011396972656250000e+03
6.609377441406250000e+03
1.325950927734375000e+02
1.393904418945312500e+02
1.405434570312500000e+03
5.196825561523437500e+02
4.845753479003906250e+02
2.811775390625000000e+03
1.787670288085937500e+02
1.618659179687500000e+03
2.613631347656250000e+03
4.029296386718750000e+03
2.025312622070312500e+03
4.495704589843750000e+03
3.507084716796875000e+03
1.804809082031250000e+03
1.471622070312500000e+03
5.216735839843750000e+03
7.221563720703125000e+02
1.978165893554687500e+03
1.092870507812500000e+04
4.499485351562500000e+03
1.569326171875000000e+02
5.821029052734375000e+02
3.460443420410156250e+02
2.472469140625000000e+04
3.460443420410156250e+02
2.472469140625000000e+04
5.933164062500000000e+03
1.436778808593750000e+03
3.232716979980468750e+02
9.882724609375000000e+02
1.491484619140625000e+03
7.295184570312500000e+03
5.743024902343750000e+03
4.024385156250000000e+04
5.041075439453125000e+02
2.983981445312500000e+03
9.508948516845703125e+01
3.279149902343750000e+03
2.306650695800781250e+02
3.513008728027343750e+02
3.538186340332031250e+02
3.578883361816406250e+01
1.420560791015625000e+03
1.537688671875000000e+04
3.813441162109375000e+02
4.479268554687500000e+03
7.546137237548828125e+01
3.843845367431640625e+01
3.251248535156250000e+03
6.397780227661132812e+01
3.884560791015625000e+03
1.512192993164062500e+02
5.571349487304687500e+02
1.184824676513671875e+02
1.030017333984375000e+03
1.496210327148437500e+02
1.492997741699218750e+02
3.931095458984375000e+03
1.383607666015625000e+03
1.065057250976562500e+03
3.442198974609375000e+03
1.394768798828125000e+03
6.025625976562500000e+03
6.056293845176696777e-01
1.991861450195312500e+03
3.963153362274169922e-01
3.054403320312500000e+03
1.297112304687500000e+03
3.857213378906250000e+03
1.516084716796875000e+03
3.863569824218750000e+03
1.372016601562500000e+03
9.921547174453735352e-01
1.238651123046875000e+02
2.156687736511230469e+00
9.412216186523437500e+01
3.957290234375000000e+04
3.080267012119293213e-01
5.119434570312500000e+03
2.134554443359375000e+03
4.310650329589843750e+02
3.492580566406250000e+03
3.307329101562500000e+02
3.007854003906250000e+02
1.665183105468750000e+02
3.913120727539062500e+02
2.335190734863281250e+02
5.140495681762695312e+01
3.553913116455078125e+01
3.407182693481445312e+01
1.223156005859375000e+03
4.675770507812500000e+03
4.117705566406250000e+03
7.750387573242187500e+02
1.759820434570312500e+03
1.349470825195312500e+02
6.465960502624511719e+00
1.780157089233398438e+00
1.249344848632812500e+03
1.462172119140625000e+03
4.026793945312500000e+03
3.981217956542968750e+02
2.226311279296875000e+03
3.290266990661621094e+00
6.966564178466796875e+00
3.775453613281250000e+03
2.005532714843750000e+03
4.732995117187500000e+03
1.378670166015625000e+03
4.695055175781250000e+03
3.298521972656250000e+03
2.236152410507202148e+00
2.250499725341796875e+02
1.715577392578125000e+03
1.809565063476562500e+03
2.615250488281250000e+03
4.036910095214843750e+02
1.020299804687500000e+04
3.530093994140625000e+02
5.348379394531250000e+03
7.025950927734375000e+02
4.760756347656250000e+03
9.540533447265625000e+01
5.526483398437500000e+03
6.612163543701171875e+01
6.791484069824218750e+01
3.980077880859375000e+03
