2.412819999595052778e-01
2.910498366518409763e-01
2.333965908202562667e-01
4.393688400937231231e-01
1.742985994526506377e-01
4.449685482235605227e-01
3.848181378970373379e-01
2.712655356691183739e-01
2.609406097813684045e-01
2.976760586378737750e-01
2.327681347963194147e-01
2.999882700868394259e-01
2.306793775712248085e-01
5.287352845739357043e-01
2.901034370810228191e-01
1.948358261502537991e-01
3.139012436258050709e-01
3.580014106143602493e-01
2.712139467866969689e-01
2.555855505089910107e-01
2.885463246972100326e-01
1.189531445464202086e+00
2.315880051802349238e-01
2.662498322848499965e-01
7.496298575320702318e-01
3.124275835431684079e-01
2.518114151883295571e-01
2.928429241806870253e-01
2.321249395979566588e-01
2.232733509369973501e-01
1.204214680341176402e+00
1.044690367935605213e+00
2.426231667005035175e-01
2.916727637109259863e-01
3.112683902777918510e-01
3.614678093178428919e-01
2.585285007781927824e-01
2.737388930448000912e-01
4.050987380592575571e-01
2.422663581165056534e-01
3.563789719696841551e-01
5.590643266297703473e-01
2.280306946865899576e-01
2.197885219128592471e-01
2.828321161013076512e-01
4.649999746248915100e-01
6.296204277169679120e-01
4.488796887490942855e-01
3.595358159141333609e-01
2.571886473686478269e-01
3.071937595326207915e-01
3.172191677717963731e-01
2.520356777791966096e-01
2.846295845127930213e-01
2.211831669265559575e-01
3.378194570882364078e-01
2.931723015371116015e-01
2.528398924490825039e-01
3.039818683454939552e-01
3.099080635448941967e-01
2.474408464316251444e-01
2.898861776436198467e-01
2.269140466822938962e-01
2.349680810372138107e-01
2.550470234621662335e-01
4.651117974745029859e-01
4.397692080403524661e-01
2.521150408388800890e-01
3.721948265439670167e-01
3.038584899562157271e-01
2.908160411439206228e-01
2.204200450615171891e-01
6.947207476710661744e-01
2.226521545363692456e-01
3.406845625661910626e-01
2.833848606740759779e-01
2.189177889649291664e-01
2.471112906023397449e-01
2.628801752489584587e-01
4.386855346283470292e-01
4.758129414856814843e-01
3.044421349500435192e-01
3.255103807470237642e-01
3.933814728952563788e-01
2.939575026632378907e-01
3.906942033904415856e-01
3.414981715826151398e-01
2.488975541910674605e-01
2.670224614517803796e-01
2.543166886917005987e-01
2.646903418369406236e-01
2.563376437611615266e-01
5.458214289291910548e-01
2.468582417162451803e-01
2.463574839100829694e-01
3.845945614180639738e-01
2.895064394401701269e-01
2.610612523653579875e-01
3.963294034103392871e-01
2.002048783965824919e-01
3.566594735300659957e-01
3.571344610315959622e-01
3.415215889703327456e-01
3.571344610315959622e-01
3.415215889703327456e-01
2.138644305143691526e-01
2.340448640697086746e-01
3.786779388512919176e-01
3.863741739757058369e-01
2.919144044485587064e-01
2.323660570800919201e-01
3.416737641047525309e-01
1.695670625843556378e-01
3.778637041584425038e-01
2.662667631629375142e-01
2.992741143013319949e-01
2.530059213109970284e-01
3.964492418529987905e-01
3.860893822122792307e-01
4.704274258342825976e-01
6.035676714460664893e-01
2.956027699436754030e-01
2.315728805146992919e-01
3.646546293866890776e-01
2.603958560494419872e-01
4.809833490676627132e-01
6.031981112432428516e-01
2.528181084715120930e-01
5.057449951258068399e-01
2.672489264239983342e-01
3.156532939292774342e-01
4.383651594970339183e-01
3.988595876368571935e-01
4.856212176119676371e-01
4.610477384186725813e-01
3.849233103501105147e-01
3.020232027091769855e-01
2.233696592278748283e-01
3.332461722351618416e-01
3.872234247075067026e-01
3.001932809764401577e-01
2.168732130628780730e-01
4.501665824960827123e-01
2.997432067485725216e-01
4.386820838283424506e-01
3.865565626490628515e-01
3.720268929987274320e-01
3.198624559463699724e-01
2.552684834180504181e-01
2.240780743575395417e-01
3.016288576535002819e-01
5.739276420697250192e-01
2.714055774768059925e-01
4.142776432643435203e-01
4.109525438119606133e-01
1.789776382300462265e-01
8.132324281727478787e-01
2.996230424883876697e-01
2.433515807353198168e-01
3.681656724043040896e-01
3.296194669798703791e-01
3.216659740709910120e-01
3.709528160220157411e-01
2.521547076105175589e-01
3.659630728229956720e-01
2.377624513195032152e-01
4.506139766790541734e-01
4.688741579974745055e-01
3.540536445549007372e-01
2.585749329337073132e-01
2.627203738889360429e-01
3.111077016476539447e-01
4.375271233454456343e-01
4.947493999031565837e-01
4.991222072987592795e-01
4.975680431069289811e-01
8.435041914558898402e-01
2.564098248306093675e-01
2.975516872253006762e-01
2.208664405103287764e-01
3.860595801483940326e-01
3.728350743241007903e-01
9.242363514642309985e-01
9.394599135546394253e-01
2.723031353490066864e-01
2.786449201577232415e-01
2.606319191130073154e-01
2.864750911773109032e-01
2.579728351050912249e-01
2.428518077240686690e-01
9.480168804494932822e-01
4.761953690185158905e-01
2.310757340265439663e-01
2.837357818581414670e-01
2.431563148009388553e-01
3.688373558473155289e-01
2.727434613237912919e-01
3.518323321266038639e-01
2.700332730721475838e-01
3.579188889707782817e-01
3.342812675044893322e-01
3.474046566196569152e-01
2.401936652534122918e-01
4.913094643255511151e-01
5.020458080343589424e-01
2.481733127603542588e-01
