6.549094238281250000e+03
2.937861633300781250e+02
9.430514648437500000e+03
2.486171630859375000e+03
3.130615234375000000e+04
2.350962371826171875e+02
4.148945312500000000e+03
2.058888916015625000e+03
1.090379760742187500e+03
1.211650878906250000e+03
2.905354736328125000e+03
5.798607910156250000e+03
1.163190063476562500e+03
4.485398483276367188e+01
1.158103637695312500e+03
1.116561718750000000e+04
1.456906982421875000e+03
2.955686950683593750e+02
3.515887695312500000e+03
2.975744628906250000e+03
2.514575195312500000e+03
1.199252319335937500e+01
3.445942138671875000e+03
4.364314453125000000e+03
6.189590454101562500e+00
1.149932861328125000e+03
3.977809082031250000e+03
7.088337402343750000e+02
2.651109179687500000e+04
1.560076293945312500e+03
3.441152095794677734e+00
4.582681179046630859e+00
3.507064208984375000e+02
1.488980957031250000e+03
6.427118164062500000e+03
1.830159179687500000e+03
3.442978759765625000e+03
2.255341064453125000e+03
2.610149230957031250e+02
3.803810058593750000e+03
3.675416870117187500e+02
6.006807708740234375e+01
1.333204003906250000e+04
2.273629882812500000e+03
4.328774108886718750e+02
1.044812127947807312e-01
1.652448922395706177e-01
9.854635742187500000e+03
7.405651855468750000e+01
1.238030761718750000e+03
5.107807617187500000e+03
1.387360595703125000e+03
4.508558959960937500e+02
1.624776123046875000e+03
1.179711718750000000e+04
1.137944458007812500e+03
2.500101623535156250e+02
1.327540771484375000e+03
2.284245361328125000e+03
1.099282470703125000e+03
2.451781311035156250e+02
1.437265869140625000e+03
3.239142333984375000e+03
2.278480468750000000e+03
2.379133300781250000e+02
1.096734008789062500e+03
1.334036407470703125e+02
3.079264892578125000e+03
3.805734252929687500e+02
2.751459045410156250e+02
1.696313842773437500e+03
2.142405517578125000e+03
6.475579261779785156e+00
2.473181640625000000e+03
3.855397460937500000e+03
2.181741699218750000e+03
2.714092285156250000e+03
4.493916992187500000e+03
1.140979492187500000e+03
9.460749511718750000e+02
1.487593231201171875e+02
1.955101196289062500e+03
5.173200683593750000e+02
6.229104003906250000e+03
3.916558837890625000e+02
2.386945068359375000e+03
2.607482421875000000e+03
7.944155120849609375e+01
2.891840820312500000e+03
1.314063232421875000e+03
6.677187500000000000e+03
4.179499023437500000e+03
8.017117919921875000e+02
4.563149414062500000e+03
6.392831542968750000e+03
3.436646423339843750e+02
1.267769531250000000e+03
5.617756835937500000e+03
5.162758178710937500e+02
2.195122802734375000e+03
1.704109252929687500e+03
2.967472534179687500e+02
3.557110595703125000e+03
2.967472534179687500e+02
3.557110595703125000e+03
1.232026855468750000e+03
4.609784179687500000e+03
3.534078857421875000e+03
8.436723632812500000e+02
2.354513916015625000e+03
4.237443542480468750e+02
6.026358032226562500e+02
2.731181054687500000e+04
3.726753540039062500e+02
1.700874511718750000e+03
9.178397827148437500e+02
4.282129394531250000e+03
3.281731262207031250e+02
4.583742065429687500e+02
1.017510795593261719e+01
1.105245113372802734e+01
1.556391601562500000e+03
9.705310546875000000e+03
2.782616577148437500e+02
2.031166870117187500e+03
6.195495986938476562e+01
6.262681579589843750e+01
1.916027709960937500e+03
5.363481903076171875e+01
3.202610351562500000e+03
6.994877624511718750e+01
1.405590972900390625e+02
2.332000732421875000e+02
1.118828430175781250e+02
4.163084716796875000e+02
7.157392883300781250e+01
5.096474121093750000e+03
4.271093750000000000e+03
2.829460144042968750e+02
3.196058044433593750e+02
1.523056152343750000e+03
5.810186523437500000e+03
1.863046139478683472e-01
2.934583129882812500e+02
1.193312779068946838e-01
6.546264648437500000e+02
9.594334106445312500e+02
4.007450927734375000e+03
1.476454101562500000e+03
6.419598632812500000e+03
1.316743896484375000e+03
1.938270032405853271e-01
2.946662109375000000e+03
3.174780309200286865e-01
6.856335449218750000e+02
4.075287500000000000e+04
3.171220541000366211e+00
3.584454589843750000e+03
4.869698486328125000e+02
7.077210449218750000e+03
1.643425537109375000e+03
2.722883300781250000e+02
1.513887329101562500e+02
2.532892303466796875e+02
7.101728027343750000e+03
2.265039062500000000e+03
8.741455078125000000e+01
3.357227172851562500e+02
8.213170623779296875e+01
2.832954101562500000e+03
6.778931152343750000e+03
1.489441650390625000e+03
1.105591049194335938e+02
7.139591217041015625e+01
4.596987152099609375e+01
2.237585067749023438e+00
7.993063330650329590e-01
1.625463623046875000e+03
1.455421142578125000e+03
3.846649169921875000e+02
1.857700683593750000e+03
6.734461669921875000e+02
6.161518096923828125e+00
6.465089321136474609e+00
2.884611816406250000e+02
4.469315917968750000e+03
3.119254394531250000e+03
1.477766113281250000e+03
3.971571777343750000e+03
4.332591308593750000e+03
2.188679885864257812e+01
8.252888793945312500e+02
1.766748352050781250e+02
1.495735839843750000e+03
4.650527343750000000e+03
2.976398620605468750e+02
8.305366821289062500e+02
3.768171997070312500e+02
3.403973144531250000e+03
2.208442871093750000e+03
3.859526824951171875e+01
8.182720947265625000e+01
6.252538085937500000e+03
7.552739715576171875e+01
6.622039031982421875e+01
7.548333984375000000e+03
