3.727614724787455998e+03
2.371227893638986643e+03
8.288456494791767909e+03
1.489325045113019144e+02
3.640869460979131691e+04
2.347956459852789521e+02
2.978201338092125070e+02
1.611135370281053156e+03
1.796025597050766009e+03
1.449408753137259964e+03
6.551549028464240109e+03
1.266061606858183040e+03
4.129976117544852968e+03
5.426431083739483086e+01
1.522630660864216452e+03
5.736557479460273044e+02
1.966523804213721405e+03
4.100130630829080474e+02
3.566996976670110143e+03
3.458342767708983956e+03
1.976370959144307335e+03
1.943637361756446746e-01
3.123083821830046418e+03
5.893810955012349950e+03
6.525637561182874080e+00
1.310841159920680184e+03
2.460903374623454511e+03
1.414593839474413926e+03
3.329698141141161614e+03
1.889065174080654106e+04
2.036674319048860315e+00
7.527519661439361354e-01
2.843843306916357506e+03
2.354097788709042106e+03
1.345230045951678676e+03
3.709493583104016921e+02
5.136179822633562253e+03
2.314827276189462282e+03
2.436056598938727689e+02
4.115120735068396243e+03
2.244380015141975093e+02
3.451319091829765284e+01
1.025831842294132002e+04
8.434385568142963166e+03
4.243493699704997653e+02
2.111179011115820181e-01
2.589325549113432601e-01
7.307129672927907222e+02
1.233781738930767915e+02
1.240081425717261936e+03
3.423271879998696932e+03
6.544086401947504328e+02
3.191547387027615059e+02
1.836311943684032940e+03
4.907438984408475449e+02
4.379153806404251554e+03
4.177214351880683125e+02
1.270816727476458482e+03
4.543782631059060805e+03
3.855091453082015505e+03
6.951804380130470236e+02
1.421916924200298581e+03
7.022962342947963407e+03
2.273268654694710676e+03
3.272116390347806600e+02
2.063344381365527909e+02
5.198311356699081216e+02
3.902189219511487863e+03
3.533787711405940399e+02
2.465381697509347305e+03
1.787960939873253210e+03
2.984332722505820129e+03
3.356659358933562487e+01
2.785502369227176587e+03
1.482464093227736612e+03
1.621986838149227424e+03
8.442160762477742537e+03
4.592437121440323608e+03
1.339656744492577673e+03
1.385840915052864659e+02
2.872161853975555459e+03
1.546825997726891273e+03
5.365090488288468578e+02
6.690404791640202120e+02
3.339679972436919343e+03
1.718802905074526279e+02
8.602884360804487187e+02
3.790074779050358700e+01
2.753218819707857620e+03
1.815721971927293907e+03
4.192613467199629667e+03
4.938692599331958263e+03
9.012766244408879857e+00
3.612776077217796683e+03
1.260277818038650366e+03
1.942543396142700658e+03
1.538796195545759247e+03
4.681735716904973970e+02
3.917683326675331500e+03
3.317874595305301000e+02
4.113119296713643962e+03
4.593838819577676077e+03
1.397713263178350189e+02
4.593838819577676077e+03
1.397713263178350189e+02
8.636004488752380439e+02
4.167608066193656668e+03
3.753057273258130408e+03
1.742446567028198842e+03
1.652562706994564905e+03
5.088780822206124867e+03
4.373400248084149098e+02
3.365560831968326966e+04
3.411161920523816207e+02
1.734133688973573044e+03
2.116393437724198918e+02
5.001285583755194239e+03
3.443468062653287234e+02
4.015200649926091501e+02
1.135469316361106351e+01
1.397334180594563335e+01
1.602692552308086761e+03
5.543743392878443956e+03
2.814612346088952108e+02
6.993854382718644047e+03
4.899040538683841817e+01
1.020561069573432746e+02
4.322740252295487153e+03
1.199889091555301661e+02
1.013665213250575562e+03
8.233884006356220198e+02
1.079102063048435269e+02
2.848980100011127661e+02
6.857546224996619344e+01
1.007742167811905176e+02
1.952745442014050923e+02
4.392829591022527893e+03
4.524717298811938235e+03
3.796879016887662601e+02
1.743644343025336525e+02
1.699808977306156976e+03
6.002898321660674810e+03
1.175777652955500713e-01
2.552352122970871164e+02
8.083048544371670974e-02
5.541214232820022971e+02
1.706530903364916014e+02
3.716108067044808649e+02
1.497738926099554874e+03
6.793846742688758241e+03
3.225604248652434762e+03
2.531328459604657022e-01
1.354558119645342003e+03
1.749342066961133146e-01
1.700953261589845340e+02
3.377053531852360902e+04
1.597297483069557988e-01
3.921113260348714903e+03
5.113626948885280399e+02
6.189397215754296667e+03
1.652305127416881078e+03
1.791284307767383837e+02
3.187820009174027973e+02
3.336886043791208749e+02
8.516569777879412868e+03
3.000624028054975497e+03
9.145375666083137389e+01
3.105529041907389001e+02
8.727083502823265349e+01
6.495182931578887292e+03
1.337156049749538170e+03
4.419454979977776020e+03
7.848795139766956197e+01
6.196654509179342085e+01
1.996719307398576007e+02
7.836415869682382684e-01
3.345858162783789336e+00
1.245316188859041631e+03
1.515868565363909966e+03
6.466761683876808092e+03
5.642278389976382869e+02
1.014686614305797320e+03
2.375349287132132170e-01
1.205739781225997120e+00
4.162703392653389528e+03
1.720815611013643547e+03
3.860078667044691429e+03
1.647228272260921585e+03
6.561895736471773489e+03
3.595920666891383917e+03
1.254953100059752469e+00
1.251285167604836772e+02
9.176154720674765031e+02
1.699790173501027084e+03
5.291411565635871739e+03
3.904717081231670477e+02
1.270797733463489521e+03
4.570163704835631506e+02
4.620254854119950323e+03
3.478053540585049177e+02
1.748475860868175687e+03
1.812975894243801065e+02
5.386080669643204601e+03
6.970600397511397261e+01
7.242184538676102079e+01
4.730790805033871948e+03
