3.208742621745584074e+03
2.984525373036315159e+03
8.668426111150130964e+03
2.210469654900071248e+02
3.368448528447555873e+04
1.491076344178404725e+03
4.149065301652287417e+03
3.116964881707031964e+03
1.129567070385886609e+03
1.320897457349818524e+03
4.408684022328627179e+03
4.579351477236185929e+03
2.294880149235045792e+03
3.262230655719754395e+03
1.518895396991999633e+03
8.840073040233966822e+03
1.041398684893174732e+03
8.291564965058220196e+02
2.603350019431000874e+03
3.565650917967749592e+03
1.716679042423896817e+03
7.565083263243817555e+02
4.889358569160815932e+03
4.624318069330430262e+03
5.499109683087098688e+00
3.288472672976856302e+03
1.755379108556833444e+03
2.674605541428495144e+03
5.171835475942402809e+02
3.495696705039193603e+03
1.722245885351172845e+01
2.676182415818843765e+02
9.320880428214771882e+02
2.042686284630636010e+03
4.030684108424296937e+03
2.219147760897711123e+03
3.461043648697185290e+03
3.529452168348552277e+03
9.306489021734574862e+02
1.319262549047816947e+03
5.414262007138329864e+03
4.363385484610753906e+01
1.061080727591010145e+04
3.725605304128106127e+03
3.050360771351292897e+03
3.452995092662499488e+00
1.013383398972015215e+01
1.625350129203090773e+03
1.601637773438304748e+02
4.392910879189858861e+03
4.486728621191869934e+03
9.915058845738520859e+02
4.974791482498258119e+02
1.473084222748079810e+03
6.293590626123967013e+03
5.942902367429961714e+02
6.472203615508153689e+02
4.994425304310151660e+03
3.283761671351777750e+03
4.698300574116547068e+02
1.357978347629505606e+03
1.564630879278126713e+03
9.648090617191841375e+03
4.779873432084482943e+02
1.527776037353497486e+03
3.782697271780740721e+03
6.059527637373819289e+02
3.970883576501757489e+03
3.540892575953182586e+02
3.843026603992908008e+02
1.443277467786173474e+03
5.448076415740463744e+03
5.609746731798709085e+00
2.203985977138224825e+03
5.725328338162603359e+03
1.963847970968777190e+03
4.509184996488675097e+03
4.960569092530057787e+03
5.167857495060101428e+03
1.597624567551806365e+02
1.140346595301912345e+02
1.500749554126912017e+03
5.369516497995574582e+02
2.835841816624737248e+02
1.844435036971072122e+03
6.937074401518473223e+02
7.187474063458247429e+02
2.014591853615501350e+03
3.697001662501005740e+03
1.954554961304683275e+03
4.071894684705260261e+03
4.205671074829492682e+03
6.056905862471707991e+01
2.679962312286476390e+03
2.222385252709404540e+03
3.108110225185468153e+03
1.611117677931174057e+03
5.217267161974333476e+02
2.049092301782221966e+03
2.069407739230931384e+03
1.093265840149129190e+03
5.092203626989575241e+03
4.048904076377452270e+02
5.092203626989575241e+03
4.048904076377452270e+02
1.028874910920552247e+04
3.831534534310357685e+03
1.691697228358116263e+03
1.153436457001902227e+03
1.465426140191896138e+03
6.500998999133686084e+03
7.843978380947502274e+02
3.448373763281729043e+04
3.361647747535694748e+02
2.501304873142724773e+03
4.049269420453258135e+03
1.663220849966432525e+03
4.007514886406882852e+03
1.686449994992570510e+03
3.478286345396538337e+01
2.888610262685894980e+01
1.466095913559962355e+03
8.282759758012629391e+03
2.196249443306029661e+03
2.255142510964236067e+02
6.754102938830459379e+01
2.046344712369720042e+01
7.045277817011489105e+02
2.478123509371997102e+02
9.582304187933335697e+02
5.500958399364318439e+02
1.991898361839823224e+02
9.476239322645393770e+01
1.259638140952419235e+03
1.980108183679619287e+03
7.784385556480406194e+02
2.958426878162117191e+03
2.912088107720533571e+03
1.657863879097200197e+03
9.385026181336958189e+02
1.412791135409589970e+03
1.021257932693193834e+04
4.369105052737833006e+00
1.836117923090654131e+03
3.639307205035711590e+00
1.769644063075295890e+03
1.459977269283680926e+03
8.662744649367442662e+02
2.883646799066155381e+03
4.638074863223941975e+03
2.157233885625798848e+03
1.511911105798419142e+00
1.951840172285212986e+02
4.129580397346580334e+00
4.169958328771861034e+02
3.928113372361189977e+04
6.699028302513909239e+00
4.177829235010180128e+03
2.428621463049633178e+02
4.459821685991103095e+02
6.892527901686075893e+02
2.850607103203569295e+03
1.070894681902882894e+03
1.472953133346984259e+03
9.804845968633610028e+03
2.376368307331124186e+02
8.498188526372335616e+01
4.336619677066462941e+02
6.593255147337581548e+02
3.825823976896416752e+03
4.167994221068877778e+03
2.413144661801969505e+03
2.062230219403241790e+03
5.032584101711307198e+02
2.675862922814143076e+03
5.302587031363969139e+00
3.959360878207355494e+00
4.114298181565750383e+03
1.497695447373406978e+03
8.889899098156776745e+03
1.863146913910916965e+03
2.745161352146438730e+03
3.806271645459745390e+00
1.211564411699439736e+00
1.290674376112196342e+03
4.794248406380489769e+02
3.632671696798439370e+03
1.863603230787695111e+03
4.417719545504353846e+03
4.121729629777892114e+03
1.721874234077330534e+00
2.698938464833322996e+03
1.122966800469504051e+03
1.685733570143584302e+03
1.259677936480744620e+03
4.257532078731226648e+03
3.501232372721412503e+03
2.717414841359551247e+03
1.707484793593052018e+03
7.018792776681127634e+02
6.983807682533129082e+02
1.981431099873415860e+03
3.852709784805367690e+03
6.725148285903503620e+01
6.694120243566773354e+01
4.242000934048608542e+03
