5.363987591374677322e+03
3.749260518032109758e+03
4.577687674863148004e+02
3.755223885692967087e+02
3.204173549052463932e+04
8.104389835040527942e+03
3.032621792369508967e+03
3.820342502869504187e+03
9.822782476428004657e+02
1.234947161191874557e+03
4.321253955052713536e+03
4.598434154263841265e+03
2.498417153126772064e+03
1.208765906128929601e+03
1.473255575091694027e+03
5.873000081580291862e+02
1.037699398991291901e+03
3.056277129135155064e+03
9.913800808223120384e+02
3.452733818575977239e+03
1.909945773534892624e+03
1.242249343100696679e+00
4.140232309131243710e+03
4.557305756086914698e+03
3.808844656685412389e+01
5.082279226867301986e+03
1.265119804708748916e+03
1.598954390985785494e+03
4.963831177853494978e+02
3.990384331742947779e+03
3.677982084555625875e+01
3.038634654589009720e+00
4.035525786400560264e+02
1.868191622483945821e+03
4.625989982153065284e+03
1.863355829518646942e+03
3.953010008253511842e+03
1.828234196650135118e+03
4.321932090421553312e+02
5.396730718376372351e+03
4.730393411692807035e+02
7.543542852269227694e+01
2.583253894227039837e+03
2.005244602547260001e+03
3.337986958766063594e+02
5.244449803332117410e-01
3.323622053653060848e-01
8.858398716280045846e+03
3.631260947307083597e+02
2.743620282251177741e+03
3.088966763353441820e+03
3.203093800170782288e+03
2.550222111571705682e+03
1.438260995265959536e+03
5.424502868416370802e+02
1.891990822155973547e+03
8.776951816283583412e+02
1.777254810521491436e+03
4.007481734155166123e+03
3.018507082589570018e+03
1.867957250247841557e+03
1.357066332587962052e+03
8.209554200429563934e+03
2.262861817237408559e+03
4.878182246802488180e+02
1.650713502736617784e+02
7.503014858508081488e+02
3.861227855599017403e+03
9.666364682683250749e+02
5.814615893720309941e+03
1.483380331806555205e+03
5.839574894557650623e+03
3.855687843889992195e+01
1.906101217973851590e+03
5.924464095323211950e+03
2.340640164660876053e+03
4.708830292218713112e+03
6.202060446991873505e+03
5.927259065977863429e+03
1.959011895168100921e+02
9.706389358208620877e+01
1.597148343633879222e+03
5.402957792246080544e+02
2.571003129611687541e+02
2.020795624926759274e+03
2.801549296377961582e+02
5.698006883557729907e+02
2.751469374912229796e+03
3.364413551038376681e+03
1.916703205110283761e+03
4.145073597084332505e+03
4.488412960903059684e+03
6.150006526168242260e+01
3.260350081999214126e+03
3.985781282173398722e+03
4.033609428496218925e+02
1.455474539683193370e+03
5.375574519283707104e+02
1.645064223874250729e+03
3.123170608222468672e+03
7.629687419704991953e+02
5.688742564227637786e+02
3.639741333129285863e+02
5.688742564227637786e+02
3.639741333129285863e+02
4.634533474327922704e+03
3.906116295712603005e+03
2.212677077275202919e+03
1.199984493678788795e+03
1.591965357817043923e+03
5.899016343564063391e+03
1.948556480934751107e+03
3.456318727518644300e+04
4.205171190627921192e+02
4.304600813081690831e+03
8.407723058955739361e+02
3.716837574168361243e+03
1.425720360472179664e+03
3.206884855486452125e+03
9.570369199431037543e+01
1.990094131651076026e+01
1.516201532227776397e+03
9.206157939005710432e+03
1.474407688484238633e+03
2.296762374189478635e+02
4.194383735343172503e+01
5.280019288018380053e+01
1.556073277155829544e+02
1.189364489924647614e+03
7.337061072520168636e+02
5.473000018684693941e+02
7.113376812412255958e+02
2.104707671383398974e+03
9.397041636799498292e+02
6.026143698651245586e+02
1.219604688995442814e+02
4.133147843824221127e+03
4.405314664888305742e+03
1.227011427228765569e+03
1.094744014807850363e+03
1.450312349542254651e+03
8.624142942390921235e+03
4.004289179217787042e-01
1.547866002498569287e+03
5.254713571132449967e-01
1.054316066996358586e+03
2.063625548028788671e+03
3.839015299253485864e+03
1.494239461664169312e+03
4.033825921279161321e+03
2.296436507494923717e+03
2.650295169945859897e-01
2.821634270744788410e+03
3.283128418720353547e-01
8.714929612708550621e+02
3.487938625337364647e+04
4.871315100288831079e-01
1.665406790286764135e+03
2.483294278937749368e+03
7.397323623919718329e+02
1.565396531010676199e+03
1.069426718517948984e+03
1.275139652757274007e+03
2.235427173693751683e+03
7.581615390250985001e+03
5.648265355533726506e+02
1.862738293046966874e+03
6.937707229521406589e+02
3.417670048017407225e+03
3.504674209714450171e+03
3.719869063591406757e+03
2.892263554892999309e+03
7.321731532845765855e+01
9.925810279264889857e+01
1.129661731038966934e+02
9.824765976215136254e-01
3.688549212484399042e+00
1.396212603888816602e+03
1.511818627224369038e+03
5.277990038363408530e+03
5.612746068718753349e+02
1.620919634710369564e+03
5.940779213447349161e-01
3.395766305814887254e+00
3.283895039168337917e+03
1.726184718143130567e+03
3.586082931784966149e+03
1.777425264038864498e+03
4.287571859244338157e+03
4.491940506754256603e+03
1.882117852324570606e+01
1.844795337468855678e+03
2.262972097768455569e+03
1.847317081982335139e+03
2.662363696097297634e+03
3.530640157121763423e+03
3.455207092511930114e+03
2.100572461383484097e+03
1.560965598024096153e+03
1.344518550370062485e+03
1.797547782503702365e+03
1.935128019538734861e+03
4.615229958210492441e+03
6.770523797944767352e+01
6.647419638278346099e+01
4.055774740408947764e+03
