2.920207519531250000e+03
4.124444824218750000e+03
4.600535583496093750e+02
4.361756591796875000e+02
3.411561718750000000e+04
8.260396484375000000e+03
1.097413940429687500e+03
1.915457763671875000e+03
3.653625183105468750e+02
1.186884155273437500e+03
4.168005371093750000e+03
5.818027343750000000e+03
6.599343750000000000e+03
7.256180572509765625e+01
1.254973266601562500e+03
5.972001953125000000e+03
2.610069824218750000e+03
1.932358245849609375e+02
5.077318847656250000e+03
4.153352539062500000e+03
1.325223999023437500e+03
7.121844589710235596e-02
3.737608154296875000e+03
4.396139160156250000e+03
9.393500328063964844e+00
2.492546142578125000e+03
3.202753173828125000e+03
3.749295654296875000e+03
3.678385498046875000e+03
8.357109375000000000e+02
2.356129437685012817e-01
2.859473526477813721e-01
3.622926025390625000e+02
1.788818481445312500e+03
3.689991943359375000e+03
6.741021728515625000e+02
8.764924804687500000e+03
1.037605590820312500e+03
9.063014221191406250e+01
5.588797851562500000e+03
7.050363769531250000e+02
8.321321105957031250e+01
4.317792480468750000e+03
6.941598632812500000e+03
6.664295654296875000e+02
1.224766492843627930e+00
2.998044252395629883e+00
6.344340896606445312e+01
1.519277832031250000e+03
3.221519775390625000e+03
1.174418090820312500e+03
6.510410156250000000e+02
4.896631347656250000e+03
2.277938232421875000e+03
5.409519653320312500e+02
2.979600097656250000e+03
2.187268554687500000e+03
1.240267333984375000e+03
3.868483154296875000e+03
2.675503417968750000e+03
2.294838134765625000e+03
1.881957519531250000e+03
5.803857421875000000e+02
4.985244628906250000e+03
4.873835754394531250e+02
3.643924560546875000e+02
5.314849609375000000e+03
4.938780273437500000e+03
3.358838806152343750e+02
7.351378784179687500e+02
1.529753295898437500e+03
4.365723571777343750e+02
1.796999216079711914e+00
2.649708007812500000e+03
8.067584960937500000e+03
1.656822509765625000e+03
2.079137207031250000e+03
1.387129394531250000e+03
8.021639160156250000e+03
2.159133148193359375e+02
1.659412231445312500e+03
2.328304687500000000e+03
9.013485351562500000e+03
2.909339843750000000e+03
3.778232421875000000e+02
3.632439208984375000e+03
5.176696166992187500e+02
5.026864257812500000e+03
3.846705810546875000e+03
1.368683715820312500e+03
3.402127441406250000e+03
4.030837402343750000e+03
2.257362937927246094e+01
1.077552734375000000e+03
1.849844482421875000e+03
2.789605407714843750e+02
1.774370117187500000e+03
7.168067382812500000e+03
2.053555419921875000e+03
3.480637207031250000e+02
3.781923828125000000e+02
3.871403320312500000e+03
8.619807434082031250e+01
3.871403320312500000e+03
8.619807434082031250e+01
1.233828811645507812e+02
1.111938232421875000e+03
5.566262817382812500e+02
4.948635253906250000e+03
5.969728027343750000e+03
5.027496948242187500e+02
5.230940551757812500e+02
3.532857812500000000e+04
4.516758117675781250e+02
3.802920654296875000e+03
5.497782135009765625e+01
3.957830810546875000e+03
9.987716064453125000e+02
7.674561035156250000e+03
9.442590332031250000e+01
2.622043457031250000e+02
1.579119140625000000e+03
5.453922119140625000e+02
3.893553710937500000e+03
2.616715698242187500e+02
4.241078186035156250e+01
2.978067207336425781e+01
9.752474975585937500e+01
1.747146606445312500e+02
1.348869781494140625e+02
7.279503417968750000e+03
4.237825927734375000e+02
3.635429382324218750e+02
3.516051757812500000e+03
2.091124511718750000e+03
2.157579040527343750e+02
1.288324096679687500e+03
2.509657958984375000e+03
2.978185546875000000e+03
2.429162109375000000e+03
1.532876831054687500e+03
3.618233642578125000e+03
5.074274539947509766e-01
1.938912475585937500e+03
3.237011432647705078e-01
3.278202514648437500e+02
3.377532714843750000e+03
1.153046630859375000e+03
1.431492187500000000e+03
1.328548461914062500e+03
2.607484130859375000e+03
5.648006200790405273e-01
8.858287811279296875e+01
1.076347947120666504e+00
3.948800964355468750e+02
3.264563085937500000e+04
3.043700754642486572e-01
4.964863281250000000e+03
5.102797851562500000e+03
1.456164306640625000e+03
4.043722534179687500e+02
2.722407531738281250e+02
2.913217773437500000e+02
1.750667572021484375e+02
1.117461230468750000e+04
7.364938964843750000e+02
1.966196289062500000e+02
6.325397109985351562e+01
4.392050933837890625e+01
1.496710327148437500e+03
3.728577148437500000e+03
7.318572265625000000e+03
3.682858276367187500e+01
8.004083251953125000e+01
3.811108398437500000e+01
3.243117034435272217e-01
7.813544571399688721e-02
1.094666870117187500e+03
1.705023681640625000e+03
4.392467773437500000e+03
3.602084350585937500e+02
6.096691284179687500e+02
4.011436104774475098e-01
1.947589814662933350e-01
2.895057617187500000e+03
9.970658569335937500e+02
5.287393554687500000e+03
1.131235107421875000e+03
4.594163085937500000e+03
4.784861816406250000e+03
3.398062661290168762e-02
1.508573760986328125e+02
3.211838134765625000e+03
1.404961914062500000e+03
8.818819335937500000e+03
3.389989013671875000e+02
3.957453613281250000e+03
7.836445312500000000e+02
2.451534667968750000e+03
3.780610961914062500e+02
8.953093261718750000e+02
9.485034179687500000e+01
3.108889404296875000e+03
7.165333557128906250e+01
6.763550567626953125e+01
3.457682861328125000e+03
