2.498746208942557168e-01
2.556987287846797519e-01
2.230458260209442767e-01
3.890360815786407245e-01
1.748247915451483225e-01
4.022046081378805593e-01
2.999308642952382975e-01
2.696338340372617104e-01
2.552938398203081771e-01
3.035101165546407742e-01
2.463538998930896451e-01
2.768966211481586059e-01
2.592453246471920214e-01
2.848857272337780855e-01
2.945674342527360157e-01
2.160101208826546160e-01
2.883327562146951184e-01
2.932760648115930735e-01
2.927159433361321561e-01
2.548654910861283818e-01
2.862375860626456547e-01
9.649396085799951672e-01
2.484372939109286416e-01
2.466911806836348808e-01
7.325247883965432250e-01
3.045804617479731524e-01
2.455961054439456670e-01
3.152218663507846408e-01
2.518323116082612501e-01
2.172336425696204665e-01
7.659788302379280100e-01
7.378350424176183253e-01
2.412692805406249918e-01
2.906023799087362747e-01
3.015782089185071735e-01
3.596212858400406054e-01
2.476824652752553091e-01
2.750227017312184552e-01
4.096970810013601527e-01
2.507477291795134344e-01
3.391883412270756404e-01
4.789058855160093775e-01
2.259345266698373766e-01
2.290282865264999246e-01
3.374339964917529855e-01
7.976762745504628604e-01
8.908214818031152671e-01
3.249449439318832789e-01
3.746930369315810139e-01
2.533686249531019730e-01
2.759774798678656937e-01
2.913941131350578639e-01
2.688802975494323233e-01
2.952284638598484667e-01
2.276525901107507022e-01
3.029037451769449052e-01
2.948526164369629221e-01
2.596100676672519758e-01
2.662415076271913428e-01
2.777182582813729206e-01
2.706687107241722012e-01
2.923430814462805172e-01
2.187118140675803346e-01
2.511741163905948926e-01
2.720700115946810826e-01
2.961858576025076517e-01
2.951687539135060545e-01
2.463480755471164074e-01
3.385980711119560005e-01
2.605415764823152402e-01
2.929217720814255577e-01
2.369197479579188415e-01
8.356309363193710205e-01
2.343179019975139277e-01
3.102511786470296129e-01
2.824656564167060124e-01
2.209291770258378085e-01
2.570213541829616810e-01
2.451590653327399283e-01
3.042225592638894693e-01
4.008611890752505902e-01
2.892517040867138567e-01
3.421680916645594706e-01
2.907106868665689237e-01
2.819418580319833501e-01
3.216776160718112787e-01
3.132706657034733944e-01
3.167475661515475327e-01
2.552146254822124649e-01
2.867445011830337398e-01
2.484584625746437958e-01
2.469949998476337338e-01
5.355129503693620840e-01
2.462149545325102162e-01
2.465538701514601305e-01
3.252572841369663070e-01
2.951348697718614855e-01
3.037945367986946699e-01
3.192732282064338345e-01
3.816968919952486439e-01
3.120879141859138617e-01
3.774324029063931274e-01
3.169846448229811098e-01
3.774324029063931274e-01
3.169846448229811098e-01
2.231592603951727816e-01
2.414375314390542204e-01
3.457512745499094486e-01
2.660634369285829193e-01
2.904008681167918327e-01
2.318472595556994864e-01
3.254489238820874597e-01
1.752565000186602495e-01
3.650320190852351931e-01
2.472824607911603412e-01
3.279558533680052568e-01
2.485847761981738735e-01
3.445544417224776779e-01
3.407684582956722608e-01
6.255142646685302177e-01
5.476946188644492564e-01
2.964801484208407500e-01
2.245416486767899400e-01
3.407241309255800155e-01
2.509067316119326096e-01
3.904040307433461199e-01
4.689642819279478125e-01
2.572865118671084361e-01
4.157326618840467836e-01
2.712644402672192978e-01
3.650087731216569709e-01
3.677862235809078451e-01
3.574144267907305439e-01
3.872699653504292905e-01
3.716618838614837994e-01
3.838580938466234493e-01
2.443805720690963024e-01
2.425643496477231653e-01
3.711512612798242849e-01
3.705739269936651481e-01
2.956705559997637178e-01
2.303483611240824958e-01
8.568289041473292622e-01
3.737972810828169012e-01
7.426039633715325605e-01
3.307499741450924957e-01
3.292243100117289156e-01
3.220347935213941359e-01
2.721752585126673285e-01
2.393750196564956301e-01
2.541098893877980491e-01
6.110221346432629375e-01
2.701546643769428546e-01
7.574499423720318925e-01
2.806124380799001061e-01
1.738212608017039029e-01
5.788503779461631193e-01
2.470869134021670688e-01
2.927822809108995283e-01
2.892193946717196984e-01
2.942310716615142430e-01
3.149427371074942639e-01
3.058939277316709560e-01
3.138959955839331628e-01
2.211835211768650167e-01
2.823694737574842240e-01
3.733700465147918313e-01
3.733156510103780024e-01
3.775663581785233536e-01
2.562232732495310916e-01
2.563515971275090455e-01
2.535926016681327999e-01
3.193183911667112351e-01
3.221157053655618885e-01
3.280678175141397146e-01
5.997551893757180341e-01
5.555936363965128244e-01
3.030549212991832664e-01
2.923686271977826157e-01
2.526958396666351692e-01
3.133125908778244262e-01
3.168482968762741381e-01
8.059671049541625720e-01
7.490983412753943194e-01
3.438875294751937428e-01
2.813619042202976095e-01
2.542859645192819262e-01
2.856855460328960317e-01
2.465945416885799435e-01
2.465982459061563381e-01
8.219469970386668045e-01
2.709878670740875073e-01
3.125196538918110778e-01
2.957742361610465887e-01
2.619442205058993278e-01
3.055706624682762995e-01
2.855165680507161241e-01
2.995862372858998368e-01
2.491651777400103740e-01
2.600490158098344717e-01
4.075588288126880676e-01
4.031236055782009831e-01
2.478423573796502688e-01
4.961429875572808679e-01
4.960553322216857963e-01
2.473318799170490245e-01
