3.680830787413585767e+03
3.084046623416415059e+03
7.190299928896487472e+03
4.524803735479942475e+02
3.526467411822553549e+04
6.520027327898094427e+02
1.048906930940178654e+03
2.628676907235808358e+03
3.134970570268309530e+03
1.285672930874509802e+03
4.274126097551127714e+03
2.654741437242507800e+03
4.070328669374340734e+03
1.335154349640138491e+02
1.551438821173514498e+03
7.843995182553659106e+03
1.834542852383685386e+03
1.079701764814182980e+03
1.911763469646515432e+03
3.669682350392787612e+03
1.785744244999819557e+03
9.380883940977049917e+01
4.315684086776788718e+03
4.417954903091918823e+03
1.353845750828781291e+01
3.555845947256881118e+03
1.651646923952685256e+03
7.472124121828710486e+02
6.445307410109457123e+03
1.451657683892464320e+03
6.254521689879898361e+01
7.919181053337939602e+01
1.753929205919918786e+03
2.702488854728218030e+03
4.586747849888153723e+03
2.037077309480161830e+03
3.524468956621534744e+03
1.081988804379695011e+03
2.272217952449955646e+03
3.936651200356338450e+03
3.460405103695516573e+03
7.533895965586489751e+01
8.057434553846449489e+03
7.941379870904623203e+03
1.211674103043135801e+03
3.421848512646133145e+01
4.065975498738634997e+01
2.880084456816825309e+02
3.313426486078483322e+03
2.639837774024931150e+03
3.012392735624523993e+03
2.601731136010059345e+03
2.321732387793123507e+03
1.502130470044195135e+03
7.903693394657785575e+03
1.807016742978815273e+03
1.021957440103892168e+03
3.086050320566983373e+03
2.901189843791608382e+03
2.320781583759890964e+03
2.488493679633111697e+03
1.441812392418186846e+03
1.046719942767055181e+04
2.639667834404865062e+03
1.753641541962064139e+03
6.269894688357167070e+02
8.999072707051136604e+02
3.419619696407437914e+03
9.386947480078581521e+02
1.135599079367490504e+03
1.484793037286802701e+03
7.261426412690895631e+03
7.716133394566762504e+00
6.097392825194898251e+03
7.057951865778810543e+02
1.810329347177527097e+03
8.248449009164034578e+03
4.848162065956158585e+03
5.067056521337148297e+03
2.662366688044526768e+02
3.909501159682818070e+02
1.584816947932129324e+03
6.045546572456036074e+02
8.255497484580668015e+02
1.836035630817434367e+03
1.149278611652569907e+03
2.035004257931077746e+03
2.575973431725442879e+03
3.625497911452616336e+03
1.828659077135428788e+03
4.237364332385036505e+03
4.431461918688568403e+03
3.246032128511451447e+02
2.674768773427125780e+03
3.434738489714136904e+03
1.799975683474764764e+03
1.623917413871921781e+03
7.456423725355212810e+03
3.997859543218853105e+03
1.464020724369090203e+03
1.537813223195720411e+03
2.074495376588700765e+03
2.371464839130924247e+03
2.074495376588700765e+03
2.371464839130924247e+03
8.269475914988650402e+03
2.830379145723488818e+03
1.492291913415535419e+03
2.406273521214705852e+03
1.498941506525331079e+03
8.638789358478215945e+03
1.720698721612417785e+03
3.457672225631836045e+04
5.424251369456650309e+02
3.044400820228433986e+03
1.019439065558892139e+03
3.733811043590225381e+03
8.736957133332907688e+02
1.274401447176373949e+03
7.650822143772496986e+01
1.254544411836297257e+02
1.468360100575593833e+03
8.152991524477348321e+03
1.285972793210909913e+03
1.991641390890862340e+03
2.554873879835196249e+02
2.090217428513746540e+02
2.842983498122435321e+03
3.281451457421069335e+02
2.139537852174892578e+03
7.577499945742786167e+02
5.995225213137764513e+02
5.831775281348949420e+02
3.524923118539277311e+02
4.605931282573334329e+02
3.309569842465596707e+02
3.285115273685352804e+03
3.936923648457864601e+03
1.914005866993730706e+03
1.591017069686893592e+03
1.474286907248279476e+03
9.610548684519737435e+03
2.993647411835667640e+02
2.094628927399315671e+03
9.456980746704778085e+01
1.063488291565648069e+03
1.296950215376718688e+03
2.515149977476221011e+03
2.614956495804285623e+03
4.131738976668947544e+03
2.656126418393444055e+03
1.113505295203852086e+02
1.168016514248827434e+03
3.089135587129229634e+02
9.264550739166496669e+02
3.686961894481001946e+04
5.852043534834707295e+00
2.629715514367312153e+03
2.033099841744874539e+03
2.011421161847127905e+03
2.017152074187181142e+03
1.056227903497793477e+03
9.908508021805409953e+02
1.036197617393731889e+03
9.282143857870270949e+03
1.193589518249960520e+03
6.442264830145800261e+02
6.674541286683630688e+02
6.461103141366351110e+02
3.445691718475992730e+03
3.597377046831411917e+03
3.761491020682347425e+03
1.375249751357293064e+02
2.057652647160581409e+02
1.799747164696840116e+02
5.327049822005470560e+03
6.399310488464007562e+01
4.620608657861679603e+03
1.511544415127689263e+03
5.671444860672456343e+03
1.230229169191888559e+03
4.734325770244043269e+03
4.986477196659525823e+00
1.627840375520111849e+01
2.596536036578390849e+03
4.875869279736900239e+02
3.578140992468632248e+03
1.820768412240889575e+03
4.429553287267957785e+03
4.474440643552926304e+03
4.300123240547216952e+00
2.057032611823258321e+03
1.493560717999591816e+03
1.643062948833448900e+03
2.234449548948066422e+03
2.341252280880463786e+03
1.259772147616630946e+03
2.347012935658563492e+03
2.885310780856862493e+03
1.443337934835994020e+03
3.165125061162956399e+02
3.086549896805032631e+02
4.363159938332550155e+03
6.699317152487616056e+01
6.682322929260240585e+01
4.327960819682783949e+03
