2.582188552585415464e-01
2.777156545122383968e-01
2.245907030542912686e-01
4.338316629074382424e-01
1.684101517262101555e-01
4.091405608545221062e-01
2.548136416631634482e-01
2.618491633271468610e-01
3.025243539754859379e-01
2.977347077562480515e-01
2.163261148416195656e-01
2.598249608354288309e-01
2.977415270787230894e-01
4.149723107340144712e-01
2.963325702656137151e-01
2.238168862377557244e-01
3.902793824902246467e-01
2.434645753198736162e-01
3.270626650612030728e-01
2.574218204450132719e-01
2.704403381264270378e-01
1.356366756897813497e+00
2.588937883895098269e-01
2.541849914531048582e-01
6.927120118669134463e-01
2.974642491184542048e-01
3.020992852044249721e-01
3.893750912548696874e-01
2.634596537387923765e-01
2.203587878024309554e-01
4.536407921819171629e-01
6.826536100521217731e-01
3.435767888453230556e-01
2.684045131098365955e-01
2.393094164866191031e-01
2.236447932764742408e-01
2.622231535536084790e-01
2.801035365649465758e-01
3.364951645788715195e-01
3.087620479011864427e-01
3.445765087988569841e-01
5.088869914385949489e-01
2.373899524377186543e-01
2.226499338361702662e-01
2.705660463532585380e-01
6.344856044125833927e-01
5.360801846307341467e-01
4.119040973228829117e-01
5.111721156625741447e-01
3.088866799485165404e-01
2.539803098029576600e-01
3.364000898378646243e-01
3.826904594636364454e-01
2.867490041229228681e-01
2.363958363909806071e-01
2.761484952998910503e-01
3.798038957477182231e-01
3.027556517537237091e-01
2.472751574725448320e-01
2.467346644506887565e-01
3.269372868284337041e-01
2.920187997268984814e-01
2.382477503856885448e-01
2.654995018511902005e-01
3.732264665764765676e-01
3.037449383810802983e-01
2.130046619955433262e-01
2.427302885766770557e-01
3.699675522024861718e-01
3.923824747884600561e-01
2.936357584654113451e-01
2.062546755662518494e-01
8.321313302690753755e-01
2.308094778114752887e-01
3.551928689160929187e-01
3.012324837392461041e-01
2.343714830837842211e-01
2.363577485162029479e-01
2.456989438115706192e-01
4.171941303088808062e-01
4.612254848937550888e-01
2.891885624562819945e-01
3.554335219507220311e-01
4.043427126491701551e-01
3.864439998861668446e-01
2.709261454464785834e-01
3.331755974864001324e-01
4.714159346185929356e-01
2.633344236377666570e-01
2.886347155957715849e-01
2.513981158500755986e-01
2.445158975572164495e-01
6.890978816670350060e-01
3.062318825655209742e-01
2.405722740638440993e-01
3.058643335292206000e-01
2.891988739741683245e-01
2.509760864813110337e-01
2.821382868775639263e-01
3.448550114485754992e-01
3.775116205101549660e-01
2.296910749190848033e-01
2.116340530066976311e-01
2.296910749190848033e-01
2.116340530066976311e-01
1.960637711824639584e-01
2.372003346388617817e-01
2.880468355466017649e-01
3.348405363156213288e-01
3.039885149969968614e-01
2.163931589122170818e-01
3.991803811323474949e-01
1.758010244090581764e-01
4.001624598573171321e-01
3.606188293575582904e-01
4.462263878034454234e-01
2.318361264272711941e-01
3.003381202568697339e-01
2.354442619950925242e-01
6.877478919367381316e-01
6.618314961443482192e-01
3.044798685615346945e-01
2.078316205104537573e-01
3.199624731101435304e-01
4.166269046886444394e-01
6.497399222977499056e-01
5.107777699814367578e-01
4.779989458769742794e-01
3.131596710259329508e-01
4.834148854827853836e-01
2.296823692289818586e-01
3.331380794222331132e-01
3.899358242752542503e-01
5.103743083741827391e-01
4.564350847589141447e-01
5.576844770610918101e-01
2.630760685845968672e-01
2.975735360032030208e-01
2.698795806435838607e-01
2.431624666257369283e-01
2.902740225240027505e-01
2.328218226424661474e-01
5.117869948542868030e-01
2.267112592928343107e-01
5.359001158179250712e-01
2.542695414099784834e-01
3.005927476842986668e-01
2.339123784374805837e-01
2.819467758682129288e-01
2.380966113313270349e-01
2.998816050351190698e-01
3.214249311491481631e-01
4.310776888859068623e-01
2.520337116470503513e-01
4.361042948621558502e-01
1.675499518312689728e-01
8.211765217619786394e-01
2.604035135213399466e-01
2.632052004767527764e-01
2.728167762700052790e-01
3.744716044528886845e-01
3.661833134639724263e-01
3.831044118112257313e-01
4.331350628500323929e-01
2.185771912585000587e-01
2.911390931579344588e-01
3.902063059765712438e-01
4.653138507238677168e-01
5.124577304352302409e-01
3.029323159830588086e-01
2.450408047601160266e-01
2.519285382946260810e-01
5.064438579339701763e-01
4.415438484335985070e-01
5.255225268036630704e-01
2.814356092032669343e-01
6.169197617543115131e-01
2.060752211104771581e-01
2.927763487424337452e-01
2.220562982069134994e-01
3.820182699976569785e-01
2.834960220769175976e-01
1.085698847753175489e+00
8.598875996384730547e-01
2.674415384457910494e-01
3.726405832431980980e-01
2.556736169965662664e-01
2.792149196828126456e-01
2.507289353537824894e-01
2.472589452833197921e-01
9.866938520258504708e-01
4.246986806401163439e-01
2.836863697144093033e-01
2.956365930632371963e-01
2.234054362683773609e-01
3.763442608376114662e-01
2.726205584073775889e-01
3.516787581291320741e-01
2.685013414288965339e-01
3.835647971953703439e-01
2.960675362255869580e-01
4.742625686213113312e-01
2.375647436071297303e-01
4.941295339608028359e-01
4.952867660294911212e-01
2.567995786623501475e-01
