2.373794468933642376e-01
2.651150540568216196e-01
2.253308287561489043e-01
4.218921310613803488e-01
1.704963012855825466e-01
4.419117002852478437e-01
2.442744050866367533e-01
2.791164814098938129e-01
2.816202646154901679e-01
2.959003173005284593e-01
2.597941145183436662e-01
2.503976514325520486e-01
3.015111694451126367e-01
5.391335477783475438e-01
2.874891174081906642e-01
2.232979977388165616e-01
3.131149665914838565e-01
3.988708857079028003e-01
2.606510811812242090e-01
2.730219969004474279e-01
2.596805389788395813e-01
1.042106383776888467e+00
2.643955038444932293e-01
2.463046619802787274e-01
7.532237148283017492e-01
3.087798659405491808e-01
2.380336214888377766e-01
3.656555129951138405e-01
1.881488709642845092e-01
3.665801298415493625e-01
8.046975076754983025e-01
9.583970271378801087e-01
3.512050224499834172e-01
2.770234325607249803e-01
2.414415013539029931e-01
2.403288925171966628e-01
2.269823708714346910e-01
2.586580807384499248e-01
3.555741908346135016e-01
2.471315262493720410e-01
3.650218872088595856e-01
4.571531404811345900e-01
2.262078655906962221e-01
2.834095956088875101e-01
3.633482732489436429e-01
6.763585815194346207e-01
7.448549858839323967e-01
2.330343284557950256e-01
5.230630638318233272e-01
3.092021943649420068e-01
2.626251916864585367e-01
2.632204581262785892e-01
3.178190898768039063e-01
2.879062298161145228e-01
2.781959774473383162e-01
3.021357051139363370e-01
3.945605122246412799e-01
2.481954966687615061e-01
2.990618681217415142e-01
2.706011556766254045e-01
2.568384699730409393e-01
2.215942123828687216e-01
3.693358904341177418e-01
3.115653964537082876e-01
3.855566958195274507e-01
4.742245963407715204e-01
4.365936196799359847e-01
2.333581145792707479e-01
4.161478005226385557e-01
3.685023483190263960e-01
2.954725036846096997e-01
3.607297833301755796e-01
1.087413912239448166e+00
2.844257663802537417e-01
2.460406251196710359e-01
2.792865620751133204e-01
2.449101643799660166e-01
2.954403186004627146e-01
2.354697169143508684e-01
3.442876317408501419e-01
4.552075854029570823e-01
3.078262197766555852e-01
2.910996065587562742e-01
2.850543562744559112e-01
2.394034267987388276e-01
4.546053134909798232e-01
3.924601680598089892e-01
5.225964771995019742e-01
2.657988056029522150e-01
2.732800840202673776e-01
2.378318749087861839e-01
2.361969226355586926e-01
7.004247890288904932e-01
2.587585134002990950e-01
3.036659091907377150e-01
2.416236410321203898e-01
2.975936590818133443e-01
2.135158057014229505e-01
2.895340913023131124e-01
4.116660655074117492e-01
2.330557559679459489e-01
3.868436225875634960e-01
4.439594446037388731e-01
3.868436225875634960e-01
4.439594446037388731e-01
2.864437090641456796e-01
3.001249421259087335e-01
3.379970137308110911e-01
2.666776753597035476e-01
2.792077926569861424e-01
2.108767178987928925e-01
2.338417935877284415e-01
1.746253088463797509e-01
3.591851604752865912e-01
2.399874770316656747e-01
4.551362098641488774e-01
2.420289053728432727e-01
3.566034121271627333e-01
3.221955599606919352e-01
4.514387865855991055e-01
3.555586915219278721e-01
3.032440865106083572e-01
2.141074399601703704e-01
3.176869469871051455e-01
4.195521215612442734e-01
5.114156607954880585e-01
2.040220657843174468e-01
5.006525517761052368e-01
4.457308354429944663e-01
4.805299357243996705e-01
3.776108926210036132e-01
3.842355901865868173e-01
2.333366572649707149e-01
4.574461863382414673e-01
5.501508725840648095e-01
4.809874914438310167e-01
3.091439274650052971e-01
2.496236848550798526e-01
2.505473797867203700e-01
3.361011470543737722e-01
2.155597064556446507e-01
3.490142792021466156e-01
6.975484550652871762e-01
3.427972775691000562e-01
8.683523519745213193e-01
3.806179169849909227e-01
2.634938341827915975e-01
2.843254816759250292e-01
2.290894689911194271e-01
3.100241722178282422e-01
2.451142674148293066e-01
8.724825947637450119e-01
2.735470558308227829e-01
8.064092379728854398e-01
2.694475647423363318e-01
1.718545860874517439e-01
9.795028534804387510e-01
2.520039672870182934e-01
4.403827774686866481e-01
3.812505637139725345e-01
3.741496828687332354e-01
3.773314068127006093e-01
3.229767973975704587e-01
2.527231563636090916e-01
3.398028629941770018e-01
4.472784102822535690e-01
4.734775108938796828e-01
3.521335117662043879e-01
3.328512599688422391e-01
2.402103240830847641e-01
3.027441216905031318e-01
2.467123732094750888e-01
5.669858463001224980e-01
4.680384703307720606e-01
5.221579625443751871e-01
6.492918792609114753e-01
5.175181013673690877e-01
2.374868264709466548e-01
2.960574357500175835e-01
2.063613054276261793e-01
2.497839029900228713e-01
2.667995686926539212e-01
7.232157579060108921e-01
4.699319016281631178e-01
3.222731669827638701e-01
3.678178498550371267e-01
2.633343950531701338e-01
2.861554910974090649e-01
2.230650335685343266e-01
2.788153302879413098e-01
4.631414134251263248e-01
2.241985346045843319e-01
4.742583964611249980e-01
2.862918054619330577e-01
3.186392782713160510e-01
3.092231718991815259e-01
3.328137390855287481e-01
3.762698455482728077e-01
2.340320502910408773e-01
2.923097338282498736e-01
4.880798497987464124e-01
5.253931886748947067e-01
2.463675879573289651e-01
4.954442065836778819e-01
4.967654947455560355e-01
2.523013940275561917e-01
