3.833895751953125000e+03
1.796527587890625000e+03
7.999527343750000000e+03
1.614460449218750000e+02
3.524183593750000000e+04
2.854123229980468750e+02
2.116113433837890625e+02
2.364312011718750000e+03
1.241066528320312500e+03
1.441996704101562500e+03
5.991872070312500000e+03
1.253309570312500000e+03
4.982946289062500000e+03
1.768534851074218750e+02
2.025313842773437500e+03
1.030457617187500000e+04
2.251442871093750000e+03
2.782781982421875000e+02
4.319900390625000000e+03
3.112565917968750000e+03
1.758673950195312500e+03
3.054764032363891602e+00
3.474833984375000000e+03
3.760678222656250000e+03
1.451261291503906250e+02
5.840366699218750000e+03
2.400487518310546875e+02
3.087029724121093750e+02
5.550887207031250000e+03
2.917624816894531250e+02
8.923324584960937500e+00
6.223500370979309082e-01
2.914079345703125000e+03
1.226024536132812500e+03
1.060760375976562500e+03
3.616191101074218750e+02
3.704566162109375000e+03
1.968426666259765625e+02
8.482802124023437500e+02
4.023337890625000000e+03
2.379441375732421875e+02
2.825067329406738281e+01
5.356447143554687500e+02
8.038042968750000000e+03
3.357504272460937500e+02
5.094710737466812134e-02
8.778249472379684448e-02
2.716325378417968750e+02
1.356943359375000000e+03
1.259286865234375000e+03
3.112563720703125000e+03
7.661397460937500000e+03
2.067555908203125000e+03
2.012222778320312500e+03
7.399356689453125000e+02
5.929301269531250000e+03
5.016600036621093750e+02
1.291736938476562500e+03
3.647552001953125000e+03
4.609087890625000000e+03
1.162711914062500000e+03
1.273426269531250000e+03
1.189921777343750000e+04
1.523531250000000000e+03
2.528952941894531250e+02
1.608987731933593750e+02
6.061623535156250000e+02
5.699741210937500000e+03
6.897674560546875000e+02
7.117719238281250000e+03
1.714960815429687500e+03
1.170494238281250000e+04
1.890580356121063232e-01
1.281327026367187500e+03
3.639815429687500000e+03
3.990883789062500000e+03
2.124854736328125000e+03
4.010313720703125000e+03
1.171857177734375000e+03
1.433671630859375000e+03
1.143711624145507812e+02
1.536489257812500000e+03
9.720858398437500000e+03
1.368957885742187500e+03
3.385103149414062500e+02
2.949956054687500000e+03
3.778100097656250000e+03
5.268262100219726562e+01
3.937239257812500000e+03
1.727090576171875000e+03
4.538938964843750000e+03
2.484861328125000000e+03
1.050762817382812500e+03
4.565189941406250000e+03
4.543219726562500000e+03
3.484824829101562500e+02
1.918530151367187500e+03
6.866273437500000000e+03
1.936353454589843750e+02
1.786215209960937500e+03
6.284874267578125000e+02
2.400086364746093750e+02
3.239116516113281250e+02
2.400086364746093750e+02
3.239116516113281250e+02
1.621045532226562500e+02
2.901875976562500000e+03
3.248504394531250000e+03
3.536985595703125000e+03
1.013229492187500000e+04
6.918557739257812500e+02
1.778818359375000000e+02
3.590515234375000000e+04
5.458605346679687500e+02
1.230083496093750000e+04
2.267836608886718750e+02
4.731564941406250000e+03
2.643153991699218750e+02
3.595787048339843750e+02
1.051499557495117188e+01
1.046387767791748047e+01
1.809828247070312500e+03
5.258098754882812500e+02
2.846300659179687500e+02
1.932361450195312500e+02
4.455079650878906250e+01
3.850974273681640625e+01
1.525582397460937500e+03
3.811282348632812500e+02
7.945156860351562500e+02
1.672266235351562500e+02
2.909278869628906250e+02
6.896633148193359375e+01
4.125295639038085938e+01
4.953253173828125000e+01
2.448998641967773438e+01
3.276375976562500000e+03
4.291953125000000000e+03
2.334199371337890625e+02
3.056500244140625000e+02
1.299151000976562500e+03
4.064510253906250000e+03
1.442055463790893555e+00
2.791791687011718750e+02
5.796816349029541016e-01
5.162755737304687500e+02
3.769151611328125000e+02
2.860615539550781250e+02
2.342246337890625000e+03
6.154067382812500000e+03
5.428294433593750000e+03
6.493374705314636230e-01
1.649842285156250000e+03
1.622320175170898438e+00
3.523922363281250000e+03
3.633133203125000000e+04
3.055653810501098633e+00
4.939788085937500000e+03
4.720195922851562500e+02
7.150681152343750000e+03
1.982868530273437500e+03
1.717137451171875000e+02
3.018462219238281250e+02
3.668789062500000000e+02
8.638743164062500000e+03
6.983479003906250000e+03
1.283861541748046875e+02
6.736589965820312500e+02
1.168153686523437500e+02
6.360194824218750000e+03
1.533459594726562500e+03
3.465533447265625000e+03
1.228023834228515625e+02
7.138878631591796875e+01
2.051303100585937500e+02
1.675547027587890625e+01
6.680216064453125000e+02
4.180103515625000000e+03
1.872438720703125000e+03
3.187927490234375000e+03
2.802151855468750000e+03
1.143954467773437500e+03
1.293951988220214844e+01
1.323135681152343750e+02
3.460659790039062500e+02
2.345965118408203125e+02
3.237848144531250000e+03
1.819390502929687500e+03
6.426761230468750000e+03
3.908845703125000000e+03
5.107086896896362305e-01
3.312549804687500000e+03
1.219004135131835938e+02
1.550184326171875000e+03
3.050334167480468750e+02
8.874800781250000000e+03
3.380879882812500000e+03
1.333819824218750000e+03
5.948997802734375000e+02
4.203630676269531250e+02
2.077289428710937500e+02
1.222920166015625000e+03
4.132394042968750000e+03
7.432495880126953125e+01
6.318222427368164062e+01
3.472626953125000000e+03
