2.630703167288719335e-01
2.441741079408262516e-01
2.226095203504278586e-01
4.256441946877446703e-01
1.764341152292818182e-01
3.959166438136388355e-01
3.232491000927513181e-01
2.404495622252465492e-01
3.692397473995717716e-01
2.995128960335434742e-01
2.471537585222262356e-01
2.384072078490027113e-01
2.263868301226797941e-01
5.044214131109584498e-01
3.017896428885339377e-01
2.820407437864838607e-01
2.978640220141286488e-01
3.719462453625808629e-01
2.673312398049328964e-01
2.536946535696334992e-01
2.834148994128310450e-01
1.509131194820834132e+00
2.647583466960174436e-01
2.422849392868006435e-01
7.377986855009569522e-01
2.737407067445151165e-01
3.568556582841554414e-01
2.457356144034173184e-01
2.186572554530036017e-01
3.929032685997659313e-01
1.509155038186532627e+00
1.326966653900288673e+00
3.125203558997435849e-01
2.427529849161814968e-01
2.966226354897020800e-01
3.978466380611307973e-01
2.272663296362117946e-01
3.176444196379872298e-01
4.664889594819848773e-01
2.346358453801353494e-01
3.544361595564040623e-01
4.753072242838242145e-01
2.335679660838231309e-01
2.206104992160320133e-01
3.673880412303298648e-01
3.743632116983354186e-01
2.591081569569196330e-01
4.855789869600985464e-01
3.768753096533071223e-01
3.037333506479449330e-01
2.639412294835547512e-01
2.299847307927221363e-01
3.061861661392523692e-01
2.099951644968528486e-01
3.401087832349825035e-01
3.348850297075157689e-01
3.948404508404993463e-01
3.082806802373700417e-01
2.525410962404253667e-01
2.625052313609452792e-01
3.307778859480324796e-01
2.920496472642334362e-01
3.516034476482608473e-01
3.143469124303219786e-01
4.070503696829000373e-01
3.994496475227458099e-01
3.149777655628718254e-01
2.536769507278611724e-01
3.906058958791097102e-01
3.924614226480686030e-01
2.845364509718745771e-01
2.422085690879899889e-01
7.991985675598594074e-01
2.967237537705910699e-01
2.650094349980023911e-01
2.216348232851005906e-01
2.588532274146774781e-01
2.535684986428193288e-01
2.994845178153392462e-01
4.153528506195105496e-01
3.155914839559934570e-01
3.020496359589442958e-01
2.261614211583989897e-01
3.088866799485165404e-01
2.556110325989381926e-01
4.182450762882302664e-01
2.691634901754941800e-01
5.012244593141792492e-01
2.598576559262786301e-01
2.992974769166322768e-01
2.460528335181964288e-01
2.558554415397472637e-01
7.448831237767143953e-01
2.364867785871310191e-01
3.147331780182364702e-01
2.301151589216263171e-01
3.102901589353453948e-01
2.179770598197657838e-01
3.360386494350965925e-01
4.354101469484478737e-01
3.164822186159709783e-01
4.499543922421375131e-01
4.821876878117634657e-01
4.499543922421375131e-01
4.821876878117634657e-01
4.496431648030250194e-01
2.447937418137219601e-01
2.643066053731278897e-01
3.165895926552242390e-01
2.267730395892955109e-01
3.538431541784045065e-01
3.973939404821945076e-01
1.768868858873215433e-01
3.696349262330840824e-01
2.806653362913045235e-01
3.347924057769510187e-01
2.615702738237582481e-01
3.910358228110082379e-01
3.825820357397058946e-01
6.646607498782667323e-01
6.752429040245597758e-01
2.976474444356633775e-01
3.461517130129955211e-01
3.727317460543863037e-01
4.217273882537804219e-01
4.871518939703365358e-01
5.286434869667105962e-01
2.391505813277081394e-01
3.783622397768123813e-01
2.668201618321829893e-01
3.027952881427656284e-01
4.231985477651242222e-01
3.996373121189058519e-01
4.824706924635134286e-01
5.671137558615013674e-01
5.322151765459881556e-01
2.465319049790364592e-01
2.466799759668683312e-01
3.943335987018939393e-01
3.787280925848318103e-01
3.044355221121249344e-01
2.302824100205689839e-01
9.632558824570470746e-01
3.977473956227837171e-01
1.005872130069469073e+00
3.411245935537439156e-01
3.705644279440805100e-01
3.591948749487156589e-01
2.778110516145380626e-01
2.134876985553716966e-01
2.592701021975226672e-01
9.883090863387976599e-01
2.856045959679681667e-01
8.869785773878868795e-01
2.870783498708893156e-01
1.748199021842369305e-01
6.712830024256637440e-01
2.508545221275693682e-01
3.747332397558154615e-01
2.502338876412015245e-01
3.101612325475019971e-01
3.858056068888525703e-01
3.946111518660682660e-01
4.358049586624805904e-01
2.144527707605232703e-01
2.902102484754020550e-01
5.064197781025456813e-01
4.090097306094333529e-01
4.977971021272181718e-01
3.039309054632165497e-01
2.551822654607662777e-01
2.452712633743936166e-01
5.002419371617499166e-01
4.284553210172386550e-01
5.078326454096954157e-01
1.121866217506553687e+00
9.678743467275211509e-01
3.118685192335880485e-01
2.962110610335723093e-01
2.918801021896653136e-01
3.724419158084946724e-01
3.031402228690229239e-01
1.180984728376451409e+00
8.989558817198560758e-01
2.559570071928001234e-01
2.988661894163963662e-01
2.542459082660272762e-01
2.964742496235238112e-01
2.419772745651080637e-01
2.434008852256503985e-01
1.069453480276190360e+00
3.468212461556416382e-01
4.086391926183364220e-01
3.036708555035634860e-01
3.586906465955282952e-01
2.726352525858739551e-01
2.692990873425571419e-01
2.338738732824962863e-01
3.824891754092338836e-01
3.840728709455563106e-01
5.296233945123599574e-01
2.775427720293440204e-01
2.393929525464071617e-01
4.976785762842542704e-01
4.844594627982506951e-01
2.273807213250532422e-01
