3.921430419921875000e+03
2.694311035156250000e+03
4.619226074218750000e+03
2.049452972412109375e+02
3.253001953125000000e+04
3.307123718261718750e+02
1.301193115234375000e+03
1.851275146484375000e+03
3.869142456054687500e+02
1.429362060546875000e+03
7.070690429687500000e+03
8.942402343750000000e+03
3.544757324218750000e+03
1.272272796630859375e+02
2.363369384765625000e+03
2.778231445312500000e+03
3.385737915039062500e+02
3.231819824218750000e+03
3.440173828125000000e+03
3.457526611328125000e+03
1.458197021484375000e+03
1.118798181414604187e-01
4.747090820312500000e+03
4.393327636718750000e+03
1.549994945526123047e+01
1.462121948242187500e+03
5.435453613281250000e+03
2.068661865234375000e+03
5.585229492187500000e+03
8.132979003906250000e+03
2.455832511186599731e-01
3.251522183418273926e-01
6.587111328125000000e+03
1.711887207031250000e+03
9.866209716796875000e+02
4.693725891113281250e+02
1.649140747070312500e+03
3.355133544921875000e+03
1.670719604492187500e+02
7.926532226562500000e+03
2.195201110839843750e+02
7.248828887939453125e+01
6.231854492187500000e+03
3.986137695312500000e+03
3.685702514648437500e+02
2.361815071105957031e+01
2.329591674804687500e+02
5.113986816406250000e+02
5.880855941772460938e+01
1.156353759765625000e+03
3.737437011718750000e+03
1.303925659179687500e+03
2.626228637695312500e+02
1.638606201171875000e+03
8.439266601562500000e+03
3.029676513671875000e+03
3.843378295898437500e+02
1.356988769531250000e+03
5.334930664062500000e+03
6.057644042968750000e+03
8.225322875976562500e+02
1.099113281250000000e+03
1.007985839843750000e+04
3.278566894531250000e+03
3.338604736328125000e+02
3.043687133789062500e+02
1.174566162109375000e+03
1.267894897460937500e+03
1.957746459960937500e+03
6.073176879882812500e+02
1.236595336914062500e+03
9.640389648437500000e+03
4.410904884338378906e+00
4.922163574218750000e+03
4.546415405273437500e+02
1.798692016601562500e+03
5.017057617187500000e+03
5.620457519531250000e+03
5.851422851562500000e+03
1.076257171630859375e+02
1.879325256347656250e+02
1.472729370117187500e+03
5.917734985351562500e+02
3.525310058593750000e+02
4.419992187500000000e+03
1.935578918457031250e+02
1.142733886718750000e+03
4.679635009765625000e+02
3.736218261718750000e+03
2.324144042968750000e+03
3.144686035156250000e+03
4.501488281250000000e+03
2.654666015625000000e+03
1.317005126953125000e+03
3.833898437500000000e+03
5.563292968750000000e+03
2.001591918945312500e+03
3.547354736328125000e+03
4.578847167968750000e+03
2.410137634277343750e+02
4.371091918945312500e+02
1.202052734375000000e+03
8.004624023437500000e+02
1.202052734375000000e+03
8.004624023437500000e+02
1.170575585937500000e+04
5.052267089843750000e+03
2.958732910156250000e+03
5.690471191406250000e+02
1.350249755859375000e+03
3.950823437500000000e+04
3.382908630371093750e+02
3.288150781250000000e+04
1.984974822998046875e+02
4.658121032714843750e+02
1.767462310791015625e+02
7.321986328125000000e+03
2.299832153320312500e+02
3.439827575683593750e+02
8.167368888854980469e+00
1.143468093872070312e+01
1.162638427734375000e+03
1.049525585937500000e+04
2.531016693115234375e+02
3.444067382812500000e+03
6.453677368164062500e+01
3.019881439208984375e+01
1.390335327148437500e+03
6.394015884399414062e+01
5.808793334960937500e+02
1.181621826171875000e+03
1.307085113525390625e+02
4.003792724609375000e+02
6.314899826049804688e+01
9.693056488037109375e+01
2.447413024902343750e+02
1.375498168945312500e+03
5.664150878906250000e+03
5.415146972656250000e+03
1.379314208984375000e+03
1.122125732421875000e+03
9.644091796875000000e+03
5.556708145141601562e+01
2.389244628906250000e+03
5.629515991210937500e+02
3.002483215332031250e+02
9.652474975585937500e+02
3.083439208984375000e+03
2.307324951171875000e+03
4.566329101562500000e+03
1.326272705078125000e+03
1.156462890625000000e+03
2.242632446289062500e+02
8.326990509033203125e+01
1.206936035156250000e+03
4.334856640625000000e+04
2.556972742080688477e+00
4.339377441406250000e+03
1.009146179199218750e+03
4.596279602050781250e+02
5.223527832031250000e+03
3.189382019042968750e+02
3.229060668945312500e+02
1.863843994140625000e+02
7.266391601562500000e+03
6.381791992187500000e+02
4.514736557006835938e+01
4.206481552124023438e+01
1.307881011962890625e+02
1.155588989257812500e+03
3.488763671875000000e+03
6.387136718750000000e+03
4.733560180664062500e+01
1.230260543823242188e+02
4.289540481567382812e+01
1.410865936279296875e+02
1.342082595825195312e+01
5.975580566406250000e+03
2.473081054687500000e+03
5.697547607421875000e+02
2.472382049560546875e+02
1.387500732421875000e+03
5.306079387664794922e-01
5.120615363121032715e-01
8.137174072265625000e+02
4.231051025390625000e+02
3.138477294921875000e+03
1.701971801757812500e+03
3.908288085937500000e+03
4.564962402343750000e+03
2.530696094036102295e-01
8.662094116210937500e+01
1.874448730468750000e+03
2.184885986328125000e+03
2.965238281250000000e+03
4.408424377441406250e+02
6.615120849609375000e+02
3.357789001464843750e+02
3.720265136718750000e+03
2.207443237304687500e+02
2.530007324218750000e+02
1.141116561889648438e+02
4.298652832031250000e+03
6.739880371093750000e+01
6.302021408081054688e+01
3.271561767578125000e+03
