2.310086197118699780e-01
2.944859539342948307e-01
3.719582886138346201e-01
4.033137273965735625e-01
1.711987131645409388e-01
2.710147507323343863e-01
2.660939680893437131e-01
2.951779059929551252e-01
3.204137996907958641e-01
3.106267432420144470e-01
2.604975698905297454e-01
2.520991853008522354e-01
3.070732965754325305e-01
5.140593076776832637e-01
3.044306013535799660e-01
2.365121236842578634e-01
3.848752703586518775e-01
2.488413026908616321e-01
3.577121784537771187e-01
2.455239011068514610e-01
2.769855524683347836e-01
1.413013113873849536e+00
2.507149290176297063e-01
2.594609543375347438e-01
5.905497018307722668e-01
2.507787634226215645e-01
2.933956405619607133e-01
2.876160433851221998e-01
3.472793686904325217e-01
2.375836371387463619e-01
9.882230195474607237e-01
1.211349614475473624e+00
2.485840014725409219e-01
2.806439117110777759e-01
2.545152000865507635e-01
2.664526093902451764e-01
2.987055140784158347e-01
3.359240612223715616e-01
4.644825157456166087e-01
3.006027370157332568e-01
3.515039104111348789e-01
4.569868434735380180e-01
2.273763433954893720e-01
2.219752530806307078e-01
2.954064885509136151e-01
6.475221548630890611e-01
5.491247786601108904e-01
4.240825155537807367e-01
5.444290059770253709e-01
3.094414111428159808e-01
2.589999728141767488e-01
2.618205247749955111e-01
3.205791410365885219e-01
3.022995254158628575e-01
2.345761818911392682e-01
2.379516802661032215e-01
3.550943417325180262e-01
2.388828270583402968e-01
3.046260198399218799e-01
3.196451037330608203e-01
2.516048259905313556e-01
2.852822850806985833e-01
2.227374751925525753e-01
2.552508420400577682e-01
2.523866295614859423e-01
4.518506250420750159e-01
4.466440962567467809e-01
2.770469202298684874e-01
3.913195707298819381e-01
3.809737240841611916e-01
2.910704303289477490e-01
2.002822324865652370e-01
1.009853961067339378e+00
2.336193461866554744e-01
3.329654590651259793e-01
2.824074615532112809e-01
1.986554262634715740e-01
2.387759836943044167e-01
2.540392862117309969e-01
4.192027739137625386e-01
4.460324939952799994e-01
2.957262392421605712e-01
3.357543637259976510e-01
3.664778152909860531e-01
3.656377480450756501e-01
2.826676649722081325e-01
2.913176720207098502e-01
4.191240682000439421e-01
2.731611461782004202e-01
2.763203977100746056e-01
2.602325674529268884e-01
2.533001895965297789e-01
7.263463107281945552e-01
2.349488881652144201e-01
2.585071930885827762e-01
3.926499221705814779e-01
3.022862394196207947e-01
2.892749613396887187e-01
3.847726283283148807e-01
2.225151811595403040e-01
3.165769868387804942e-01
3.773830805529550525e-01
3.467693902674564010e-01
3.773830805529550525e-01
3.467693902674564010e-01
2.512229974352678252e-01
2.363958498204123682e-01
2.587237645957878862e-01
3.500828157180013722e-01
2.895461624817206037e-01
2.462397085320578993e-01
3.730495546690815178e-01
1.706399770492665058e-01
4.079840455757249851e-01
3.573023688621967398e-01
3.502241677566970135e-01
2.494012560955097269e-01
3.644872893021515736e-01
2.924397005852873987e-01
6.796182318574646164e-01
6.710297500245068214e-01
3.013087826626298371e-01
2.083314526756389340e-01
3.039242968628354524e-01
4.231158180787375489e-01
5.162488827714384332e-01
2.672863607012319065e-01
5.103449799489786498e-01
4.459114059133434393e-01
4.819273342528843096e-01
3.740026656840634289e-01
3.977549058003264637e-01
2.418346281941268217e-01
4.215459235683623462e-01
5.215112538151589483e-01
4.784234488980992905e-01
2.534738478305331166e-01
3.118989803354435542e-01
3.028811252706622992e-01
2.399437277644341504e-01
2.870087031593623883e-01
2.319892036838092086e-01
1.225009555274007678e+00
2.432015545183255634e-01
1.287545197463722424e+00
2.425551270779512936e-01
3.186691084010557784e-01
2.613541791834729788e-01
2.964085013747414510e-01
2.330879854760429803e-01
3.113422051567703019e-01
1.163153045755932258e+00
4.328705967364215867e-01
1.188708059007678175e+00
4.294961684087060250e-01
1.786196672091324988e-01
1.015936019247146715e+00
2.468622926474143275e-01
3.910932857787196015e-01
2.835242466968169728e-01
3.270076189028341407e-01
4.117146708991392678e-01
3.805798005635449566e-01
4.435594707209259413e-01
3.435141757357147996e-01
4.233686378417519380e-01
5.681460528179992364e-01
5.475764325143841482e-01
4.954129158243724684e-01
3.111847912105614178e-01
2.634994968581731434e-01
2.467184495942419120e-01
3.812885571223224579e-01
2.970740511120802396e-01
4.614531130813730453e-01
8.914678759115887141e-01
9.209223430082355000e-01
2.949270659908738157e-01
3.032853301244675115e-01
2.233405422067603896e-01
3.785379512758495490e-01
3.237869426402448236e-01
1.211810958652657533e+00
1.029973749816970319e+00
2.615893170858489269e-01
3.071546581876261617e-01
2.603036772665858201e-01
3.040164107923346015e-01
2.589729141385539446e-01
2.266848209153174143e-01
9.256111433219180729e-01
4.203117443162181499e-01
2.705050428330211254e-01
2.754795848522245127e-01
2.326262896043230777e-01
3.851077820348941527e-01
2.598268377378237792e-01
3.496812263352986339e-01
2.747980662817929853e-01
3.490185402637839274e-01
2.384050632935257874e-01
4.090354143051982971e-01
2.374383808384791794e-01
4.984957605598848152e-01
4.908858831682285651e-01
2.485678947824547791e-01
