2.936523625722324141e+03
1.006238683617956667e+03
6.529849869067284999e+03
1.076017196709181690e+03
3.584171309222240961e+04
2.983857912784274504e+03
1.457003128700790512e+03
2.372639837380661902e+03
1.764106172665967279e+03
1.518605029391815378e+03
5.365313081369521569e+03
4.147827678389675384e+03
2.357170732818186480e+03
6.223369441942728741e+01
1.633903021426945998e+03
4.091748391277666542e+03
1.607312832892706865e+03
3.347449125165107944e+02
3.647900627087597513e+03
3.508181949100100155e+03
1.893354643002556486e+03
3.940606368584170127e+01
3.923378311969668630e+03
4.330362253417639295e+03
6.630028242657353132e+00
4.841397720653154465e+03
7.566308561612290760e+02
2.946051467412615693e+03
3.751296549317654808e+03
3.421895836289256749e+03
1.191789247453891143e+01
8.798398549530020318e+02
1.447330936060141539e+03
1.874221618962072853e+03
4.635320780654133159e+03
2.277424925698142033e+03
2.443091411086408243e+03
3.240252971325668568e+03
3.398667265511711321e+03
2.548988457607715645e+03
8.809957591295145676e+02
2.693282257904442645e+01
1.077452300831927096e+04
1.113895093777558759e+04
1.878167166800781388e+03
4.159547033623645085e-01
3.363970465006445032e-01
7.175068192608327990e+02
5.008016615340325188e+02
2.133628232381954149e+03
3.132225169188849122e+03
2.362559064556257454e+03
2.785244647720184730e+03
1.486740151560281674e+03
7.887079675536108880e+03
2.292025507556000321e+03
9.457324868732722507e+02
4.909331134490248587e+03
1.320230026758210442e+03
7.591372589598955756e+02
3.084691150969294995e+03
1.477575599097484655e+03
1.181949315853768167e+04
9.744840382707488970e+02
2.996126165241299077e+03
1.250008043787324965e+02
8.619144761725702608e+01
4.174693747332453313e+03
2.919913016652922124e+02
3.717442909620310729e+02
1.512276845069058254e+03
6.039920841365354136e+03
1.213823484261432917e+01
1.696598389148301749e+03
8.608942041949529084e+03
2.295433424631818980e+03
2.296164996070928282e+03
5.826753787605383877e+03
4.337234511243365887e+03
1.228714018890313895e+02
1.489846530045307134e+02
1.483007414700611889e+03
5.193898555743186307e+02
2.464695039152476284e+02
3.872912756882971621e+02
2.502705803602829292e+03
7.079168993781458994e+02
7.461836539974747495e+01
3.931131458822336299e+03
1.695929464860440248e+03
4.836630118980504449e+03
4.032290824610460277e+03
1.227921709559722530e+01
3.716051088626828914e+03
2.238816232490091352e+03
3.887482855287956681e+03
1.400195721379555152e+03
5.410294034025597512e+02
1.400073126806352548e+03
3.484120140723723580e+03
1.567545617307404200e+03
7.063019986136848274e+03
2.893847027315977130e+02
7.063019986136848274e+03
2.893847027315977130e+02
8.954950508532210733e+03
4.956075259105017722e+03
3.535964341407985557e+03
1.888068207428196956e+03
1.429833093738207708e+03
5.906610903909376248e+03
4.818654781812417127e+02
3.561978443180154864e+04
4.494696961524769563e+02
4.814913603465715823e+03
3.408034242274095504e+02
1.994302280508167541e+03
6.446886641883405673e+02
2.916709509111461216e+02
1.028176914400998321e+01
1.267526971128334878e+01
1.484103469289129180e+03
7.487968260054799430e+03
2.161624947560599594e+03
5.649630421821130994e+02
1.455257818746106580e+02
6.881589218327191304e+01
2.814741726276640748e+03
4.836544663269142319e+01
6.652671272272963279e+02
2.350346629739417494e+02
1.132134426048012728e+02
1.264851479234452398e+02
2.656055623443575087e+02
1.821833813903947657e+03
1.063631343080122633e+03
2.294294206903755367e+03
2.884864476487291995e+03
2.250492948799343594e+03
8.879691467109138330e+02
1.525575765570155681e+03
1.139383377757209200e+04
6.276707745699039442e+00
2.377451280840349682e+03
3.382579067687375840e+01
1.791497660150593219e+03
6.562479650292937094e+02
1.734297272714318069e+03
2.179859515793852552e+03
5.235580065140832630e+03
1.632020286115772478e+03
2.496173253552194637e+01
7.250803436401871522e+02
2.454950284420391426e+01
3.487518469724788588e+02
3.497665390525678231e+04
1.156206447936885162e+01
2.309753542403284882e+03
1.131508364119969656e+03
7.542490316278714317e+02
9.453305701893501691e+02
3.102252931960654678e+03
1.191615205747365508e+03
1.320013611579053986e+03
1.005071758430229420e+04
2.084634030516727705e+02
9.688439622848728732e+02
7.364712326731364556e+02
8.839525822709748581e+02
2.727083646593669982e+03
4.333290894563633628e+03
3.748811611342842752e+03
5.030019512158027624e+02
3.747184603466218391e+02
2.480471078133919036e+03
5.255785861639786782e-01
6.345024134988150877e+00
4.261459506049263837e+03
1.523739828202045601e+03
8.365509924860069077e+03
3.321776585648123614e+02
1.936257126077724251e+03
3.341847187460919599e+01
1.548087042641024880e+02
2.578248489585272637e+03
8.457533102203256021e+02
3.769923955146705339e+03
1.851062711052363738e+03
4.337879639215921998e+03
4.116020808077238144e+03
3.930156699812822563e+00
2.344075661837221560e+03
1.666675975658989955e+03
1.594780037093004239e+03
4.010364551627275773e+02
4.702731858861639921e+03
1.573088862683659272e+03
4.079101458464729603e+03
4.575329788128889845e+02
1.462414227568086744e+03
1.125934556892124903e+02
2.200367289196454124e+02
4.540860357225622465e+03
6.646992746901865701e+01
6.637422652987453375e+01
4.276854063161546037e+03
