4.396136975262445958e+03
9.800966255473606452e+02
5.401673400825963654e+03
4.091455347773672656e+03
3.696509540248802659e+04
5.098703715655115047e+02
2.335297191323148127e+03
2.541306447787773777e+03
9.986359154967482255e+02
1.455009347752756412e+03
3.770219471797804090e+03
5.080281440090284377e+03
3.324037020558810127e+03
3.415457663230988146e+03
1.604489124434048790e+03
6.089456498919626938e+03
4.980716056671815295e+02
1.773624880140054302e+03
4.751002701225956116e+03
3.641393439395876612e+03
1.818938608771213922e+03
4.046534127598454234e+01
4.296877180497273002e+03
4.512187619799660752e+03
6.467577246642498778e+00
3.493933651365284732e+03
1.542529503891265449e+03
1.297991970601479579e+03
3.210392249800606805e+03
5.916184580560546237e+03
1.685667268080235317e+02
4.543029622840995785e+02
1.787231896471975460e+03
2.509682759444858675e+03
3.788492845977178149e+03
1.680521908711860078e+03
3.043642803728484068e+03
2.527809155575087516e+03
4.013192183514411681e+03
2.844876214782739680e+03
2.623898358784726497e+03
2.881044638670638847e+01
8.803497660324861499e+03
6.109663471611461318e+03
1.870378335601259323e+03
1.431397216798949330e+02
1.052461585534770876e+02
1.151879806094332480e+03
1.423077534030478262e+02
3.297296532240893157e+03
3.109649148908557891e+03
1.832675395140608543e+03
2.151161243661227218e+03
1.451128648306566902e+03
7.293231846749934448e+03
1.416547401377849383e+03
1.263668652203555439e+03
2.576837436078939845e+03
3.481466094263613741e+03
2.794533308963666514e+03
1.926328166148549826e+03
1.480311456794472633e+03
9.641760271293982441e+03
3.293343031137302660e+03
1.335195671505463906e+03
7.442667713441379647e+02
1.991920872333634179e+03
4.398325096437972206e+03
3.604558775919341542e+02
6.556233249185468139e+02
1.498517204672493563e+03
6.404923272100772920e+03
7.697248453901566201e+00
1.853156467266611799e+03
7.444785798076701212e+03
2.440846216904055836e+03
3.588231014370485354e+03
5.274914705702580250e+03
4.839493040434643262e+03
1.196559519145326220e+02
1.517954141802381400e+02
1.504480360091097964e+03
5.394638672385896143e+02
2.830394704449098526e+02
4.414276763817716756e+02
2.137574493645475741e+03
7.875395343190317590e+02
1.504834956659545355e+02
3.671052474380931017e+03
1.807130007789323145e+03
4.498309087783517498e+03
4.544095612930970674e+03
1.110138241952887661e+01
1.945170011969056986e+03
3.382961577691234652e+03
1.676877887363807531e+03
1.452346220355820833e+03
5.007265239457922803e+02
2.316413045279202379e+03
6.005086194982329289e+03
6.794769204979235155e+02
3.362645834654779719e+03
6.342545557807053456e+02
3.362645834654779719e+03
6.342545557807053456e+02
9.086307423083770118e+03
3.766827817065776344e+03
3.203452477092941535e+03
1.805853751956706901e+03
1.570681207076251894e+03
5.330449097743415223e+03
1.013423031432169410e+03
3.500999306369094120e+04
3.555079750776911851e+02
2.707162474546629255e+03
5.445821222588923547e+02
4.537692083681106851e+03
7.157249356111469751e+02
1.526779683863837363e+03
2.024908008447309271e+01
3.167645538775717995e+01
1.477192024247367272e+03
8.379624625899561579e+03
7.461544048875422277e+02
2.571997635430199352e+03
6.134264389622011322e+02
8.059384842645272329e+01
2.542403857494353815e+03
5.402695313741313612e+02
2.232923692263124394e+03
8.419468982376191661e+02
6.344518250888659168e+02
5.771524355439023566e+02
1.648880726778551491e+02
2.762641445816303190e+02
3.485605747649846649e+02
1.887857994241433971e+03
3.218445829622537531e+03
1.835722385264567038e+03
1.383563348725113656e+03
1.518368407780130156e+03
5.282075892723832112e+03
3.016842351031995690e+02
2.035740546888137942e+03
5.774534384946989576e+02
5.517791741869480120e+02
1.366973969275366244e+03
1.819380773795657205e+03
2.375932715657379958e+03
4.047812903260436087e+03
2.283341475672812976e+03
5.223560870389939481e+01
5.289039670598232306e+02
5.702754025890803291e+01
3.360148595334837296e+02
3.577075742674671346e+04
4.100918599049978657e+05
2.577567287858286363e+03
2.244700226532017041e+03
1.791060722200244300e+03
2.354081361222545183e+03
1.106814156783599401e+03
7.723062326624528851e+02
1.456055255708631194e+03
9.044878702340543896e+03
2.026898259170780648e+03
8.824151886048425695e+02
7.904726191129898325e+02
1.136537052356639606e+03
3.591698942187239936e+03
3.853689726113856977e+03
3.265475764482820068e+03
1.123625476984278748e+02
1.112919483565305114e+02
1.208213393950751851e+02
9.639952325419872636e+01
2.108819006345516698e+02
1.537946427958378990e+03
1.526031047559641820e+03
1.033934406554246925e+04
2.381890007169260571e+03
1.861595891155372101e+03
4.635689583275146575e+00
2.292425282638514830e+02
4.296152677219887437e+02
4.010585234613293323e+03
3.569979212084562732e+03
1.811441120210727377e+03
4.587802427423259360e+03
4.307181174425032623e+03
2.863864561252024288e+01
2.108186750076677072e+03
1.319301086604477405e+03
1.749450714580483009e+03
2.369539068849101568e+03
2.778928369893013041e+03
3.705225290949150349e+03
2.250298341408508350e+03
2.316902852937936132e+03
9.815235618573756256e+02
1.228942481155972928e+03
1.448290102715846615e+03
4.520031002923057713e+03
6.654360045830649995e+01
6.657504182955159422e+01
4.322897185664280187e+03
