2.204997314453125000e+03
4.120080566406250000e+03
6.961901367187500000e+03
1.250356979370117188e+02
5.868519531250000000e+04
1.872880859375000000e+02
8.660045898437500000e+03
3.354681152343750000e+03
1.432604858398437500e+03
1.445129272460937500e+03
2.738083496093750000e+03
4.917646484375000000e+03
1.124262695312500000e+03
1.206470489501953125e+02
1.487145996093750000e+03
1.012505859375000000e+04
2.661956787109375000e+03
1.933733825683593750e+02
8.070977050781250000e+03
2.961159667968750000e+03
2.127233642578125000e+03
2.752494215965270996e-01
4.618306152343750000e+03
5.771812500000000000e+03
8.892803192138671875e+00
3.948265869140625000e+03
4.187801513671875000e+02
3.445111083984375000e+02
1.338624707031250000e+04
4.169057922363281250e+02
1.415260136127471924e-01
3.518612980842590332e-01
3.798831542968750000e+03
1.563338867187500000e+03
1.488013183593750000e+03
3.482696533203125000e+02
5.026866210937500000e+03
2.078840332031250000e+02
3.242740722656250000e+03
1.237870361328125000e+03
5.064979248046875000e+02
5.734919357299804688e+01
8.900213867187500000e+03
5.314011718750000000e+03
1.190055297851562500e+03
5.107936263084411621e-02
4.543535411357879639e-02
1.414043884277343750e+02
3.127932167053222656e+01
3.540869140625000000e+03
1.051692504882812500e+03
9.517807617187500000e+02
5.392390625000000000e+03
6.556449218750000000e+03
6.157100219726562500e+02
1.355592041015625000e+03
2.907891845703125000e+02
3.206154541015625000e+03
1.052207153320312500e+03
1.101089599609375000e+03
2.371414794921875000e+03
1.599147460937500000e+03
6.601822509765625000e+02
8.383838867187500000e+03
3.070416992187500000e+03
1.150802154541015625e+02
1.312833862304687500e+02
4.915642089843750000e+03
8.345786132812500000e+02
6.375070312500000000e+03
1.197044555664062500e+03
1.294425878906250000e+04
2.362818270921707153e-01
1.303583618164062500e+03
2.153215332031250000e+03
2.460581542968750000e+03
9.660733398437500000e+03
5.080460937500000000e+03
1.251204223632812500e+03
5.692873535156250000e+02
1.102778778076171875e+02
1.316138183593750000e+03
3.085055175781250000e+03
9.892775878906250000e+02
3.660291137695312500e+02
4.557019531250000000e+03
3.883461914062500000e+03
3.468276596069335938e+01
3.017609863281250000e+03
2.034875122070312500e+03
4.727282714843750000e+03
4.018927978515625000e+03
2.201125000000000000e+03
3.907553222656250000e+03
1.018065490722656250e+03
6.311760864257812500e+02
2.103608642578125000e+03
1.000445996093750000e+04
7.557583007812500000e+02
1.498786621093750000e+02
1.928003173828125000e+03
1.439903411865234375e+02
1.083802261352539062e+02
1.439903411865234375e+02
1.083802261352539062e+02
1.030784988403320312e+02
1.095040283203125000e+03
1.324829711914062500e+03
4.219742675781250000e+03
6.778931152343750000e+03
5.661427612304687500e+02
4.727371520996093750e+02
3.288155859375000000e+04
5.386180419921875000e+02
8.705007812500000000e+03
8.099417114257812500e+01
6.490626953125000000e+03
3.655977172851562500e+02
1.581603088378906250e+02
3.102758026123046875e+01
1.352881622314453125e+02
1.275497924804687500e+03
4.936036376953125000e+02
2.947492675781250000e+02
2.296494140625000000e+02
1.153284570312500000e+04
5.721783203125000000e+03
6.041048583984375000e+02
1.538405029296875000e+03
1.745564422607421875e+02
9.296606445312500000e+02
1.137951278686523438e+02
2.468336791992187500e+02
9.335564422607421875e+01
3.754723358154296875e+01
5.442588043212890625e+01
5.097788085937500000e+03
3.817201660156250000e+03
2.299576721191406250e+02
3.550906372070312500e+02
1.201593139648437500e+03
8.806257812500000000e+03
2.188367605209350586e+00
2.853727722167968750e+02
1.197322964668273926e+00
1.024141113281250000e+03
3.683562927246093750e+02
3.056067504882812500e+02
3.921622558593750000e+03
5.622557617187500000e+03
4.121670898437500000e+03
1.098694324493408203e+00
2.719549316406250000e+03
2.742983579635620117e+00
1.158321777343750000e+03
3.426540234375000000e+04
6.706563720703125000e+02
6.380745117187500000e+03
1.747576171875000000e+03
3.224809570312500000e+02
2.333495361328125000e+03
3.798215637207031250e+02
1.609197692871093750e+02
3.086088562011718750e+02
1.125897851562500000e+04
9.835632934570312500e+02
7.261901092529296875e+01
3.754610443115234375e+01
1.251388931274414062e+02
4.885924804687500000e+03
4.455209960937500000e+03
1.266906494140625000e+03
1.868131103515625000e+02
4.632641601562500000e+01
6.063119506835937500e+01
3.458693623542785645e-01
4.818816184997558594e+00
1.367454711914062500e+03
1.661064086914062500e+03
2.748451171875000000e+03
6.064849853515625000e+02
7.626983032226562500e+02
7.018327116966247559e-01
1.064972114562988281e+01
5.083865234375000000e+03
1.530068969726562500e+03
2.754698486328125000e+03
1.935362060546875000e+03
3.204875976562500000e+03
8.233905273437500000e+03
2.733708918094635010e-01
1.086691436767578125e+02
3.812197265625000000e+03
2.178096679687500000e+03
4.370741699218750000e+03
3.277253112792968750e+02
3.670732421875000000e+03
4.666906127929687500e+02
2.696448730468750000e+03
5.641801757812500000e+02
1.637678955078125000e+03
3.038351135253906250e+02
4.096200683593750000e+03
6.749681091308593750e+01
6.305255126953125000e+01
4.788496582031250000e+03
