2.622727458844679727e-01
2.511832128149347199e-01
2.350701682556807226e-01
4.452021735275452641e-01
1.791255917003922171e-01
4.009999621710685913e-01
3.654325585579802360e-01
2.491926847001548762e-01
2.402519144517924199e-01
3.012390734366113820e-01
2.518928059958253085e-01
2.993760117531911180e-01
2.457864893646647120e-01
3.444212388379252476e-01
2.913279797421544637e-01
2.695069298755529141e-01
3.781969867420489351e-01
2.466454800233808531e-01
2.432221188907118248e-01
2.448468640855261391e-01
2.999949741167288741e-01
8.505368201498005876e-01
2.569766359524326416e-01
2.431686686369684269e-01
8.012377584763383798e-01
2.982381235682207143e-01
2.768700130490600042e-01
3.312657479872346267e-01
2.182979440942569294e-01
4.126232874483846680e-01
7.459272115846621309e-01
7.072324710027726447e-01
2.397686085937291156e-01
3.081687119955153764e-01
2.957633754865355291e-01
3.674084556451863159e-01
2.407155765263045977e-01
2.837798294363027551e-01
4.651902311554829694e-01
3.084282258292997958e-01
3.495568038632839714e-01
4.840588559390959777e-01
2.345676558435262071e-01
2.304473809986221922e-01
2.710830243420428998e-01
1.313012117002818391e+00
1.277880900774497119e+00
3.515280744766869914e-01
5.298301546989533373e-01
2.588068559018090742e-01
2.997565305079700759e-01
3.728028829596420901e-01
2.900396296644427441e-01
2.979530120050142838e-01
2.284337710584892767e-01
3.218524443818248093e-01
2.959966323952205602e-01
2.377751007540494232e-01
3.041890557665173356e-01
3.340239239883744937e-01
2.750745440876181114e-01
2.991354183019914736e-01
2.175062886878135759e-01
2.963055983426878259e-01
2.192738213530343871e-01
4.199452087683923640e-01
4.506217866995793075e-01
3.127042918565859919e-01
3.215058125648004306e-01
3.910779627079184473e-01
2.992072389315509895e-01
3.620896960989669067e-01
1.012156609315003619e+00
2.812614428506252651e-01
3.274660118926122632e-01
2.798660078028408216e-01
2.206376940495938244e-01
2.406033862355507202e-01
3.034155338371262167e-01
2.948949037381172200e-01
4.892882373460919476e-01
2.927166516862821366e-01
2.146205739259593182e-01
2.631672612795395994e-01
3.821701101097247921e-01
2.528438277025888414e-01
2.445935281498959613e-01
5.034362696568506212e-01
2.572565673616632465e-01
3.030593688060637114e-01
2.390041928994014464e-01
2.492448116129844238e-01
5.931491821694758748e-01
3.074751507281034413e-01
2.591408483123648909e-01
3.206025697182472989e-01
2.370042064391390535e-01
3.068908441639947582e-01
3.416401710103653677e-01
4.330969478909059145e-01
4.067935338588665184e-01
4.649451072051073997e-01
2.854978140826921473e-01
4.649451072051073997e-01
2.854978140826921473e-01
4.426567580502557275e-01
2.556677445157155004e-01
3.109517950712714085e-01
3.892839558149066015e-01
2.928532060341554888e-01
1.979317514790683297e-01
3.721572464162468119e-01
1.755818872033808875e-01
3.773101841680931989e-01
2.540826496116991295e-01
3.091213083693371000e-01
2.526420358668612365e-01
3.674071134361986957e-01
3.792162829701487547e-01
6.935898741680169843e-01
6.767584690715525708e-01
2.977314250811911034e-01
1.987259537691217215e-01
3.826015899834888656e-01
2.672826053115520129e-01
5.043867240906999561e-01
5.268453353601605382e-01
2.332894960657648231e-01
4.854276504940190917e-01
2.767616468760394910e-01
3.427345439559860707e-01
4.628271734851013286e-01
4.315715145701932709e-01
4.682510175954771037e-01
4.722806476909888196e-01
3.715777096389932810e-01
2.922019669844633238e-01
2.571867090736255079e-01
3.145790670348334039e-01
3.863961727239439425e-01
3.102805029114267810e-01
2.399228814039068847e-01
1.176764128770863671e+00
2.513761825081893830e-01
1.080574394258582149e+00
3.834748884068340802e-01
3.765607760886529043e-01
3.159256563927214656e-01
2.885931150271230927e-01
2.605417375734233043e-01
3.059836269194121106e-01
1.351063834179767831e+00
3.346191038628590353e-01
1.309713604118492469e+00
4.489030813626837535e-01
1.690710194079755313e-01
7.723425000298741461e-01
2.440942521299498125e-01
3.757299483524348949e-01
2.783576846681202199e-01
3.510327363956424196e-01
3.650383674139319745e-01
4.322695440241684506e-01
4.068488785399776986e-01
2.205017064619889944e-01
2.792006453783728026e-01
4.931977068818989007e-01
4.513335526897935823e-01
5.188766736469240248e-01
2.407716794504083657e-01
2.438298173438522287e-01
3.128449891283321405e-01
3.585833307856148844e-01
4.747925395518570735e-01
4.851896481942865602e-01
6.251310612693260493e-01
6.258984729525761681e-01
2.188835287816367769e-01
3.002981847838974150e-01
2.356289165093224669e-01
3.916745756747651575e-01
3.005894139124573039e-01
8.099018288976761459e-01
7.991450982994611207e-01
2.767272879884163927e-01
3.947416836825913822e-01
2.509920310855793812e-01
3.005228648382695100e-01
2.399291384506492264e-01
2.687452139803477302e-01
1.342177864986388025e+00
3.163241744171728653e-01
3.998036710445236341e-01
2.882793853097158077e-01
2.564936565401665369e-01
3.681860553735956110e-01
2.842867669672684561e-01
3.702552882877955254e-01
2.582421287775358287e-01
2.578739815011902858e-01
5.116697511995212944e-01
4.641615452552269594e-01
2.411700790136942496e-01
4.927768745618767987e-01
4.954977002583455525e-01
2.539409086892299716e-01
