4.839947265625000000e+03
2.371792724609375000e+03
9.545605468750000000e+03
1.765112609863281250e+02
4.730582031250000000e+04
1.250957183837890625e+02
4.247068359375000000e+03
1.977494384765625000e+03
1.372932006835937500e+03
1.115781982421875000e+03
4.090303466796875000e+03
5.338285644531250000e+03
1.322345336914062500e+03
1.112594604492187500e+03
1.596233764648437500e+03
5.785186523437500000e+03
2.042011230468750000e+03
1.971935424804687500e+02
2.840915527343750000e+02
3.616905517578125000e+03
1.582157958984375000e+03
5.972973108291625977e-01
3.812733398437500000e+03
6.285482421875000000e+03
4.120894432067871094e+00
1.156317626953125000e+03
1.594778564453125000e+03
4.468141174316406250e+02
2.635788085937500000e+03
1.166834375000000000e+04
2.618870437145233154e-01
3.746106028556823730e-01
4.973003906250000000e+03
1.282454956054687500e+03
1.094971069335937500e+03
4.727154235839843750e+02
5.543816894531250000e+03
2.735327148437500000e+03
2.871612854003906250e+02
4.159567871093750000e+03
6.081054687500000000e+02
6.387425994873046875e+01
7.060932617187500000e+03
7.010375488281250000e+03
4.050274353027343750e+02
8.225711059570312500e+01
1.997677230834960938e+01
5.421971511840820312e+01
7.722899169921875000e+02
2.871543457031250000e+03
1.062417358398437500e+03
1.880910278320312500e+03
4.810839355468750000e+03
1.258187744140625000e+03
1.115365527343750000e+04
8.120783081054687500e+02
1.759821533203125000e+03
1.294569091796875000e+03
3.444381103515625000e+03
2.355171386718750000e+03
1.182221069335937500e+03
1.635191772460937500e+03
1.502112597656250000e+04
5.090693847656250000e+03
4.564183959960937500e+02
3.662021179199218750e+02
4.504170898437500000e+03
5.194272460937500000e+03
6.405083007812500000e+02
3.114746826171875000e+03
1.670422851562500000e+03
1.085121875000000000e+04
6.555717468261718750e+00
6.190751953125000000e+03
4.460361938476562500e+02
2.796471191406250000e+03
4.656817871093750000e+03
4.341500976562500000e+03
4.239025878906250000e+03
1.441467742919921875e+02
1.442828826904296875e+02
2.069377685546875000e+03
6.407413330078125000e+02
6.523637695312500000e+02
3.066526794433593750e+02
2.869950683593750000e+03
2.982689941406250000e+03
2.098544311523437500e+02
2.566149902343750000e+03
2.849978515625000000e+03
3.581820312500000000e+03
4.184549316406250000e+03
5.493552207946777344e+00
4.093051025390625000e+03
1.215573242187500000e+03
9.409035156250000000e+03
1.621340698242187500e+03
4.953984375000000000e+02
5.317485351562500000e+02
5.899291992187500000e+02
6.983394775390625000e+02
1.773672851562500000e+04
8.507020568847656250e+01
1.773672851562500000e+04
8.507020568847656250e+01
3.051748046875000000e+03
6.665133789062500000e+03
4.347494201660156250e+02
3.796647644042968750e+02
1.415398803710937500e+03
5.839427734375000000e+03
6.485761108398437500e+02
3.107941015625000000e+04
5.015642089843750000e+02
8.200572265625000000e+03
3.088288085937500000e+03
4.797708496093750000e+03
4.024048767089843750e+02
4.461078491210937500e+02
5.170837402343750000e+02
5.463428878784179688e+01
1.425265014648437500e+03
7.545680664062500000e+03
2.123963317871093750e+02
4.473292968750000000e+03
6.054410934448242188e+01
2.795793533325195312e+01
2.494677490234375000e+03
1.071479187011718750e+02
5.586227416992187500e+02
8.612500000000000000e+01
1.905266418457031250e+02
7.479437866210937500e+02
1.028064422607421875e+02
2.347528228759765625e+02
8.479698181152343750e+01
1.321953613281250000e+03
4.561330078125000000e+03
4.289440429687500000e+03
1.026343994140625000e+03
1.357032226562500000e+03
9.398312500000000000e+03
1.120318374633789062e+02
3.567064941406250000e+03
1.272020019531250000e+03
3.955670166015625000e+02
1.583486328125000000e+03
6.196209960937500000e+03
1.586092163085937500e+03
2.706949218750000000e+03
1.235481811523437500e+03
4.946059036254882812e+01
2.030467376708984375e+02
2.053730583190917969e+01
9.135181274414062500e+02
4.037238281250000000e+04
2.692401367187500000e+03
4.706394531250000000e+03
3.301172119140625000e+03
6.112693481445312500e+02
3.882113952636718750e+02
1.678446197509765625e+02
3.144886474609375000e+02
3.532788391113281250e+02
1.022493847656250000e+04
1.644008056640625000e+03
1.673374328613281250e+02
4.992866516113281250e+01
6.858680725097656250e+01
4.531503906250000000e+03
1.189261108398437500e+03
2.830428710937500000e+03
5.964170837402343750e+01
5.458457183837890625e+01
1.612800140380859375e+02
3.596327636718750000e+03
4.508036499023437500e+02
1.130104980468750000e+03
1.682972534179687500e+03
5.543934326171875000e+02
4.391604980468750000e+03
4.901375000000000000e+03
1.762276268005371094e+01
4.202752304077148438e+01
3.689511413574218750e+02
3.738308593750000000e+03
3.405047363281250000e+03
1.826402587890625000e+03
3.270250244140625000e+03
5.910025390625000000e+03
2.894931793212890625e+00
1.151125610351562500e+03
1.281978149414062500e+02
1.507910644531250000e+03
5.619902343750000000e+02
3.681964111328125000e+03
2.613952392578125000e+03
9.368621093750000000e+03
3.524710083007812500e+02
4.613562316894531250e+02
1.742759399414062500e+02
6.737530273437500000e+03
3.598150634765625000e+03
6.464252471923828125e+01
7.176684570312500000e+01
4.469319335937500000e+03
