2.599557935363429051e-01
2.637991616138712359e-01
2.537301788790005119e-01
4.051838501429743666e-01
1.712717119604920957e-01
3.603192849370091544e-01
2.555464499290491798e-01
2.926123715304989603e-01
2.949678053378905762e-01
3.055961374287223808e-01
2.614593511379808000e-01
2.590192843714919091e-01
3.092749462658145876e-01
4.455490692087407112e-01
2.982834581046570066e-01
2.492328604361018218e-01
2.513124953511522430e-01
4.432313130311764104e-01
3.138168157024770477e-01
2.505234479442175477e-01
2.738503503017359342e-01
1.296995273050119968e+00
2.529664031971637916e-01
2.430329034104487529e-01
4.571432772917905507e-01
2.357690012747205577e-01
2.930989280675691533e-01
2.511155006819105195e-01
2.119692871624697383e-01
4.405734499754107580e-01
7.318701766185918833e-01
6.964352069007077040e-01
2.945997408755984814e-01
2.872943318968252391e-01
2.375499767811199980e-01
2.451530249667654149e-01
3.077482542949818711e-01
2.246530214879213783e-01
4.562641043858179923e-01
2.593722635748749727e-01
3.495039357381252154e-01
5.848195517952596845e-01
2.280833108566701906e-01
2.778830821268405415e-01
3.833027458504785767e-01
1.025187849836172838e+00
1.068389760501069263e+00
2.664920386841087008e-01
4.962710753491729188e-01
2.633400552269240524e-01
3.109131408903652027e-01
3.139888302421976474e-01
2.386817935301821514e-01
2.758894565310089919e-01
2.090932562345878265e-01
2.469230578603428261e-01
2.867403068138743572e-01
2.969629492579554109e-01
2.450734223567170578e-01
2.403871415632980457e-01
3.357260510573621959e-01
3.062123052381437449e-01
2.290087060243327088e-01
2.568520921271234547e-01
3.750426467326975488e-01
3.873938286476439341e-01
3.153569380418195234e-01
2.233092048754281578e-01
3.421432327802722551e-01
2.346827542387999732e-01
3.053080120819610666e-01
1.912616038533977714e-01
1.020432115393972161e+00
2.971968925107756343e-01
2.200681444560530498e-01
2.398040730393718456e-01
3.156326695482922218e-01
3.071937595326207915e-01
2.375163289555522472e-01
4.655459235974598320e-01
2.238995416523522630e-01
2.954470502867344583e-01
3.567043237550489021e-01
2.523192463119190987e-01
3.807006788343695880e-01
2.860367001050257429e-01
3.619958156796401760e-01
3.096966200543945780e-01
2.490401400021825529e-01
2.950441197429356510e-01
2.599788300638807836e-01
2.488252231384264490e-01
6.764716610126345619e-01
2.381092303738464311e-01
3.029587251939159787e-01
2.612393508415393750e-01
2.841425550717031623e-01
3.628911081772110969e-01
2.415719477850805097e-01
3.603914383813787703e-01
2.397268854073831001e-01
2.086959326017826521e-01
4.408639005358534479e-01
2.086959326017826521e-01
4.408639005358534479e-01
2.562869196125077131e-01
3.050164253520269986e-01
3.881288499107401480e-01
3.154726348442642991e-01
2.914669499286474674e-01
2.041788405059604961e-01
2.439794836148700130e-01
1.763349623806503841e-01
3.819803019507568842e-01
3.125907160342192292e-01
4.747768001619516731e-01
3.040296424164928846e-01
3.353117369099889444e-01
2.207623271789203034e-01
5.305346881568260287e-01
6.862682072407806366e-01
2.872994856253230367e-01
2.172739947445171682e-01
2.704459137083227716e-01
4.369873968790630725e-01
3.541567310347584208e-01
6.621736259895635301e-01
3.946200573282786506e-01
5.167881256517640187e-01
2.719209196934387340e-01
4.782781263863731813e-01
4.704252799400377993e-01
4.635353078319112696e-01
4.603856798504631920e-01
3.440595905174848590e-01
3.104447667544755762e-01
2.429917617952210840e-01
3.004896064414874224e-01
3.817197975138664212e-01
3.375292414301008792e-01
2.940220557098631171e-01
2.342156765746258307e-01
9.805621473467110993e-01
3.492678095998702492e-01
1.069179647345552375e+00
2.925935979922679175e-01
2.798302757114976558e-01
3.906225298020543635e-01
2.844187052445604214e-01
2.531995172415597017e-01
3.071318843812111954e-01
8.780871754222790981e-01
5.070236318754691718e-01
8.827667907972746031e-01
4.645179804529448453e-01
1.783563797645212889e-01
8.768844689511405832e-01
2.528754462471280995e-01
3.311932666302859207e-01
3.587951662913849704e-01
2.368649102483514624e-01
4.250752314147063227e-01
3.815179733040988674e-01
3.781243268343458253e-01
2.325639258542850918e-01
2.101142402511742557e-01
4.680181408157952916e-01
4.085339296600737358e-01
3.649396606885018102e-01
2.256435149802366036e-01
2.872594297942856478e-01
2.675481152801074680e-01
4.139311266311201942e-01
4.602716224280939405e-01
3.813004168733552524e-01
1.205425014183020060e+00
8.100342124541985989e-01
2.413379398527288611e-01
2.931620773188193807e-01
2.367720162359253366e-01
3.751545849584088099e-01
3.195715849079400761e-01
1.199116931650077378e+00
8.192889107462881793e-01
2.534462499542750047e-01
4.112176917123512299e-01
2.624594879770517086e-01
2.946472482865474807e-01
2.643425756390304082e-01
2.437067641651284311e-01
1.054002523724142604e+00
2.846506538648016504e-01
4.215092031637622250e-01
2.906613354421271889e-01
2.523429977256131940e-01
3.611245742913536394e-01
2.983973958896815049e-01
3.737659439802436534e-01
2.378507704959274272e-01
2.440225488247365626e-01
5.048900268762591681e-01
4.504953023636132370e-01
2.618415672710727726e-01
4.931621902491410414e-01
4.973338824133077263e-01
2.376489189608215757e-01
