4.309821381845702490e+03
3.425100877528901947e+03
1.277300599940338725e+04
1.441962569076515592e+02
3.220764209230215783e+04
1.447008190733381525e+02
4.967300056007627973e+03
3.995519416401199123e+03
1.739617244813117850e+03
1.269038094024816473e+03
4.230181365664388068e+03
3.748345370665688279e+03
1.310084888734251535e+03
5.763172682028491181e+03
1.461497271564329594e+03
5.144519282139140159e+02
4.277777765230056843e+02
1.623258983976242689e+03
2.499056738025283266e+03
3.481107123834657614e+03
1.920925995729232682e+03
1.184863676965518670e-01
4.232267329601301753e+03
4.712694680359587437e+03
5.014793966004070569e+00
1.173802721573861163e+03
9.973274209182043251e+02
3.193649989718290954e+02
7.764491460883253239e+03
1.161837507077917508e+03
2.594085360917376448e+01
1.243000395431010263e+00
4.611330485426731684e+03
5.643699916942235177e+03
5.271123271618707804e+03
1.206215639826840743e+03
1.168590475381460010e+03
1.609073827763563713e+03
5.773832682988324905e+02
1.318639865375202135e+03
8.955560452717345470e+02
8.880874151513299353e+01
8.942033997689784883e+03
6.610135350669323998e+03
3.580250804409430202e+03
2.464147959372409435e-01
2.197929610845801573e-01
1.040847915752964127e+03
5.383931746860983480e+01
5.169503808652210864e+03
5.469999199336757556e+03
3.496618761423758315e+02
3.056974806301128638e+02
1.595860133778965519e+03
3.700714042238287220e+03
2.653877988657358173e+02
7.248203219407049573e+02
1.242733316101395758e+03
4.457534498779915339e+03
2.461223818491254860e+03
1.351321653720604900e+03
1.438601058568629924e+03
8.514635840858118172e+03
3.794430851170145161e+03
4.209277044778008303e+02
1.112658946188551909e+03
1.145018618476317442e+03
4.481274893489175156e+03
2.822515168309479350e+02
3.794098765969984015e+02
1.599698384597255426e+03
4.448662930434249574e+03
8.878912931031614164e+00
2.268525616252829423e+03
5.286376214176704707e+03
2.605618938147484187e+03
5.293537526649880419e+03
5.774122015783537790e+03
5.138468222099656487e+03
1.102318755219048683e+02
1.685739274408931010e+02
1.376680471660545209e+03
5.565773856204472168e+02
2.589669283790468057e+02
3.577043264202278010e+02
2.150949402386645488e+03
7.925770788898034880e+02
7.978673254956589744e+01
3.560177301664106835e+03
1.753203681939531180e+03
4.490696118920310255e+03
4.290880746207490120e+03
1.317754269204851347e+01
1.266177651000706646e+03
4.613677509499549160e+03
1.558869031008439151e+03
1.550602822315361209e+03
5.491008198744062838e+02
2.152234491402030017e+03
7.692818474210413115e+03
3.150688149778863476e+02
1.190816950462494560e+03
1.319320190282278418e+03
1.190816950462494560e+03
1.319320190282278418e+03
9.545992605858671595e+03
2.657580210879096740e+03
1.764971548533419991e+03
2.446554552617305035e+03
1.463826108722604431e+03
4.559057674822685840e+03
2.159943932700518417e+03
3.435695587439785595e+04
3.263161972407227722e+02
2.610961353369066273e+03
4.231258657963067549e+02
4.388613193764858806e+03
2.943994959868954311e+02
3.156068384057906542e+02
3.314556031454076646e+01
1.454036800474909796e+02
1.442616959460554426e+03
8.102591818142928787e+03
2.918689786239923478e+02
2.978373093946172958e+03
6.051218078267517342e+01
5.817852033446024507e+01
3.735999599915468480e+03
6.952582795956115547e+01
1.612685866248692719e+03
4.137705949918264423e+02
4.758058248714423257e+02
1.684997382297927970e+02
1.691796812277058280e+02
7.746722586761951845e+01
2.201138413512595946e+02
3.592008416018469234e+03
4.774969157493746025e+03
1.318462447899097924e+03
4.683415880126587467e+02
1.571883538369266262e+03
5.713911094073986533e+03
2.984653356133987884e-02
1.182718401421921953e+03
2.261155154938020856e-02
5.771293805384415236e+02
3.074018024061697361e+03
1.877719296475596821e+03
2.367159078456940279e+03
2.188340636734544660e+03
3.544025473414598309e+03
3.033476969446742208e-02
2.067485960563115441e+03
3.948237916772496386e-02
9.123492423839601315e+02
3.698722389448575268e+04
7.463330096281932391e-02
4.604772892980578945e+03
1.032513144066105269e+03
1.224627578297437594e+03
3.377111449603828078e+03
2.384057696739139942e+02
2.519943641526155602e+02
3.094003190641736865e+02
7.752461484167311937e+03
2.447335930569645825e+03
6.843292482175365876e+01
1.205068755251122781e+02
1.924103111470961949e+02
3.777118365608343993e+03
2.562665734122593676e+03
2.858374270137566782e+03
1.000238291699940731e+02
1.007031742149575848e+02
1.429021499557599668e+02
7.500736879470880636e-01
2.653079211003802618e-01
1.270402864176257481e+03
1.483902704599736808e+03
7.100673985317328516e+03
3.744809746361933094e+02
1.130937993318287681e+03
3.030950384586242885e-01
1.640075472274807877e-01
3.177906281919989397e+03
1.497718862028854801e+03
3.921370499190583359e+03
1.930639794352016452e+03
4.713585742756914442e+03
3.764585916847039698e+03
3.193685623620617697e+00
6.536440105557698189e+03
1.010569374709754982e+02
1.542290894188854736e+03
1.844424442980339336e+03
1.081449144620582047e+03
9.231154795036401310e+02
4.105446104987140643e+02
4.617400704750518344e+03
2.915843982113454786e+03
7.178247905090751146e+01
7.871501144737517563e+01
3.770896265651748308e+03
6.678312429826698349e+01
6.674509452238510221e+01
3.923561887578628557e+03
