8.3111
8.4040
8.6375
8.4884
8.0774
8.2196
8.0647
7.8010
7.8071
7.8957
8.1834
7.5643
8.4428
7.9938
7.5068
7.0851
7.7263
7.7355
7.9814
7.9249
8.3376
8.0998
8.3061
8.4186
8.2012
8.1602
8.0023
7.9273
7.9383
8.1202
8.0505
8.1463
8.0541
7.9243
8.1816
8.6236
7.9799
7.9791
8.1679
8.0333
8.0442
8.0118
7.8348
7.9454
7.8019
8.4559
7.9683
8.3400
8.0523
8.0256
8.1693
7.9079
7.9014
8.3479
8.3669
7.9460
7.9965
8.1128
8.3834
8.3601
8.0737
8.1864
8.0338
8.1753
8.1214
8.1432
7.9439
8.2100
7.8661
7.5863
7.7419
7.7720
8.2338
8.4098
7.9437
8.0254
8.0543
8.1690
8.2221
8.0676
7.9131
7.9824
8.3573
8.1033
8.2070
8.2662
8.1440
7.8947
8.2298
8.5072
8.0850
8.2157
7.8773
8.1787
8.3696
7.8462
7.9902
8.1610
8.0590
8.2619
8.2669
8.1347
8.0323
8.0103
8.0542
7.9222
8.0231
7.9764
8.1352
8.0194
8.1710
8.2677
7.9918
8.0137
