62.9828
55.4675
58.5702
58.0172
46.6900
57.7124
60.0440
58.3358
57.4299
64.9758
56.7396
58.2498
65.1026
60.4914
54.7093
58.2054
65.1290
58.4260
54.1251
53.9249
64.7232
53.7360
46.3292
58.4959
46.6413
57.5401
55.5850
63.6598
56.6693
64.2480
57.6958
56.7630
60.4748
57.4698
59.3028
64.3226
57.7287
63.5165
56.2900
57.8177
57.4681
57.3253
57.8824
57.7762
56.1535
55.7316
57.4892
58.7529
54.3194
57.8582
57.4962
57.9291
54.0431
59.7182
57.6430
56.4303
56.7546
58.4137
58.4320
59.9284
46.4006
65.4177
66.9180
66.0353
56.6090
65.0885
53.7942
56.7062
46.5614
53.7267
56.3066
57.3134
56.7418
45.8858
57.9059
56.6718
59.7441
61.9048
61.3398
57.4195
53.9747
64.1186
64.3227
59.0119
64.1210
56.3540
59.1261
59.7325
56.9294
64.3844
46.2294
54.8976
59.1104
46.2008
53.9527
55.4391
53.7277
57.9003
46.6200
54.1045
57.5025
55.2528
58.6385
54.5792
57.1187
58.1879
56.9934
59.7414
57.1347
62.2283
53.2875
53.3735
56.8397
55.8034
46.1404
58.3613
56.3378
