62.9351
55.3731
58.6400
58.5879
46.6900
57.7086
59.2295
58.4934
56.6197
64.4074
56.6248
57.9310
65.6689
60.7660
54.8766
58.2236
65.5376
58.1733
53.8505
53.9399
65.5620
53.7014
46.4020
60.2258
46.6881
58.4943
55.7137
64.5189
56.8168
63.4410
57.6577
55.6673
60.9391
57.3658
59.5482
64.2600
58.1260
63.1100
56.1604
57.6197
56.7657
59.0691
57.8500
60.1279
56.1400
55.9969
57.4600
58.2531
54.3100
57.3400
57.7373
57.9445
53.4805
59.2584
59.0284
55.3674
57.0182
58.1484
58.2976
58.4558
46.2306
66.8599
66.5898
65.1932
57.1715
66.2944
53.6775
56.7614
46.5924
53.7724
56.4052
57.0174
57.2500
45.9900
58.0840
57.0936
59.9275
62.4415
61.1596
56.9556
54.0061
65.3692
64.0182
58.0773
66.2401
56.8303
58.1270
59.3330
56.9300
64.3358
46.2819
54.9153
58.6527
46.3471
53.9519
56.5964
54.0345
57.5314
46.6200
54.0400
57.0900
55.0474
57.6660
54.4550
57.2244
57.9000
56.9700
57.6733
54.3958
61.2760
52.2005
53.5862
56.3740
54.9374
46.0973
58.9100
56.2600
