2.844935655593872070e-01
3.011053204536437988e-01
2.425039261579513550e-01
3.789593577384948730e-01
1.766290217638015747e-01
3.103383481502532959e-01
2.932702898979187012e-01
2.833710312843322754e-01
3.395205736160278320e-01
3.039103746414184570e-01
2.469434589147567749e-01
2.481597512960433960e-01
2.711121141910552979e-01
4.353358149528503418e-01
2.880510389804840088e-01
3.562193810939788818e-01
3.779895901679992676e-01
2.663352191448211670e-01
2.634488344192504883e-01
2.546372711658477783e-01
2.884218394756317139e-01
1.192044377326965332e+00
2.495043873786926270e-01
2.463652640581130981e-01
7.198763489723205566e-01
2.942580282688140869e-01
2.691980600357055664e-01
3.091107010841369629e-01
3.573357462882995605e-01
3.251337707042694092e-01
1.083109378814697266e+00
1.089974164962768555e+00
2.830825746059417725e-01
2.754055261611938477e-01
2.719301581382751465e-01
3.004633188247680664e-01
2.814084887504577637e-01
2.521185576915740967e-01
3.524848818778991699e-01
2.535815834999084473e-01
3.952166140079498291e-01
5.578657388687133789e-01
3.579860329627990723e-01
2.287008911371231079e-01
3.593167066574096680e-01
9.266220331192016602e-01
9.870098829269409180e-01
3.268076181411743164e-01
3.410335183143615723e-01
2.599920332431793213e-01
2.937857806682586670e-01
3.278856575489044189e-01
2.946923673152923584e-01
2.842088937759399414e-01
3.592569231986999512e-01
2.455111742019653320e-01
2.814629077911376953e-01
2.554197311401367188e-01
2.988567948341369629e-01
3.143986463546752930e-01
2.622216045856475830e-01
2.858609259128570557e-01
3.579749763011932373e-01
2.455175518989562988e-01
2.660145759582519531e-01
4.391231238842010498e-01
4.285970926284790039e-01
3.031002879142761230e-01
2.958564162254333496e-01
3.401772975921630859e-01
2.873563766479492188e-01
3.596858084201812744e-01
9.008221626281738281e-01
2.818350493907928467e-01
3.581645190715789795e-01
2.310327887535095215e-01
2.759452164173126221e-01
2.493046820163726807e-01
2.983889877796173096e-01
3.987134695053100586e-01
3.244088590145111084e-01
2.828807830810546875e-01
3.584161400794982910e-01
2.499685287475585938e-01
2.934541106224060059e-01
3.784491419792175293e-01
2.622900307178497314e-01
4.888427853584289551e-01
2.537989318370819092e-01
2.901205122470855713e-01
2.492784410715103149e-01
2.491871714591979980e-01
5.774427056312561035e-01
2.570271790027618408e-01
2.977713644504547119e-01
2.623372673988342285e-01
2.824119925498962402e-01
3.566559553146362305e-01
2.414368242025375366e-01
3.776233494281768799e-01
2.747180461883544922e-01
2.789029777050018311e-01
4.195956587791442871e-01
2.789029777050018311e-01
4.195956587791442871e-01
2.897130846977233887e-01
2.766817808151245117e-01
2.961853742599487305e-01
2.995927035808563232e-01
2.860143482685089111e-01
3.544362783432006836e-01
3.049793541431427002e-01
1.747106462717056274e-01
3.932350873947143555e-01
3.256362378597259521e-01
3.845463097095489502e-01
2.925281226634979248e-01
2.838181555271148682e-01
3.039349317550659180e-01
5.897161960601806641e-01
5.545230507850646973e-01
2.905232310295104980e-01
3.577646315097808838e-01
2.613928616046905518e-01
2.856605052947998047e-01
4.324655532836914062e-01
5.479717254638671875e-01
3.435525000095367432e-01
4.736735820770263672e-01
2.785992026329040527e-01
4.360281825065612793e-01
4.380908906459808350e-01
4.374151229858398438e-01
4.191530942916870117e-01
4.301248788833618164e-01
4.358454644680023193e-01
2.702428400516510010e-01
2.863518893718719482e-01
3.485842943191528320e-01
3.369893431663513184e-01
2.777935564517974854e-01
3.480252623558044434e-01
1.036470174789428711e+00
2.371253073215484619e-01
1.043156623840332031e+00
2.975043356418609619e-01
3.722566366195678711e-01
3.884432911872863770e-01
2.922232747077941895e-01
2.421671897172927856e-01
2.550398707389831543e-01
1.060860633850097656e+00
3.827112317085266113e-01
1.087818264961242676e+00
4.211924374103546143e-01
1.739306747913360596e-01
1.057423233985900879e+00
2.636887729167938232e-01
3.144603669643402100e-01
3.077907264232635498e-01
3.151645362377166748e-01
3.722026050090789795e-01
3.654496967792510986e-01
3.598150014877319336e-01
3.463942408561706543e-01
3.774836659431457520e-01
5.084933638572692871e-01
4.934110343456268311e-01
5.027956366539001465e-01
2.608291506767272949e-01
2.656105756759643555e-01
2.682499587535858154e-01
4.224908351898193359e-01
4.302240908145904541e-01
4.164718091487884521e-01
1.164486765861511230e+00
1.123428225517272949e+00
2.387224286794662476e-01
2.978858351707458496e-01
3.502490222454071045e-01
3.650980293750762939e-01
3.606846034526824951e-01
1.153193235397338867e+00
1.098829030990600586e+00
2.778781354427337646e-01
3.291520178318023682e-01
2.548726499080657959e-01
2.900885641574859619e-01
2.467384338378906250e-01
2.482339441776275635e-01
1.082454800605773926e+00
3.307775855064392090e-01
3.714714348316192627e-01
2.935160398483276367e-01
2.887441813945770264e-01
3.295388519763946533e-01
2.727047801017761230e-01
3.355422914028167725e-01
2.832648158073425293e-01
2.685739398002624512e-01
4.780540168285369873e-01
4.788016676902770996e-01
2.474729418754577637e-01
4.956222176551818848e-01
4.977279603481292725e-01
2.490902543067932129e-01
