2.556936144828796387e-01
2.562739551067352295e-01
3.586724400520324707e-01
3.644036650657653809e-01
1.750610470771789551e-01
2.349228262901306152e-01
2.673947811126708984e-01
2.807235717773437500e-01
3.158328831195831299e-01
3.037251234054565430e-01
2.489910572767257690e-01
2.483714371919631958e-01
2.923541963100433350e-01
3.117573857307434082e-01
2.939426600933074951e-01
2.376848608255386353e-01
2.654046416282653809e-01
4.169341325759887695e-01
3.562098741531372070e-01
2.544087171554565430e-01
2.886139750480651855e-01
9.107418656349182129e-01
2.505621314048767090e-01
2.472849339246749878e-01
6.425191164016723633e-01
2.677766978740692139e-01
3.048135340213775635e-01
2.863816022872924805e-01
3.566843867301940918e-01
2.839537858963012695e-01
1.149993181228637695e+00
1.186575770378112793e+00
3.279557824134826660e-01
2.748383581638336182e-01
2.561816275119781494e-01
3.070976436138153076e-01
2.809858322143554688e-01
2.497111111879348755e-01
4.162594079971313477e-01
2.390669286251068115e-01
3.947080373764038086e-01
5.220110416412353516e-01
2.380768507719039917e-01
2.328853756189346313e-01
3.898428380489349365e-01
1.005234003067016602e+00
1.030008435249328613e+00
3.921618759632110596e-01
4.323641061782836914e-01
2.870607078075408936e-01
2.641009986400604248e-01
2.832134962081909180e-01
3.067653477191925049e-01
2.843342721462249756e-01
3.541363775730133057e-01
2.564567625522613525e-01
3.301867544651031494e-01
2.806491553783416748e-01
2.753503620624542236e-01
2.864589691162109375e-01
2.920230031013488770e-01
2.868697345256805420e-01
3.571015298366546631e-01
2.468934804201126099e-01
3.174204230308532715e-01
3.865633904933929443e-01
3.455797731876373291e-01
3.016385436058044434e-01
2.768665552139282227e-01
3.154719173908233643e-01
2.897220253944396973e-01
3.595140576362609863e-01
9.507824778556823730e-01
2.816409468650817871e-01
3.599785566329956055e-01
2.301985770463943481e-01
2.705754339694976807e-01
2.412886470556259155e-01
3.020843565464019775e-01
4.356018900871276855e-01
2.863941192626953125e-01
2.827066779136657715e-01
3.601256012916564941e-01
2.581011652946472168e-01
2.747678458690643311e-01
4.026248753070831299e-01
2.457008957862854004e-01
4.870237410068511963e-01
2.556754350662231445e-01
2.883651554584503174e-01
2.496467232704162598e-01
2.480324804782867432e-01
5.717192292213439941e-01
2.555362880229949951e-01
2.991805076599121094e-01
2.628701329231262207e-01
2.817460298538208008e-01
3.591400384902954102e-01
2.443885505199432373e-01
3.774142563343048096e-01
2.725887596607208252e-01
2.715967297554016113e-01
4.219672381877899170e-01
2.715967297554016113e-01
4.219672381877899170e-01
2.942230105400085449e-01
2.912327349185943604e-01
3.484353423118591309e-01
3.180976212024688721e-01
2.827376127243041992e-01
3.596549928188323975e-01
2.799147963523864746e-01
1.750574856996536255e-01
4.006424248218536377e-01
3.383678793907165527e-01
4.146129488945007324e-01
3.027963042259216309e-01
2.858500480651855469e-01
3.281615972518920898e-01
4.885395169258117676e-01
5.746917128562927246e-01
2.861841022968292236e-01
3.581589162349700928e-01
2.404791563749313354e-01
2.633269131183624268e-01
4.351063668727874756e-01
5.775032043457031250e-01
3.055557310581207275e-01
4.757301807403564453e-01
3.114871084690093994e-01
4.528195261955261230e-01
4.543245136737823486e-01
4.525819718837738037e-01
4.050246477127075195e-01
4.134742319583892822e-01
4.039660692214965820e-01
2.553486227989196777e-01
3.017134964466094971e-01
3.705821037292480469e-01
3.196325600147247314e-01
2.791303396224975586e-01
3.548984825611114502e-01
9.340025186538696289e-01
2.333166450262069702e-01
9.195430874824523926e-01
2.674317061901092529e-01
3.526320457458496094e-01
4.102271199226379395e-01
2.948202788829803467e-01
2.320650368928909302e-01
2.674995362758636475e-01
9.828143715858459473e-01
4.414551258087158203e-01
9.838270545005798340e-01
4.487139284610748291e-01
1.741677671670913696e-01
9.669695496559143066e-01
2.567378580570220947e-01
3.105974793434143066e-01
3.169047236442565918e-01
3.170441389083862305e-01
3.716568648815155029e-01
3.683843314647674561e-01
3.661642968654632568e-01
3.430552482604980469e-01
3.889189660549163818e-01
4.932341277599334717e-01
5.021391510963439941e-01
4.924045503139495850e-01
2.623989582061767578e-01
2.681390643119812012e-01
2.623115479946136475e-01
4.281459748744964600e-01
4.141112565994262695e-01
4.141777157783508301e-01
1.174840211868286133e+00
1.097174882888793945e+00
2.486546188592910767e-01
2.962789237499237061e-01
3.542852997779846191e-01
3.626610636711120605e-01
2.539417743682861328e-01
1.016253829002380371e+00
9.687243103981018066e-01
3.273796141147613525e-01
3.627599477767944336e-01
2.553049027919769287e-01
2.887454926967620850e-01
2.483719438314437866e-01
2.484498322010040283e-01
1.201404094696044922e+00
3.425651490688323975e-01
3.591804206371307373e-01
2.969657778739929199e-01
3.152580261230468750e-01
2.990912199020385742e-01
2.577140629291534424e-01
3.014700412750244141e-01
3.166456818580627441e-01
3.694980442523956299e-01
4.072335660457611084e-01
3.858470320701599121e-01
2.490836381912231445e-01
4.970252811908721924e-01
4.965532720088958740e-01
2.490018457174301147e-01
