2.683744430541992188e-01
2.795257270336151123e-01
3.495479226112365723e-01
3.352968096733093262e-01
1.758140027523040771e-01
2.616419494152069092e-01
2.706530392169952393e-01
2.812784314155578613e-01
3.301446437835693359e-01
3.035073578357696533e-01
2.484167367219924927e-01
2.449251711368560791e-01
2.855292856693267822e-01
2.901926636695861816e-01
2.818898260593414307e-01
3.499074876308441162e-01
2.708175480365753174e-01
4.053193330764770508e-01
3.638190627098083496e-01
2.557027041912078857e-01
2.907374203205108643e-01
1.186807394027709961e+00
2.478752136230468750e-01
2.488273084163665771e-01
6.360297799110412598e-01
2.627880871295928955e-01
3.040844500064849854e-01
2.696710228919982910e-01
3.581139743328094482e-01
2.849355638027191162e-01
1.135711431503295898e+00
1.089656233787536621e+00
3.454710841178894043e-01
2.746101915836334229e-01
2.474688738584518433e-01
2.952417135238647461e-01
2.724749743938446045e-01
2.487085014581680298e-01
4.232265949249267578e-01
2.561749815940856934e-01
4.016190171241760254e-01
5.693210363388061523e-01
3.579988181591033936e-01
2.260498553514480591e-01
3.572349548339843750e-01
9.256865978240966797e-01
9.378035664558410645e-01
3.287523388862609863e-01
3.353523313999176025e-01
2.834189236164093018e-01
2.701125144958496094e-01
2.941904067993164062e-01
3.048434257507324219e-01
2.877299189567565918e-01
3.571111559867858887e-01
2.504350841045379639e-01
3.244873285293579102e-01
2.782949805259704590e-01
2.792948484420776367e-01
2.969829738140106201e-01
3.003164529800415039e-01
2.862914800643920898e-01
3.588937520980834961e-01
2.441759258508682251e-01
3.131397068500518799e-01
3.831661045551300049e-01
3.661974668502807617e-01
2.973833084106445312e-01
2.836813628673553467e-01
3.010610640048980713e-01
2.888634800910949707e-01
3.596542179584503174e-01
8.391097784042358398e-01
2.801382243633270264e-01
3.593380153179168701e-01
2.294653505086898804e-01
2.706151604652404785e-01
2.434767186641693115e-01
3.038914501667022705e-01
3.113833367824554443e-01
4.674465954303741455e-01
2.835836112499237061e-01
3.601720929145812988e-01
2.589545547962188721e-01
3.790822327136993408e-01
2.646212577819824219e-01
2.489622682332992554e-01
4.972581267356872559e-01
2.562204599380493164e-01
2.884477674961090088e-01
2.495140731334686279e-01
2.478659600019454956e-01
3.114773929119110107e-01
2.527124583721160889e-01
3.015016019344329834e-01
2.584801018238067627e-01
2.820285260677337646e-01
3.574834167957305908e-01
2.408867478370666504e-01
3.799044787883758545e-01
2.700054347515106201e-01
2.681345641613006592e-01
4.306623339653015137e-01
2.681345641613006592e-01
4.306623339653015137e-01
2.899015545845031738e-01
2.800745964050292969e-01
3.049128353595733643e-01
2.946617007255554199e-01
2.846245467662811279e-01
3.602142333984375000e-01
3.100021183490753174e-01
1.752249896526336670e-01
3.941145241260528564e-01
3.231807053089141846e-01
3.998806178569793701e-01
3.020483553409576416e-01
2.626254260540008545e-01
2.973877489566802979e-01
5.698061585426330566e-01
5.742343068122863770e-01
2.843583524227142334e-01
3.597495555877685547e-01
2.398109287023544312e-01
2.728416621685028076e-01
4.255392253398895264e-01
5.738297700881958008e-01
3.406125307083129883e-01
5.048543810844421387e-01
2.546020150184631348e-01
4.500257670879364014e-01
4.503949582576751709e-01
4.551305174827575684e-01
4.059849679470062256e-01
4.086277484893798828e-01
4.290522634983062744e-01
2.528620958328247070e-01
3.022494912147521973e-01
3.754966557025909424e-01
3.166342377662658691e-01
2.839057147502899170e-01
3.520013988018035889e-01
1.106455564498901367e+00
2.389540672302246094e-01
1.168105840682983398e+00
2.606569826602935791e-01
3.565899133682250977e-01
4.175376296043395996e-01
2.950380146503448486e-01
2.287638187408447266e-01
2.643777132034301758e-01
1.129590630531311035e+00
4.466020464897155762e-01
1.163440346717834473e+00
4.510385692119598389e-01
1.740620583295822144e-01
1.415690183639526367e+00
2.970217168331146240e-01
3.429202735424041748e-01
3.297315835952758789e-01
3.291891813278198242e-01
3.058393299579620361e-01
3.041872680187225342e-01
3.119457960128784180e-01
3.579753339290618896e-01
2.992045283317565918e-01
4.274959266185760498e-01
4.200209379196166992e-01
4.389493763446807861e-01
2.696112096309661865e-01
2.661451399326324463e-01
2.650820612907409668e-01
4.896739125251770020e-01
4.880116581916809082e-01
4.920829236507415771e-01
1.314887523651123047e+00
1.376197695732116699e+00
2.445176392793655396e-01
2.878834903240203857e-01
3.567351996898651123e-01
3.487425446510314941e-01
2.519618570804595947e-01
1.260409951210021973e+00
1.376829266548156738e+00
3.231721818447113037e-01
3.580735325813293457e-01
2.560080587863922119e-01
2.863300740718841553e-01
2.472568601369857788e-01
2.479597181081771851e-01
1.370405316352844238e+00
3.498739898204803467e-01
3.567763268947601318e-01
2.963116466999053955e-01
3.091610074043273926e-01
3.053417205810546875e-01
2.625132501125335693e-01
3.068668544292449951e-01
3.116006851196289062e-01
3.698143362998962402e-01
4.072303771972656250e-01
3.957477211952209473e-01
2.491714507341384888e-01
4.964901804924011230e-01
4.967268705368041992e-01
2.487711161375045776e-01
