2.698934674263000488e-01
3.050345778465270996e-01
2.444957643747329712e-01
3.655467331409454346e-01
1.744668632745742798e-01
3.421240150928497314e-01
3.110463321208953857e-01
2.813638150691986084e-01
3.264527916908264160e-01
3.007410168647766113e-01
2.604366242885589600e-01
2.641633749008178711e-01
2.503760159015655518e-01
2.969110608100891113e-01
2.981509864330291748e-01
2.268246114253997803e-01
2.589151263236999512e-01
4.186660945415496826e-01
3.786306083202362061e-01
2.565264403820037842e-01
2.888261675834655762e-01
4.498228132724761963e-01
2.490949630737304688e-01
2.498655766248703003e-01
7.597586512565612793e-01
2.436993122100830078e-01
3.772782981395721436e-01
3.723917901515960693e-01
2.440855354070663452e-01
3.867838382720947266e-01
6.332583427429199219e-01
5.100787281990051270e-01
3.291605114936828613e-01
2.874197065830230713e-01
2.402745634317398071e-01
2.552339136600494385e-01
2.939498126506805420e-01
3.931576609611511230e-01
2.792781889438629150e-01
2.627881467342376709e-01
3.795484900474548340e-01
4.812929928302764893e-01
2.221152335405349731e-01
2.272921949625015259e-01
3.437108397483825684e-01
5.345923304557800293e-01
4.675297141075134277e-01
3.301317691802978516e-01
4.784842133522033691e-01
2.824856340885162354e-01
2.778846323490142822e-01
2.806546688079833984e-01
2.891721725463867188e-01
2.956984341144561768e-01
2.307710498571395874e-01
2.941332757472991943e-01
3.394510149955749512e-01
2.782218158245086670e-01
2.715006768703460693e-01
2.749891579151153564e-01
2.846837639808654785e-01
2.970359623432159424e-01
2.171370089054107666e-01
2.638869285583496094e-01
3.238214552402496338e-01
4.136895537376403809e-01
3.575712740421295166e-01
2.607628107070922852e-01
3.419784605503082275e-01
3.168209493160247803e-01
2.944146692752838135e-01
2.184614390134811401e-01
7.103672623634338379e-01
2.320134937763214111e-01
3.368281424045562744e-01
2.816764712333679199e-01
2.252733856439590454e-01
2.991203665733337402e-01
2.435199916362762451e-01
4.367182850837707520e-01
3.069423139095306396e-01
2.957699298858642578e-01
3.251132965087890625e-01
2.730567455291748047e-01
3.618279397487640381e-01
2.932841181755065918e-01
3.630573153495788574e-01
3.418948948383331299e-01
2.573304474353790283e-01
2.857337892055511475e-01
2.480567395687103271e-01
2.481758892536163330e-01
6.964649558067321777e-01
2.987432777881622314e-01
2.494847327470779419e-01
3.178480267524719238e-01
2.987243533134460449e-01
2.349208742380142212e-01
2.668516933917999268e-01
3.664979934692382812e-01
3.688077628612518311e-01
2.742088139057159424e-01
2.903881669044494629e-01
2.742088139057159424e-01
2.903881669044494629e-01
2.456286400556564331e-01
2.772250771522521973e-01
3.058278858661651611e-01
2.760491371154785156e-01
2.976908087730407715e-01
2.215115576982498169e-01
3.172295093536376953e-01
1.760494709014892578e-01
3.786156773567199707e-01
2.903743684291839600e-01
4.288709163665771484e-01
2.513248026371002197e-01
3.862504661083221436e-01
3.773029446601867676e-01
5.785725712776184082e-01
5.284838080406188965e-01
2.981900870800018311e-01
2.363818585872650146e-01
3.736828863620758057e-01
2.670715451240539551e-01
4.893812835216522217e-01
5.012388825416564941e-01
2.649101018905639648e-01
4.895364344120025635e-01
3.013322353363037109e-01
3.919233381748199463e-01
4.051747918128967285e-01
3.860006034374237061e-01
4.562079906463623047e-01
4.400207996368408203e-01
4.548142254352569580e-01
2.656547427177429199e-01
2.652312815189361572e-01
3.113467693328857422e-01
3.135108649730682373e-01
2.983756959438323975e-01
2.194374501705169678e-01
4.005272388458251953e-01
3.084537386894226074e-01
3.930211365222930908e-01
3.175768256187438965e-01
3.041269779205322266e-01
2.890515327453613281e-01
2.793270349502563477e-01
2.648002505302429199e-01
2.769218981266021729e-01
4.175705015659332275e-01
3.648293018341064453e-01
4.307831823825836182e-01
3.655922412872314453e-01
1.731995642185211182e-01
3.219333589076995850e-01
2.443392574787139893e-01
3.148777186870574951e-01
3.562853336334228516e-01
2.747591137886047363e-01
3.981080353260040283e-01
3.973893225193023682e-01
3.948046565055847168e-01
2.274151891469955444e-01
2.581877410411834717e-01
4.822554886341094971e-01
4.752205014228820801e-01
4.216334819793701172e-01
2.636213600635528564e-01
2.688520848751068115e-01
2.670686841011047363e-01
4.470396041870117188e-01
4.538963735103607178e-01
4.497005045413970947e-01
2.850230932235717773e-01
3.149785399436950684e-01
3.014656603336334229e-01
2.874468863010406494e-01
2.218096107244491577e-01
3.766068518161773682e-01
2.460372447967529297e-01
7.590260505676269531e-01
4.969795048236846924e-01
2.650435268878936768e-01
2.526492476463317871e-01
2.548904716968536377e-01
2.882611155509948730e-01
2.492015361785888672e-01
2.473230063915252686e-01
8.138235211372375488e-01
2.507799565792083740e-01
4.523996412754058838e-01
2.953141331672668457e-01
3.117583394050598145e-01
3.108016848564147949e-01
3.212653100490570068e-01
3.660866916179656982e-01
2.512370944023132324e-01
2.710981667041778564e-01
4.921490550041198730e-01
4.989361763000488281e-01
2.455254048109054565e-01
4.965969622135162354e-01
4.955610334873199463e-01
2.486111819744110107e-01
