2.580683827400207520e-01
2.387825846672058105e-01
2.253243029117584229e-01
4.319717288017272949e-01
1.789111196994781494e-01
3.902655541896820068e-01
3.727805018424987793e-01
2.753011286258697510e-01
2.454303205013275146e-01
3.053854107856750488e-01
2.601630091667175293e-01
3.021367788314819336e-01
2.462771534919738770e-01
4.490832090377807617e-01
2.927496135234832764e-01
3.488441109657287598e-01
2.469866424798965454e-01
4.232645630836486816e-01
2.873413860797882080e-01
2.604341208934783936e-01
2.848873734474182129e-01
1.069337844848632812e+00
2.518246769905090332e-01
2.446376085281372070e-01
7.902053594589233398e-01
3.114762008190155029e-01
2.607628703117370605e-01
3.009920418262481689e-01
2.463271766901016235e-01
4.223881661891937256e-01
7.530325055122375488e-01
9.675419926643371582e-01
3.091351389884948730e-01
2.764409780502319336e-01
2.376177906990051270e-01
2.609274387359619141e-01
3.027978539466857910e-01
2.747458219528198242e-01
3.920392394065856934e-01
2.374780774116516113e-01
3.979683518409729004e-01
5.432472229003906250e-01
2.362042814493179321e-01
2.521471381187438965e-01
3.762812018394470215e-01
1.109499216079711914e+00
1.112341165542602539e+00
3.322440981864929199e-01
4.606643915176391602e-01
3.105287551879882812e-01
2.627128362655639648e-01
2.411986440420150757e-01
2.945197820663452148e-01
2.757749557495117188e-01
3.405441343784332275e-01
2.644476294517517090e-01
3.701095581054687500e-01
2.551485300064086914e-01
3.101317882537841797e-01
3.263425230979919434e-01
2.363049238920211792e-01
2.894018292427062988e-01
3.502820134162902832e-01
2.474697828292846680e-01
2.624654173851013184e-01
4.511471986770629883e-01
4.376071095466613770e-01
2.980237603187561035e-01
2.747482955455780029e-01
3.102403283119201660e-01
2.954953312873840332e-01
3.647870719432830811e-01
1.128402471542358398e+00
2.761157155036926270e-01
3.526372909545898438e-01
2.347219884395599365e-01
3.035639822483062744e-01
2.480582296848297119e-01
3.019289970397949219e-01
2.881190776824951172e-01
4.994980096817016602e-01
2.763417065143585205e-01
3.532736003398895264e-01
2.409211397171020508e-01
3.897123336791992188e-01
2.484510242938995361e-01
2.642695009708404541e-01
4.811120033264160156e-01
2.530581951141357422e-01
2.882825434207916260e-01
2.592450380325317383e-01
2.472668886184692383e-01
4.183955788612365723e-01
3.020670413970947266e-01
2.425161004066467285e-01
3.833075165748596191e-01
2.866851687431335449e-01
3.628000617027282715e-01
2.510387301445007324e-01
2.699854671955108643e-01
3.591161966323852539e-01
3.780492544174194336e-01
3.659122586250305176e-01
3.780492544174194336e-01
3.659122586250305176e-01
2.915247678756713867e-01
3.096594810485839844e-01
2.372335791587829590e-01
3.595771491527557373e-01
2.873779237270355225e-01
3.593890070915222168e-01
2.686652243137359619e-01
1.741529703140258789e-01
4.194772243499755859e-01
3.687074780464172363e-01
4.329937696456909180e-01
3.047481477260589600e-01
3.241299390792846680e-01
3.847187757492065430e-01
6.173036098480224609e-01
5.781137347221374512e-01
2.945291399955749512e-01
3.676152229309082031e-01
2.725920379161834717e-01
2.865570783615112305e-01
4.639130234718322754e-01
6.412110328674316406e-01
2.245279401540756226e-01
4.512807130813598633e-01
3.766832351684570312e-01
4.666491746902465820e-01
4.617351591587066650e-01
4.799357056617736816e-01
3.804565072059631348e-01
4.691947698593139648e-01
4.929416775703430176e-01
2.993913888931274414e-01
2.634226679801940918e-01
3.095709681510925293e-01
3.841548562049865723e-01
2.856872081756591797e-01
3.347063362598419189e-01
6.157420873641967773e-01
2.276042997837066650e-01
5.800086259841918945e-01
3.570442199707031250e-01
4.143080711364746094e-01
3.778297901153564453e-01
2.496089339256286621e-01
2.198296487331390381e-01
2.509273886680603027e-01
8.341989517211914062e-01
2.492600083351135254e-01
8.132055997848510742e-01
3.656345307826995850e-01
1.807489097118377686e-01
4.180074334144592285e-01
2.992113828659057617e-01
3.789130449295043945e-01
3.351983428001403809e-01
2.669447064399719238e-01
2.706212997436523438e-01
3.094466328620910645e-01
3.823542296886444092e-01
3.501212000846862793e-01
3.104985654354095459e-01
5.299596786499023438e-01
4.101490378379821777e-01
4.815244078636169434e-01
2.982581257820129395e-01
2.676915228366851807e-01
2.350369095802307129e-01
5.319690704345703125e-01
4.744444489479064941e-01
5.273369550704956055e-01
9.241787195205688477e-01
5.973013043403625488e-01
2.345415204763412476e-01
2.958434224128723145e-01
3.600279986858367920e-01
2.658114433288574219e-01
2.856872677803039551e-01
1.224523782730102539e+00
8.896520137786865234e-01
3.715194463729858398e-01
3.816240429878234863e-01
2.557139992713928223e-01
2.915306091308593750e-01
2.536927759647369385e-01
2.435577511787414551e-01
9.038601517677307129e-01
4.075005650520324707e-01
2.942708730697631836e-01
2.876728177070617676e-01
3.747841119766235352e-01
2.598761618137359619e-01
2.322983145713806152e-01
2.504781782627105713e-01
3.757959604263305664e-01
2.441940605640411377e-01
4.712744951248168945e-01
4.635576605796813965e-01
2.525740265846252441e-01
5.029529929161071777e-01
4.948696494102478027e-01
2.494339644908905029e-01
