2.573820948600769043e-01
2.678246200084686279e-01
3.604975938796997070e-01
3.431880176067352295e-01
1.746371090412139893e-01
2.358003109693527222e-01
2.749664485454559326e-01
2.842666506767272949e-01
3.225450217723846436e-01
2.995834946632385254e-01
2.509120106697082520e-01
2.508208453655242920e-01
2.903871834278106689e-01
4.821993112564086914e-01
3.003275394439697266e-01
2.453658133745193481e-01
3.676647245883941650e-01
2.821014821529388428e-01
3.765816390514373779e-01
2.518335580825805664e-01
2.904390096664428711e-01
1.474072337150573730e+00
2.483983039855957031e-01
2.501797974109649658e-01
6.188501119613647461e-01
2.583071291446685791e-01
3.309704959392547607e-01
3.323603272438049316e-01
2.317957282066345215e-01
3.525733649730682373e-01
1.460677742958068848e+00
1.530510425567626953e+00
3.027743995189666748e-01
2.837577164173126221e-01
2.609276473522186279e-01
3.197025656700134277e-01
2.728397846221923828e-01
3.040082156658172607e-01
3.290861546993255615e-01
2.603918612003326416e-01
4.018773138523101807e-01
5.857629776000976562e-01
3.560113608837127686e-01
2.252976447343826294e-01
3.602883219718933105e-01
8.465967774391174316e-01
8.792621493339538574e-01
3.442779779434204102e-01
3.276618719100952148e-01
2.697803974151611328e-01
2.833841741085052490e-01
3.003384470939636230e-01
2.889532744884490967e-01
2.788337767124176025e-01
3.568864166736602783e-01
2.477626800537109375e-01
3.036074042320251465e-01
2.714307606220245361e-01
2.846646606922149658e-01
2.944726049900054932e-01
2.774285078048706055e-01
2.901930510997772217e-01
3.546076416969299316e-01
2.458704859018325806e-01
2.990257441997528076e-01
4.014679193496704102e-01
3.853267431259155273e-01
3.043981790542602539e-01
3.069328069686889648e-01
3.382855951786041260e-01
2.882274389266967773e-01
3.547569811344146729e-01
9.263336062431335449e-01
2.815383970737457275e-01
3.606010675430297852e-01
2.327096313238143921e-01
2.771115601062774658e-01
2.414497882127761841e-01
3.022663891315460205e-01
4.663012623786926270e-01
2.486947178840637207e-01
2.772885560989379883e-01
3.613904714584350586e-01
2.531734704971313477e-01
2.528409957885742188e-01
4.337624609470367432e-01
2.453002333641052246e-01
4.901507496833801270e-01
2.549414336681365967e-01
2.878714799880981445e-01
2.502987682819366455e-01
2.451530992984771729e-01
6.151947379112243652e-01
2.531027495861053467e-01
3.021290004253387451e-01
2.801599502563476562e-01
2.849161624908447266e-01
3.575619459152221680e-01
2.473657727241516113e-01
3.812974095344543457e-01
2.581613361835479736e-01
2.624473273754119873e-01
4.331313967704772949e-01
2.624473273754119873e-01
4.331313967704772949e-01
3.031974136829376221e-01
2.506825625896453857e-01
2.850047349929809570e-01
3.262240588665008545e-01
2.869480848312377930e-01
3.611189126968383789e-01
3.573580980300903320e-01
1.745141744613647461e-01
3.928574621677398682e-01
3.193758428096771240e-01
3.081964552402496338e-01
3.043212294578552246e-01
2.588470280170440674e-01
2.804455161094665527e-01
6.638087630271911621e-01
6.491400599479675293e-01
2.837800085544586182e-01
3.577521145343780518e-01
2.341145575046539307e-01
2.727679610252380371e-01
4.398689568042755127e-01
5.920171141624450684e-01
3.580676615238189697e-01
5.106000304222106934e-01
2.385551333427429199e-01
4.461374580860137939e-01
4.468069970607757568e-01
4.551016688346862793e-01
3.967670500278472900e-01
3.920977711677551270e-01
4.324656724929809570e-01
2.706640064716339111e-01
2.894341647624969482e-01
3.361487090587615967e-01
3.248826265335083008e-01
2.843017280101776123e-01
3.438039124011993408e-01
1.179676890373229980e+00
2.386038154363632202e-01
1.136347413063049316e+00
2.919577360153198242e-01
3.556227982044219971e-01
3.743163943290710449e-01
2.946591675281524658e-01
2.515066862106323242e-01
2.619431614875793457e-01
1.204024076461791992e+00
4.040601551532745361e-01
1.183814287185668945e+00
4.201864898204803467e-01
1.751889139413833618e-01
1.274408221244812012e+00
3.036207258701324463e-01
3.121355473995208740e-01
3.423694372177124023e-01
3.113634884357452393e-01
2.970213294029235840e-01
3.090731501579284668e-01
3.109657168388366699e-01
3.577958345413208008e-01
2.693285048007965088e-01
4.442211389541625977e-01
4.266433715820312500e-01
4.103150367736816406e-01
2.719843983650207520e-01
2.634845077991485596e-01
2.692666053771972656e-01
4.846428930759429932e-01
4.810769259929656982e-01
4.893306493759155273e-01
1.380518555641174316e+00
1.466196775436401367e+00
2.443578094244003296e-01
2.883653938770294189e-01
3.549080193042755127e-01
3.827640712261199951e-01
2.518177032470703125e-01
1.580268979072570801e+00
1.595241665840148926e+00
3.207927942276000977e-01
3.602566719055175781e-01
2.535881996154785156e-01
2.908779680728912354e-01
2.482456564903259277e-01
2.468416243791580200e-01
1.389378666877746582e+00
4.023735821247100830e-01
3.080104589462280273e-01
2.981555759906768799e-01
2.601531147956848145e-01
3.436065316200256348e-01
2.602126598358154297e-01
3.423613309860229492e-01
2.703757882118225098e-01
3.729808926582336426e-01
3.345581889152526855e-01
4.495059251785278320e-01
2.500777542591094971e-01
4.975764155387878418e-01
4.963437914848327637e-01
2.514696419239044189e-01
