2.868779301643371582e-01
3.202017247676849365e-01
2.382633984088897705e-01
3.608502447605133057e-01
1.753633320331573486e-01
3.056135177612304688e-01
2.885184586048126221e-01
2.740870118141174316e-01
3.150155842304229736e-01
3.049263954162597656e-01
2.533837258815765381e-01
2.586690485477447510e-01
2.823968827724456787e-01
4.545051157474517822e-01
2.977566421031951904e-01
2.468914538621902466e-01
3.006468117237091064e-01
3.765517473220825195e-01
2.675954997539520264e-01
2.548110783100128174e-01
2.895777225494384766e-01
1.166606903076171875e+00
2.478384226560592651e-01
2.474288940429687500e-01
7.462730407714843750e-01
2.684136033058166504e-01
3.028689026832580566e-01
2.842688560485839844e-01
3.573434054851531982e-01
2.884288132190704346e-01
1.158396959304809570e+00
1.121574640274047852e+00
3.193109929561614990e-01
2.694363296031951904e-01
2.525213062763214111e-01
2.809504270553588867e-01
2.922698855400085449e-01
2.445997148752212524e-01
4.097801148891448975e-01
2.537037134170532227e-01
4.024591743946075439e-01
5.734743475914001465e-01
3.564016520977020264e-01
2.262434810400009155e-01
3.604562878608703613e-01
9.551574587821960449e-01
1.007851243019104004e+00
3.271386623382568359e-01
3.387345969676971436e-01
3.004999458789825439e-01
2.423682212829589844e-01
3.145315349102020264e-01
3.625438511371612549e-01
2.924128770828247070e-01
3.562616109848022461e-01
2.582396268844604492e-01
3.634849190711975098e-01
2.695138454437255859e-01
2.878942787647247314e-01
3.233225941658020020e-01
3.027555048465728760e-01
2.865140438079833984e-01
3.568760156631469727e-01
2.455898374319076538e-01
2.922364175319671631e-01
4.084120988845825195e-01
4.016498327255249023e-01
3.026032447814941406e-01
2.767789959907531738e-01
3.223617076873779297e-01
2.884557545185089111e-01
3.593521714210510254e-01
8.982911109924316406e-01
2.788482606410980225e-01
3.587788343429565430e-01
2.278714030981063843e-01
2.885873913764953613e-01
2.451028823852539062e-01
3.026685416698455811e-01
4.438405930995941162e-01
2.720828652381896973e-01
2.770686745643615723e-01
3.578073978424072266e-01
2.448156177997589111e-01
2.616031765937805176e-01
4.205164313316345215e-01
2.546732723712921143e-01
4.986751973628997803e-01
2.536181807518005371e-01
2.885371446609497070e-01
2.508839368820190430e-01
2.480833530426025391e-01
6.524670124053955078e-01
2.814807593822479248e-01
2.764934599399566650e-01
2.839311659336090088e-01
2.839184999465942383e-01
3.544912040233612061e-01
2.489455491304397583e-01
3.341027796268463135e-01
3.161422312259674072e-01
3.263183236122131348e-01
3.259525001049041748e-01
3.263183236122131348e-01
3.259525001049041748e-01
3.022873103618621826e-01
2.653667628765106201e-01
3.028096854686737061e-01
3.089072406291961670e-01
2.921366691589355469e-01
3.602394461631774902e-01
3.293629288673400879e-01
1.747380644083023071e-01
3.889620304107666016e-01
3.120766580104827881e-01
3.724464178085327148e-01
2.989013493061065674e-01
2.698455750942230225e-01
3.006967604160308838e-01
6.066262125968933105e-01
5.906239151954650879e-01
2.810203433036804199e-01
3.564065694808959961e-01
2.526198029518127441e-01
2.859019637107849121e-01
4.460021257400512695e-01
6.002134680747985840e-01
3.303700089454650879e-01
4.960148036479949951e-01
2.524209022521972656e-01
4.421534538269042969e-01
4.486523866653442383e-01
4.487555027008056641e-01
4.120840132236480713e-01
4.260486364364624023e-01
4.430340230464935303e-01
2.635369300842285156e-01
2.956607043743133545e-01
3.559680879116058350e-01
3.280560970306396484e-01
2.813458442687988281e-01
3.420340418815612793e-01
9.981851577758789062e-01
2.313558459281921387e-01
9.729170203208923340e-01
2.764414846897125244e-01
3.605723679065704346e-01
3.965329527854919434e-01
2.941273748874664307e-01
2.381441593170166016e-01
2.612717151641845703e-01
9.904130697250366211e-01
4.147345125675201416e-01
9.704631567001342773e-01
4.366222321987152100e-01
1.734655350446701050e-01
9.558827280998229980e-01
2.920306324958801270e-01
3.163011074066162109e-01
3.376100659370422363e-01
3.089290857315063477e-01
3.324709236621856689e-01
3.039787709712982178e-01
3.353617191314697266e-01
3.529677093029022217e-01
3.107452392578125000e-01
4.706214666366577148e-01
4.568526446819305420e-01
4.461007416248321533e-01
2.709393501281738281e-01
2.735748291015625000e-01
2.537174522876739502e-01
4.852094948291778564e-01
4.700098335742950439e-01
4.690656661987304688e-01
1.083432316780090332e+00
1.033548235893249512e+00
2.429893612861633301e-01
2.921021282672882080e-01
3.545342683792114258e-01
3.773206770420074463e-01
2.572304010391235352e-01
1.019680023193359375e+00
1.100275516510009766e+00
3.244311213493347168e-01
3.611009120941162109e-01
2.552222013473510742e-01
2.898524701595306396e-01
2.477242201566696167e-01
2.480386346578598022e-01
1.336102724075317383e+00
3.680735230445861816e-01
3.311422467231750488e-01
2.966586053371429443e-01
2.692902088165283203e-01
3.497590720653533936e-01
2.680312991142272949e-01
3.490298092365264893e-01
2.716105878353118896e-01
3.458332419395446777e-01
3.736506998538970947e-01
4.598293006420135498e-01
2.489226013422012329e-01
4.964793324470520020e-01
4.963715970516204834e-01
2.466746270656585693e-01
