3.045179843902587891e-01
3.126067221164703369e-01
2.307710051536560059e-01
3.988555967807769775e-01
1.745344698429107666e-01
2.804936170578002930e-01
3.146355152130126953e-01
2.925269007682800293e-01
3.868309557437896729e-01
3.045750856399536133e-01
2.388327866792678833e-01
2.420712411403656006e-01
2.569029927253723145e-01
4.320035576820373535e-01
3.001003265380859375e-01
3.609721958637237549e-01
3.864282369613647461e-01
2.427475750446319580e-01
2.902546525001525879e-01
2.522748112678527832e-01
2.884572148323059082e-01
3.820612132549285889e-01
2.520816922187805176e-01
2.519705891609191895e-01
7.327601909637451172e-01
3.082572519779205322e-01
2.497339248657226562e-01
3.345344066619873047e-01
3.367399871349334717e-01
3.822580277919769287e-01
9.079191684722900391e-01
7.989716529846191406e-01
2.494831532239913940e-01
3.045158386230468750e-01
3.057835400104522705e-01
3.626114726066589355e-01
2.479012161493301392e-01
2.641608119010925293e-01
3.234182894229888916e-01
2.648221850395202637e-01
4.084850251674652100e-01
5.483727455139160156e-01
3.465646207332611084e-01
2.279623746871948242e-01
3.614130020141601562e-01
2.209580838680267334e-01
3.507678508758544922e-01
3.190383315086364746e-01
3.658587634563446045e-01
2.448283135890960693e-01
3.029386401176452637e-01
3.188934028148651123e-01
2.689770460128784180e-01
2.994386255741119385e-01
3.543194830417633057e-01
2.800552248954772949e-01
2.538411915302276611e-01
3.036655187606811523e-01
2.441871911287307739e-01
2.831822335720062256e-01
3.464554548263549805e-01
3.020610511302947998e-01
2.257620841264724731e-01
2.787393033504486084e-01
3.734815716743469238e-01
3.615182042121887207e-01
2.807696759700775146e-01
2.464521080255508423e-01
4.165920019149780273e-01
3.722156286239624023e-01
2.935709357261657715e-01
3.077799379825592041e-01
9.379863739013671875e-01
2.819722890853881836e-01
3.534684777259826660e-01
2.252120673656463623e-01
2.605264186859130859e-01
2.292344421148300171e-01
2.327735126018524170e-01
4.333288371562957764e-01
4.455969035625457764e-01
2.764040529727935791e-01
3.634776771068572998e-01
3.533743917942047119e-01
2.730472087860107422e-01
4.091374278068542480e-01
2.459060847759246826e-01
2.247263491153717041e-01
2.497330605983734131e-01
2.849626541137695312e-01
2.515203952789306641e-01
2.516683638095855713e-01
3.477216958999633789e-01
2.627294063568115234e-01
3.038631081581115723e-01
2.461930513381958008e-01
2.781809568405151367e-01
3.548000454902648926e-01
2.293631434440612793e-01
3.751036822795867920e-01
2.625462114810943604e-01
2.607786655426025391e-01
4.233202934265136719e-01
2.607786655426025391e-01
4.233202934265136719e-01
3.140841424465179443e-01
3.018327951431274414e-01
2.892054617404937744e-01
2.543238997459411621e-01
2.781478166580200195e-01
3.579128980636596680e-01
2.787171006202697754e-01
1.756771653890609741e-01
3.852854073047637939e-01
3.005998730659484863e-01
4.507695436477661133e-01
2.390572577714920044e-01
3.819767534732818604e-01
3.644891977310180664e-01
5.616960525512695312e-01
4.305231571197509766e-01
2.847003340721130371e-01
3.430993258953094482e-01
3.680709600448608398e-01
4.206199347972869873e-01
4.367290437221527100e-01
5.328671336174011230e-01
2.402264028787612915e-01
3.366411030292510986e-01
3.278548121452331543e-01
3.353955745697021484e-01
2.322512865066528320e-01
3.822113573551177979e-01
5.214126706123352051e-01
4.631855189800262451e-01
5.637432336807250977e-01
2.586328983306884766e-01
3.089756369590759277e-01
3.836641013622283936e-01
3.173030614852905273e-01
2.842764556407928467e-01
3.388222455978393555e-01
1.096390008926391602e+00
2.430441379547119141e-01
1.063739657402038574e+00
2.588146626949310303e-01
3.561084568500518799e-01
4.200762510299682617e-01
2.906437814235687256e-01
2.296299785375595093e-01
2.632181048393249512e-01
1.263031482696533203e+00
4.509626924991607666e-01
1.203054666519165039e+00
4.521517157554626465e-01
1.710376739501953125e-01
8.929540514945983887e-01
2.520085275173187256e-01
4.257270097732543945e-01
3.740492165088653564e-01
3.763746321201324463e-01
2.841539084911346436e-01
2.323937863111495972e-01
3.573366403579711914e-01
3.404643237590789795e-01
4.057706594467163086e-01
4.408361911773681641e-01
2.801919877529144287e-01
3.458773493766784668e-01
3.030961155891418457e-01
2.433407306671142578e-01
2.479821890592575073e-01
4.534740746021270752e-01
5.095239877700805664e-01
5.427302718162536621e-01
9.568744301795959473e-01
7.831864356994628906e-01
2.434219419956207275e-01
2.968958318233489990e-01
3.626644313335418701e-01
3.909368813037872314e-01
2.557432949542999268e-01
3.148697912693023682e-01
6.440319418907165527e-01
2.990040183067321777e-01
3.693486750125885010e-01
2.511453628540039062e-01
2.993200123310089111e-01
2.484205067157745361e-01
2.505545616149902344e-01
6.312201619148254395e-01
2.464528977870941162e-01
4.610664546489715576e-01
2.934354245662689209e-01
3.799113631248474121e-01
2.312182635068893433e-01
2.579911351203918457e-01
2.934997081756591797e-01
3.310605287551879883e-01
3.632509112358093262e-01
4.090350866317749023e-01
3.606109619140625000e-01
2.446839809417724609e-01
4.962778091430664062e-01
5.009065866470336914e-01
2.494979649782180786e-01
