2.502799630165100098e-01
3.399808704853057861e-01
2.472927570343017578e-01
2.973704636096954346e-01
1.744396984577178955e-01
3.645721971988677979e-01
2.981702983379364014e-01
2.837375104427337646e-01
3.263538479804992676e-01
3.031888306140899658e-01
2.536609172821044922e-01
2.561171948909759521e-01
2.625598013401031494e-01
4.421308040618896484e-01
2.930044531822204590e-01
2.382755875587463379e-01
2.855868935585021973e-01
3.993628025054931641e-01
2.971499860286712646e-01
2.552997767925262451e-01
2.882543206214904785e-01
8.569597005844116211e-01
2.496402561664581299e-01
2.481863647699356079e-01
5.408573746681213379e-01
2.779982089996337891e-01
2.820803821086883545e-01
2.837375104427337646e-01
3.577153086662292480e-01
3.012110590934753418e-01
1.098489761352539062e+00
1.124014854431152344e+00
3.413106799125671387e-01
2.759895920753479004e-01
2.535418272018432617e-01
3.094063997268676758e-01
2.645631730556488037e-01
2.495651841163635254e-01
4.032380282878875732e-01
2.410619407892227173e-01
3.949738740921020508e-01
5.305922031402587891e-01
2.385341525077819824e-01
2.363965511322021484e-01
3.822574615478515625e-01
9.906257987022399902e-01
1.027245640754699707e+00
3.669004440307617188e-01
4.424168169498443604e-01
2.882434129714965820e-01
2.683318257331848145e-01
2.814034819602966309e-01
2.983411848545074463e-01
2.855629026889801025e-01
3.528178632259368896e-01
2.479150444269180298e-01
3.313046693801879883e-01
2.738656401634216309e-01
2.746494710445404053e-01
2.997031509876251221e-01
2.958195805549621582e-01
2.872538268566131592e-01
3.577073812484741211e-01
2.577509284019470215e-01
3.074178099632263184e-01
3.807053864002227783e-01
3.525269925594329834e-01
3.004204928874969482e-01
3.051294088363647461e-01
3.490017652511596680e-01
2.913802564144134521e-01
3.594094514846801758e-01
9.179097414016723633e-01
2.803675830364227295e-01
3.590588867664337158e-01
2.292115688323974609e-01
2.703772783279418945e-01
2.445236593484878540e-01
3.025071620941162109e-01
3.196973502635955811e-01
4.495604336261749268e-01
2.826952636241912842e-01
3.602061569690704346e-01
2.521670460700988770e-01
3.681118190288543701e-01
2.809510231018066406e-01
2.509551644325256348e-01
4.886717498302459717e-01
2.561875879764556885e-01
2.882226109504699707e-01
2.493072897195816040e-01
2.477050274610519409e-01
3.537240624427795410e-01
2.721315026283264160e-01
2.840161025524139404e-01
2.705004215240478516e-01
2.842274010181427002e-01
3.590598106384277344e-01
2.431797534227371216e-01
3.443809449672698975e-01
3.035724759101867676e-01
3.003512024879455566e-01
3.652097880840301514e-01
3.003512024879455566e-01
3.652097880840301514e-01
2.927356660366058350e-01
2.705894112586975098e-01
3.185416758060455322e-01
3.345845341682434082e-01
2.850485146045684814e-01
3.607511520385742188e-01
3.217194378376007080e-01
1.754819750785827637e-01
3.925035595893859863e-01
3.199798166751861572e-01
3.427992761135101318e-01
3.026002347469329834e-01
2.570556998252868652e-01
2.790875434875488281e-01
5.792290568351745605e-01
6.191490292549133301e-01
2.819936871528625488e-01
3.584013879299163818e-01
2.402793169021606445e-01
2.751168012619018555e-01
4.363133311271667480e-01
5.796762108802795410e-01
3.618661463260650635e-01
5.136877298355102539e-01
2.372131943702697754e-01
4.547999501228332520e-01
4.542641341686248779e-01
4.519527256488800049e-01
4.239349067211151123e-01
4.114325642585754395e-01
4.111823141574859619e-01
2.575543224811553955e-01
2.992299795150756836e-01
3.692285120487213135e-01
3.222651481628417969e-01
2.839287519454956055e-01
3.480288684368133545e-01
9.389495253562927246e-01
2.401791512966156006e-01
9.264334440231323242e-01
2.668073177337646484e-01
3.602831363677978516e-01
4.101490676403045654e-01
2.942155003547668457e-01
2.341717183589935303e-01
2.629770636558532715e-01
9.699936509132385254e-01
4.337409436702728271e-01
8.824862837791442871e-01
4.470508098602294922e-01
1.736266165971755981e-01
9.022114276885986328e-01
2.947080433368682861e-01
3.253352940082550049e-01
3.209296762943267822e-01
3.345856666564941406e-01
3.118650615215301514e-01
3.151836097240447998e-01
3.112185299396514893e-01
3.545935451984405518e-01
3.017329573631286621e-01
4.280399382114410400e-01
4.488312304019927979e-01
4.388430714607238770e-01
2.658474743366241455e-01
2.679980695247650146e-01
2.676818668842315674e-01
4.893806874752044678e-01
4.905344843864440918e-01
4.858333170413970947e-01
6.912546157836914062e-01
7.455621361732482910e-01
2.461946904659271240e-01
2.876345515251159668e-01
3.543801903724670410e-01
3.786081075668334961e-01
2.540438771247863770e-01
8.851871490478515625e-01
8.063702583312988281e-01
3.334655761718750000e-01
3.550371527671813965e-01
2.555567324161529541e-01
2.889181673526763916e-01
2.480661273002624512e-01
2.482281476259231567e-01
8.169561624526977539e-01
3.216128349304199219e-01
3.767003118991851807e-01
2.962852418422698975e-01
2.943042516708374023e-01
3.229536712169647217e-01
2.945377528667449951e-01
3.276953697204589844e-01
2.882392704486846924e-01
2.994430363178253174e-01
4.725139439105987549e-01
4.616030454635620117e-01
2.489207535982131958e-01
4.963690042495727539e-01
4.967961907386779785e-01
2.495732158422470093e-01
