2.534318268299102783e-01
3.253649175167083740e-01
2.458783239126205444e-01
3.167096376419067383e-01
1.744210571050643921e-01
3.600387573242187500e-01
3.056294918060302734e-01
2.825844585895538330e-01
3.248700499534606934e-01
3.026353418827056885e-01
2.512906789779663086e-01
2.612314820289611816e-01
2.588855922222137451e-01
4.451104402542114258e-01
2.915263772010803223e-01
2.303197085857391357e-01
3.689636290073394775e-01
2.902883589267730713e-01
2.820379137992858887e-01
2.532222568988800049e-01
2.882123589515686035e-01
7.031202316284179688e-01
2.483550310134887695e-01
2.463791519403457642e-01
6.487628221511840820e-01
2.730655670166015625e-01
3.205856978893280029e-01
3.502891063690185547e-01
2.551311850547790527e-01
3.073352277278900146e-01
8.788393735885620117e-01
9.294835925102233887e-01
2.887017428874969482e-01
2.826789319515228271e-01
2.685238420963287354e-01
3.041637539863586426e-01
2.756986618041992188e-01
3.342457413673400879e-01
3.286612331867218018e-01
2.553926110267639160e-01
3.821866810321807861e-01
4.891099929809570312e-01
2.223820090293884277e-01
2.220062613487243652e-01
3.586066067218780518e-01
4.488457441329956055e-01
4.012757539749145508e-01
3.622823953628540039e-01
4.477374553680419922e-01
2.693693637847900391e-01
2.801313400268554688e-01
3.033417761325836182e-01
2.912830710411071777e-01
2.970586419105529785e-01
2.304308116436004639e-01
3.071950674057006836e-01
3.227706849575042725e-01
2.524323463439941406e-01
2.920935750007629395e-01
3.131154477596282959e-01
2.713460922241210938e-01
2.964870631694793701e-01
2.150062322616577148e-01
2.852497994899749756e-01
2.733029723167419434e-01
4.279081225395202637e-01
4.331380724906921387e-01
2.918209135532379150e-01
3.159635961055755615e-01
3.487484157085418701e-01
2.983970344066619873e-01
2.242405265569686890e-01
7.289122939109802246e-01
2.313209176063537598e-01
3.329665958881378174e-01
2.836805880069732666e-01
2.219393700361251831e-01
2.645675837993621826e-01
2.430123686790466309e-01
4.212418794631958008e-01
4.181406497955322266e-01
2.941464483737945557e-01
3.361295461654663086e-01
3.330045044422149658e-01
3.234155476093292236e-01
3.423577547073364258e-01
3.159014582633972168e-01
3.211575746536254883e-01
2.562536001205444336e-01
2.879289984703063965e-01
2.492388039827346802e-01
2.483761906623840332e-01
5.826535820960998535e-01
2.851324379444122314e-01
2.565956413745880127e-01
3.237813711166381836e-01
2.960133552551269531e-01
2.354894876480102539e-01
2.765954434871673584e-01
3.652960658073425293e-01
3.406167030334472656e-01
3.052344918251037598e-01
3.321263492107391357e-01
3.052344918251037598e-01
3.321263492107391357e-01
2.448596209287643433e-01
2.528305947780609131e-01
3.028313517570495605e-01
3.329912722110748291e-01
2.981346547603607178e-01
2.213341444730758667e-01
3.474030494689941406e-01
1.752694696187973022e-01
3.881047368049621582e-01
3.109908401966094971e-01
3.585530519485473633e-01
2.451736778020858765e-01
3.814217448234558105e-01
3.649070858955383301e-01
5.938578844070434570e-01
6.047756671905517578e-01
2.973101139068603516e-01
2.321959733963012695e-01
3.707643747329711914e-01
2.872816324234008789e-01
4.871059060096740723e-01
5.245479941368103027e-01
2.875154614448547363e-01
4.769167304039001465e-01
3.233730196952819824e-01
3.944777846336364746e-01
3.864840269088745117e-01
3.853712677955627441e-01
4.567204415798187256e-01
4.620430171489715576e-01
4.597984850406646729e-01
2.831799983978271484e-01
2.633800208568572998e-01
2.810105681419372559e-01
3.006224036216735840e-01
2.947980463504791260e-01
2.180327475070953369e-01
4.932857751846313477e-01
2.671945989131927490e-01
4.259090721607208252e-01
3.342434465885162354e-01
3.387540578842163086e-01
3.105397820472717285e-01
2.670441567897796631e-01
2.455011457204818726e-01
2.764677405357360840e-01
3.725911974906921387e-01
3.892265260219573975e-01
4.362501502037048340e-01
3.313443362712860107e-01
1.737631708383560181e-01
8.332427740097045898e-01
2.669845223426818848e-01
3.087247014045715332e-01
3.195834457874298096e-01
3.150971829891204834e-01
3.659625947475433350e-01
3.632610142230987549e-01
3.635634779930114746e-01
2.257487922906875610e-01
3.391684591770172119e-01
4.254448115825653076e-01
4.398490786552429199e-01
4.226905703544616699e-01
2.664929032325744629e-01
2.623003721237182617e-01
2.662120163440704346e-01
4.724205136299133301e-01
4.690949320793151855e-01
4.815041124820709229e-01
2.876192033290863037e-01
6.153497695922851562e-01
2.432544678449630737e-01
2.938297986984252930e-01
3.246397078037261963e-01
3.094825446605682373e-01
2.517463564872741699e-01
9.900480508804321289e-01
9.600031375885009766e-01
3.148338496685028076e-01
3.616346716880798340e-01
2.553012371063232422e-01
2.890375852584838867e-01
2.459355741739273071e-01
2.481676638126373291e-01
8.153816461563110352e-01
3.878751993179321289e-01
3.959935903549194336e-01
2.936740219593048096e-01
3.004901707172393799e-01
3.154602646827697754e-01
3.261146247386932373e-01
3.163085579872131348e-01
2.991532683372497559e-01
3.337197899818420410e-01
3.825727105140686035e-01
3.505779504776000977e-01
2.499179542064666748e-01
4.965991079807281494e-01
4.966249465942382812e-01
2.483464330434799194e-01
