2.466938942670822144e-01
3.395295441150665283e-01
2.384721934795379639e-01
3.279280066490173340e-01
1.761214435100555420e-01
3.880715668201446533e-01
2.960455119609832764e-01
2.679823040962219238e-01
3.100256621837615967e-01
3.030465245246887207e-01
2.437880337238311768e-01
2.625146508216857910e-01
2.767313718795776367e-01
3.133209049701690674e-01
2.969008386135101318e-01
2.194846719503402710e-01
2.648870944976806641e-01
4.210508465766906738e-01
3.798000216484069824e-01
2.565976381301879883e-01
2.861372232437133789e-01
9.067278504371643066e-01
2.488051205873489380e-01
2.487490326166152954e-01
7.773198485374450684e-01
2.859235703945159912e-01
2.768744826316833496e-01
3.209934234619140625e-01
2.366624623537063599e-01
2.966554760932922363e-01
7.664597034454345703e-01
6.932326555252075195e-01
2.796857953071594238e-01
2.792157828807830811e-01
2.882073521614074707e-01
3.538819551467895508e-01
2.508581876754760742e-01
3.074446618556976318e-01
3.890275955200195312e-01
2.924708425998687744e-01
3.597890138626098633e-01
4.909640848636627197e-01
2.170948237180709839e-01
2.188870012760162354e-01
2.862033843994140625e-01
6.522543430328369141e-01
5.195376873016357422e-01
3.421524465084075928e-01
5.122126340866088867e-01
2.663306891918182373e-01
2.907850146293640137e-01
2.938598394393920898e-01
2.634595632553100586e-01
2.993465662002563477e-01
2.319969683885574341e-01
2.979477643966674805e-01
3.075940907001495361e-01
2.868639826774597168e-01
2.618293464183807373e-01
2.771507799625396729e-01
3.024323582649230957e-01
3.002462387084960938e-01
2.144725024700164795e-01
2.724306583404541016e-01
3.407865762710571289e-01
4.053370356559753418e-01
3.379815220832824707e-01
2.808208763599395752e-01
3.348270058631896973e-01
3.616927862167358398e-01
2.963148355484008789e-01
2.257904559373855591e-01
7.127454280853271484e-01
2.287889420986175537e-01
3.425753116607666016e-01
2.824927568435668945e-01
2.275156825780868530e-01
2.445458471775054932e-01
2.450973838567733765e-01
4.392758905887603760e-01
4.477700889110565186e-01
2.918585836887359619e-01
3.430739343166351318e-01
3.625310659408569336e-01
3.018206655979156494e-01
3.757068216800689697e-01
2.746826410293579102e-01
3.095976710319519043e-01
2.552754580974578857e-01
2.894357740879058838e-01
2.484564036130905151e-01
2.468515783548355103e-01
4.555390477180480957e-01
2.644161880016326904e-01
2.889578938484191895e-01
2.843535542488098145e-01
2.938706874847412109e-01
2.318228334188461304e-01
2.693926692008972168e-01
4.107524752616882324e-01
2.831510305404663086e-01
3.753657937049865723e-01
4.069593846797943115e-01
3.753657937049865723e-01
4.069593846797943115e-01
2.438475042581558228e-01
2.477074414491653442e-01
2.585364580154418945e-01
3.076875507831573486e-01
2.969702482223510742e-01
2.165373563766479492e-01
3.604236245155334473e-01
1.750103384256362915e-01
3.898420631885528564e-01
3.159551918506622314e-01
3.858126699924468994e-01
2.510243356227874756e-01
3.734707236289978027e-01
3.718210160732269287e-01
6.540769934654235840e-01
6.200871467590332031e-01
2.966837584972381592e-01
2.351048588752746582e-01
3.703114688396453857e-01
2.872768342494964600e-01
4.881993532180786133e-01
5.161803960800170898e-01
2.616658508777618408e-01
4.915167987346649170e-01
3.273948729038238525e-01
4.019268453121185303e-01
4.054211676120758057e-01
4.201172590255737305e-01
4.428820908069610596e-01
4.537186920642852783e-01
4.442215263843536377e-01
2.964248955249786377e-01
2.518797218799591064e-01
2.631123363971710205e-01
3.123573362827301025e-01
2.970243692398071289e-01
2.156855762004852295e-01
3.684724867343902588e-01
2.592072784900665283e-01
2.727239727973937988e-01
3.602760732173919678e-01
3.335798382759094238e-01
2.873364686965942383e-01
2.717559933662414551e-01
2.509774863719940186e-01
2.877859771251678467e-01
4.740797877311706543e-01
3.792414963245391846e-01
5.141633749008178711e-01
3.346710205078125000e-01
1.745265573263168335e-01
3.182896375656127930e-01
2.568029761314392090e-01
2.965863943099975586e-01
3.259334862232208252e-01
2.899833619594573975e-01
3.839232325553894043e-01
3.773817718029022217e-01
3.880994915962219238e-01
2.284308075904846191e-01
2.814441919326782227e-01
4.268327355384826660e-01
4.342513382434844971e-01
4.032644629478454590e-01
2.717359662055969238e-01
2.683432698249816895e-01
2.580964565277099609e-01
4.746254980564117432e-01
4.691460430622100830e-01
4.584054648876190186e-01
2.736959159374237061e-01
3.434767127037048340e-01
2.376405000686645508e-01
2.897247374057769775e-01
3.157274723052978516e-01
2.753276228904724121e-01
3.537879288196563721e-01
4.717142879962921143e-01
3.604451715946197510e-01
3.743874728679656982e-01
2.703516483306884766e-01
2.555312812328338623e-01
2.901255488395690918e-01
2.467541843652725220e-01
2.491499483585357666e-01
1.018422484397888184e+00
3.379241526126861572e-01
4.125058650970458984e-01
2.868888974189758301e-01
3.227547109127044678e-01
2.927130162715911865e-01
3.025094568729400635e-01
3.138597309589385986e-01
2.953613996505737305e-01
3.196335434913635254e-01
3.737340867519378662e-01
3.819615840911865234e-01
2.465192377567291260e-01
4.967062771320343018e-01
4.968711435794830322e-01
2.511460483074188232e-01
