2.807682752609252930e-01
2.899645566940307617e-01
2.475713044404983521e-01
3.908301293849945068e-01
1.739598661661148071e-01
3.287810981273651123e-01
2.842429280281066895e-01
2.860047221183776855e-01
3.210887312889099121e-01
3.040665090084075928e-01
2.505423724651336670e-01
2.533914446830749512e-01
2.781194746494293213e-01
2.844144701957702637e-01
2.947621345520019531e-01
2.307338714599609375e-01
2.537266612052917480e-01
4.202679693698883057e-01
3.611673712730407715e-01
2.582183480262756348e-01
2.819594442844390869e-01
5.151818990707397461e-01
2.494459599256515503e-01
2.511486411094665527e-01
6.549186706542968750e-01
2.777930200099945068e-01
2.793971598148345947e-01
2.761883735656738281e-01
3.476491570472717285e-01
3.238753378391265869e-01
9.002304077148437500e-01
8.784278631210327148e-01
3.508728146553039551e-01
2.748034894466400146e-01
2.487648725509643555e-01
2.904016673564910889e-01
2.678429782390594482e-01
2.409760206937789917e-01
4.162480831146240234e-01
2.423619329929351807e-01
3.544212877750396729e-01
5.340181589126586914e-01
2.389441728591918945e-01
2.276611775159835815e-01
3.535205125808715820e-01
1.119322776794433594e+00
1.256159067153930664e+00
4.560500681400299072e-01
3.834836184978485107e-01
2.676892876625061035e-01
2.885792255401611328e-01
2.956505417823791504e-01
2.798680663108825684e-01
2.766525745391845703e-01
3.623043894767761230e-01
2.393313944339752197e-01
3.058681488037109375e-01
2.476717978715896606e-01
3.053634762763977051e-01
3.161678910255432129e-01
2.608635127544403076e-01
2.784830331802368164e-01
3.535619974136352539e-01
2.342046797275543213e-01
2.591537833213806152e-01
4.537667632102966309e-01
4.390648305416107178e-01
3.039220273494720459e-01
2.932847142219543457e-01
3.027675151824951172e-01
2.928276360034942627e-01
3.573061823844909668e-01
1.036302804946899414e+00
2.832578122615814209e-01
3.554713129997253418e-01
2.293558865785598755e-01
2.521619796752929688e-01
2.361222952604293823e-01
2.995784282684326172e-01
3.067925274372100830e-01
4.759398102760314941e-01
2.766285836696624756e-01
3.622015416622161865e-01
2.495398968458175659e-01
3.818863034248352051e-01
2.593256235122680664e-01
2.514858543872833252e-01
4.958123564720153809e-01
2.557930350303649902e-01
2.871771454811096191e-01
2.531149387359619141e-01
2.502738833427429199e-01
3.384309411048889160e-01
2.469585239887237549e-01
3.029524683952331543e-01
2.700983583927154541e-01
2.789858281612396240e-01
3.541010916233062744e-01
2.473258525133132935e-01
3.886560797691345215e-01
2.548861205577850342e-01
2.593041062355041504e-01
4.447833001613616943e-01
2.593041062355041504e-01
4.447833001613616943e-01
3.152940869331359863e-01
2.561719119548797607e-01
2.598390579223632812e-01
2.925463914871215820e-01
2.876497805118560791e-01
3.587632477283477783e-01
3.479723334312438965e-01
1.771470606327056885e-01
4.110644757747650146e-01
3.533137142658233643e-01
3.764366507530212402e-01
3.037993311882019043e-01
2.752495408058166504e-01
3.536072671413421631e-01
6.520144343376159668e-01
6.219561100006103516e-01
2.866709232330322266e-01
3.612997531890869141e-01
2.492118775844573975e-01
2.679101526737213135e-01
4.854784905910491943e-01
6.151636242866516113e-01
2.745054364204406738e-01
4.689322113990783691e-01
3.229861855506896973e-01
4.515615999698638916e-01
4.618538916110992432e-01
4.616108834743499756e-01
3.662424087524414062e-01
4.306556582450866699e-01
4.427003860473632812e-01
2.446939051151275635e-01
3.047226965427398682e-01
3.817672133445739746e-01
3.193079829216003418e-01
2.832301557064056396e-01
3.531284332275390625e-01
1.306898713111877441e+00
2.405867874622344971e-01
1.303740620613098145e+00
2.435615360736846924e-01
3.544620871543884277e-01
4.217263162136077881e-01
2.945421338081359863e-01
2.275776416063308716e-01
2.629382014274597168e-01
1.475291490554809570e+00
4.493549764156341553e-01
1.523336648941040039e+00
4.486173689365386963e-01
1.729137599468231201e-01
1.465851068496704102e+00
3.037769198417663574e-01
2.964219450950622559e-01
3.200526237487792969e-01
3.525467813014984131e-01
2.718757092952728271e-01
3.174155950546264648e-01
3.270845115184783936e-01
3.572472333908081055e-01
2.952101230621337891e-01
4.230540394783020020e-01
4.715113639831542969e-01
4.312161505222320557e-01
2.799507081508636475e-01
2.566851973533630371e-01
2.653693556785583496e-01
5.008510351181030273e-01
4.869275093078613281e-01
5.173116326332092285e-01
1.533536195755004883e+00
1.454704165458679199e+00
2.456217557191848755e-01
2.923778891563415527e-01
3.554824292659759521e-01
3.851733803749084473e-01
2.451620399951934814e-01
9.804033041000366211e-01
1.331030368804931641e+00
3.248078227043151855e-01
3.618107736110687256e-01
2.587582170963287354e-01
2.867635786533355713e-01
2.472244054079055786e-01
2.484497725963592529e-01
1.150934457778930664e+00
4.034745693206787109e-01
2.973383665084838867e-01
2.978046536445617676e-01
2.547747790813446045e-01
3.562749624252319336e-01
2.497781068086624146e-01
3.487358093261718750e-01
2.684405744075775146e-01
3.681128621101379395e-01
3.206732273101806641e-01
4.692458212375640869e-01
2.507255375385284424e-01
4.988802969455718994e-01
4.943851828575134277e-01
2.498714476823806763e-01
