2.976501882076263428e-01
3.028505742549896240e-01
2.450792342424392700e-01
3.871854245662689209e-01
1.751166731119155884e-01
2.821841537952423096e-01
2.801112234592437744e-01
2.773919403553009033e-01
3.333408832550048828e-01
3.039928674697875977e-01
2.489103674888610840e-01
2.465047091245651245e-01
2.839311659336090088e-01
3.323406279087066650e-01
2.967013418674468994e-01
2.426776736974716187e-01
3.226998150348663330e-01
3.451471328735351562e-01
2.913815081119537354e-01
2.572407424449920654e-01
2.879155576229095459e-01
1.323950648307800293e+00
2.494249790906906128e-01
2.487059682607650757e-01
7.127469182014465332e-01
2.606883943080902100e-01
3.174830973148345947e-01
2.928040921688079834e-01
3.544269502162933350e-01
3.121004998683929443e-01
1.097618699073791504e+00
1.069035649299621582e+00
3.085696399211883545e-01
2.733256518840789795e-01
2.620078325271606445e-01
2.960138618946075439e-01
2.859797775745391846e-01
2.617557644844055176e-01
3.917655646800994873e-01
2.551549673080444336e-01
4.045594930648803711e-01
5.656864047050476074e-01
3.580363690853118896e-01
2.280890941619873047e-01
3.620991408824920654e-01
9.878427386283874512e-01
9.443570971488952637e-01
3.272055685520172119e-01
3.203384578227996826e-01
3.012515604496002197e-01
2.504566907882690430e-01
3.045573532581329346e-01
3.530845344066619873e-01
2.930279076099395752e-01
3.519854545593261719e-01
2.504015862941741943e-01
3.600976169109344482e-01
2.556581199169158936e-01
2.981029450893402100e-01
3.085158765316009521e-01
2.670881450176239014e-01
2.895823419094085693e-01
3.574306070804595947e-01
2.513850629329681396e-01
2.716180980205535889e-01
4.416697323322296143e-01
4.327413737773895264e-01
3.023293912410736084e-01
2.669874727725982666e-01
3.231136500835418701e-01
2.987120151519775391e-01
3.603293001651763916e-01
8.580844998359680176e-01
2.747285068035125732e-01
3.604395091533660889e-01
2.299143671989440918e-01
2.748286128044128418e-01
2.414460033178329468e-01
3.018399775028228760e-01
4.032260477542877197e-01
3.341600894927978516e-01
2.811772525310516357e-01
3.555785715579986572e-01
2.512730062007904053e-01
3.014481365680694580e-01
3.687017858028411865e-01
2.492977827787399292e-01
4.907122552394866943e-01
2.556581795215606689e-01
2.881357967853546143e-01
2.502705752849578857e-01
2.458821535110473633e-01
5.271347165107727051e-01
2.698683738708496094e-01
2.859242260456085205e-01
2.821237146854400635e-01
2.856436371803283691e-01
3.579276800155639648e-01
2.442681044340133667e-01
3.411147594451904297e-01
2.977229356765747070e-01
2.961534559726715088e-01
3.764902651309967041e-01
2.961534559726715088e-01
3.764902651309967041e-01
2.920215427875518799e-01
2.870709598064422607e-01
3.373872935771942139e-01
3.104848861694335938e-01
2.851056754589080811e-01
3.604052960872650146e-01
2.835681736469268799e-01
1.745366454124450684e-01
4.005378782749176025e-01
3.416886627674102783e-01
4.171268045902252197e-01
3.021251857280731201e-01
2.669174969196319580e-01
3.050169944763183594e-01
4.914432466030120850e-01
5.408520698547363281e-01
2.828560769557952881e-01
3.583860695362091064e-01
2.388222962617874146e-01
2.731037437915802002e-01
4.296529293060302734e-01
5.852548480033874512e-01
3.270614445209503174e-01
4.994303882122039795e-01
2.627030313014984131e-01
4.525648653507232666e-01
4.508344829082489014e-01
4.514474868774414062e-01
4.188140928745269775e-01
4.131147563457489014e-01
4.191981256008148193e-01
2.600034177303314209e-01
2.946154177188873291e-01
3.548207283020019531e-01
3.248153626918792725e-01
2.806991338729858398e-01
3.479656279087066650e-01
1.035763144493103027e+00
2.356980293989181519e-01
1.001009225845336914e+00
2.800562083721160889e-01
3.588308095932006836e-01
3.922674655914306641e-01
2.929207980632781982e-01
2.416166812181472778e-01
2.599199712276458740e-01
9.478229880332946777e-01
4.169380664825439453e-01
9.301512837409973145e-01
4.345758259296417236e-01
1.749266386032104492e-01
9.656718373298645020e-01
2.983953654766082764e-01
3.522395193576812744e-01
3.394230604171752930e-01
2.897406816482543945e-01
3.072986900806427002e-01
3.305877149105072021e-01
3.006793558597564697e-01
3.555102646350860596e-01
2.935484349727630615e-01
4.773738384246826172e-01
4.050019681453704834e-01
4.533820152282714844e-01
2.662193477153778076e-01
2.607286274433135986e-01
2.747497856616973877e-01
4.777078628540039062e-01
4.926898181438446045e-01
4.970941245555877686e-01
1.140197396278381348e+00
1.111472129821777344e+00
2.451268434524536133e-01
2.918087542057037354e-01
3.554224073886871338e-01
3.606691658496856689e-01
2.483181506395339966e-01
1.165336489677429199e+00
1.096714973449707031e+00
3.243566155433654785e-01
3.608400523662567139e-01
2.553104460239410400e-01
2.896273732185363770e-01
2.495648413896560669e-01
2.463069409132003784e-01
1.485277533531188965e+00
3.814525902271270752e-01
3.197715580463409424e-01
2.957423627376556396e-01
2.921988070011138916e-01
3.223355114459991455e-01
2.643158137798309326e-01
3.167774677276611328e-01
3.021346032619476318e-01
3.601969778537750244e-01
3.797766268253326416e-01
4.279012680053710938e-01
2.495306730270385742e-01
4.976577758789062500e-01
4.968952834606170654e-01
2.478957176208496094e-01
