2.933577597141265869e-01
3.017931878566741943e-01
2.472573369741439819e-01
3.740296959877014160e-01
1.749179661273956299e-01
2.775000929832458496e-01
2.775890827178955078e-01
2.747871279716491699e-01
3.219353854656219482e-01
3.033225536346435547e-01
2.483327984809875488e-01
2.508811056613922119e-01
2.878153622150421143e-01
2.742375731468200684e-01
2.944757044315338135e-01
2.337771058082580566e-01
3.517367541790008545e-01
3.135961890220642090e-01
2.583735585212707520e-01
2.553420066833496094e-01
2.886883020401000977e-01
1.146389365196228027e+00
2.490439862012863159e-01
2.475750446319580078e-01
7.494925260543823242e-01
2.834530770778656006e-01
2.887856662273406982e-01
3.088186979293823242e-01
3.587793707847595215e-01
3.310502469539642334e-01
1.197445154190063477e+00
1.179766297340393066e+00
3.278476595878601074e-01
2.738607823848724365e-01
2.571597397327423096e-01
3.028256595134735107e-01
2.727493047714233398e-01
2.621808052062988281e-01
3.439680635929107666e-01
2.520782053470611572e-01
4.014083445072174072e-01
5.678232908248901367e-01
3.565197885036468506e-01
2.238638699054718018e-01
3.611518144607543945e-01
9.498533606529235840e-01
9.874799251556396484e-01
3.328675627708435059e-01
3.377935588359832764e-01
3.027587234973907471e-01
2.486546039581298828e-01
3.031376898288726807e-01
3.491172492504119873e-01
2.892784774303436279e-01
3.535184562206268311e-01
2.554855942726135254e-01
3.599631190299987793e-01
2.610972225666046143e-01
2.959414422512054443e-01
3.191574215888977051e-01
2.772125601768493652e-01
2.876349091529846191e-01
3.569054603576660156e-01
2.471571117639541626e-01
2.785042226314544678e-01
4.378540515899658203e-01
4.188335537910461426e-01
2.988407611846923828e-01
2.788529992103576660e-01
3.066819608211517334e-01
2.861755490303039551e-01
3.585991263389587402e-01
9.302987456321716309e-01
2.803105413913726807e-01
3.589738309383392334e-01
2.305377572774887085e-01
2.734487950801849365e-01
2.422971129417419434e-01
3.027793765068054199e-01
3.161896467208862305e-01
4.629894495010375977e-01
2.853713035583496094e-01
3.585146367549896240e-01
2.617753446102142334e-01
3.748091161251068115e-01
2.704021036624908447e-01
2.466456443071365356e-01
4.979571104049682617e-01
2.554129362106323242e-01
2.897106409072875977e-01
2.491110712289810181e-01
2.483162581920623779e-01
3.368216156959533691e-01
2.599602639675140381e-01
2.945316731929779053e-01
2.651846408843994141e-01
2.814786136150360107e-01
3.581486940383911133e-01
2.449472397565841675e-01
3.687014877796173096e-01
2.806060016155242920e-01
2.807395756244659424e-01
4.075430333614349365e-01
2.807395756244659424e-01
4.075430333614349365e-01
2.854089140892028809e-01
2.866256237030029297e-01
3.223593533039093018e-01
3.004789650440216064e-01
2.824804484844207764e-01
3.586491048336029053e-01
2.923954129219055176e-01
1.753715574741363525e-01
3.908979892730712891e-01
3.161380589008331299e-01
4.059738218784332275e-01
3.013332784175872803e-01
2.902198135852813721e-01
3.265276849269866943e-01
5.389255285263061523e-01
5.552636981010437012e-01
2.883305251598358154e-01
3.586250245571136475e-01
2.444044947624206543e-01
2.695126533508300781e-01
4.290482997894287109e-01
5.728703737258911133e-01
3.107999563217163086e-01
4.752064347267150879e-01
3.151742219924926758e-01
4.529523551464080811e-01
4.545390605926513672e-01
4.489957392215728760e-01
4.188061058521270752e-01
4.218897819519042969e-01
4.059442877769470215e-01
2.581623494625091553e-01
2.976495921611785889e-01
3.653987348079681396e-01
3.210210800170898438e-01
2.805026173591613770e-01
3.524566888809204102e-01
1.261151075363159180e+00
2.348458617925643921e-01
1.255205035209655762e+00
2.712717652320861816e-01
3.578883707523345947e-01
4.037880599498748779e-01
2.949528098106384277e-01
2.345739454030990601e-01
2.623391747474670410e-01
1.256058335304260254e+00
4.302054345607757568e-01
1.237543344497680664e+00
4.424902796745300293e-01
1.743345707654953003e-01
1.141239404678344727e+00
2.640339732170104980e-01
3.188106715679168701e-01
3.118754029273986816e-01
3.189836144447326660e-01
3.584400713443756104e-01
3.647548258304595947e-01
3.555234670639038086e-01
3.432094156742095947e-01
3.735747635364532471e-01
4.844923615455627441e-01
4.859635531902313232e-01
4.924680292606353760e-01
2.629305422306060791e-01
2.636018395423889160e-01
2.703016698360443115e-01
4.280213415622711182e-01
4.396086335182189941e-01
4.304461479187011719e-01
1.129377841949462891e+00
1.083291649818420410e+00
2.667744457721710205e-01
2.953211963176727295e-01
3.540840446949005127e-01
3.398182392120361328e-01
2.877737879753112793e-01
1.151706099510192871e+00
1.115794897079467773e+00
3.233337402343750000e-01
3.117977380752563477e-01
2.547153532505035400e-01
2.889570295810699463e-01
2.480224221944808960e-01
2.478655129671096802e-01
1.139166116714477539e+00
3.690746426582336426e-01
3.293133378028869629e-01
2.953774929046630859e-01
3.222941458225250244e-01
2.942794859409332275e-01
2.741437256336212158e-01
2.899923026561737061e-01
3.258942365646362305e-01
3.030590415000915527e-01
4.496853649616241455e-01
4.499576687812805176e-01
2.490106821060180664e-01
4.965580403804779053e-01
4.965300559997558594e-01
2.491853684186935425e-01
