2.852483093738555908e-01
3.105754554271697998e-01
2.448824942111968994e-01
3.651979267597198486e-01
1.741660535335540771e-01
3.012250065803527832e-01
2.943572402000427246e-01
2.758075296878814697e-01
3.033199012279510498e-01
3.049496412277221680e-01
2.512116134166717529e-01
2.628576457500457764e-01
2.824121713638305664e-01
3.391577601432800293e-01
2.836306393146514893e-01
3.581199347972869873e-01
3.498323261737823486e-01
3.105865418910980225e-01
2.553546130657196045e-01
2.560696303844451904e-01
2.878737747669219971e-01
1.150485873222351074e+00
2.496502697467803955e-01
2.471573948860168457e-01
7.284722328186035156e-01
2.743908762931823730e-01
2.898747026920318604e-01
2.832360267639160156e-01
3.590261340141296387e-01
3.120621144771575928e-01
1.284759163856506348e+00
1.299033761024475098e+00
3.254741132259368896e-01
2.754340767860412598e-01
2.511944770812988281e-01
2.874425649642944336e-01
2.833635509014129639e-01
2.517201602458953857e-01
3.973514139652252197e-01
2.529852390289306641e-01
3.955466449260711670e-01
5.617219805717468262e-01
3.578558564186096191e-01
2.190663367509841919e-01
3.615057170391082764e-01
9.064984917640686035e-01
9.549861550331115723e-01
3.349235057830810547e-01
3.362978696823120117e-01
2.555503547191619873e-01
2.976523041725158691e-01
3.147080242633819580e-01
2.698345184326171875e-01
2.845731079578399658e-01
3.582860231399536133e-01
2.454842776060104370e-01
2.706751823425292969e-01
2.547967433929443359e-01
2.996887564659118652e-01
3.114982843399047852e-01
2.643412053585052490e-01
2.842555046081542969e-01
3.582208752632141113e-01
2.434814423322677612e-01
2.700172066688537598e-01
4.421721398830413818e-01
4.266217350959777832e-01
2.992662787437438965e-01
2.910218834877014160e-01
3.305920362472534180e-01
2.875076234340667725e-01
3.605458736419677734e-01
8.888468742370605469e-01
2.822148501873016357e-01
3.590939044952392578e-01
2.300032228231430054e-01
2.732128202915191650e-01
2.435604780912399292e-01
3.026378452777862549e-01
3.270690739154815674e-01
4.516982436180114746e-01
2.835468649864196777e-01
3.597567975521087646e-01
2.547633051872253418e-01
3.680386841297149658e-01
2.817684412002563477e-01
2.448420673608779907e-01
4.918721616268157959e-01
2.546721100807189941e-01
2.894799709320068359e-01
2.503321170806884766e-01
2.469747066497802734e-01
3.529919087886810303e-01
2.553292214870452881e-01
2.998251020908355713e-01
2.687201499938964844e-01
2.823862135410308838e-01
3.583551049232482910e-01
2.428818792104721069e-01
3.798187673091888428e-01
2.702180743217468262e-01
2.733069062232971191e-01
4.257105588912963867e-01
2.733069062232971191e-01
4.257105588912963867e-01
2.905341088771820068e-01
2.747639417648315430e-01
2.947050631046295166e-01
3.048905730247497559e-01
2.841675877571105957e-01
3.588554859161376953e-01
3.160135746002197266e-01
1.749352216720581055e-01
3.856739401817321777e-01
3.031380176544189453e-01
3.863255977630615234e-01
2.941536307334899902e-01
2.780504822731018066e-01
3.029654920101165771e-01
5.925855636596679688e-01
5.877642035484313965e-01
2.870330214500427246e-01
3.585476577281951904e-01
2.567127645015716553e-01
2.831583321094512939e-01
4.398760199546813965e-01
5.566473603248596191e-01
3.453416228294372559e-01
4.843288660049438477e-01
2.675025165081024170e-01
4.391873478889465332e-01
4.363197684288024902e-01
4.470438659191131592e-01
4.139396250247955322e-01
4.113234579563140869e-01
4.336884617805480957e-01
2.720100879669189453e-01
2.861639559268951416e-01
3.507364988327026367e-01
3.324215412139892578e-01
2.788296043872833252e-01
3.493510186672210693e-01
1.109360694885253906e+00
2.333964109420776367e-01
1.139391899108886719e+00
2.979765832424163818e-01
3.692963719367980957e-01
3.857608139514923096e-01
2.937329411506652832e-01
2.449577748775482178e-01
2.574082016944885254e-01
1.091043233871459961e+00
3.831882178783416748e-01
1.134570240974426270e+00
4.226569235324859619e-01
1.750766932964324951e-01
1.189534306526184082e+00
2.802069187164306641e-01
3.139453232288360596e-01
3.281805813312530518e-01
3.165311217308044434e-01
3.395916223526000977e-01
3.502668142318725586e-01
3.422356545925140381e-01
3.489772677421569824e-01
3.405667841434478760e-01
4.776295721530914307e-01
4.688378274440765381e-01
4.734616577625274658e-01
2.661004364490509033e-01
2.616227269172668457e-01
2.707671523094177246e-01
4.397604167461395264e-01
4.529045224189758301e-01
4.527662694454193115e-01
1.187198996543884277e+00
1.206703782081604004e+00
2.442739009857177734e-01
2.961810827255249023e-01
3.519514501094818115e-01
2.652465999126434326e-01
2.587710022926330566e-01
1.218931436538696289e+00
1.222475647926330566e+00
3.530710041522979736e-01
3.646792471408843994e-01
2.541294693946838379e-01
2.904766499996185303e-01
2.475996166467666626e-01
2.472409158945083618e-01
1.196647763252258301e+00
3.580670058727264404e-01
3.457199335098266602e-01
2.962848246097564697e-01
2.982096076011657715e-01
3.189767301082611084e-01
2.758360803127288818e-01
3.167794048786163330e-01
2.997822761535644531e-01
3.082537353038787842e-01
4.400676190853118896e-01
4.509273767471313477e-01
2.490461468696594238e-01
4.963529407978057861e-01
4.964417815208435059e-01
2.483404725790023804e-01
