3.101020455360412598e-01
3.849285244941711426e-01
2.307354062795639038e-01
3.726547360420227051e-01
1.787095963954925537e-01
2.370593398809432983e-01
3.649537563323974609e-01
2.909882664680480957e-01
3.927240669727325439e-01
2.671990990638732910e-01
2.336866855621337891e-01
2.376024723052978516e-01
3.083404600620269775e-01
4.866846203804016113e-01
2.979679703712463379e-01
2.320405989885330200e-01
3.860745429992675781e-01
2.520388662815093994e-01
3.722058832645416260e-01
2.553926110267639160e-01
2.906619608402252197e-01
4.456237256526947021e-01
2.459279000759124756e-01
2.459920793771743774e-01
4.861876368522644043e-01
3.013241291046142578e-01
2.288705557584762573e-01
2.964432835578918457e-01
2.241180390119552612e-01
2.640881538391113281e-01
7.418125867843627930e-01
5.429104566574096680e-01
2.583794593811035156e-01
2.978900671005249023e-01
3.013052344322204590e-01
3.798880577087402344e-01
2.521685957908630371e-01
2.548363506793975830e-01
3.964269459247589111e-01
2.564738094806671143e-01
3.794350326061248779e-01
4.970428347587585449e-01
2.095657289028167725e-01
2.108446061611175537e-01
3.875726461410522461e-01
3.355595469474792480e-01
4.629228711128234863e-01
3.386677503585815430e-01
4.401544332504272461e-01
2.366975992918014526e-01
2.421716749668121338e-01
3.738220930099487305e-01
3.810932636260986328e-01
3.026989698410034180e-01
2.172470390796661377e-01
3.942933976650238037e-01
3.431766033172607422e-01
3.103706538677215576e-01
2.573869228363037109e-01
2.552254498004913330e-01
3.147081136703491211e-01
2.990880608558654785e-01
2.119062840938568115e-01
2.698040008544921875e-01
3.848233222961425781e-01
4.227545261383056641e-01
3.288885354995727539e-01
3.079745769500732422e-01
3.274261951446533203e-01
3.924230337142944336e-01
2.966720759868621826e-01
2.177723497152328491e-01
7.151962518692016602e-01
2.234915792942047119e-01
3.060485720634460449e-01
2.777102589607238770e-01
2.112847417593002319e-01
2.531194090843200684e-01
2.389030605554580688e-01
4.466180205345153809e-01
4.244539439678192139e-01
3.008165061473846436e-01
3.454677462577819824e-01
3.592325448989868164e-01
3.807589411735534668e-01
2.666852474212646484e-01
2.945140600204467773e-01
3.980092406272888184e-01
2.585530877113342285e-01
2.852442562580108643e-01
2.485884577035903931e-01
2.566491961479187012e-01
7.420679330825805664e-01
3.003998994827270508e-01
2.581930160522460938e-01
3.340420126914978027e-01
2.941267490386962891e-01
2.139841914176940918e-01
2.481802403926849365e-01
3.974874317646026611e-01
3.692307472229003906e-01
2.936399281024932861e-01
2.736367583274841309e-01
2.936399281024932861e-01
2.736367583274841309e-01
2.610555887222290039e-01
2.457371652126312256e-01
3.800863027572631836e-01
3.797696530818939209e-01
2.941168546676635742e-01
2.309190332889556885e-01
2.855661213397979736e-01
1.725360006093978882e-01
3.554363846778869629e-01
2.522369325160980225e-01
2.391308844089508057e-01
3.066099286079406738e-01
2.638829350471496582e-01
3.234065175056457520e-01
4.434356093406677246e-01
5.632891654968261719e-01
2.985081076622009277e-01
2.134722024202346802e-01
2.531322836875915527e-01
4.215599000453948975e-01
5.439832806587219238e-01
5.869933366775512695e-01
3.746029138565063477e-01
4.527699053287506104e-01
2.901640236377716064e-01
4.333426356315612793e-01
4.708535373210906982e-01
4.785825312137603760e-01
2.761139571666717529e-01
3.368658423423767090e-01
4.409114718437194824e-01
3.012911677360534668e-01
2.502852678298950195e-01
2.538329362869262695e-01
3.284806013107299805e-01
2.917928099632263184e-01
2.112822234630584717e-01
6.286027431488037109e-01
2.521402537822723389e-01
4.949941933155059814e-01
3.671917021274566650e-01
3.761886954307556152e-01
3.710402846336364746e-01
2.883352935314178467e-01
2.522431612014770508e-01
2.355155348777770996e-01
4.217429757118225098e-01
3.526343107223510742e-01
5.619360208511352539e-01
2.576789855957031250e-01
1.806027293205261230e-01
1.071533679962158203e+00
3.039546310901641846e-01
3.811568915843963623e-01
3.282728493213653564e-01
2.584640979766845703e-01
2.692506909370422363e-01
3.259690701961517334e-01
3.839662671089172363e-01
2.384232580661773682e-01
4.087840914726257324e-01
4.297942519187927246e-01
3.011149168014526367e-01
2.946075797080993652e-01
3.020703792572021484e-01
2.279158085584640503e-01
2.531509995460510254e-01
4.601669907569885254e-01
5.228700041770935059e-01
5.428220629692077637e-01
3.463409841060638428e-01
7.851848602294921875e-01
3.003506362438201904e-01
2.959365248680114746e-01
3.134489953517913818e-01
3.622235655784606934e-01
2.930038571357727051e-01
9.119130373001098633e-01
1.142604112625122070e+00
2.539096474647521973e-01
2.534955739974975586e-01
2.564820349216461182e-01
2.967645823955535889e-01
2.555938363075256348e-01
2.494291514158248901e-01
8.707780838012695312e-01
4.387152493000030518e-01
2.947697639465332031e-01
2.979752421379089355e-01
2.310966402292251587e-01
3.743544220924377441e-01
2.630911469459533691e-01
3.600129485130310059e-01
2.630177736282348633e-01
3.781769275665283203e-01
3.049719929695129395e-01
4.865401983261108398e-01
2.580685317516326904e-01
4.972579479217529297e-01
4.978986382484436035e-01
2.447873353958129883e-01
