2.528513073921203613e-01
3.467484414577484131e-01
2.525480389595031738e-01
2.836831808090209961e-01
1.736681461334228516e-01
3.611085712909698486e-01
2.991838455200195312e-01
2.827944457530975342e-01
3.448844552040100098e-01
3.033908605575561523e-01
2.584274411201477051e-01
2.497313320636749268e-01
2.521616220474243164e-01
4.549851119518280029e-01
2.907373011112213135e-01
2.309870570898056030e-01
3.709735274314880371e-01
2.896101474761962891e-01
2.895166575908660889e-01
2.575081586837768555e-01
2.855714857578277588e-01
1.362050294876098633e+00
2.469824105501174927e-01
2.481086403131484985e-01
6.296200156211853027e-01
2.799992263317108154e-01
2.949750423431396484e-01
2.940794527530670166e-01
3.541156351566314697e-01
3.188641965389251709e-01
1.026811122894287109e+00
9.794987440109252930e-01
3.120127320289611816e-01
2.734508812427520752e-01
2.556808888912200928e-01
2.977121174335479736e-01
2.916709780693054199e-01
2.534357309341430664e-01
4.105651676654815674e-01
2.484338432550430298e-01
3.716831207275390625e-01
5.106099247932434082e-01
2.919712960720062256e-01
2.290979027748107910e-01
3.374678194522857666e-01
9.973123073577880859e-01
9.568905830383300781e-01
3.905526697635650635e-01
3.173782527446746826e-01
2.618175745010375977e-01
2.423579096794128418e-01
3.591755926609039307e-01
3.735937774181365967e-01
2.822488546371459961e-01
2.243042439222335815e-01
3.519235551357269287e-01
3.112638890743255615e-01
2.591744363307952881e-01
3.007721006870269775e-01
3.079599142074584961e-01
2.594481408596038818e-01
2.718056738376617432e-01
3.605400323867797852e-01
2.337234020233154297e-01
2.836505472660064697e-01
4.435707628726959229e-01
4.113047122955322266e-01
2.759685516357421875e-01
3.122023642063140869e-01
2.908243536949157715e-01
2.888967692852020264e-01
3.577455878257751465e-01
6.284518837928771973e-01
2.824048399925231934e-01
3.567534983158111572e-01
2.298146784305572510e-01
2.780737578868865967e-01
2.465830147266387939e-01
3.048863112926483154e-01
4.345168173313140869e-01
2.979286313056945801e-01
2.820636332035064697e-01
3.607530295848846436e-01
2.428457587957382202e-01
2.595353722572326660e-01
4.228886961936950684e-01
2.510582804679870605e-01
4.936501383781433105e-01
2.548483312129974365e-01
2.864756584167480469e-01
2.492221891880035400e-01
2.460652142763137817e-01
7.066940069198608398e-01
2.493471056222915649e-01
3.058227002620697021e-01
2.858558595180511475e-01
2.843351960182189941e-01
3.562872409820556641e-01
2.490315586328506470e-01
3.982054591178894043e-01
2.517134845256805420e-01
2.733457386493682861e-01
4.448547959327697754e-01
2.733457386493682861e-01
4.448547959327697754e-01
2.975161969661712646e-01
2.909213304519653320e-01
3.135707676410675049e-01
2.941916584968566895e-01
2.825620472431182861e-01
3.550669252872467041e-01
2.888697087764739990e-01
1.759119182825088501e-01
3.904731273651123047e-01
3.153190612792968750e-01
4.088429212570190430e-01
3.038490116596221924e-01
2.921373248100280762e-01
3.364138305187225342e-01
5.676245093345642090e-01
5.254444479942321777e-01
2.939844727516174316e-01
3.576329052448272705e-01
2.481457442045211792e-01
2.600066065788269043e-01
4.563748240470886230e-01
5.868011116981506348e-01
3.138464689254760742e-01
4.702396392822265625e-01
3.148317337036132812e-01
4.499188959598541260e-01
4.610425531864166260e-01
4.640344083309173584e-01
3.966850936412811279e-01
4.457830786705017090e-01
4.400876462459564209e-01
3.029997050762176514e-01
2.451080232858657837e-01
2.649045884609222412e-01
3.088049888610839844e-01
2.964003086090087891e-01
2.417160719633102417e-01
1.000247716903686523e+00
2.514647841453552246e-01
1.135213971138000488e+00
3.671559989452362061e-01
2.938086986541748047e-01
2.704911530017852783e-01
2.568918168544769287e-01
2.597059309482574463e-01
2.931625545024871826e-01
1.141955494880676270e+00
3.780775666236877441e-01
1.026660680770874023e+00
2.791630625724792480e-01
1.740598529577255249e-01
1.496115803718566895e+00
2.512485682964324951e-01
3.177364170551300049e-01
3.184042572975158691e-01
3.191710412502288818e-01
3.742950558662414551e-01
3.883829116821289062e-01
3.779074251651763916e-01
3.401754200458526611e-01
4.018241763114929199e-01
5.046510696411132812e-01
4.956008791923522949e-01
5.006062388420104980e-01
2.652231156826019287e-01
2.630205750465393066e-01
2.718020677566528320e-01
4.003109335899353027e-01
4.028737843036651611e-01
3.988843560218811035e-01
1.293076395988464355e+00
1.545149445533752441e+00
2.409731745719909668e-01
2.920348048210144043e-01
3.401997983455657959e-01
2.698331177234649658e-01
3.585497438907623291e-01
1.689260601997375488e+00
1.569287657737731934e+00
3.796540200710296631e-01
2.745626568794250488e-01
2.575598359107971191e-01
2.870159745216369629e-01
2.472352534532546997e-01
2.483958750963211060e-01
1.147106409072875977e+00
3.287450671195983887e-01
3.676054179668426514e-01
2.855723500251770020e-01
2.939459383487701416e-01
3.222073912620544434e-01
2.390914261341094971e-01
3.304717540740966797e-01
2.821895778179168701e-01
2.793061137199401855e-01
4.312909543514251709e-01
4.719745814800262451e-01
2.488729208707809448e-01
4.968297779560089111e-01
4.972760975360870361e-01
2.497514635324478149e-01
