3.055029213428497314e-01
3.147436678409576416e-01
2.425028532743453979e-01
3.772947192192077637e-01
1.745099127292633057e-01
2.556872963905334473e-01
2.678077220916748047e-01
2.807728648185729980e-01
3.248957097530364990e-01
3.060538172721862793e-01
2.531058192253112793e-01
2.516355812549591064e-01
2.913866341114044189e-01
4.961234629154205322e-01
2.959387898445129395e-01
2.470581531524658203e-01
2.907005548477172852e-01
3.880637288093566895e-01
2.671629488468170166e-01
2.567151188850402832e-01
2.871661782264709473e-01
8.969710469245910645e-01
2.558411061763763428e-01
2.405613660812377930e-01
7.245199680328369141e-01
2.426792830228805542e-01
3.653621971607208252e-01
3.535134196281433105e-01
3.571778833866119385e-01
3.823762536048889160e-01
1.359201192855834961e+00
1.335942745208740234e+00
3.305993676185607910e-01
2.741078734397888184e-01
2.528186142444610596e-01
2.997705340385437012e-01
2.687935233116149902e-01
3.357955813407897949e-01
2.857644855976104736e-01
2.568425834178924561e-01
4.018661975860595703e-01
5.762373208999633789e-01
3.568365871906280518e-01
2.206313312053680420e-01
3.570237159729003906e-01
8.101702928543090820e-01
8.651198148727416992e-01
3.214004635810852051e-01
3.380469977855682373e-01
3.034885525703430176e-01
2.488270998001098633e-01
3.089958429336547852e-01
3.150406479835510254e-01
2.967037558555603027e-01
3.525921702384948730e-01
2.490051090717315674e-01
3.670332729816436768e-01
2.566000819206237793e-01
3.019914925098419189e-01
3.320139944553375244e-01
2.709325850009918213e-01
2.870756983757019043e-01
3.557034134864807129e-01
2.460394203662872314e-01
2.621228098869323730e-01
4.593743383884429932e-01
4.429917335510253906e-01
2.930870950222015381e-01
2.816528677940368652e-01
2.902205884456634521e-01
2.894432544708251953e-01
3.599660992622375488e-01
1.019515514373779297e+00
2.735471725463867188e-01
3.628267645835876465e-01
2.284989804029464722e-01
2.787433564662933350e-01
2.460974752902984619e-01
2.973948717117309570e-01
4.568917155265808105e-01
2.634833455085754395e-01
2.760939300060272217e-01
3.549146652221679688e-01
2.375158965587615967e-01
2.547968626022338867e-01
4.332214295864105225e-01
2.525323033332824707e-01
4.969389438629150391e-01
2.559319138526916504e-01
2.912307381629943848e-01
2.490054070949554443e-01
2.450333386659622192e-01
6.382750272750854492e-01
3.042022585868835449e-01
2.516733109951019287e-01
3.147297501564025879e-01
2.964119017124176025e-01
3.570856451988220215e-01
2.446243315935134888e-01
2.728412747383117676e-01
3.645561337471008301e-01
3.654691576957702637e-01
2.640684247016906738e-01
3.654691576957702637e-01
2.640684247016906738e-01
2.967521548271179199e-01
3.000912964344024658e-01
2.958325445652008057e-01
2.532342672348022461e-01
2.776210308074951172e-01
3.590158820152282715e-01
2.690590023994445801e-01
1.740712970495223999e-01
3.699166178703308105e-01
2.704929411411285400e-01
4.446624815464019775e-01
2.376927584409713745e-01
3.750230073928833008e-01
3.702083230018615723e-01
5.439149141311645508e-01
4.080410599708557129e-01
2.906855940818786621e-01
3.144792914390563965e-01
3.697504699230194092e-01
4.427404403686523438e-01
4.695488810539245605e-01
6.016920208930969238e-01
2.351002395153045654e-01
3.749162256717681885e-01
3.516698479652404785e-01
3.608320653438568115e-01
3.144701123237609863e-01
2.816390991210937500e-01
5.617642402648925781e-01
5.082924365997314453e-01
5.142534971237182617e-01
3.038427829742431641e-01
2.468702495098114014e-01
2.499846965074539185e-01
3.158217072486877441e-01
2.991458475589752197e-01
3.566568791866302490e-01
1.217932939529418945e+00
2.695635855197906494e-01
1.361490845680236816e+00
3.816303908824920654e-01
3.830877542495727539e-01
3.658760488033294678e-01
2.609432637691497803e-01
2.399466782808303833e-01
2.486277520656585693e-01
1.451543688774108887e+00
4.097956717014312744e-01
1.366210222244262695e+00
3.236843645572662354e-01
1.734894514083862305e-01
1.312616944313049316e+00
2.527627050876617432e-01
3.426982760429382324e-01
2.773801088333129883e-01
3.398062884807586670e-01
3.812093734741210938e-01
3.636305332183837891e-01
3.852927684783935547e-01
3.587124645709991455e-01
3.872743844985961914e-01
4.993754327297210693e-01
4.695224761962890625e-01
4.514306485652923584e-01
2.704955041408538818e-01
2.627474665641784668e-01
2.631787955760955811e-01
3.539223074913024902e-01
3.653137087821960449e-01
3.724745512008666992e-01
1.041569113731384277e+00
8.497145771980285645e-01
2.446514815092086792e-01
2.956214249134063721e-01
2.881215810775756836e-01
3.567493557929992676e-01
2.582521438598632812e-01
1.123194456100463867e+00
7.608903646469116211e-01
3.244869112968444824e-01
3.651908934116363525e-01
2.571413218975067139e-01
2.895265519618988037e-01
2.496828734874725342e-01
2.468857467174530029e-01
3.480188250541687012e-01
3.102525472640991211e-01
4.004485011100769043e-01
2.616385817527770996e-01
3.356586396694183350e-01
2.805507779121398926e-01
2.821297645568847656e-01
3.009193837642669678e-01
3.162431716918945312e-01
3.680712878704071045e-01
3.735908567905426025e-01
3.791426122188568115e-01
2.435532510280609131e-01
4.969458580017089844e-01
4.956568777561187744e-01
2.475628554821014404e-01
