3.043576180934906006e-01
3.497766554355621338e-01
2.553057968616485596e-01
3.461602628231048584e-01
1.810297966003417969e-01
2.326543331146240234e-01
3.319649696350097656e-01
2.390413880348205566e-01
3.940645456314086914e-01
2.977264821529388428e-01
2.343044728040695190e-01
2.327687293291091919e-01
2.495057135820388794e-01
4.748944342136383057e-01
2.924568355083465576e-01
2.454081028699874878e-01
2.787586152553558350e-01
4.042056798934936523e-01
2.730665504932403564e-01
2.554068267345428467e-01
2.883494794368743896e-01
1.113040328025817871e+00
2.572070956230163574e-01
2.469638139009475708e-01
7.383103966712951660e-01
3.045211732387542725e-01
2.621813714504241943e-01
3.248611986637115479e-01
3.589804172515869141e-01
3.540134727954864502e-01
1.284228205680847168e+00
1.019701600074768066e+00
3.295402526855468750e-01
2.856366038322448730e-01
2.508957087993621826e-01
3.161525726318359375e-01
2.568593919277191162e-01
2.585629224777221680e-01
3.016644418239593506e-01
2.536354362964630127e-01
4.058903157711029053e-01
5.736454129219055176e-01
3.543008267879486084e-01
2.273402959108352661e-01
3.560859858989715576e-01
8.946030735969543457e-01
9.480918049812316895e-01
3.236931860446929932e-01
3.343050479888916016e-01
3.001084625720977783e-01
2.436242550611495972e-01
2.625882327556610107e-01
3.072834014892578125e-01
2.901562452316284180e-01
3.169975578784942627e-01
2.448529154062271118e-01
3.605024516582489014e-01
2.784836590290069580e-01
2.720510661602020264e-01
3.009355366230010986e-01
3.317721784114837646e-01
2.937777638435363770e-01
3.472878932952880859e-01
2.394438982009887695e-01
3.197264373302459717e-01
3.284063935279846191e-01
3.974679708480834961e-01
3.047463595867156982e-01
3.162132501602172852e-01
3.780040740966796875e-01
2.909074127674102783e-01
2.417733520269393921e-01
6.778318285942077637e-01
2.762087881565093994e-01
2.274355888366699219e-01
2.260002344846725464e-01
3.056612312793731689e-01
2.653821408748626709e-01
2.827647030353546143e-01
3.322191238403320312e-01
4.048026800155639648e-01
2.816631495952606201e-01
3.516750037670135498e-01
2.436391860246658325e-01
3.712498843669891357e-01
2.788406610488891602e-01
2.842413485050201416e-01
4.063972234725952148e-01
2.572523057460784912e-01
2.936838269233703613e-01
2.508742213249206543e-01
2.464683055877685547e-01
4.604133665561676025e-01
2.548371553421020508e-01
3.051481246948242188e-01
2.564033865928649902e-01
2.794360220432281494e-01
3.555548191070556641e-01
2.334089130163192749e-01
3.840369284152984619e-01
2.620734572410583496e-01
2.597449719905853271e-01
4.303532540798187256e-01
2.597449719905853271e-01
4.303532540798187256e-01
2.945901453495025635e-01
2.496129125356674194e-01
3.524786233901977539e-01
2.973646223545074463e-01
2.914577722549438477e-01
3.605721294879913330e-01
3.591671884059906006e-01
1.728783249855041504e-01
3.840168416500091553e-01
3.051192462444305420e-01
3.519514799118041992e-01
3.064756393432617188e-01
2.633795738220214844e-01
3.196721374988555908e-01
6.638113856315612793e-01
6.670176386833190918e-01
2.848896384239196777e-01
3.505519628524780273e-01
2.458511143922805786e-01
2.578289508819580078e-01
4.865730106830596924e-01
5.838784575462341309e-01
3.056361675262451172e-01
4.679338932037353516e-01
2.736644148826599121e-01
4.518164396286010742e-01
4.445234835147857666e-01
4.644169509410858154e-01
3.743037283420562744e-01
3.978162109851837158e-01
4.467395842075347900e-01
2.531792819499969482e-01
2.989319860935211182e-01
3.726341724395751953e-01
3.143675327301025391e-01
2.864344716072082520e-01
3.469383418560028076e-01
1.139052629470825195e+00
2.381625026464462280e-01
1.272985339164733887e+00
2.599967718124389648e-01
3.665780127048492432e-01
4.219977855682373047e-01
2.983604967594146729e-01
2.248371690511703491e-01
2.680850028991699219e-01
1.103000521659851074e+00
4.512528181076049805e-01
1.177272200584411621e+00
4.530039727687835693e-01
1.725373417139053345e-01
1.239921689033508301e+00
3.059256076812744141e-01
3.094778954982757568e-01
3.038801252841949463e-01
3.640194237232208252e-01
3.650496006011962891e-01
2.395289987325668335e-01
2.956171929836273193e-01
3.556476533412933350e-01
2.793482244014739990e-01
3.933155238628387451e-01
4.653543531894683838e-01
4.375649392604827881e-01
2.458828687667846680e-01
3.043725192546844482e-01
2.499337196350097656e-01
5.100002884864807129e-01
5.029389262199401855e-01
4.499932825565338135e-01
1.134416818618774414e+00
1.094881653785705566e+00
2.412709444761276245e-01
2.923351228237152100e-01
3.568407297134399414e-01
3.810404837131500244e-01
2.670388519763946533e-01
1.141364693641662598e+00
1.236892580986022949e+00
3.260252773761749268e-01
3.644260466098785400e-01
2.548053264617919922e-01
2.924899756908416748e-01
2.510482668876647949e-01
2.475709915161132812e-01
8.931561112403869629e-01
2.659519612789154053e-01
4.385012388229370117e-01
2.985031902790069580e-01
3.762111365795135498e-01
2.400146275758743286e-01
2.543335556983947754e-01
2.866401672363281250e-01
3.368323147296905518e-01
3.670834004878997803e-01
4.541500806808471680e-01
3.441266715526580811e-01
2.440626025199890137e-01
4.928542673587799072e-01
4.986644685268402100e-01
2.492045760154724121e-01
