2.613904476165771484e-01
3.255025446414947510e-01
2.465139329433441162e-01
3.193500638008117676e-01
1.719762086868286133e-01
3.467513918876647949e-01
3.510715961456298828e-01
2.944108843803405762e-01
2.923121154308319092e-01
2.908113002777099609e-01
2.579218149185180664e-01
2.821519672870635986e-01
2.575774490833282471e-01
4.265543520450592041e-01
2.933055162429809570e-01
2.341945618391036987e-01
2.681528925895690918e-01
4.096353352069854736e-01
2.799443900585174561e-01
2.526384294033050537e-01
2.867498993873596191e-01
1.243000030517578125e+00
2.508911490440368652e-01
2.485673725605010986e-01
4.373978674411773682e-01
3.036216199398040771e-01
2.541499137878417969e-01
3.381998836994171143e-01
3.593036234378814697e-01
3.565607964992523193e-01
1.497585058212280273e+00
1.163093090057373047e+00
2.780048549175262451e-01
2.652877271175384521e-01
2.632721960544586182e-01
2.707077264785766602e-01
3.020854890346527100e-01
2.503460943698883057e-01
3.292009532451629639e-01
2.504893839359283447e-01
4.093941450119018555e-01
5.234646201133728027e-01
3.596335053443908691e-01
2.411777079105377197e-01
3.692121505737304688e-01
8.911194205284118652e-01
1.044623136520385742e+00
3.309395909309387207e-01
2.825042009353637695e-01
2.929927110671997070e-01
2.687543034553527832e-01
2.671686708927154541e-01
3.065819740295410156e-01
3.029066026210784912e-01
2.189705371856689453e-01
2.683875560760498047e-01
3.424709737300872803e-01
2.430500686168670654e-01
3.037604093551635742e-01
3.125796318054199219e-01
2.601814270019531250e-01
2.786625921726226807e-01
3.637327551841735840e-01
2.315897643566131592e-01
2.610889673233032227e-01
4.591307342052459717e-01
4.362877607345581055e-01
2.835708558559417725e-01
3.166594803333282471e-01
3.123007416725158691e-01
2.943464517593383789e-01
3.535329997539520264e-01
9.332193136215209961e-01
2.780482769012451172e-01
3.617257475852966309e-01
2.257331162691116333e-01
2.985047698020935059e-01
2.362035512924194336e-01
2.833148837089538574e-01
4.366719722747802734e-01
3.557416796684265137e-01
2.831128239631652832e-01
3.550373613834381104e-01
3.020188808441162109e-01
2.659191489219665527e-01
4.060904085636138916e-01
2.472552806138992310e-01
3.592523932456970215e-01
2.553701400756835938e-01
2.954435348510742188e-01
2.500179409980773926e-01
2.459088265895843506e-01
6.330848336219787598e-01
2.633485198020935059e-01
3.077518045902252197e-01
2.462586760520935059e-01
2.842421531677246094e-01
3.581362962722778320e-01
2.307386696338653564e-01
3.746511936187744141e-01
2.703790664672851562e-01
2.559903860092163086e-01
4.276920557022094727e-01
2.559903860092163086e-01
4.276920557022094727e-01
2.895518541336059570e-01
2.372543662786483765e-01
3.158123493194580078e-01
3.538711965084075928e-01
2.866094112396240234e-01
3.628204464912414551e-01
3.620837032794952393e-01
1.757457256317138672e-01
4.039683341979980469e-01
3.339967429637908936e-01
2.608858048915863037e-01
2.999013364315032959e-01
2.536374032497406006e-01
2.834062874317169189e-01
6.738547086715698242e-01
6.509745121002197266e-01
2.837129235267639160e-01
3.587616086006164551e-01
2.415548712015151978e-01
2.671527862548828125e-01
4.021239280700683594e-01
5.818731188774108887e-01
3.519309163093566895e-01
5.111461281776428223e-01
2.169537842273712158e-01
4.661745131015777588e-01
4.459428191184997559e-01
4.488880932331085205e-01
4.624330103397369385e-01
3.415464758872985840e-01
4.356854259967803955e-01
2.369196265935897827e-01
2.775817513465881348e-01
3.718099892139434814e-01
3.466036319732666016e-01
2.907246947288513184e-01
3.234190344810485840e-01
1.055623412132263184e+00
3.130844235420227051e-01
1.009671688079833984e+00
2.566711902618408203e-01
3.343190550804138184e-01
3.325788676738739014e-01
2.655522525310516357e-01
2.379272878170013428e-01
2.774686813354492188e-01
9.811505079269409180e-01
3.549787700176239014e-01
1.083431720733642578e+00
4.182659089565277100e-01
1.728701591491699219e-01
1.233015775680541992e+00
2.803266942501068115e-01
3.129446506500244141e-01
3.779286444187164307e-01
3.189072012901306152e-01
3.461021780967712402e-01
3.220231533050537109e-01
3.214685916900634766e-01
3.526688814163208008e-01
3.862099945545196533e-01
4.820001125335693359e-01
4.905052185058593750e-01
4.155403673648834229e-01
2.579451799392700195e-01
2.778289616107940674e-01
2.612020969390869141e-01
4.981954097747802734e-01
5.026448369026184082e-01
4.760301709175109863e-01
1.547334671020507812e+00
1.184651732444763184e+00
2.586022913455963135e-01
2.863386869430541992e-01
3.459847867488861084e-01
3.798334896564483643e-01
2.560146450996398926e-01
9.415147304534912109e-01
8.627556562423706055e-01
3.453329205513000488e-01
3.671424686908721924e-01
2.600026428699493408e-01
2.875310182571411133e-01
2.505182027816772461e-01
2.468047887086868286e-01
1.595940589904785156e+00
2.517914772033691406e-01
4.697858393192291260e-01
2.947754263877868652e-01
3.799504637718200684e-01
2.336818277835845947e-01
2.718134224414825439e-01
2.981382906436920166e-01
3.328077197074890137e-01
3.718453943729400635e-01
3.855611085891723633e-01
3.594998717308044434e-01
2.516192197799682617e-01
4.983280897140502930e-01
4.972408115863800049e-01
2.482791543006896973e-01
