2.506017982959747314e-01
3.023133575916290283e-01
2.381094992160797119e-01
3.736439347267150879e-01
1.736699938774108887e-01
4.026381075382232666e-01
3.283812999725341797e-01
2.816091179847717285e-01
2.821184694766998291e-01
3.062164187431335449e-01
2.518942058086395264e-01
2.810158133506774902e-01
2.611017823219299316e-01
4.468519091606140137e-01
2.955951690673828125e-01
2.274201214313507080e-01
3.656682670116424561e-01
2.869614958763122559e-01
3.325026035308837891e-01
2.541491985321044922e-01
2.913757562637329102e-01
5.465999841690063477e-01
2.475938796997070312e-01
2.469885498285293579e-01
6.497223973274230957e-01
2.833566963672637939e-01
3.255955576896667480e-01
2.942178547382354736e-01
2.431466728448867798e-01
3.056426048278808594e-01
8.534414172172546387e-01
8.963797688484191895e-01
3.352256417274475098e-01
2.789616584777832031e-01
2.603279650211334229e-01
3.392166495323181152e-01
2.714422345161437988e-01
2.926485538482666016e-01
4.299225509166717529e-01
2.684417665004730225e-01
3.406728208065032959e-01
4.807653427124023438e-01
2.218246012926101685e-01
2.209798544645309448e-01
3.088141083717346191e-01
6.110275983810424805e-01
5.491816401481628418e-01
4.106890261173248291e-01
4.210931658744812012e-01
2.809534668922424316e-01
2.728711068630218506e-01
2.837851047515869141e-01
2.907257974147796631e-01
2.960020899772644043e-01
2.266886830329895020e-01
2.974784374237060547e-01
3.414058089256286621e-01
2.574477791786193848e-01
2.880721092224121094e-01
2.959066033363342285e-01
2.684026956558227539e-01
2.974823117256164551e-01
2.177749872207641602e-01
2.849048376083374023e-01
2.943811416625976562e-01
4.349755346775054932e-01
4.176293313503265381e-01
3.016090989112854004e-01
2.933393716812133789e-01
3.224962353706359863e-01
2.992202341556549072e-01
2.264446020126342773e-01
7.806934118270874023e-01
2.278515249490737915e-01
3.313417732715606689e-01
2.798875272274017334e-01
2.195402979850769043e-01
2.391943931579589844e-01
2.443362027406692505e-01
4.407112896442413330e-01
4.417312741279602051e-01
2.927576303482055664e-01
3.427721560001373291e-01
3.619512319564819336e-01
2.743210494518280029e-01
4.095098078250885010e-01
2.760876417160034180e-01
2.708756029605865479e-01
2.566189169883728027e-01
2.928231358528137207e-01
2.456530183553695679e-01
2.457052618265151978e-01
3.642221093177795410e-01
2.850501537322998047e-01
2.644594013690948486e-01
3.012619018554687500e-01
2.950138747692108154e-01
2.247357815504074097e-01
2.653000652790069580e-01
3.936454355716705322e-01
3.269798159599304199e-01
3.350480496883392334e-01
3.251327276229858398e-01
3.350480496883392334e-01
3.251327276229858398e-01
2.570722997188568115e-01
2.601726055145263672e-01
2.910264730453491211e-01
3.153321743011474609e-01
2.972446382045745850e-01
2.198238819837570190e-01
3.440260589122772217e-01
1.756359934806823730e-01
3.794701099395751953e-01
2.916493117809295654e-01
4.035299420356750488e-01
2.816676199436187744e-01
3.427020013332366943e-01
3.766559064388275146e-01
6.186913251876831055e-01
5.814954042434692383e-01
2.996009290218353271e-01
2.172841280698776245e-01
2.984970510005950928e-01
3.723721504211425781e-01
4.675723016262054443e-01
5.387133955955505371e-01
2.908114194869995117e-01
5.060993432998657227e-01
3.740161657333374023e-01
4.386481344699859619e-01
4.502710103988647461e-01
4.333774447441101074e-01
4.025289118289947510e-01
4.057217538356781006e-01
3.611383438110351562e-01
2.920139133930206299e-01
2.622921764850616455e-01
2.682433128356933594e-01
3.025147616863250732e-01
2.962033450603485107e-01
2.116821408271789551e-01
5.328200459480285645e-01
2.639203965663909912e-01
4.446617662906646729e-01
3.466977775096893311e-01
3.346229791641235352e-01
2.914917171001434326e-01
2.689821124076843262e-01
2.467673420906066895e-01
2.831379473209381104e-01
3.821158111095428467e-01
3.916079699993133545e-01
4.637359976768493652e-01
3.370879590511322021e-01
1.731162518262863159e-01
8.982677459716796875e-01
2.608954012393951416e-01
3.051020801067352295e-01
3.139619529247283936e-01
3.363450467586517334e-01
3.682785630226135254e-01
3.788654506206512451e-01
3.733363747596740723e-01
2.268851399421691895e-01
3.252990543842315674e-01
4.307646453380584717e-01
4.439010620117187500e-01
4.550677239894866943e-01
2.593464851379394531e-01
2.527635991573333740e-01
2.791241109371185303e-01
4.424895346164703369e-01
4.598234593868255615e-01
4.936018884181976318e-01
2.585436403751373291e-01
6.091130971908569336e-01
2.419430613517761230e-01
2.905769348144531250e-01
2.799291014671325684e-01
2.672758698463439941e-01
2.581723034381866455e-01
1.025449991226196289e+00
1.017702698707580566e+00
3.609327673912048340e-01
3.628076314926147461e-01
2.593908309936523438e-01
2.842018902301788330e-01
2.481648772954940796e-01
2.520825862884521484e-01
8.948456645011901855e-01
3.860620856285095215e-01
3.314855992794036865e-01
2.969671487808227539e-01
2.786788344383239746e-01
3.362330794334411621e-01
2.852919697761535645e-01
3.215917646884918213e-01
2.951851487159729004e-01
3.565971553325653076e-01
3.975197970867156982e-01
4.078019559383392334e-01
2.471658140420913696e-01
4.970739483833312988e-01
4.949696958065032959e-01
2.485112249851226807e-01
