2.796692550182342529e-01
2.880990505218505859e-01
2.422888576984405518e-01
3.809560239315032959e-01
1.750409901142120361e-01
3.047775626182556152e-01
2.702270448207855225e-01
2.748884260654449463e-01
3.095945119857788086e-01
3.033651709556579590e-01
2.496244907379150391e-01
2.515268623828887939e-01
2.927100658416748047e-01
4.436897933483123779e-01
2.828919291496276855e-01
3.562231659889221191e-01
3.159653544425964355e-01
3.501717746257781982e-01
2.604281306266784668e-01
2.550177872180938721e-01
2.880402207374572754e-01
1.236991763114929199e+00
2.494155615568161011e-01
2.486606985330581665e-01
5.618261098861694336e-01
2.546412944793701172e-01
3.104330301284790039e-01
2.782061696052551270e-01
3.577031791210174561e-01
2.857270836830139160e-01
1.310921192169189453e+00
1.208370089530944824e+00
3.092185556888580322e-01
2.749084234237670898e-01
2.554497122764587402e-01
2.922842502593994141e-01
2.847411036491394043e-01
2.522076964378356934e-01
4.234768152236938477e-01
2.544849812984466553e-01
3.907087743282318115e-01
5.564575791358947754e-01
3.556480407714843750e-01
2.286517471075057983e-01
3.567251563072204590e-01
8.969640731811523438e-01
9.328028559684753418e-01
3.212842345237731934e-01
3.470952808856964111e-01
2.559599578380584717e-01
2.990582585334777832e-01
3.152530491352081299e-01
2.657232880592346191e-01
2.856079339981079102e-01
3.575259745121002197e-01
2.476891726255416870e-01
2.730827629566192627e-01
2.882173359394073486e-01
2.644118070602416992e-01
2.732854485511779785e-01
2.977734208106994629e-01
2.856820821762084961e-01
3.591987490653991699e-01
2.448072582483291626e-01
3.379106819629669189e-01
3.739466369152069092e-01
3.094370067119598389e-01
3.027470707893371582e-01
2.691734433174133301e-01
3.122133910655975342e-01
2.870861291885375977e-01
3.613663017749786377e-01
9.533694386482238770e-01
2.816885113716125488e-01
3.594203293323516846e-01
2.295549511909484863e-01
2.752156555652618408e-01
2.420148104429244995e-01
3.030916154384613037e-01
3.927131891250610352e-01
3.482020795345306396e-01
2.846906185150146484e-01
3.604161441326141357e-01
2.583689689636230469e-01
3.072472512722015381e-01
3.589993715286254883e-01
2.438059747219085693e-01
4.890847504138946533e-01
2.558973729610443115e-01
2.898285686969757080e-01
2.504753768444061279e-01
2.485467642545700073e-01
5.242415666580200195e-01
2.748696208000183105e-01
2.815074622631072998e-01
2.766804993152618408e-01
2.840500473976135254e-01
3.582280874252319336e-01
2.414329349994659424e-01
3.308906853199005127e-01
3.072297275066375732e-01
3.006231486797332764e-01
3.610442876815795898e-01
3.006231486797332764e-01
3.610442876815795898e-01
2.884992957115173340e-01
2.703820466995239258e-01
2.872527837753295898e-01
3.076795339584350586e-01
2.838634848594665527e-01
3.560644984245300293e-01
3.261029422283172607e-01
1.747217178344726562e-01
3.839950859546661377e-01
3.036848902702331543e-01
3.691699802875518799e-01
3.044284284114837646e-01
2.789285480976104736e-01
3.101994395256042480e-01
6.275605559349060059e-01
6.013767719268798828e-01
2.915592491626739502e-01
3.586179018020629883e-01
2.428955733776092529e-01
2.578386664390563965e-01
4.329739212989807129e-01
5.562801957130432129e-01
3.390970826148986816e-01
4.842796623706817627e-01
2.863601148128509521e-01
4.547715485095977783e-01
4.564501941204071045e-01
4.569416046142578125e-01
4.028071165084838867e-01
4.113715887069702148e-01
4.079391658306121826e-01
2.760868370532989502e-01
2.798178791999816895e-01
3.469741046428680420e-01
3.426590561866760254e-01
2.815480828285217285e-01
3.476770818233489990e-01
1.203595161437988281e+00
2.360834777355194092e-01
1.207021474838256836e+00
3.060328066349029541e-01
3.623874783515930176e-01
3.528636097908020020e-01
2.822435498237609863e-01
2.493839561939239502e-01
2.702338397502899170e-01
1.276128172874450684e+00
3.583758473396301270e-01
1.240966200828552246e+00
4.139274060726165771e-01
1.740752607583999634e-01
1.251029253005981445e+00
2.619277536869049072e-01
3.395662009716033936e-01
3.740283846855163574e-01
3.402357697486877441e-01
3.468746542930603027e-01
3.299238085746765137e-01
3.222063183784484863e-01
3.483707010746002197e-01
3.783249557018280029e-01
4.174759984016418457e-01
4.334092438220977783e-01
4.039572477340698242e-01
2.617179155349731445e-01
2.723516821861267090e-01
2.622847557067871094e-01
4.586453437805175781e-01
4.487086534500122070e-01
4.625843167304992676e-01
1.269627332687377930e+00
1.256137251853942871e+00
2.462259829044342041e-01
2.953738868236541748e-01
3.560800552368164062e-01
2.751588523387908936e-01
2.482195794582366943e-01
1.257454037666320801e+00
1.189530730247497559e+00
3.513527512550354004e-01
3.637854754924774170e-01
2.552666068077087402e-01
2.894246280193328857e-01
2.452619373798370361e-01
2.472626864910125732e-01
1.285236120223999023e+00
3.431475460529327393e-01
3.579830527305603027e-01
2.964496314525604248e-01
3.138943314552307129e-01
3.042032718658447266e-01
2.616538405418395996e-01
3.045963048934936523e-01
3.157291710376739502e-01
3.732433915138244629e-01
4.049882888793945312e-01
3.914297223091125488e-01
2.477352321147918701e-01
4.974859058856964111e-01
4.961566925048828125e-01
2.483142465353012085e-01
