2.450175583362579346e-01
3.492016792297363281e-01
2.443201690912246704e-01
2.980076074600219727e-01
1.738133132457733154e-01
3.871099650859832764e-01
2.829986214637756348e-01
2.758722305297851562e-01
2.950057685375213623e-01
3.043426275253295898e-01
2.523840665817260742e-01
2.611101269721984863e-01
2.883179485797882080e-01
3.021384775638580322e-01
2.971488237380981445e-01
2.218171954154968262e-01
2.654708623886108398e-01
4.161540865898132324e-01
3.763917684555053711e-01
2.552685141563415527e-01
2.896849513053894043e-01
9.685519337654113770e-01
2.495550811290740967e-01
2.468266785144805908e-01
7.775507569313049316e-01
2.856457829475402832e-01
2.891456484794616699e-01
3.293839097023010254e-01
2.376665323972702026e-01
3.023366332054138184e-01
9.143328070640563965e-01
9.244216680526733398e-01
2.760102748870849609e-01
2.925948798656463623e-01
2.846549153327941895e-01
3.390784561634063721e-01
2.578107416629791260e-01
3.079259097576141357e-01
3.769270777702331543e-01
2.744797468185424805e-01
3.642322421073913574e-01
4.853135645389556885e-01
2.218245863914489746e-01
2.239612489938735962e-01
3.232242166996002197e-01
5.967208147048950195e-01
5.424165129661560059e-01
3.521072268486022949e-01
4.789747893810272217e-01
2.630235850811004639e-01
2.852828800678253174e-01
3.090301752090454102e-01
2.878113389015197754e-01
2.965829074382781982e-01
2.315249294042587280e-01
3.077026009559631348e-01
3.084136545658111572e-01
2.758655548095703125e-01
2.729397416114807129e-01
2.869382500648498535e-01
2.900850772857666016e-01
2.985457777976989746e-01
2.151960283517837524e-01
2.818474471569061279e-01
3.217022716999053955e-01
4.088707566261291504e-01
3.763526678085327148e-01
2.960213720798492432e-01
3.002113103866577148e-01
3.399532139301300049e-01
2.985926270484924316e-01
2.271526008844375610e-01
7.413812279701232910e-01
2.317694872617721558e-01
3.339287638664245605e-01
2.855074405670166016e-01
2.223433405160903931e-01
2.424513399600982666e-01
2.433040887117385864e-01
4.398177862167358398e-01
4.399404525756835938e-01
2.949361801147460938e-01
3.450078368186950684e-01
3.629980087280273438e-01
2.673102617263793945e-01
4.169936180114746094e-01
2.825607061386108398e-01
2.595823407173156738e-01
2.556788623332977295e-01
2.884532213211059570e-01
2.502024471759796143e-01
2.480427622795104980e-01
3.510147333145141602e-01
2.707268893718719482e-01
2.613736391067504883e-01
3.154926896095275879e-01
2.926281690597534180e-01
2.265413850545883179e-01
2.883231937885284424e-01
3.658340275287628174e-01
3.148269057273864746e-01
3.516275286674499512e-01
3.261707723140716553e-01
3.516275286674499512e-01
3.261707723140716553e-01
2.458198964595794678e-01
2.728699445724487305e-01
2.935508489608764648e-01
2.921071648597717285e-01
2.974995970726013184e-01
2.201451510190963745e-01
3.186275362968444824e-01
1.749508976936340332e-01
3.852452635765075684e-01
3.054376244544982910e-01
4.138619303703308105e-01
2.654637694358825684e-01
3.639020621776580811e-01
3.663335442543029785e-01
5.918138623237609863e-01
5.329694747924804688e-01
2.976133525371551514e-01
2.298187166452407837e-01
3.372157216072082520e-01
3.219191431999206543e-01
4.803148508071899414e-01
5.329554080963134766e-01
2.924999296665191650e-01
4.960853755474090576e-01
3.329885900020599365e-01
4.182814359664916992e-01
4.111042618751525879e-01
4.259945750236511230e-01
4.147308766841888428e-01
4.186113178730010986e-01
4.248180985450744629e-01
2.683695554733276367e-01
2.608350515365600586e-01
3.119940161705017090e-01
3.231168091297149658e-01
2.979504764080047607e-01
2.175021171569824219e-01
3.868080377578735352e-01
3.095157444477081299e-01
3.755196034908294678e-01
3.250890076160430908e-01
3.261269927024841309e-01
3.108459711074829102e-01
2.750443816184997559e-01
2.571465671062469482e-01
2.715516090393066406e-01
4.244219362735748291e-01
3.492004573345184326e-01
4.308858513832092285e-01
3.539360463619232178e-01
1.738445609807968140e-01
3.640396296977996826e-01
2.625589966773986816e-01
3.112504184246063232e-01
3.142898678779602051e-01
3.100118041038513184e-01
3.723689317703247070e-01
3.765021860599517822e-01
3.659585714340209961e-01
2.252753674983978271e-01
3.076780438423156738e-01
4.180015027523040771e-01
4.209629297256469727e-01
4.171564280986785889e-01
2.635078728199005127e-01
2.640446126461029053e-01
2.703935801982879639e-01
4.686394035816192627e-01
4.688741862773895264e-01
4.628393352031707764e-01
2.801708579063415527e-01
3.319772481918334961e-01
2.392316162586212158e-01
2.919173836708068848e-01
3.281947970390319824e-01
2.694112062454223633e-01
3.564882576465606689e-01
4.695157408714294434e-01
3.382707834243774414e-01
3.714750111103057861e-01
2.770486474037170410e-01
2.543580234050750732e-01
2.900189161300659180e-01
2.480028718709945679e-01
2.479504644870758057e-01
1.041942477226257324e+00
3.765248954296112061e-01
3.833423256874084473e-01
2.899903953075408936e-01
3.187544941902160645e-01
2.957309782505035400e-01
3.105503320693969727e-01
2.973341643810272217e-01
3.189482986927032471e-01
3.357822597026824951e-01
3.750046491622924805e-01
3.907673060894012451e-01
2.490177154541015625e-01
4.969764053821563721e-01
4.964453279972076416e-01
2.486176788806915283e-01
