2.602558434009552002e-01
3.140723109245300293e-01
2.398987859487533569e-01
3.608995079994201660e-01
1.736389845609664917e-01
3.568741083145141602e-01
3.421437144279479980e-01
2.754017710685729980e-01
3.217549324035644531e-01
2.986897826194763184e-01
2.454698681831359863e-01
2.717813253402709961e-01
2.504849433898925781e-01
4.457558393478393555e-01
2.891315221786499023e-01
2.307771742343902588e-01
3.646630942821502686e-01
2.928996086120605469e-01
2.773615717887878418e-01
2.566931247711181641e-01
2.884404659271240234e-01
1.163323879241943359e+00
2.502892613410949707e-01
2.464058101177215576e-01
6.490068435668945312e-01
2.895808517932891846e-01
2.830729186534881592e-01
3.315281867980957031e-01
2.538658976554870605e-01
2.723647952079772949e-01
8.063602447509765625e-01
7.764824628829956055e-01
2.707795202732086182e-01
2.893978953361511230e-01
2.864818871021270752e-01
3.394211530685424805e-01
2.611695230007171631e-01
2.978506088256835938e-01
3.727596104145050049e-01
2.496216297149658203e-01
3.951509892940521240e-01
4.867455363273620605e-01
2.273066043853759766e-01
2.268922626972198486e-01
3.732045292854309082e-01
4.710129499435424805e-01
4.389078319072723389e-01
3.468860089778900146e-01
4.666747152805328369e-01
2.565103471279144287e-01
2.979227006435394287e-01
3.119605779647827148e-01
2.705569267272949219e-01
2.970545589923858643e-01
2.376900017261505127e-01
3.079634308815002441e-01
2.938971519470214844e-01
2.736351490020751953e-01
2.745882570743560791e-01
2.831901907920837402e-01
2.849594056606292725e-01
2.980458438396453857e-01
2.190749943256378174e-01
2.780070304870605469e-01
3.135301172733306885e-01
4.118359684944152832e-01
3.795340359210968018e-01
3.027517497539520264e-01
2.755787372589111328e-01
3.128528892993927002e-01
2.984582483768463135e-01
2.242900729179382324e-01
7.504545450210571289e-01
2.325879186391830444e-01
3.350721895694732666e-01
2.829074561595916748e-01
2.228620350360870361e-01
2.430975884199142456e-01
2.417415082454681396e-01
4.411383867263793945e-01
4.395467340946197510e-01
2.936176359653472900e-01
3.458820581436157227e-01
3.662544190883636475e-01
2.767007052898406982e-01
4.027089476585388184e-01
2.837699055671691895e-01
2.728866934776306152e-01
2.565900385379791260e-01
2.899185717105865479e-01
2.490746825933456421e-01
2.468124628067016602e-01
3.854223489761352539e-01
2.550915479660034180e-01
2.523812055587768555e-01
3.479213118553161621e-01
2.957279384136199951e-01
2.329567521810531616e-01
3.351677954196929932e-01
3.142344951629638672e-01
3.049797713756561279e-01
3.722576498985290527e-01
3.316481709480285645e-01
3.722576498985290527e-01
3.316481709480285645e-01
2.470372468233108521e-01
2.750276327133178711e-01
3.135036826133728027e-01
2.879094183444976807e-01
2.962036430835723877e-01
2.230523377656936646e-01
3.125101923942565918e-01
1.746144443750381470e-01
3.746754527091979980e-01
2.807718813419342041e-01
4.129332602024078369e-01
2.482470721006393433e-01
3.795300424098968506e-01
3.586539328098297119e-01
5.618475079536437988e-01
5.188084244728088379e-01
2.974643111228942871e-01
2.305041104555130005e-01
3.682615160942077637e-01
2.928486764430999756e-01
4.927527904510498047e-01
5.259118676185607910e-01
2.970121502876281738e-01
4.706685841083526611e-01
3.132322728633880615e-01
4.029365181922912598e-01
3.885426521301269531e-01
3.823868632316589355e-01
4.607675373554229736e-01
4.512345492839813232e-01
4.519279003143310547e-01
2.723681628704071045e-01
2.784567177295684814e-01
2.866328954696655273e-01
2.772122323513031006e-01
2.948875129222869873e-01
2.189198583364486694e-01
5.041807889938354492e-01
2.625393867492675781e-01
4.887385368347167969e-01
3.080882728099822998e-01
3.548782169818878174e-01
3.480382859706878662e-01
2.775965631008148193e-01
2.475446164608001709e-01
2.599429786205291748e-01
3.770404458045959473e-01
4.219862520694732666e-01
3.827529549598693848e-01
3.752143383026123047e-01
1.741058081388473511e-01
8.744563460350036621e-01
2.802265286445617676e-01
2.923976778984069824e-01
3.129035830497741699e-01
3.110289573669433594e-01
3.568273484706878662e-01
3.647990226745605469e-01
3.405980169773101807e-01
2.260774672031402588e-01
3.553079366683959961e-01
3.874074816703796387e-01
4.142556190490722656e-01
3.982542157173156738e-01
2.551797330379486084e-01
2.628785073757171631e-01
2.767008543014526367e-01
4.884251654148101807e-01
5.045537948608398438e-01
4.891238212585449219e-01
3.037894368171691895e-01
6.186901330947875977e-01
2.412153929471969604e-01
2.895200550556182861e-01
3.405048847198486328e-01
2.790850698947906494e-01
3.484875857830047607e-01
8.926151394844055176e-01
8.698756098747253418e-01
3.633065223693847656e-01
2.820103168487548828e-01
2.560294866561889648e-01
2.856490314006805420e-01
2.496510595083236694e-01
2.497837990522384644e-01
1.129240036010742188e+00
3.573690056800842285e-01
4.126365482807159424e-01
2.939877510070800781e-01
2.936256527900695801e-01
3.258652687072753906e-01
3.262018561363220215e-01
3.331883847713470459e-01
2.829420566558837891e-01
2.890111207962036133e-01
4.208491146564483643e-01
4.102935791015625000e-01
2.490350157022476196e-01
4.975787997245788574e-01
4.973985254764556885e-01
2.508614361286163330e-01
