2.617601454257965088e-01
2.841492295265197754e-01
3.483129441738128662e-01
3.574720025062561035e-01
1.758159101009368896e-01
2.583280205726623535e-01
3.185829520225524902e-01
2.542055547237396240e-01
3.609569966793060303e-01
2.913952469825744629e-01
2.577887773513793945e-01
2.528717815876007080e-01
2.571686804294586182e-01
3.918174803256988525e-01
2.934443950653076172e-01
2.342369556427001953e-01
2.718682587146759033e-01
4.113395810127258301e-01
3.338572382926940918e-01
2.567666471004486084e-01
2.859805524349212646e-01
1.209332466125488281e+00
2.528364360332489014e-01
2.433485984802246094e-01
5.704897046089172363e-01
2.491622418165206909e-01
3.078278601169586182e-01
2.515320181846618652e-01
3.583616316318511963e-01
2.485108822584152222e-01
7.261156439781188965e-01
9.088423848152160645e-01
3.389127850532531738e-01
2.818024754524230957e-01
2.405684739351272583e-01
2.792453765869140625e-01
2.838695943355560303e-01
2.826340496540069580e-01
4.503592550754547119e-01
2.509982287883758545e-01
4.020492434501647949e-01
5.051070451736450195e-01
2.965186536312103271e-01
2.294555902481079102e-01
3.688622713088989258e-01
8.719814419746398926e-01
9.670699238777160645e-01
3.342283666133880615e-01
3.608599007129669189e-01
2.414595633745193481e-01
2.485862970352172852e-01
3.832862675189971924e-01
3.821026682853698730e-01
2.844203114509582520e-01
2.247707545757293701e-01
3.749191462993621826e-01
2.902669012546539307e-01
2.657563984394073486e-01
2.826170623302459717e-01
2.860477268695831299e-01
2.662279307842254639e-01
2.672801613807678223e-01
3.590459227561950684e-01
2.350480258464813232e-01
3.082951307296752930e-01
4.222843647003173828e-01
3.529387712478637695e-01
2.393786907196044922e-01
3.784812688827514648e-01
3.705619573593139648e-01
2.868476808071136475e-01
3.472610116004943848e-01
8.949012756347656250e-01
2.900997698307037354e-01
3.575269281864166260e-01
2.326260805130004883e-01
2.680112719535827637e-01
2.489948570728302002e-01
3.055033385753631592e-01
4.549636244773864746e-01
2.411160767078399658e-01
2.798128724098205566e-01
3.599626719951629639e-01
2.471599131822586060e-01
2.575840055942535400e-01
4.222583770751953125e-01
2.562094032764434814e-01
5.053364038467407227e-01
2.570935487747192383e-01
2.883759438991546631e-01
2.546246647834777832e-01
2.501039206981658936e-01
6.472293734550476074e-01
2.704219818115234375e-01
2.874081730842590332e-01
2.731929421424865723e-01
2.810586392879486084e-01
3.596233129501342773e-01
2.392423897981643677e-01
3.567653894424438477e-01
3.067758679389953613e-01
3.142878711223602295e-01
3.677506446838378906e-01
3.142878711223602295e-01
3.677506446838378906e-01
3.015078306198120117e-01
2.628333866596221924e-01
2.755860090255737305e-01
2.898649871349334717e-01
2.917302548885345459e-01
3.603713810443878174e-01
3.423300683498382568e-01
1.744435727596282959e-01
4.027245044708251953e-01
3.349383473396301270e-01
3.912712335586547852e-01
3.049999773502349854e-01
2.428149729967117310e-01
2.816041409969329834e-01
6.200305223464965820e-01
5.958793759346008301e-01
2.784376442432403564e-01
3.576807379722595215e-01
2.415273934602737427e-01
2.777033746242523193e-01
4.285872876644134521e-01
5.839041471481323242e-01
3.460147678852081299e-01
5.081946253776550293e-01
2.238293141126632690e-01
4.550841450691223145e-01
4.409568905830383301e-01
4.590233862400054932e-01
4.041973054409027100e-01
3.691368699073791504e-01
4.454928338527679443e-01
2.563829123973846436e-01
2.996698915958404541e-01
3.755283057689666748e-01
3.150341212749481201e-01
2.844269871711730957e-01
3.417938351631164551e-01
7.751577496528625488e-01
2.363243848085403442e-01
8.201632499694824219e-01
2.588435411453247070e-01
3.619196414947509766e-01
4.228826463222503662e-01
2.960268855094909668e-01
2.253353148698806763e-01
2.624104619026184082e-01
7.627761363983154297e-01
4.536262154579162598e-01
7.545442581176757812e-01
4.569964408874511719e-01
1.753648519515991211e-01
7.940211296081542969e-01
3.013035058975219727e-01
3.558092713356018066e-01
2.979098856449127197e-01
3.423328697681427002e-01
3.294319510459899902e-01
3.102218508720397949e-01
2.694973349571228027e-01
3.565407395362854004e-01
2.901670336723327637e-01
4.197498261928558350e-01
4.269878864288330078e-01
4.776083827018737793e-01
2.437955886125564575e-01
2.762673497200012207e-01
2.747164964675903320e-01
4.864225387573242188e-01
5.224921703338623047e-01
4.834759235382080078e-01
1.030084848403930664e+00
9.541026353836059570e-01
2.443199604749679565e-01
2.905002236366271973e-01
3.543774485588073730e-01
3.839274644851684570e-01
2.601006031036376953e-01
1.060481190681457520e+00
1.110511660575866699e+00
3.310877978801727295e-01
3.647032976150512695e-01
2.518529891967773438e-01
2.913511693477630615e-01
2.446517050266265869e-01
2.503577172756195068e-01
1.386392235755920410e+00
2.813363671302795410e-01
4.364198744297027588e-01
3.011821806430816650e-01
3.673342168331146240e-01
2.387356460094451904e-01
2.724270224571228027e-01
2.539238333702087402e-01
3.532662391662597656e-01
3.805827200412750244e-01
4.742651879787445068e-01
3.208434879779815674e-01
2.524201273918151855e-01
4.973564147949218750e-01
4.952927231788635254e-01
2.553546428680419922e-01
