3.009192347526550293e-01
2.956359386444091797e-01
3.589748144149780273e-01
2.403027415275573730e-01
1.797540187835693359e-01
2.786649465560913086e-01
2.595882117748260498e-01
2.703947722911834717e-01
3.095310926437377930e-01
3.050554990768432617e-01
2.455302178859710693e-01
2.506850957870483398e-01
3.051950335502624512e-01
5.037989616394042969e-01
3.017206788063049316e-01
2.355653792619705200e-01
3.024014532566070557e-01
3.859434723854064941e-01
2.564620971679687500e-01
2.577874660491943359e-01
2.833451926708221436e-01
1.709244728088378906e+00
2.518205344676971436e-01
2.500509619712829590e-01
7.339390516281127930e-01
2.464452236890792847e-01
3.547998368740081787e-01
2.942594289779663086e-01
3.588566780090332031e-01
2.424902021884918213e-01
1.268835425376892090e+00
1.230387210845947266e+00
3.827953338623046875e-01
2.852307260036468506e-01
2.486974447965621948e-01
3.638213276863098145e-01
2.680978775024414062e-01
2.246064245700836182e-01
4.601575434207916260e-01
2.565386891365051270e-01
2.871564626693725586e-01
5.775944590568542480e-01
2.701137065887451172e-01
2.199279814958572388e-01
2.985610365867614746e-01
7.649292945861816406e-01
8.914621472358703613e-01
4.678649306297302246e-01
2.814200818538665771e-01
2.388910651206970215e-01
2.419720143079757690e-01
3.881400823593139648e-01
3.802555501461029053e-01
2.976480722427368164e-01
2.413386404514312744e-01
3.874928057193756104e-01
3.299508094787597656e-01
2.993429303169250488e-01
2.611424922943115234e-01
2.444695681333541870e-01
2.917683422565460205e-01
2.670572102069854736e-01
3.646464049816131592e-01
2.585141956806182861e-01
3.556225597858428955e-01
3.408981561660766602e-01
2.461994737386703491e-01
2.437467724084854126e-01
3.787367343902587891e-01
3.702580034732818604e-01
2.921886742115020752e-01
3.540333807468414307e-01
8.889935612678527832e-01
2.896496653556823730e-01
3.659363389015197754e-01
2.312440127134323120e-01
2.758870124816894531e-01
2.405232489109039307e-01
2.999698519706726074e-01
4.670553803443908691e-01
2.425642311573028564e-01
2.772825658321380615e-01
3.669976890087127686e-01
2.473089098930358887e-01
2.598906755447387695e-01
4.265475273132324219e-01
2.537678182125091553e-01
5.042620301246643066e-01
2.563330531120300293e-01
2.809458673000335693e-01
2.505809366703033447e-01
2.488656938076019287e-01
6.121438145637512207e-01
3.016798496246337891e-01
2.443750947713851929e-01
3.554743528366088867e-01
2.836366891860961914e-01
3.597502112388610840e-01
2.632923722267150879e-01
2.896455228328704834e-01
3.642987012863159180e-01
3.809084892272949219e-01
2.940908670425415039e-01
3.809084892272949219e-01
2.940908670425415039e-01
3.126239478588104248e-01
2.489161491394042969e-01
2.375379651784896851e-01
2.787189483642578125e-01
2.875524461269378662e-01
3.628132045269012451e-01
3.543490171432495117e-01
1.747217625379562378e-01
3.918049931526184082e-01
3.126376271247863770e-01
3.806139826774597168e-01
3.030393719673156738e-01
2.562322616577148438e-01
2.855122983455657959e-01
6.745738387107849121e-01
6.417790651321411133e-01
2.824932038784027100e-01
3.558383882045745850e-01
2.558929324150085449e-01
2.735222876071929932e-01
4.264617562294006348e-01
5.955221652984619141e-01
3.547596931457519531e-01
5.135468244552612305e-01
2.221682965755462646e-01
4.672947227954864502e-01
4.559383392333984375e-01
4.538651406764984131e-01
4.685414135456085205e-01
4.209536910057067871e-01
4.185797572135925293e-01
2.528249323368072510e-01
3.078542053699493408e-01
3.800779581069946289e-01
3.206471502780914307e-01
2.821254730224609375e-01
3.531190752983093262e-01
9.224652647972106934e-01
2.406320720911026001e-01
9.287545680999755859e-01
2.589849233627319336e-01
3.638793528079986572e-01
4.281300604343414307e-01
2.982230782508850098e-01
2.344399988651275635e-01
2.663599252700805664e-01
7.318214774131774902e-01
4.520279169082641602e-01
8.087307214736938477e-01
4.542991518974304199e-01
1.759756803512573242e-01
1.150878310203552246e+00
2.409561872482299805e-01
2.502560615539550781e-01
3.200746476650238037e-01
3.676434159278869629e-01
4.016658663749694824e-01
3.953046202659606934e-01
4.030609726905822754e-01
3.475261628627777100e-01
4.070567488670349121e-01
5.220043063163757324e-01
4.773946106433868408e-01
5.550326108932495117e-01
2.762698829174041748e-01
2.759420871734619141e-01
2.631430327892303467e-01
3.723621666431427002e-01
3.232689201831817627e-01
3.576499223709106445e-01
1.207866430282592773e+00
1.244302034378051758e+00
2.401700764894485474e-01
2.958098948001861572e-01
3.512212932109832764e-01
2.638418078422546387e-01
2.738445401191711426e-01
1.408825993537902832e+00
1.219229698181152344e+00
3.276966214179992676e-01
3.753086030483245850e-01
2.534808218479156494e-01
2.834689617156982422e-01
2.437361031770706177e-01
2.396201193332672119e-01
1.358065605163574219e+00
4.020254015922546387e-01
3.115601241588592529e-01
2.939991652965545654e-01
2.463830411434173584e-01
3.718659281730651855e-01
2.729543447494506836e-01
3.694408237934112549e-01
2.533342540264129639e-01
3.787925839424133301e-01
3.098981380462646484e-01
5.292075872421264648e-01
2.426391988992691040e-01
4.978692233562469482e-01
4.950990378856658936e-01
2.430570870637893677e-01
