2.508195042610168457e-01
2.481159716844558716e-01
3.611197173595428467e-01
3.694316148757934570e-01
1.733226329088211060e-01
2.308047860860824585e-01
2.961759567260742188e-01
2.629795074462890625e-01
3.713115453720092773e-01
3.046934604644775391e-01
2.517822980880737305e-01
2.386485636234283447e-01
2.577310204505920410e-01
2.659776508808135986e-01
2.940739095211029053e-01
2.328089326620101929e-01
2.729282975196838379e-01
4.054747223854064941e-01
3.658419251441955566e-01
2.520617246627807617e-01
2.869184613227844238e-01
9.644050598144531250e-01
2.521040439605712891e-01
2.493330538272857666e-01
6.049743294715881348e-01
2.543743550777435303e-01
2.988988459110260010e-01
2.641757130622863770e-01
3.597934246063232422e-01
2.627233266830444336e-01
1.417548179626464844e+00
1.211767911911010742e+00
3.225256502628326416e-01
2.823517024517059326e-01
2.424226552248001099e-01
2.537814676761627197e-01
2.966611981391906738e-01
2.420077025890350342e-01
4.285078346729278564e-01
2.404493093490600586e-01
4.013380706310272217e-01
5.213754773139953613e-01
2.397660017013549805e-01
2.340800166130065918e-01
3.915733695030212402e-01
1.030940175056457520e+00
1.055783271789550781e+00
3.756716251373291016e-01
4.395370781421661377e-01
2.933109402656555176e-01
2.654024958610534668e-01
2.628332376480102539e-01
2.881008386611938477e-01
2.845000624656677246e-01
3.511258959770202637e-01
2.479082942008972168e-01
3.429745435714721680e-01
2.918076515197753906e-01
2.671743035316467285e-01
2.831326723098754883e-01
2.977642118930816650e-01
2.875129878520965576e-01
3.561430573463439941e-01
2.517295479774475098e-01
3.336583673954010010e-01
3.791110217571258545e-01
2.924332916736602783e-01
3.021833896636962891e-01
2.601837217807769775e-01
2.880305647850036621e-01
2.870995104312896729e-01
3.566116988658905029e-01
7.959879636764526367e-01
2.798942625522613525e-01
3.584609329700469971e-01
2.321226298809051514e-01
2.665279507637023926e-01
2.982441186904907227e-01
2.578074932098388672e-01
2.670528888702392578e-01
4.917282462120056152e-01
2.824718058109283447e-01
3.584794998168945312e-01
2.555353641510009766e-01
3.226445913314819336e-01
3.518515825271606445e-01
3.479335606098175049e-01
3.624844253063201904e-01
2.546623349189758301e-01
2.872242927551269531e-01
2.527694106101989746e-01
2.459635436534881592e-01
6.550338268280029297e-01
2.453463971614837646e-01
3.030495643615722656e-01
2.717241346836090088e-01
2.820891737937927246e-01
3.626305162906646729e-01
2.440419495105743408e-01
3.872671723365783691e-01
2.598189711570739746e-01
2.555756568908691406e-01
4.427281022071838379e-01
2.555756568908691406e-01
4.427281022071838379e-01
2.904427945613861084e-01
3.026010096073150635e-01
3.774472177028656006e-01
3.052904307842254639e-01
2.774152159690856934e-01
3.583559989929199219e-01
2.608362138271331787e-01
1.754068285226821899e-01
3.804288208484649658e-01
2.970991730690002441e-01
4.584311544895172119e-01
3.031223714351654053e-01
2.657210528850555420e-01
2.898236513137817383e-01
4.255374968051910400e-01
5.611386299133300781e-01
2.846540212631225586e-01
3.543065488338470459e-01
2.368020713329315186e-01
2.653748989105224609e-01
3.993581533432006836e-01
5.256414413452148438e-01
3.477050960063934326e-01
4.990362823009490967e-01
2.511373460292816162e-01
4.470019042491912842e-01
4.596512317657470703e-01
4.490845501422882080e-01
3.992606401443481445e-01
4.453055262565612793e-01
3.903643786907196045e-01
2.855649590492248535e-01
2.674907743930816650e-01
2.763858139514923096e-01
2.703102529048919678e-01
2.898430824279785156e-01
3.322485089302062988e-01
1.114551901817321777e+00
2.366204261779785156e-01
1.193351268768310547e+00
3.302199840545654297e-01
2.610946893692016602e-01
3.344507813453674316e-01
2.466069459915161133e-01
3.002403974533081055e-01
2.422839105129241943e-01
1.237995982170104980e+00
4.010139405727386475e-01
1.188460588455200195e+00
3.046504259109497070e-01
1.749891936779022217e-01
8.877152204513549805e-01
3.007913529872894287e-01
2.938920259475708008e-01
3.462062478065490723e-01
3.035492300987243652e-01
3.110430538654327393e-01
2.941409349441528320e-01
3.627084791660308838e-01
3.495196700096130371e-01
2.836328446865081787e-01
4.705003499984741211e-01
4.632263183593750000e-01
4.296912550926208496e-01
2.859818935394287109e-01
2.741935551166534424e-01
2.396688014268875122e-01
5.110100507736206055e-01
4.637668728828430176e-01
4.779461026191711426e-01
1.097285747528076172e+00
1.115270018577575684e+00
3.023244142532348633e-01
2.955318689346313477e-01
2.505834698677062988e-01
3.564277291297912598e-01
2.903529107570648193e-01
1.240982294082641602e+00
1.291971683502197266e+00
2.557851970195770264e-01
2.680393457412719727e-01
2.561871409416198730e-01
2.870979905128479004e-01
2.470554858446121216e-01
2.489894330501556396e-01
8.350825309753417969e-01
4.160361886024475098e-01
2.845502495765686035e-01
2.820469141006469727e-01
3.292641043663024902e-01
2.899827361106872559e-01
2.441821396350860596e-01
2.652933895587921143e-01
3.500265181064605713e-01
2.733255922794342041e-01
4.518972039222717285e-01
4.619383513927459717e-01
2.473523765802383423e-01
4.967288970947265625e-01
4.950947761535644531e-01
2.462954670190811157e-01
