2.414461076259613037e-01
3.763487637042999268e-01
2.456600517034530640e-01
2.436883300542831421e-01
1.752872318029403687e-01
3.796154260635375977e-01
2.704565227031707764e-01
2.957517802715301514e-01
3.661096394062042236e-01
3.019770979881286621e-01
2.634374797344207764e-01
2.379832863807678223e-01
2.587046623229980469e-01
3.533617258071899414e-01
2.904727160930633545e-01
2.281150817871093750e-01
3.816126585006713867e-01
2.601004540920257568e-01
2.458899915218353271e-01
2.576801478862762451e-01
2.838218808174133301e-01
9.048479199409484863e-01
2.475674748420715332e-01
2.491734623908996582e-01
7.316599488258361816e-01
3.035404682159423828e-01
2.863227427005767822e-01
3.443909287452697754e-01
3.550904095172882080e-01
2.970917224884033203e-01
9.301793575286865234e-01
8.510016798973083496e-01
2.856655120849609375e-01
2.575645148754119873e-01
2.906840741634368896e-01
3.566125035285949707e-01
2.635277509689331055e-01
2.755964994430541992e-01
3.914153873920440674e-01
2.407924532890319824e-01
4.070509970188140869e-01
4.776385128498077393e-01
2.464257180690765381e-01
2.347611039876937866e-01
3.840678930282592773e-01
9.974221587181091309e-01
1.119841694831848145e+00
3.685291409492492676e-01
4.416974186897277832e-01
3.048048615455627441e-01
2.506077885627746582e-01
2.711417675018310547e-01
3.094196319580078125e-01
2.866120636463165283e-01
3.550797104835510254e-01
2.537964582443237305e-01
3.608683645725250244e-01
2.514875233173370361e-01
3.037205636501312256e-01
3.676612675189971924e-01
3.002284467220306396e-01
2.878708541393280029e-01
3.583533465862274170e-01
2.515255808830261230e-01
2.579817473888397217e-01
4.598436355590820312e-01
4.461499154567718506e-01
3.018953204154968262e-01
2.673567831516265869e-01
2.865871191024780273e-01
2.926528751850128174e-01
3.587690293788909912e-01
7.507888674736022949e-01
2.769653499126434326e-01
3.604110479354858398e-01
2.197445482015609741e-01
2.716598212718963623e-01
2.408474534749984741e-01
2.999897301197052002e-01
3.073762357234954834e-01
4.822520911693572998e-01
2.792948484420776367e-01
3.553583323955535889e-01
2.477403134107589722e-01
3.816170692443847656e-01
2.544544041156768799e-01
2.307071238756179810e-01
4.923056662082672119e-01
2.549281418323516846e-01
2.901210784912109375e-01
2.511993050575256348e-01
2.508573234081268311e-01
3.595795035362243652e-01
2.666896581649780273e-01
2.933576107025146484e-01
2.599542438983917236e-01
2.846919298171997070e-01
3.522132635116577148e-01
2.411902546882629395e-01
3.675647079944610596e-01
2.886743843555450439e-01
2.918153107166290283e-01
4.013932049274444580e-01
2.918153107166290283e-01
4.013932049274444580e-01
2.849706113338470459e-01
2.582141160964965820e-01
2.445433139801025391e-01
2.852959930896759033e-01
2.842834591865539551e-01
3.589335680007934570e-01
3.590836226940155029e-01
1.759418547153472900e-01
3.715899586677551270e-01
2.729629874229431152e-01
3.679905831813812256e-01
3.023601770401000977e-01
2.619116604328155518e-01
2.713067829608917236e-01
6.781049370765686035e-01
6.580234169960021973e-01
2.816227674484252930e-01
3.559737503528594971e-01
2.339385896921157837e-01
2.705052793025970459e-01
4.023861885070800781e-01
5.350186824798583984e-01
3.673963844776153564e-01
5.102306008338928223e-01
2.361624389886856079e-01
4.496694505214691162e-01
4.550134539604187012e-01
4.392756521701812744e-01
4.348946511745452881e-01
4.308997094631195068e-01
3.532901406288146973e-01
2.794853448867797852e-01
2.815475463867187500e-01
2.706439495086669922e-01
2.618796825408935547e-01
2.867906987667083740e-01
3.514098525047302246e-01
1.051206707954406738e+00
2.333067059516906738e-01
1.135010719299316406e+00
3.122915327548980713e-01
2.953539788722991943e-01
2.763473093509674072e-01
2.832649648189544678e-01
2.555154860019683838e-01
2.873906195163726807e-01
1.199323058128356934e+00
4.169188737869262695e-01
1.137333750724792480e+00
3.538480997085571289e-01
1.730152517557144165e-01
1.158246278762817383e+00
2.391982078552246094e-01
3.285661935806274414e-01
3.167342543601989746e-01
2.837977707386016846e-01
3.933961093425750732e-01
3.908379375934600830e-01
3.971410989761352539e-01
3.446673750877380371e-01
4.190023541450500488e-01
5.153756737709045410e-01
5.448797941207885742e-01
5.109747648239135742e-01
2.686193585395812988e-01
2.676592171192169189e-01
2.540087997913360596e-01
3.794111907482147217e-01
3.613328337669372559e-01
3.893236815929412842e-01
1.213813900947570801e+00
1.076351404190063477e+00
2.453662306070327759e-01
2.943316102027893066e-01
3.543235063552856445e-01
3.765801489353179932e-01
2.429137676954269409e-01
1.285594940185546875e+00
8.818973302841186523e-01
3.311367630958557129e-01
3.621668517589569092e-01
2.548129856586456299e-01
2.906535863876342773e-01
2.438396960496902466e-01
2.512016594409942627e-01
6.227190494537353516e-01
3.378485441207885742e-01
3.698000609874725342e-01
2.860846221446990967e-01
2.647540271282196045e-01
3.483414947986602783e-01
2.509056329727172852e-01
3.442836105823516846e-01
2.727744281291961670e-01
2.506479918956756592e-01
4.730949103832244873e-01
4.653728604316711426e-01
2.458722591400146484e-01
4.971050024032592773e-01
4.966936111450195312e-01
2.478264421224594116e-01
