3.008783161640167236e-01
3.059104681015014648e-01
2.419082969427108765e-01
3.778409063816070557e-01
1.747702360153198242e-01
2.613491117954254150e-01
2.855321764945983887e-01
2.697612345218658447e-01
3.089549839496612549e-01
3.042729496955871582e-01
2.499428838491439819e-01
2.557826340198516846e-01
2.837897837162017822e-01
4.727606177330017090e-01
2.948861122131347656e-01
2.430921494960784912e-01
3.413735926151275635e-01
3.201637268066406250e-01
2.825992703437805176e-01
2.534443736076354980e-01
2.909405827522277832e-01
1.151148438453674316e+00
2.502252161502838135e-01
2.470006644725799561e-01
7.032751441001892090e-01
2.518190741539001465e-01
3.059430420398712158e-01
2.645688354969024658e-01
2.296696454286575317e-01
4.401663243770599365e-01
1.370414733886718750e+00
1.342856168746948242e+00
3.057648539543151855e-01
2.492756098508834839e-01
2.477259486913681030e-01
2.642831206321716309e-01
2.979031205177307129e-01
2.587752938270568848e-01
4.472022354602813721e-01
2.435586452484130859e-01
3.984983861446380615e-01
5.273669958114624023e-01
2.393541634082794189e-01
2.342729568481445312e-01
3.578600585460662842e-01
9.788626432418823242e-01
9.915905594825744629e-01
3.490009903907775879e-01
4.348089993000030518e-01
2.926244437694549561e-01
2.683749794960021973e-01
2.792264819145202637e-01
3.090679645538330078e-01
2.804836630821228027e-01
3.555670380592346191e-01
2.468823641538619995e-01
3.362776041030883789e-01
2.559778988361358643e-01
2.947012186050415039e-01
3.165609240531921387e-01
2.798349559307098389e-01
2.834095954895019531e-01
3.595039844512939453e-01
2.488204389810562134e-01
2.794452607631683350e-01
4.174876809120178223e-01
4.336273372173309326e-01
3.023633658885955811e-01
2.764342725276947021e-01
3.241775631904602051e-01
2.862861752510070801e-01
3.609312474727630615e-01
9.387503266334533691e-01
2.810937464237213135e-01
3.610681593418121338e-01
2.272896170616149902e-01
2.785369455814361572e-01
2.464439421892166138e-01
3.026785254478454590e-01
3.061790764331817627e-01
4.663516581058502197e-01
2.843023836612701416e-01
3.592818379402160645e-01
2.490214258432388306e-01
3.778828084468841553e-01
2.651723027229309082e-01
2.506248950958251953e-01
4.828689098358154297e-01
2.559825181961059570e-01
2.918664515018463135e-01
2.496429979801177979e-01
2.500315606594085693e-01
3.272247314453125000e-01
2.609806954860687256e-01
2.939662635326385498e-01
3.031640052795410156e-01
2.838889956474304199e-01
3.592648506164550781e-01
2.443944066762924194e-01
3.679811358451843262e-01
2.807888984680175781e-01
2.808486521244049072e-01
4.105941355228424072e-01
2.808486521244049072e-01
4.105941355228424072e-01
2.951146662235260010e-01
2.747304439544677734e-01
2.789480984210968018e-01
2.773617804050445557e-01
2.840800285339355469e-01
3.627730607986450195e-01
3.161270916461944580e-01
1.752172410488128662e-01
3.754687011241912842e-01
2.824914157390594482e-01
3.971885144710540771e-01
3.021075725555419922e-01
2.543374896049499512e-01
2.793206274509429932e-01
6.173076033592224121e-01
5.522602796554565430e-01
2.864312827587127686e-01
3.584738671779632568e-01
2.368044406175613403e-01
2.704218327999114990e-01
4.393879771232604980e-01
5.789409875869750977e-01
3.651640415191650391e-01
5.113275647163391113e-01
2.421535551548004150e-01
4.483925700187683105e-01
4.547187387943267822e-01
4.572317302227020264e-01
3.973430097103118896e-01
4.177353978157043457e-01
4.280038475990295410e-01
2.832896709442138672e-01
2.774476408958435059e-01
3.239008486270904541e-01
3.493228852748870850e-01
2.851473987102508545e-01
3.384695649147033691e-01
1.090175032615661621e+00
2.384233176708221436e-01
9.750166535377502441e-01
3.199615776538848877e-01
3.673917353153228760e-01
3.354588150978088379e-01
2.789583504199981689e-01
2.645703554153442383e-01
2.546684741973876953e-01
1.081389188766479492e+00
3.392121791839599609e-01
9.935045242309570312e-01
4.018698036670684814e-01
1.745653897523880005e-01
9.252986311912536621e-01
3.025141060352325439e-01
3.344648182392120361e-01
3.034124672412872314e-01
3.444973528385162354e-01
3.245979845523834229e-01
3.060669302940368652e-01
2.741326093673706055e-01
3.579928278923034668e-01
2.850369513034820557e-01
3.961501717567443848e-01
4.319986402988433838e-01
4.474131166934967041e-01
2.520256340503692627e-01
2.730451226234436035e-01
2.745825350284576416e-01
4.920195043087005615e-01
5.099013447761535645e-01
4.895460903644561768e-01
1.103512048721313477e+00
8.352683186531066895e-01
2.453668862581253052e-01
2.885361909866333008e-01
3.553932607173919678e-01
3.828962445259094238e-01
2.514090240001678467e-01
8.129927515983581543e-01
8.257313370704650879e-01
3.197564184665679932e-01
3.608101904392242432e-01
2.539113163948059082e-01
2.879835665225982666e-01
2.474030852317810059e-01
2.479729205369949341e-01
1.063045620918273926e+00
3.711485266685485840e-01
3.432593643665313721e-01
2.965854704380035400e-01
2.925271987915039062e-01
3.223150670528411865e-01
2.655699551105499268e-01
3.241084218025207520e-01
2.952942550182342529e-01
3.667103946208953857e-01
3.779274821281433105e-01
4.107942879199981689e-01
2.491647154092788696e-01
4.961863458156585693e-01
4.981491565704345703e-01
2.496442049741744995e-01
