2.492170035839080811e-01
2.505558729171752930e-01
3.638964891433715820e-01
3.780396878719329834e-01
1.775043308734893799e-01
2.350164651870727539e-01
2.653007507324218750e-01
2.774658799171447754e-01
2.969055771827697754e-01
3.035342395305633545e-01
2.456052452325820923e-01
2.581346631050109863e-01
2.939748167991638184e-01
3.263342678546905518e-01
2.892112731933593750e-01
2.308006733655929565e-01
2.841041386127471924e-01
3.904034793376922607e-01
3.623476624488830566e-01
2.573030292987823486e-01
2.870088517665863037e-01
1.034348964691162109e+00
2.492745369672775269e-01
2.476305961608886719e-01
6.363657712936401367e-01
2.498733848333358765e-01
3.487189114093780518e-01
3.419551253318786621e-01
3.476294875144958496e-01
3.891721367835998535e-01
1.301592588424682617e+00
1.260553598403930664e+00
3.061062097549438477e-01
2.882564365863800049e-01
2.519400417804718018e-01
2.739861011505126953e-01
2.887683212757110596e-01
3.141445219516754150e-01
3.123617768287658691e-01
2.527281045913696289e-01
3.980597853660583496e-01
5.336257815361022949e-01
3.582006096839904785e-01
2.203283905982971191e-01
3.560826778411865234e-01
8.984887599945068359e-01
9.679539799690246582e-01
3.281856775283813477e-01
3.112447559833526611e-01
2.594904601573944092e-01
2.894007861614227295e-01
3.047479391098022461e-01
2.752610743045806885e-01
2.825351953506469727e-01
3.567673265933990479e-01
2.442712187767028809e-01
2.827499806880950928e-01
2.662491500377655029e-01
2.959068715572357178e-01
3.267347514629364014e-01
2.866104841232299805e-01
2.888762056827545166e-01
3.563341796398162842e-01
2.445056885480880737e-01
2.832236289978027344e-01
4.412186145782470703e-01
4.129992425441741943e-01
3.036062419414520264e-01
2.606466114521026611e-01
3.002533614635467529e-01
2.848830223083496094e-01
3.563110232353210449e-01
9.554030299186706543e-01
2.824509143829345703e-01
3.632449805736541748e-01
2.278467565774917603e-01
2.755110263824462891e-01
2.429436743259429932e-01
3.007748126983642578e-01
3.017866909503936768e-01
4.681390523910522461e-01
2.820580601692199707e-01
3.594855666160583496e-01
2.531140148639678955e-01
3.862800300121307373e-01
2.620687186717987061e-01
2.442549467086791992e-01
4.952890872955322266e-01
2.550700008869171143e-01
2.869481146335601807e-01
2.489187568426132202e-01
2.475040704011917114e-01
3.130902349948883057e-01
2.575733065605163574e-01
2.991190552711486816e-01
2.620714902877807617e-01
2.807034254074096680e-01
3.580914139747619629e-01
2.369868010282516479e-01
3.729469776153564453e-01
2.777201533317565918e-01
2.740708291530609131e-01
4.188022613525390625e-01
2.740708291530609131e-01
4.188022613525390625e-01
2.894332706928253174e-01
2.715182304382324219e-01
2.808673381805419922e-01
2.847844362258911133e-01
2.841285467147827148e-01
3.590752780437469482e-01
3.164636492729187012e-01
1.741161495447158813e-01
3.892176747322082520e-01
3.128299713134765625e-01
3.884456157684326172e-01
3.008557558059692383e-01
2.683323025703430176e-01
3.031685650348663330e-01
5.971158742904663086e-01
5.483366847038269043e-01
2.847890853881835938e-01
3.590269386768341064e-01
2.374825179576873779e-01
2.746143639087677002e-01
4.404931366443634033e-01
5.936045050621032715e-01
3.345619142055511475e-01
4.937412142753601074e-01
2.831753194332122803e-01
4.525493681430816650e-01
4.492754042148590088e-01
4.555799961090087891e-01
4.183622002601623535e-01
4.079312682151794434e-01
4.289421737194061279e-01
2.571084201335906982e-01
2.952354550361633301e-01
3.566330373287200928e-01
3.169187307357788086e-01
2.833918631076812744e-01
3.457840681076049805e-01
1.110069870948791504e+00
2.358127236366271973e-01
1.085648179054260254e+00
2.644934952259063721e-01
3.599109649658203125e-01
4.065561294555664062e-01
2.978713214397430420e-01
2.383106797933578491e-01
2.649180293083190918e-01
1.080356836318969727e+00
4.296887516975402832e-01
1.114039778709411621e+00
4.357011318206787109e-01
1.750719100236892700e-01
1.092444539070129395e+00
2.978062331676483154e-01
3.289013803005218506e-01
3.223724663257598877e-01
3.134421110153198242e-01
3.216046094894409180e-01
3.108840882778167725e-01
3.070408701896667480e-01
3.566438853740692139e-01
2.859605848789215088e-01
4.509584009647369385e-01
4.326904118061065674e-01
4.481837451457977295e-01
2.656118869781494141e-01
2.743810415267944336e-01
2.692545652389526367e-01
4.899383485317230225e-01
4.845850765705108643e-01
4.819326996803283691e-01
1.209655046463012695e+00
1.173607349395751953e+00
2.384373992681503296e-01
2.918170094490051270e-01
3.474030196666717529e-01
2.664136290550231934e-01
2.583824992179870605e-01
1.190403699874877930e+00
1.228714466094970703e+00
3.272285163402557373e-01
3.623858094215393066e-01
2.558146119117736816e-01
2.902041673660278320e-01
2.451434433460235596e-01
2.467801123857498169e-01
1.143562078475952148e+00
3.118417859077453613e-01
3.916195034980773926e-01
2.968668341636657715e-01
3.007886111736297607e-01
3.229912519454956055e-01
2.904011905193328857e-01
3.326022326946258545e-01
2.819167375564575195e-01
3.290012180805206299e-01
4.660640060901641846e-01
4.307690262794494629e-01
2.469856590032577515e-01
4.963275790214538574e-01
4.974783062934875488e-01
2.481373548507690430e-01
