2.813211977481842041e-01
3.070608973503112793e-01
2.400509864091873169e-01
3.715222179889678955e-01
1.748205423355102539e-01
3.153975009918212891e-01
2.974761128425598145e-01
2.743017077445983887e-01
3.296858668327331543e-01
3.039767742156982422e-01
2.501896321773529053e-01
2.543287277221679688e-01
2.713572978973388672e-01
3.069547712802886963e-01
2.952982485294342041e-01
2.338093966245651245e-01
3.343702852725982666e-01
3.321071565151214600e-01
2.960753142833709717e-01
2.557341158390045166e-01
2.879965007305145264e-01
1.138632774353027344e+00
2.490309029817581177e-01
2.482422143220901489e-01
7.292084693908691406e-01
2.919030487537384033e-01
2.799823284149169922e-01
3.104194104671478271e-01
3.569842278957366943e-01
3.456342816352844238e-01
1.141461610794067383e+00
1.112932801246643066e+00
3.102985322475433350e-01
2.736443281173706055e-01
2.547883391380310059e-01
2.899194061756134033e-01
2.849812805652618408e-01
2.614300549030303955e-01
3.370161056518554688e-01
2.511977553367614746e-01
4.021794795989990234e-01
5.609516501426696777e-01
3.563802242279052734e-01
2.252119481563568115e-01
3.612669408321380615e-01
8.963618278503417969e-01
9.530253410339355469e-01
3.339065015316009521e-01
3.330169916152954102e-01
3.019546568393707275e-01
2.501955032348632812e-01
3.085006177425384521e-01
3.594902455806732178e-01
2.890174388885498047e-01
3.546574413776397705e-01
2.547711431980133057e-01
3.595886826515197754e-01
2.555702924728393555e-01
2.996017932891845703e-01
3.052985370159149170e-01
2.628792524337768555e-01
2.863582074642181396e-01
3.563148975372314453e-01
2.467417418956756592e-01
2.706104516983032227e-01
4.440490901470184326e-01
4.263741970062255859e-01
3.014068007469177246e-01
2.755403816699981689e-01
3.131958544254302979e-01
2.878139913082122803e-01
3.592156171798706055e-01
8.997024297714233398e-01
2.800192534923553467e-01
3.602147400379180908e-01
2.303766012191772461e-01
2.736761569976806641e-01
2.415212243795394897e-01
3.022857904434204102e-01
4.314429163932800293e-01
2.946458756923675537e-01
2.826316058635711670e-01
3.605280518531799316e-01
2.601173818111419678e-01
2.770262360572814941e-01
3.992244601249694824e-01
2.442933320999145508e-01
4.870244264602661133e-01
2.556023597717285156e-01
2.892102003097534180e-01
2.486479729413986206e-01
2.472666501998901367e-01
5.708600282669067383e-01
2.577152848243713379e-01
2.971809506416320801e-01
2.677037417888641357e-01
2.826903760433197021e-01
3.582365810871124268e-01
2.424479126930236816e-01
3.728389441967010498e-01
2.759180665016174316e-01
2.751068472862243652e-01
4.176749885082244873e-01
2.751068472862243652e-01
4.176749885082244873e-01
2.922807335853576660e-01
2.649922966957092285e-01
2.886258959770202637e-01
3.100745379924774170e-01
2.858173251152038574e-01
3.613488674163818359e-01
3.320352435111999512e-01
1.749111115932464600e-01
3.874831497669219971e-01
3.091126978397369385e-01
3.572523593902587891e-01
3.015125691890716553e-01
2.670733928680419922e-01
2.839391231536865234e-01
6.184011101722717285e-01
6.017611026763916016e-01
2.820951342582702637e-01
3.587544858455657959e-01
2.391875237226486206e-01
2.772605121135711670e-01
4.326356351375579834e-01
5.823525786399841309e-01
3.549751937389373779e-01
5.103177428245544434e-01
2.568123638629913330e-01
4.490606188774108887e-01
4.535509943962097168e-01
4.525424838066101074e-01
4.060157835483551025e-01
4.158862233161926270e-01
4.160016477108001709e-01
2.562186419963836670e-01
2.992589175701141357e-01
3.679873049259185791e-01
3.206487596035003662e-01
2.852550745010375977e-01
3.469716310501098633e-01
1.081824541091918945e+00
2.384054511785507202e-01
1.084463715553283691e+00
2.662513256072998047e-01
3.592174351215362549e-01
4.122683405876159668e-01
2.963791489601135254e-01
2.325485497713088989e-01
2.635252773761749268e-01
1.098092555999755859e+00
4.369623959064483643e-01
1.072334766387939453e+00
4.481300413608551025e-01
1.741451025009155273e-01
1.061105489730834961e+00
2.960083782672882080e-01
3.239418566226959229e-01
3.294539153575897217e-01
3.255852460861206055e-01
3.124207854270935059e-01
3.088780641555786133e-01
3.130319714546203613e-01
3.563185334205627441e-01
3.016695976257324219e-01
4.416519105434417725e-01
4.372247755527496338e-01
4.405469894409179688e-01
2.677849233150482178e-01
2.672709226608276367e-01
2.652268707752227783e-01
4.892260730266571045e-01
4.889762103557586670e-01
4.896485805511474609e-01
1.123699903488159180e+00
1.078628301620483398e+00
2.459035217761993408e-01
2.880955040454864502e-01
3.560092151165008545e-01
3.735923171043395996e-01
2.526751756668090820e-01
1.042581081390380859e+00
1.059364080429077148e+00
3.290816545486450195e-01
3.578520417213439941e-01
2.555963397026062012e-01
2.887088954448699951e-01
2.483279854059219360e-01
2.474672645330429077e-01
1.209521770477294922e+00
3.232492208480834961e-01
3.800308108329772949e-01
2.966260910034179688e-01
3.323255777359008789e-01
2.817538082599639893e-01
2.655717730522155762e-01
2.926433682441711426e-01
3.253484368324279785e-01
3.686207532882690430e-01
4.253685474395751953e-01
3.796861767768859863e-01
2.488355338573455811e-01
4.965545535087585449e-01
4.965296387672424316e-01
2.485617399215698242e-01
