2.639963129371438733e-01
2.619331742266554630e-01
3.178943791817232523e-01
2.696337924248630169e-01
1.749041008003813791e-01
2.333169719720173119e-01
2.622867723187774502e-01
2.647934574192138402e-01
3.059098191268179168e-01
3.036385245253260257e-01
2.490523313912939574e-01
2.443027139030776174e-01
2.740317794507196592e-01
4.482665673603773437e-01
2.962219045928659034e-01
2.340551182019388055e-01
2.870406058654150772e-01
3.947354783150306967e-01
3.079573437725887652e-01
2.543539850706124650e-01
2.884887454932619222e-01
8.106609655961725114e-01
2.479795241230819125e-01
2.487709270768310166e-01
5.517849193817656595e-01
2.603036254277654171e-01
2.721466528880525093e-01
2.663026743636960347e-01
3.559786879918654945e-01
2.723006935669101680e-01
9.957897946502840547e-01
7.807501357506206885e-01
3.075331844970263240e-01
2.663861237932790837e-01
2.451474470048076448e-01
2.597307854245191616e-01
2.781935485760089199e-01
2.463965328161919766e-01
3.656236773777576388e-01
2.370664448186161621e-01
3.647566527903386424e-01
5.247930040146731034e-01
2.323829199459735151e-01
2.253516700758097235e-01
3.728301073884963124e-01
9.034276949423450942e-01
9.092671717183784530e-01
3.682570830018195296e-01
3.813805504032071747e-01
2.587608324466775800e-01
2.771286469681620290e-01
2.751461310879526612e-01
2.664955443933638146e-01
2.837470082309080377e-01
3.528875428030628925e-01
2.384719051537287360e-01
2.656651029802553077e-01
2.983556155192179649e-01
2.493730488530174483e-01
2.489740591589434948e-01
2.985535659913606255e-01
2.851833620109640588e-01
3.523946708844128972e-01
2.508412010933638303e-01
3.443252261130412828e-01
3.274444787669181789e-01
2.270930981284343397e-01
3.028778698758153864e-01
2.584002606324360962e-01
2.866623927536464667e-01
2.933093458385725993e-01
3.573702377854071077e-01
8.945144824260100602e-01
2.756898474993674242e-01
3.597775954745262017e-01
2.281648383872260655e-01
2.757172901387539010e-01
2.364586993262038916e-01
2.913222493035490523e-01
3.321604667346347850e-01
2.820055715408212316e-01
2.828196855518639863e-01
3.586298443458576513e-01
2.572089064585545981e-01
2.753532487079353719e-01
3.005749683148399298e-01
2.370178375365069035e-01
3.682730898425152777e-01
2.561542600668990088e-01
2.876976778309661142e-01
2.474817537055575833e-01
2.473232039534324078e-01
3.326564988102381770e-01
2.802467544056371218e-01
2.596535802100128354e-01
2.834337159618596780e-01
2.848118122441092859e-01
3.567533013336264269e-01
2.420933486385660749e-01
2.786354800849437097e-01
3.016968710492297090e-01
3.107012071080748616e-01
2.510605582563728566e-01
3.107012071080748616e-01
2.510605582563728566e-01
2.834388147465718433e-01
2.663639055177117188e-01
2.938443168374421655e-01
3.004878730612456361e-01
2.850450099866356779e-01
3.588007221286758086e-01
2.727398803992632237e-01
1.749045637176853962e-01
3.941692320678152894e-01
3.044331886014775002e-01
2.870619787037720916e-01
3.018053464601226366e-01
2.541070397270149828e-01
2.724358513150113015e-01
4.450264247189814615e-01
5.181925084138641058e-01
2.830539529389586861e-01
3.593525946415093708e-01
2.368436391454134815e-01
2.694038090663382623e-01
4.045148181096331341e-01
5.558101779020200306e-01
3.197855779424766953e-01
5.047915235027724545e-01
2.364624313748074080e-01
4.509762198067077676e-01
4.509716726668863140e-01
4.565388630086918420e-01
3.815581413830674284e-01
3.581399068945047004e-01
3.799031777008191613e-01
2.529271134769324747e-01
2.997059041007614777e-01
3.418748995053926265e-01
3.167560130329374890e-01
2.826732103134968477e-01
3.428700850692355528e-01
8.081270784095495596e-01
2.306430758016594362e-01
7.782011644578351595e-01
2.575731020547988859e-01
3.546120557475677670e-01
3.904351579463609667e-01
2.956567790949963803e-01
2.281564835509493072e-01
2.645162266080668956e-01
6.761499994070713226e-01
4.259938676919338696e-01
5.019120637773871740e-01
4.415863742123852242e-01
1.735458086177056325e-01
6.478622531497509884e-01
2.902798435545813072e-01
2.910245296460758913e-01
3.133058074156496731e-01
2.932661203379089421e-01
2.803239433267461500e-01
2.890030508399970000e-01
2.808931862312092353e-01
3.556919570172878409e-01
2.781062893232157385e-01
4.174479645365812841e-01
3.977133909144325297e-01
3.815286361112715796e-01
2.609357985142781722e-01
2.555321645592520396e-01
2.543189282996373701e-01
4.675005190534894939e-01
4.484175426651084151e-01
4.545230325886421840e-01
1.035979751974053675e+00
9.443971034429674560e-01
2.453538172534375228e-01
2.876590606009876150e-01
3.533798057122938818e-01
3.835384022851819341e-01
2.418078070676080438e-01
9.200286573483136277e-01
8.024974478134226930e-01
3.247450865857868241e-01
3.572236632809309698e-01
2.537774515415056054e-01
2.874145628911102257e-01
2.469825174034105120e-01
2.465833255176478334e-01
7.943718899236938968e-01
2.832105312428463417e-01
2.772869808984360640e-01
2.974454313638613123e-01
2.605763646369449460e-01
2.773138217304957354e-01
2.592049591513099771e-01
2.898212435182314639e-01
2.657995727357124194e-01
3.109053890339433801e-01
3.480150655354638523e-01
3.657019929288480298e-01
2.468855710060942066e-01
4.975802808701055846e-01
4.959733196930619092e-01
2.477003446443426515e-01
