2.438825867028960870e-01
2.472627447958612168e-01
3.575435575676285116e-01
3.695390124041706970e-01
1.810023685117882752e-01
2.223928523630741005e-01
3.793557132390426578e-01
2.582066217897180382e-01
2.723538918572288581e-01
3.024893972444126500e-01
2.490875121939639392e-01
3.099072933464643298e-01
2.428695032851581337e-01
4.819411606137996018e-01
3.010089999927024751e-01
2.417994077033080724e-01
3.165698476415635954e-01
3.781270715028743346e-01
3.365862838549826819e-01
2.572877576100824348e-01
2.888738246410854638e-01
6.691594172217977254e-01
2.458407090438849696e-01
2.497436967595544066e-01
6.378567869664252266e-01
2.995805986776290397e-01
2.434768140648561063e-01
3.116654869940286843e-01
3.589884182338619056e-01
3.317534372886560834e-01
1.451172979429824483e+00
1.506475276939128749e+00
2.594085252216511983e-01
3.031238224512659563e-01
3.013220672893620611e-01
3.639210218776567918e-01
2.409121560709990006e-01
2.375650201819792806e-01
3.850482768415712242e-01
2.430936756971878165e-01
3.979567716898455565e-01
5.124480473487353915e-01
2.504129780981381170e-01
2.130264363478141521e-01
4.073102403181912967e-01
4.859799681893841594e-01
3.753054524404524361e-01
4.034879268089429649e-01
4.188262967976287832e-01
2.998639688568738304e-01
2.516959872930032982e-01
2.407703086232324263e-01
3.101762424015008235e-01
2.853418583631843752e-01
3.531067267576463165e-01
2.349838531264865360e-01
3.606508418726215304e-01
3.004354355714982661e-01
2.452620127489480994e-01
2.404275795843203445e-01
3.086672684340237005e-01
2.681856747335807922e-01
3.502551593602397095e-01
2.482978453842433209e-01
3.585092890459961601e-01
3.250065131836624155e-01
2.328606550161312627e-01
3.025539726997306111e-01
2.936235061307133076e-01
3.773639184997295559e-01
2.942596963390446407e-01
3.660446613963089235e-01
8.668834870984816199e-01
2.858936243967023505e-01
3.571955548202193631e-01
2.275544788745266778e-01
2.935498814084949726e-01
3.022593063554259718e-01
2.510985160150976392e-01
4.816752994653696329e-01
2.525226880319766387e-01
2.755322649302435201e-01
3.642592496725056694e-01
2.429374919308205927e-01
2.944304642416758488e-01
4.126458967084483676e-01
3.613431918818596489e-01
4.506026653744442667e-01
2.531172758425248026e-01
2.878312747998491572e-01
2.580115137282266158e-01
2.442097462155732868e-01
7.092234662152172575e-01
3.054597373827557805e-01
2.481050507649297521e-01
3.200089836541701871e-01
2.897203184954055266e-01
3.499549193708179073e-01
2.479518459134248953e-01
2.969899035153213962e-01
3.630271913115593052e-01
3.749709140047808309e-01
2.644265199924739074e-01
3.749709140047808309e-01
2.644265199924739074e-01
2.892070405594782678e-01
2.444152789077276566e-01
3.441383304481128169e-01
3.844858518862136476e-01
3.022455415636232101e-01
3.578645586350867602e-01
3.691771531568621700e-01
1.805211134333148948e-01
4.121426744135773257e-01
3.595817006389063764e-01
2.567137709991353933e-01
3.008377876599285794e-01
3.307774727954391758e-01
3.840105938029035881e-01
6.945184758358180499e-01
6.807332927143590062e-01
2.979810663835572582e-01
3.621885794267281633e-01
2.817341694803992547e-01
2.391337842243616008e-01
3.773461278400130348e-01
5.177711510285876173e-01
2.772728776385969263e-01
4.116464796563544803e-01
4.235424051611363372e-01
5.020482019704157750e-01
4.463337753195130708e-01
4.685749775438095566e-01
4.576420636484165305e-01
3.610808282817329351e-01
4.720251052721796681e-01
2.918134914402495950e-01
2.662162967078400833e-01
2.357124001754626330e-01
2.608618452043178215e-01
2.850452316233756944e-01
2.655627155420384189e-01
5.471991621531043792e-01
2.309703721189807213e-01
7.070153961711143076e-01
3.407421092486017655e-01
3.236573599782565092e-01
2.369924126699881894e-01
2.955580818030403845e-01
2.427844647641177744e-01
3.072991262650416333e-01
6.358500789138845644e-01
3.578804267058668387e-01
4.772251678302093514e-01
2.883487392789165216e-01
1.735286370239439158e-01
9.481087226968910597e-01
2.420355766606105130e-01
3.025617421894102321e-01
3.595169855643735035e-01
2.316717543633442511e-01
4.245140640830944445e-01
3.791776385203560196e-01
3.787734459298727208e-01
3.331947726463013182e-01
4.346513460453402811e-01
4.852814363501954942e-01
5.792756454439929037e-01
5.247777307519515544e-01
2.362958625176473093e-01
2.940546776841531651e-01
2.269414234716822243e-01
5.023774238345672938e-01
3.672549472671625681e-01
3.770577287928044141e-01
1.647377189886688242e+00
1.310720885267708802e+00
2.564338036616986005e-01
2.931388008140657919e-01
3.196372266665867823e-01
2.863476022091061002e-01
3.597575113643275424e-01
9.038712576813356936e-01
1.041196263265021571e+00
3.903353895802911255e-01
2.719279866717983496e-01
2.464535637698654080e-01
2.926762630947913890e-01
2.386510936319453657e-01
2.546141281832010050e-01
1.298830788933075686e+00
4.679315164146612971e-01
2.343411705291408853e-01
2.922252345690520281e-01
2.516951726894749441e-01
3.643902272512561380e-01
2.283670288197071629e-01
2.724086032143590574e-01
3.280620003044207311e-01
3.578087112938811432e-01
4.232268393332454526e-01
3.155571714011261575e-01
2.455367081079068703e-01
4.975752615827235270e-01
4.941252490649776230e-01
2.442669141536387978e-01
