2.631678320006394234e-01
2.699073167022448261e-01
2.280191295389185635e-01
4.010521595918724036e-01
1.754208353596245495e-01
3.075092223837913585e-01
3.041390227982893046e-01
2.569896869119657756e-01
2.945163926500171114e-01
3.065299778562676214e-01
2.436488789786040998e-01
2.606925519500115085e-01
2.599529609502719829e-01
4.573364881217021338e-01
2.824977207735858142e-01
2.245816276081326335e-01
3.620954902020392940e-01
3.004900692726298894e-01
2.764153525746592677e-01
2.548407175125940727e-01
2.814998646966736517e-01
1.144505834509504272e+00
2.481043086519594543e-01
2.497190272308595638e-01
6.119484186899737388e-01
2.925454363741973318e-01
2.559015464177659682e-01
3.176940887895054466e-01
3.537326136879000993e-01
3.031862497709446602e-01
8.643754542986810119e-01
8.256667547052437550e-01
2.526707058984468679e-01
2.474020351350622038e-01
2.483739667048024402e-01
2.561723509409338240e-01
2.953383409176361107e-01
2.419975875058101022e-01
2.584420535824565879e-01
2.436705734039093796e-01
3.905777529550727989e-01
5.207494934577505674e-01
2.530192539901273130e-01
2.302088592524383082e-01
3.619621845517858039e-01
7.820601738334913566e-01
9.061530823793597644e-01
3.187906662396527979e-01
3.178347813868190874e-01
2.934719359095713798e-01
2.520897615255272561e-01
2.818489060279969483e-01
3.042554194676644341e-01
2.949018639183496604e-01
2.293437980630372020e-01
2.628293580876270852e-01
3.684270507593977451e-01
2.573691839876613430e-01
2.647412207073714940e-01
2.686073877608827210e-01
2.677425798986300953e-01
2.678087237120806985e-01
3.619229923677543259e-01
2.498770268282388685e-01
2.898285148645368681e-01
3.557342751612372345e-01
2.212093736793414589e-01
2.734230614247216140e-01
3.180681669372790732e-01
3.541574868681522381e-01
2.886617277452782071e-01
3.591084106907466156e-01
6.420642610966201813e-01
2.815667198871552035e-01
3.527360372936046429e-01
2.317485248063630154e-01
2.784162769480683086e-01
2.400474288172092241e-01
3.015931775445380714e-01
4.381404483641458403e-01
2.414555255123307376e-01
2.859934102836496628e-01
3.561116458204241497e-01
2.325418377160184957e-01
2.572261782639961303e-01
4.207645658148082557e-01
2.475450687938134386e-01
4.980654276336888842e-01
2.564594466605352729e-01
2.933547501187060980e-01
2.454630645581151738e-01
2.470181332193418788e-01
6.856505971556287049e-01
2.439923953594399231e-01
3.024977415807089121e-01
2.739252544077067086e-01
2.815380886751316925e-01
3.587302946337742604e-01
2.396108426797897151e-01
3.905693564020416564e-01
2.380746274117444550e-01
2.567382841740256660e-01
4.425668453803182079e-01
2.567382841740256660e-01
4.425668453803182079e-01
2.811697491388408521e-01
2.737284832554396363e-01
2.979028208866398297e-01
2.751369765501303077e-01
2.810659298280714924e-01
3.604328110039168864e-01
2.981424792736847573e-01
1.747993422867306912e-01
3.856611108501439844e-01
2.955832805464482238e-01
2.749448556934450116e-01
3.042299547185815523e-01
2.674800785987438978e-01
3.162716460430829435e-01
5.953585144293910281e-01
4.704526689812947859e-01
2.928018114718636822e-01
3.624561273619090196e-01
2.465539728100183681e-01
2.683772508306187521e-01
4.771014511856823126e-01
5.956021083972106167e-01
3.047737944577399438e-01
4.813584518899387543e-01
2.716788739361583049e-01
4.688080019788704589e-01
4.409675778104740207e-01
4.617458235136576161e-01
4.509320220266913593e-01
3.520248077508659756e-01
4.092927019774117436e-01
3.048946422933944134e-01
2.505315830098035490e-01
2.545015770213303608e-01
3.141828291635057058e-01
2.930879161599127536e-01
2.368477760118725128e-01
1.006235389372778677e+00
2.372625049121261098e-01
1.139561203167992698e+00
3.602009059634479482e-01
3.116260028814482053e-01
2.570373253355704435e-01
2.619405393077263167e-01
2.534398746162742078e-01
3.051118237457899340e-01
1.085228776270841911e+00
2.807719484811859179e-01
1.031499681630151599e+00
2.733201549567131905e-01
1.728912746328009897e-01
1.341229508807259663e+00
2.403762546774569353e-01
3.091469611883251312e-01
2.816440967912625659e-01
2.712467375608026421e-01
4.055601336513688371e-01
3.867429667833576779e-01
3.984293095744448898e-01
3.485162502405600993e-01
4.059179610813908323e-01
5.026407551731278955e-01
5.233925439216737807e-01
5.143699613729176834e-01
2.660025457726727383e-01
2.618561448453344265e-01
2.444134098657319565e-01
3.883138101249674068e-01
3.124954950861684733e-01
3.209302458644570089e-01
1.246062138389399943e+00
1.490534002449394713e+00
2.324954054067975839e-01
2.873767518991422465e-01
3.452939484915311108e-01
2.690450298827508635e-01
3.555822868786376878e-01
1.547654470760297052e+00
1.662239361315438035e+00
3.836940952476833866e-01
2.682677387672672276e-01
2.529279586085979581e-01
2.891715924790519976e-01
2.492586101957346978e-01
2.537633546020622854e-01
1.003527829153530115e+00
3.433013883245673581e-01
3.019462492336916215e-01
2.835167417312587923e-01
3.694363367979833224e-01
2.428249635082950775e-01
2.141128705915499031e-01
2.492740036221472999e-01
3.621710267791487525e-01
2.665785156102942755e-01
4.883679577388352344e-01
3.572950974003264446e-01
2.523711321441141631e-01
4.967887339909025091e-01
4.956326521161149579e-01
2.536067958523232635e-01
