2.495347229569510605e-01
2.906889122928333347e-01
2.440989021800168413e-01
2.593877861554406139e-01
1.722856165778333948e-01
3.595259182903384199e-01
2.657364941609365316e-01
2.676873504453506358e-01
3.236062577043656852e-01
2.865318084372386886e-01
2.491648055315089094e-01
2.438718943303447850e-01
2.554407739022283019e-01
4.431283539757285839e-01
2.912411244214886952e-01
2.261686675217872422e-01
2.977423021032398753e-01
3.164089482334536685e-01
2.737247066835823417e-01
2.542436114912791090e-01
2.871488309733693511e-01
4.614943064393399186e-01
2.485932799184590591e-01
2.472619456352067868e-01
4.988260963479902999e-01
2.655706790940444151e-01
2.691183917479127441e-01
2.663764070229300840e-01
3.530249056217388270e-01
2.698874492624333543e-01
7.726311206744533866e-01
5.810865728584968526e-01
2.758713247736630514e-01
2.579130033187330140e-01
2.555563606348930650e-01
2.704645051331445171e-01
2.659927775024343855e-01
2.457863324751176914e-01
4.075064802807873421e-01
2.388575871069618384e-01
3.415887935238449691e-01
5.206529035222465795e-01
2.296851598691572460e-01
2.214931723621346715e-01
3.526906645978546417e-01
7.446898133988445467e-01
5.710822587965521668e-01
3.740925525088057424e-01
3.558781293006839652e-01
2.760317942797302915e-01
2.547036242250237392e-01
2.614002174405192225e-01
2.908171836126877685e-01
2.836108818623969130e-01
3.529884924212450259e-01
2.453369178916499915e-01
2.966900691138462109e-01
3.012985422328508522e-01
2.506748936339923683e-01
2.463701632674213104e-01
2.950768521116048926e-01
2.837796589818272763e-01
3.532963717779314949e-01
2.486748963363963616e-01
3.520820895259240690e-01
3.262044926712350801e-01
2.386358189432138954e-01
3.012791606511518450e-01
2.563173454794859807e-01
2.984316670328396870e-01
2.927270750772353325e-01
3.562057459920826563e-01
7.514704647604608656e-01
2.762552909808050350e-01
3.615803217210400433e-01
2.287702435713266924e-01
2.702839719096523652e-01
3.025104166851180776e-01
2.461628963899040734e-01
2.403337853298151416e-01
5.273017668490187493e-01
2.792620301044435038e-01
3.589322202774939408e-01
2.504778507312793723e-01
3.230876488427631976e-01
3.450446227057517579e-01
3.564106423716827399e-01
3.236216267662999080e-01
2.554055301294508307e-01
2.840170225712376761e-01
2.501215370824426132e-01
2.468196915896256893e-01
6.579648106113088479e-01
2.680596682520751117e-01
2.646933075043239048e-01
2.848292026501132446e-01
2.865335890315782175e-01
3.592334668380059992e-01
2.468279757282649811e-01
2.958657342665842460e-01
2.794283198399981627e-01
2.854915992529992730e-01
2.594466446956324446e-01
2.854915992529992730e-01
2.594466446956324446e-01
2.935981489675227318e-01
2.561805280988356248e-01
3.033114517423659007e-01
3.161863126444949268e-01
2.838134811875568375e-01
3.595236767607564166e-01
3.058946602418319838e-01
1.757686475264235992e-01
4.000156691786465601e-01
3.178926503300553152e-01
2.537627112341829250e-01
3.015053831965425757e-01
2.561059533051520676e-01
2.713091272380316887e-01
5.025824911960404817e-01
5.673981371195905288e-01
2.817685336102105365e-01
3.581002224960396219e-01
2.350635517362792692e-01
2.717850973350701693e-01
4.086765309043912664e-01
5.722623371010195914e-01
3.640150865198665819e-01
5.195901441736149318e-01
2.279696267040459412e-01
4.477289027185735182e-01
4.476425857175650447e-01
4.559296550967388284e-01
3.651444868323641679e-01
3.777630350886819754e-01
4.256159944028846120e-01
2.508924006625267711e-01
3.018709240659037119e-01
3.776602629356615171e-01
3.007774657470021484e-01
2.815163751652838275e-01
3.456957993832389109e-01
1.065755508957904718e+00
2.310939062349447182e-01
1.072823797850486871e+00
2.520803092319307548e-01
3.566536213354580820e-01
4.193282653498560664e-01
2.903105232704357164e-01
2.262364381583030770e-01
2.613618273984369411e-01
1.220015899527351566e+00
4.501047940606817677e-01
1.298304757900489159e+00
4.512432268263708024e-01
1.752512313596968074e-01
1.222780311709546375e+00
2.969515876452258896e-01
2.854968067731116776e-01
3.243489478872240706e-01
2.922277607888618678e-01
2.861293428742516243e-01
2.896085262619706446e-01
2.736543475394699887e-01
3.535544095523043273e-01
2.691496374066325026e-01
4.110328156805633237e-01
3.987785019915870977e-01
3.838911413036689146e-01
2.590152274595288739e-01
2.549070418120292780e-01
2.673548444835355253e-01
4.674463741230132086e-01
4.823031630701548611e-01
4.851164108413999476e-01
1.056628002012329315e+00
1.051161840060501396e+00
2.424438300923686673e-01
2.903751636284638837e-01
3.542541022878494261e-01
3.817852886717805760e-01
2.496908964248974738e-01
9.155012130691049244e-01
8.748109846559393166e-01
3.120601369077981024e-01
3.604741917672021345e-01
2.553726507781706734e-01
2.870724173210530972e-01
2.458745630144845429e-01
2.468655988936866996e-01
6.956150550120984155e-01
3.301815750261543059e-01
2.773666226778625510e-01
2.951590158467586877e-01
3.047609837124262144e-01
2.610496743133214337e-01
2.905280093282387455e-01
2.511136374543745386e-01
2.914797942123057983e-01
2.571108030200030536e-01
4.745592863310538201e-01
4.869844027722156632e-01
2.470518113774168578e-01
4.959090857462080115e-01
4.963809735951705271e-01
2.488600013714583337e-01
