2.469787188317947579e-01
2.449900692476211506e-01
3.636127110350553249e-01
3.738733394267221288e-01
1.738195674104711652e-01
2.250015563595659795e-01
2.509004593137828532e-01
2.768901348138886331e-01
3.014545642031195016e-01
3.046466583735837341e-01
2.520627611299429138e-01
2.501650378900734384e-01
3.036805374569341298e-01
2.504381894961070776e-01
2.907589391739270335e-01
2.253333147129883141e-01
2.536348544621497836e-01
4.282108615267730678e-01
3.585999077081897801e-01
2.561188771787359375e-01
2.842380542551594669e-01
7.686089338896362477e-01
2.480833385285669823e-01
2.479178232324548981e-01
6.231976555062747058e-01
2.515178013927839018e-01
2.933668491871062600e-01
2.472297602763342261e-01
3.572792373041749348e-01
2.596529938043312113e-01
7.564473675250180662e-01
5.068423513787979617e-01
2.896764068346192045e-01
2.867927635924711338e-01
2.432997216223698189e-01
2.469215977911695115e-01
3.007084094974789568e-01
2.457054842255742555e-01
4.524583186326755491e-01
2.379249044301920968e-01
3.992342370464747603e-01
5.282056984989632609e-01
2.370813629223332830e-01
2.360984369324350129e-01
3.927138143945961279e-01
1.017106253575972286e+00
1.160552296401492711e+00
3.604306792688857786e-01
4.500573050614515846e-01
3.062552339784345712e-01
2.457109957396248212e-01
2.555933675236515268e-01
3.047438373820099966e-01
2.875709908841938556e-01
3.570761195236593633e-01
2.516949040079028976e-01
3.623110499589463074e-01
2.660368184521066381e-01
2.792846536531574664e-01
2.651651961038062333e-01
2.598754633983063611e-01
2.783796149968880695e-01
3.543799653929097238e-01
2.402803335583022504e-01
2.804519160288951873e-01
3.990922775972760017e-01
2.834076001733031314e-01
3.022741871107413325e-01
2.484959214221720003e-01
2.783232317365185171e-01
2.903130800623230368e-01
3.585186771030884345e-01
1.076018785205764328e+00
2.746664648484974935e-01
3.606950512680752174e-01
2.242328936922222127e-01
2.686006136701987179e-01
3.010430169030657854e-01
2.402949523244400920e-01
2.516194930010295927e-01
5.251274091001923994e-01
2.819550374570503060e-01
3.501897317048638936e-01
2.631470328701665529e-01
3.156175360442570743e-01
3.429579649804751496e-01
3.635979755071818698e-01
3.367448797843621278e-01
2.536155806708555449e-01
2.899115721692012149e-01
2.494658435384817796e-01
2.464186390957430195e-01
6.248853332160213547e-01
2.657502270437560044e-01
2.797973140561042515e-01
3.046036379080233059e-01
2.912459249156403307e-01
3.603681591042846022e-01
2.538806413362696413e-01
2.934315840965998623e-01
2.690936917155117292e-01
2.691596135807489132e-01
2.770458928135510202e-01
2.691596135807489132e-01
2.770458928135510202e-01
2.878364387647545652e-01
2.495473054005617475e-01
2.897677849931097893e-01
3.677735178630460733e-01
2.832339249116979651e-01
3.588692044096133404e-01
3.597192466806068412e-01
1.743964233023884702e-01
3.912974147410510084e-01
2.959538964325269528e-01
2.401077521771837198e-01
2.479776529397706430e-01
3.163645040916323592e-01
2.339333329693902008e-01
6.434093732424868151e-01
6.504889912138670516e-01
2.806056954867753306e-01
3.495421372074381527e-01
2.357739765602271109e-01
4.076140485700283644e-01
4.877606748420081351e-01
5.830869269859877413e-01
4.632758970206824478e-01
4.584675703536941760e-01
4.377282251754201492e-01
3.134457409434400210e-01
2.616330598816850594e-01
2.794115027986511235e-01
3.124891623137618923e-01
2.624021629452950588e-01
3.017025211860662748e-01
3.030967264034155062e-01
2.453632403697531272e-01
2.783696795230021781e-01
3.481930216916371834e-01
2.874877937042520926e-01
3.399264593120132627e-01
1.042348468928457672e+00
2.514191695297732787e-01
1.155820564082469692e+00
3.632891577916662063e-01
3.230684981332491157e-01
2.935355035895154119e-01
2.714533443390553247e-01
2.536495140755639088e-01
2.810474004699186068e-01
1.057337522555396037e+00
2.384187044546971779e-01
1.027040885077591836e+00
2.992162858846522666e-01
1.722340775736270202e-01
9.434220288164525403e-01
3.032089443319522237e-01
3.157550233570830533e-01
2.537388053789620401e-01
2.907742938374556219e-01
2.964775377541856161e-01
3.194243026828619825e-01
3.033608312976272536e-01
3.610904845726533585e-01
2.468115436433624688e-01
3.893024118035429137e-01
4.138855506907018755e-01
4.639954019047619060e-01
2.625630837347093238e-01
2.486663396812718863e-01
2.557107588809777732e-01
4.566646903386881173e-01
4.418422170022916484e-01
4.701272588978880895e-01
1.212468320596943316e+00
9.796241066631531380e-01
2.644534888706175924e-01
2.974958553699089681e-01
2.091282522875081984e-01
3.183239873502833328e-01
2.670413369965043415e-01
5.458256971080740483e-01
4.670764384113089140e-01
3.062545545156795113e-01
2.734944289231592829e-01
2.537470080373590009e-01
2.843622985489377419e-01
2.477268659366161363e-01
2.441322541267492985e-01
1.045425332305025101e+00
4.321628174402423195e-01
2.898195935259781364e-01
2.802018126425425137e-01
2.436281737793203062e-01
3.142239841296551872e-01
2.828278112597841787e-01
3.057330310655079764e-01
2.534528592162783589e-01
2.892687543931328209e-01
2.965350524656903963e-01
2.731024497687182806e-01
2.451714807162586052e-01
4.964858303782525017e-01
4.961234663539553780e-01
2.528165164693187417e-01
