2.475460818964054788e-01
2.647318019798571842e-01
3.688401643430289645e-01
3.231841421982498130e-01
1.722952698621016132e-01
2.572010320411686202e-01
3.110187365434968210e-01
2.554343542343404105e-01
3.161840169816159118e-01
2.950978966532489811e-01
2.470249181493570645e-01
2.465952488471473414e-01
2.529661043782769347e-01
3.217754644153038024e-01
2.859206117069988395e-01
2.236288283218298700e-01
3.125519491096105384e-01
2.750923175365436180e-01
3.151756046332542249e-01
2.520586486849937802e-01
2.909977508139403590e-01
7.928246562151405330e-01
2.506257935081854238e-01
2.432884186513575575e-01
6.116023595216333320e-01
3.089106750983821037e-01
2.814947120553242810e-01
3.512171970795601172e-01
2.259954542559531043e-01
2.807565947938116535e-01
7.740075220580815429e-01
5.479129437087667531e-01
2.876071090082394366e-01
2.769003986647389781e-01
2.409690935282207125e-01
2.794863334810760436e-01
2.820774502635691183e-01
2.621561635672058910e-01
2.859702524692672165e-01
2.523350881521475020e-01
4.017637633376918704e-01
5.401804637670205578e-01
3.607827701230920669e-01
2.217331498737832585e-01
3.572190513881242646e-01
1.026362420651004692e+00
1.131876359457843373e+00
3.166764042760338849e-01
3.282127866681895934e-01
3.034120809413288211e-01
2.437767023995536519e-01
2.520402106293272437e-01
3.106024399157328864e-01
2.787092821643515350e-01
3.504821527386904334e-01
2.444080797903871727e-01
3.487254293119458892e-01
3.020852601701788931e-01
2.353345313252556970e-01
2.677696707496441397e-01
3.323185879444363056e-01
2.911623310218131033e-01
3.442847404168618564e-01
2.655864516724525393e-01
3.673229374760532129e-01
2.902101643376864271e-01
2.493025404400618372e-01
3.035488790056375397e-01
2.862511373254108538e-01
3.291971369867457420e-01
2.873880798078460863e-01
3.605881514747079630e-01
9.719141129337378615e-01
2.823046872300054022e-01
3.552221395462208942e-01
2.258363572444297696e-01
2.800368385693942641e-01
2.430436142175922964e-01
2.989909894019180947e-01
4.461267284953171486e-01
2.604726297599878615e-01
2.834649773207140733e-01
3.593420695087550243e-01
2.519441260454760578e-01
2.596233206363726120e-01
4.252949182104746040e-01
2.434430268773880579e-01
5.023003337685466585e-01
2.561881174244055037e-01
2.805018558885816193e-01
2.520971764319067665e-01
2.507764211202404003e-01
6.981248214303844568e-01
2.525898633789547820e-01
3.038873072327154534e-01
2.521309779070909918e-01
2.820683939955104802e-01
3.511676691067737166e-01
2.370671705550337904e-01
3.795112091274008836e-01
2.572182328183917899e-01
2.566113795497957373e-01
4.359195081085948109e-01
2.566113795497957373e-01
4.359195081085948109e-01
2.841636304324949847e-01
2.605035382159019419e-01
2.543464945109658037e-01
2.937316762293573080e-01
2.855079604462417153e-01
3.618397665689099263e-01
3.275859552951779219e-01
1.745676142606682191e-01
3.783668004714046962e-01
2.676059798261488654e-01
3.701936633326671777e-01
2.997321031119749568e-01
2.476652257593247031e-01
2.655395755461198992e-01
5.359923969997921755e-01
6.397904979122134295e-01
2.849415507355602117e-01
3.526009088318725615e-01
2.350194705234070758e-01
2.633857458301536725e-01
4.581160982801926185e-01
5.619468879193008082e-01
3.660978189722436937e-01
5.026106650310370183e-01
2.286846073751836739e-01
4.651568315685325472e-01
4.349270877679361491e-01
4.561931410780946661e-01
4.343522750522423870e-01
3.126575066732427688e-01
4.173207165347694314e-01
2.889031924406558205e-01
2.568893137918859537e-01
2.572737109400942690e-01
3.569669963049088568e-01
2.849650899158943651e-01
3.176807776597184163e-01
9.675152540585093552e-01
2.349443008457752502e-01
1.007265720379233009e+00
3.113352967992400466e-01
3.478833133704323233e-01
2.603399050283279337e-01
2.820410360741930078e-01
2.672508687703526453e-01
2.554836345545213883e-01
1.078558252444580479e+00
2.794745066649683696e-01
1.035845323514199334e+00
3.305877967735742495e-01
1.743294209402804773e-01
1.120279932631465414e+00
2.998786942489773399e-01
2.791856126694615137e-01
3.693726189849044217e-01
3.194342364192989669e-01
2.743524218681126503e-01
3.285336696102254539e-01
2.537056000171215020e-01
3.554416012328303065e-01
2.793113447607344924e-01
4.663925157345769068e-01
4.160092149511363524e-01
3.796700057255879002e-01
2.520982081266386898e-01
2.485787985108166287e-01
2.825137180619853861e-01
4.662012822057091666e-01
5.067451129561960643e-01
5.026867683285597410e-01
1.233124733508331961e+00
1.215717507805636144e+00
2.396784777305994152e-01
2.987715970656732445e-01
3.513582465641795216e-01
3.761475918364433624e-01
3.152030017239071391e-01
1.201272454923790312e+00
1.385437161962850716e+00
2.650892345487215196e-01
3.102526296682051599e-01
2.569277053400413346e-01
2.895498764662026714e-01
2.474130729875692047e-01
2.468409008284670469e-01
9.541683351551942804e-01
3.365117091985991293e-01
2.656877535991808426e-01
2.904801698462952664e-01
3.026991174470269330e-01
2.608089183238259667e-01
2.670489007118884706e-01
2.425440356792519514e-01
3.213899346582371197e-01
2.472249873765943462e-01
4.716494037582553145e-01
4.785953494751031823e-01
2.491960598635883650e-01
4.964454091151705994e-01
4.982466578130818613e-01
2.520604337421630259e-01
