2.743536907155877391e-01
2.783851518611050735e-01
2.425126891512243976e-01
3.938405312287523441e-01
1.677130693005303985e-01
2.793136563041780929e-01
2.437060555374945814e-01
2.660625957236606443e-01
2.930656640875582974e-01
3.050204744972601079e-01
2.547390012319005748e-01
2.499976520562657567e-01
3.075165616914163902e-01
4.610407131290066851e-01
2.884996577558583963e-01
2.399731795327085526e-01
2.954989095336720828e-01
3.000809243756888955e-01
2.726155535667286745e-01
2.553251146346961487e-01
2.911773859633609018e-01
1.025222330803552628e+00
2.444053316161787504e-01
2.453089078441122728e-01
4.594993536816162072e-01
2.617145560326611387e-01
2.909712273823551465e-01
3.571173211078823573e-01
2.296377128172869542e-01
3.550724195879128020e-01
8.715875265996887444e-01
1.025057853584382617e+00
2.921458292539288459e-01
2.315075756119795158e-01
2.445846975476760332e-01
2.685717382902569339e-01
2.745156226729627003e-01
2.911625471749954563e-01
2.409657789108121118e-01
3.041841619502001492e-01
3.141912265429862017e-01
5.050846604945937734e-01
2.195035166272499561e-01
2.109918578039013115e-01
2.623125060896873695e-01
6.139347314609613360e-01
5.021355008199781533e-01
2.966969798260875035e-01
5.137015766111449055e-01
3.000390842738801522e-01
2.487358669035149850e-01
2.420484042940407587e-01
3.098392737321148394e-01
2.955688540413435317e-01
2.413224576505801910e-01
2.538475820721668996e-01
3.713245470410017623e-01
2.732342608524487848e-01
2.702891279635233901e-01
2.830043798931009547e-01
2.543550085613239808e-01
2.946563607783356797e-01
2.192222888828461169e-01
2.642175811021249543e-01
2.918735038453747488e-01
3.773653589476343440e-01
2.428747208803282431e-01
2.621998401962176151e-01
3.329500373798027768e-01
3.682518606101519709e-01
2.960958407961921113e-01
2.489545248458907289e-01
7.657929623148012066e-01
2.519732867127150167e-01
3.003340661223118380e-01
2.847045124413637440e-01
2.138337134935559269e-01
2.344802339340220088e-01
2.436084197789047667e-01
4.488024018496022394e-01
4.299554400340953597e-01
2.949778070352180315e-01
3.579330634537499778e-01
3.659326335812755904e-01
2.730105511842804700e-01
4.027930018046816385e-01
2.791455082041695013e-01
2.492513264320283806e-01
2.577540169735081932e-01
2.869946227289945084e-01
2.445934139398544260e-01
2.554478919322610286e-01
3.688577457423523609e-01
3.030818938473345270e-01
2.505454726211242544e-01
2.967804644666133251e-01
2.900932108358568184e-01
2.393076057780006982e-01
2.239021723402925546e-01
3.857700729841652132e-01
3.474708703260607212e-01
2.685032672561277201e-01
2.444477002741804461e-01
2.685032672561277201e-01
2.444477002741804461e-01
2.521157875220419453e-01
2.396053891954905424e-01
2.513037387245739551e-01
3.102750193891415376e-01
2.976431873296709330e-01
2.245064984446583367e-01
3.743381593557688070e-01
1.774361385579898143e-01
4.102648211861054661e-01
3.691884091931086354e-01
4.128136086528349513e-01
2.604295701522371109e-01
3.526352465352644017e-01
3.774545181743050315e-01
6.885324887174901765e-01
6.559383479207129275e-01
2.994700676763438763e-01
2.420382630920632494e-01
3.026526365540843644e-01
2.691532330185155142e-01
4.986318673055210593e-01
4.417020489207907907e-01
2.727804634249721416e-01
4.959096474607785354e-01
3.359585400717420289e-01
3.757216869896148337e-01
4.517955553666890278e-01
4.349713598184389851e-01
4.246480583468472125e-01
3.058806907262105468e-01
2.580374402634975639e-01
2.540792769009587726e-01
2.770195218680757132e-01
2.710241457768548523e-01
2.736299289075739272e-01
2.964460408352364573e-01
2.156850461160358390e-01
7.509477530641130993e-01
2.950254628879512842e-01
7.251034109481174772e-01
2.893545108561819679e-01
3.228803486416939039e-01
2.772497259696879990e-01
2.817471588558835283e-01
2.449884749072621937e-01
2.766853569301477855e-01
6.315360418011408683e-01
4.358887106406811873e-01
5.815911638054106492e-01
3.776135769521994923e-01
1.748815139962349718e-01
1.063736736358604995e+00
2.348483363140403957e-01
3.765853011461201549e-01
2.527678402355101883e-01
3.366420413241691389e-01
3.792714633366098820e-01
3.885432383039960635e-01
3.916032156921805951e-01
2.380382249485028801e-01
2.448067264711285829e-01
4.771583844656756002e-01
4.164282997411132281e-01
5.035983745740252315e-01
2.718757844155334502e-01
2.496837715918646394e-01
2.665768401588364811e-01
4.035777291183926252e-01
3.962510072424907936e-01
4.645682743057824582e-01
2.619719579442769675e-01
5.320792749513106878e-01
2.476471038503055555e-01
2.992795678129828163e-01
3.491923182101182577e-01
3.717593780135496351e-01
3.646342381408859690e-01
7.096466172333546485e-01
8.605122421606834493e-01
2.594640052872360103e-01
2.617208258443372015e-01
2.577395962174621746e-01
2.820813692787548788e-01
2.483960791834214366e-01
2.567449789504183677e-01
1.155382229760636426e+00
2.828539509787469930e-01
4.190995710270895569e-01
2.899263944905410839e-01
2.672965921708552184e-01
3.466569914952229992e-01
2.724032431636133622e-01
3.804387013867641110e-01
2.287567984588616543e-01
2.643631776723377458e-01
3.792924163771162482e-01
3.066837696938484736e-01
2.470583189615771780e-01
4.986442779274237735e-01
4.943118039585043255e-01
2.452961256132958345e-01
