2.642115008832942591e-01
2.728055256516237481e-01
2.369974223721854623e-01
3.183958781400781923e-01
1.744546245780042304e-01
2.617839987561903503e-01
2.959032209547681758e-01
2.614638578527913038e-01
2.943582987116524219e-01
3.032843243030495239e-01
2.433633991919403050e-01
2.511943948126032500e-01
2.520372620219549775e-01
2.886547067701174529e-01
2.912805135477041230e-01
2.398236037193428594e-01
2.752404618501360090e-01
3.484292179770652198e-01
3.267625151100567171e-01
2.552261284286366783e-01
2.883483032411489067e-01
8.041958131528236242e-01
2.480190942310828706e-01
2.461317744908098903e-01
6.807902471221681795e-01
3.035351279074881004e-01
2.528501656894922012e-01
3.091732971240219174e-01
2.280978305326546440e-01
2.690335170209307569e-01
6.375969266526962942e-01
7.683999716116011180e-01
2.603607961427322204e-01
2.569354826472042830e-01
2.503288601140848391e-01
2.676093078212639642e-01
2.897728375021723091e-01
2.552512413443363548e-01
3.413783600714170863e-01
2.568924921205537615e-01
3.886550689675481451e-01
5.455115535594881049e-01
3.583435466727372676e-01
2.238627468937247345e-01
3.386697546955009797e-01
9.289815165850913159e-01
9.553700418594619492e-01
3.138696818611946826e-01
3.231439433459278865e-01
2.994776759724307458e-01
2.503070211568100834e-01
2.573402077663473064e-01
3.051657751797936524e-01
2.835497189730838974e-01
3.529987199972849377e-01
2.459234001435297856e-01
3.500626397234151144e-01
2.848926950401139968e-01
2.576357212634931559e-01
2.730028777656786088e-01
3.038550568393093565e-01
2.917715748614315707e-01
3.564261499308459813e-01
2.411986728104655031e-01
3.050544490561630795e-01
2.830229215014505861e-01
2.812047789976447887e-01
3.017101758627626640e-01
2.487053300782768039e-01
2.900600802312556237e-01
2.859675511100126521e-01
3.609371616603286315e-01
6.670271028653809164e-01
2.815020276655956222e-01
3.596247416897836446e-01
2.288510286229679669e-01
2.735483975684339653e-01
2.413496134579480867e-01
3.022075109515811597e-01
2.939009557116174509e-01
3.770095106357359005e-01
2.785981992055459600e-01
3.561376500407084089e-01
2.465726060779683537e-01
3.464026279667454244e-01
2.646567658522425148e-01
2.431352492110417096e-01
4.900716079102104827e-01
2.550136484634351608e-01
2.882195950526111883e-01
2.485395414695639738e-01
2.474371191769758060e-01
3.030293220887582128e-01
2.472145386469883355e-01
3.045048419327902600e-01
2.499810150691672284e-01
2.833726429782966738e-01
3.528223007804576761e-01
2.396057517895183731e-01
3.903862923270932095e-01
2.554480703633741356e-01
2.735334307732020798e-01
4.398296207883048980e-01
2.735334307732020798e-01
4.398296207883048980e-01
2.848033912480257834e-01
2.884302593769445533e-01
2.860558995370203750e-01
2.538559111718715622e-01
2.831455797313494060e-01
3.577594151347038842e-01
2.642946240004361291e-01
1.751189370079302698e-01
3.824135440723864243e-01
2.842305840710188658e-01
3.897722378656616748e-01
2.364528604741394091e-01
3.545132444107781944e-01
3.435874512558531046e-01
5.213664249745565415e-01
4.159877939802855695e-01
2.916097783421856549e-01
3.493202967041922347e-01
3.348539909957368721e-01
3.729500403529342756e-01
4.609684629334947492e-01
5.209937029653877172e-01
2.405197900908611353e-01
3.120440475669191693e-01
3.188563018554414485e-01
3.008583242244153300e-01
2.964871215717517217e-01
2.762762892283734395e-01
5.010472671326021699e-01
4.492330972839186365e-01
4.872522981261386277e-01
2.567735617729023367e-01
2.921972595341093548e-01
3.221764329154738205e-01
3.147621962985714394e-01
2.735313238486405396e-01
3.453067570560658384e-01
2.231681398160336727e-01
2.205495765185876145e-01
2.776045002309778797e-01
2.727047067417097126e-01
3.585448939575067162e-01
3.694132873649921267e-01
2.875129850621248040e-01
2.299615554451932553e-01
2.570371670807602982e-01
3.535087444507866716e-01
3.586192959789482604e-01
2.002778650058969767e-01
4.286532719512132217e-01
1.745147819586874982e-01
6.975768970092535159e-01
2.405494832387448378e-01
2.675433584947185528e-01
2.886927237317561956e-01
2.864518486934176655e-01
3.580442127177628220e-01
3.754769171954154827e-01
3.664772271554879168e-01
3.455257244382904935e-01
3.577973521696887760e-01
4.971141113173473958e-01
4.552880907499332608e-01
4.789441957077816281e-01
2.532719512554081343e-01
2.578251830411540380e-01
2.572089524796911664e-01
3.081956517166271059e-01
3.537540088939777339e-01
3.153670145609963060e-01
1.060753537242172362e+00
1.008723556829156154e+00
2.395660875340931972e-01
2.958073630539081456e-01
3.487077367770832215e-01
3.552364285948746980e-01
3.816312288063717362e-01
9.721071866982196052e-01
1.075513376648097319e+00
2.629124933592627000e-01
3.209406749236457523e-01
2.550665589559371060e-01
2.849373465601425237e-01
2.478180047455078028e-01
2.449611446237673906e-01
8.154302507883561812e-01
3.053972260026562302e-01
2.809952574076300391e-01
2.899026594255195710e-01
2.787483116069189859e-01
2.818848476402594505e-01
2.468145780387104582e-01
2.580106902121753198e-01
2.680867638123646257e-01
2.508129130680646357e-01
4.698183526797483633e-01
4.652074983415147025e-01
2.472400871860571947e-01
4.959875015132754195e-01
4.963651133124048487e-01
2.493019133450308233e-01
