2.345983604377908649e-01
3.728020275260796601e-01
2.383435242133637721e-01
2.530866942722624358e-01
1.731111473521864952e-01
3.890847943938638975e-01
2.493989150981394398e-01
2.914886136291167107e-01
2.983404242911087967e-01
3.006449808284173408e-01
2.582997712611624364e-01
2.449686895248545659e-01
3.039466051838894955e-01
5.041878656073680576e-01
2.953650195216745433e-01
2.577523522709407322e-01
2.898509905426477906e-01
3.963588800441647519e-01
2.426939722886589657e-01
2.584955893452703379e-01
2.782049944277265041e-01
1.535368150925117359e+00
2.560852788786575074e-01
2.460702159818089207e-01
7.200128342679302795e-01
2.504922917886483469e-01
2.978426951315172322e-01
2.529714630968969979e-01
2.164202089279457231e-01
4.050505162085573652e-01
6.760376039741395893e-01
4.792999776321520411e-01
2.648763248512798762e-01
2.419762767868217090e-01
2.661651647213357785e-01
2.988061065214639433e-01
2.517823431024707737e-01
2.289186543057196710e-01
4.488788767309602745e-01
2.443688127471670413e-01
4.013293222652418168e-01
5.759472258184751281e-01
3.452362896991333918e-01
2.200121665159700535e-01
3.769820752060744629e-01
8.742867690166006289e-01
8.843302545216086274e-01
3.545131223801936127e-01
3.432730917945467919e-01
3.005350982931351833e-01
2.373123183551443249e-01
2.403203218216000414e-01
3.067785353941801518e-01
2.933615226088746586e-01
2.230831468304794174e-01
2.598743180805712094e-01
3.689320022974902913e-01
2.790147580215792678e-01
2.489376245721337810e-01
2.954550080828063918e-01
3.396933359513956141e-01
2.791537881055528025e-01
2.327893752278362427e-01
2.640178995182288491e-01
2.967694644738886334e-01
2.334153783688340256e-01
2.480028444229573359e-01
2.787318423359940733e-01
2.789729989128553189e-01
3.065974328269349680e-01
2.958433773501307762e-01
3.521687485457157263e-01
1.268149707894023370e+00
2.187810429758780262e-01
3.008234730129069057e-01
2.824692919972149330e-01
2.154191196819464915e-01
2.459722281273612199e-01
3.015894204492913233e-01
2.382390772120531186e-01
5.161851986144805338e-01
2.969419107971063565e-01
2.127021272732784740e-01
3.236909705418393179e-01
3.849429664546418217e-01
2.449661606947272363e-01
2.725066388303635789e-01
5.079636713482983401e-01
2.612884835411058426e-01
2.846996193854551271e-01
2.512278392756510659e-01
2.507838497886744067e-01
7.294105883402495216e-01
2.488773071995154240e-01
3.115361825606833834e-01
2.516878348256386677e-01
2.630421101627430369e-01
3.535821024335268903e-01
2.353491697371112579e-01
3.875807171960797270e-01
2.699013949875301854e-01
2.592669018659734537e-01
4.327262411403108855e-01
2.592669018659734537e-01
4.327262411403108855e-01
4.075852858471247231e-01
2.759296464122809600e-01
2.889508654238634455e-01
2.787120077499785076e-01
2.805343790566542928e-01
3.454280839254545987e-01
2.795057719582764166e-01
1.738645643871274127e-01
3.792264600676080732e-01
2.672712491296895809e-01
4.044053743406018642e-01
3.047086099644630286e-01
2.637253057300262271e-01
3.160223826766623834e-01
5.152202977778578274e-01
4.954702810520624223e-01
2.950330785586353644e-01
3.598426916280603183e-01
2.447705466947962261e-01
2.464019829938575989e-01
4.726288897966282043e-01
5.523002941088792639e-01
3.546482559633565845e-01
4.778022348827411503e-01
2.965180516796657728e-01
4.605302229000849401e-01
4.308905855952041564e-01
4.684620506258356798e-01
3.531307206534854415e-01
2.985193702040978558e-01
4.211575350660699546e-01
2.606554021845255975e-01
3.021062521124571743e-01
3.716055103056336573e-01
3.025369124663986331e-01
2.927249168946541857e-01
2.149964000399133268e-01
1.605902348526025536e+00
3.240608972025103007e-01
1.549881323184107984e+00
2.967870289009666984e-01
3.403044334226837386e-01
3.992543755884990775e-01
2.401986908806811316e-01
2.572085539755652461e-01
2.496315435173052932e-01
1.735361817565698406e+00
5.125379151540589984e-01
1.716934320691672511e+00
4.706377719885793121e-01
1.734119722207202452e-01
1.485095382920000873e+00
2.402507379282500521e-01
3.812418834944313328e-01
4.062857588792688768e-01
3.900604872200988393e-01
3.231630964897919678e-01
2.854113188408912705e-01
2.650409249351008412e-01
2.317105269783605315e-01
4.095083246354955242e-01
4.313014910774133348e-01
4.537562417794929193e-01
4.932001880130204574e-01
2.533764494455919558e-01
2.683451280962286245e-01
2.511187239420192285e-01
2.816781205817047162e-01
2.777756035512203292e-01
2.510694179631806078e-01
1.155617583338728993e+00
1.327728287476990010e+00
2.427140202526013035e-01
2.949046787217047272e-01
2.431618385251042291e-01
3.743592106017388232e-01
2.685411161088028242e-01
1.258729936985520936e+00
1.269130953375337656e+00
2.597873707417688305e-01
3.786627137330956794e-01
2.585538751912813682e-01
2.841827357250268360e-01
2.496894453645339962e-01
2.461590954321300762e-01
1.327207031542480875e+00
4.089957957298992475e-01
2.736942396413560297e-01
2.895827056438437519e-01
3.558008045105408024e-01
2.441077658408715989e-01
3.243872860211972631e-01
2.384984611377171104e-01
3.648495527010676698e-01
2.876056428385730390e-01
4.750778419309546474e-01
5.241633078305606430e-01
2.448407366920057338e-01
4.953317199849130437e-01
5.002202429978377385e-01
2.557252576680220657e-01
