3.038553264629758055e-01
3.454724918362381270e-01
2.457438992472741335e-01
3.394612949269985580e-01
1.808434315785302504e-01
2.280611440483009955e-01
3.297512454955113248e-01
2.355283384066301500e-01
3.931497285006432252e-01
2.972939377497433866e-01
2.336188788970373076e-01
2.318706458320172192e-01
2.444555488395440956e-01
4.719211991073803958e-01
2.920576469420439469e-01
2.425628778748685765e-01
2.761728598103257992e-01
4.037390598137990949e-01
2.717657045016283468e-01
2.548589577779570292e-01
2.861050753272628144e-01
1.100803042611125937e+00
2.565839607773179876e-01
2.455621067016558745e-01
7.345900453058434865e-01
3.042220131518539317e-01
2.539522124982608875e-01
3.228856710202516744e-01
3.587653616238940524e-01
3.533898056522919995e-01
1.267598844468649677e+00
1.013977311455108721e+00
2.666131520678861055e-01
2.847764448175469920e-01
2.388350519792791782e-01
3.040115400769211607e-01
2.567622239991919630e-01
2.568214199755535776e-01
2.902581985707735068e-01
2.520480827124154666e-01
4.056004600502258750e-01
5.735379479742039877e-01
3.534091504350823643e-01
2.270462206350064571e-01
3.555797993284514069e-01
8.746916465575798050e-01
9.376864927313242060e-01
3.225683740091890850e-01
3.236647213963681491e-01
2.997671730462351247e-01
2.407719346006203798e-01
2.593255074798675452e-01
2.920728025736135103e-01
2.896411597237598667e-01
3.110786663797389662e-01
2.343734570276856111e-01
3.593368257175862390e-01
2.644079851119155444e-01
2.674049968496520213e-01
2.941147852847759148e-01
2.805607849246528618e-01
2.927061272220640165e-01
3.468907608728539760e-01
2.313960333484194887e-01
2.716239344382673782e-01
2.916616569955629013e-01
3.895721992332296102e-01
3.045637303512828131e-01
3.123740422651006821e-01
3.769950467945635264e-01
2.906610316444450670e-01
2.404593712823398788e-01
6.672170701712052399e-01
2.759760601446785699e-01
2.272640224002920040e-01
2.251891108868729896e-01
3.040091627360665960e-01
2.573454822588682189e-01
2.696147461504090348e-01
2.777816359590966067e-01
2.781646374934651500e-01
2.814544357488557025e-01
3.507224803424105475e-01
2.412071723208691620e-01
3.695062407896728129e-01
2.741221395333067745e-01
2.669085133481590710e-01
3.245398505504851761e-01
2.568551656768795488e-01
2.914490139751131914e-01
2.498271339946120662e-01
2.459549549753226039e-01
3.348936284293546617e-01
2.526204836323280856e-01
3.041002529702093171e-01
2.539630809983827175e-01
2.781852035843079829e-01
3.550952659990529447e-01
2.315379886692711109e-01
3.800950001770246889e-01
2.573696958797144774e-01
2.542148652093957906e-01
4.292855312530494682e-01
2.542148652093957906e-01
4.292855312530494682e-01
2.868730189190770163e-01
2.477240984055736894e-01
3.439244443917415239e-01
2.673196477685870764e-01
2.909678163134912232e-01
3.600208889102762266e-01
3.588331658047538286e-01
1.727699974893642243e-01
3.807283477404796446e-01
2.820072336593533735e-01
2.940995204170791522e-01
3.060426022357076725e-01
2.500073046234948526e-01
2.933691057759698073e-01
6.623076336722872881e-01
6.651606337670799007e-01
2.845396089902005321e-01
3.499728254067229205e-01
2.422772550131205849e-01
2.441961505453345560e-01
4.804984647436407741e-01
5.787771561741186233e-01
2.571683907893768106e-01
4.626796395248181648e-01
2.283408568126319149e-01
4.499735549976510707e-01
4.408181986311628942e-01
4.638149776869846530e-01
3.646022340896380998e-01
3.501267029812791254e-01
4.410179614440095652e-01
2.508096414986257794e-01
2.987085572027406988e-01
3.714391865294667805e-01
3.117970087489435604e-01
2.858995453386465324e-01
3.454893572945762492e-01
1.129513907916661619e+00
2.286055164528023043e-01
1.264185253578177237e+00
2.576851953985814792e-01
3.660162286937298504e-01
4.212112738995463235e-01
2.980719180953417258e-01
2.239983515725680885e-01
2.670407892356394530e-01
1.075638171064268400e+00
4.504113962983246067e-01
1.165494452549754145e+00
4.517638633055046093e-01
1.718311082030086756e-01
1.232071410297281622e+00
3.057116615069183641e-01
2.864677092656456869e-01
2.834265636855203829e-01
3.584645108241905076e-01
3.647922436915463362e-01
2.376644551010037854e-01
2.913044249083975301e-01
3.549221656197446562e-01
2.629684096947168537e-01
3.650183276063854176e-01
4.581292906475655236e-01
3.997107858110141576e-01
2.448183725342240880e-01
3.041575393344902456e-01
2.489304336635007331e-01
5.048658100484334499e-01
5.003799724424767836e-01
4.452018027222535701e-01
1.112697117706542116e+00
1.076633291219858402e+00
2.405113352553959472e-01
2.920931586252035195e-01
3.565255119423781371e-01
3.802925283414287372e-01
2.641622618590254712e-01
1.133829891856690475e+00
1.235605868098950788e+00
3.245818840347631795e-01
3.639380192230979860e-01
2.544431401670321224e-01
2.918972215626012834e-01
2.499369973211671980e-01
2.462521679553465737e-01
8.422907935939130120e-01
2.490676306626492253e-01
4.327992548572798803e-01
2.981627269076990716e-01
3.753821024012971574e-01
2.379972341593227514e-01
2.465215768394859730e-01
2.732261664563222503e-01
3.186354671014804962e-01
3.658656912082405288e-01
4.162268528220218200e-01
3.234416969137502429e-01
2.433231041305479458e-01
4.927170575341476844e-01
4.985899889804835117e-01
2.485768762613078942e-01
