2.555422411361257251e-01
2.684895532699274612e-01
2.837999302616441288e-01
2.929098833381477696e-01
1.734499549464953161e-01
2.494987531677355930e-01
2.631126436383435241e-01
2.655135498303811126e-01
2.917526374440532200e-01
2.991134581453667174e-01
2.481840555031957773e-01
2.428837676643577637e-01
2.685933510659950785e-01
2.478195294585330555e-01
2.942739259836578136e-01
2.331817544875251225e-01
3.099582958512937525e-01
3.282046065591396888e-01
2.677384173776164444e-01
2.555764925260072262e-01
2.844202486290696164e-01
1.091891087189169163e+00
2.477604901650929392e-01
2.477800439834217383e-01
7.290096532635195192e-01
2.712723055228256075e-01
2.696906983652271328e-01
3.265400165513785979e-01
3.457797766736255274e-01
3.840045497313063771e-01
9.027461743321283372e-01
7.484137861767049538e-01
2.820819109496816579e-01
2.749272274434264030e-01
2.554872470115521210e-01
2.652404199387949912e-01
2.642840042960350466e-01
2.574618584870383975e-01
2.644571427625144744e-01
2.537451916498717486e-01
4.025806292013991983e-01
5.376501498050899608e-01
3.548807538034197684e-01
2.216733376750466000e-01
3.604749809046198794e-01
9.363035381719794215e-01
9.821503178522527078e-01
3.296187678971233548e-01
3.092526682248514236e-01
2.730326123777364611e-01
2.625934253770647042e-01
2.697438249132283472e-01
2.842239554788332234e-01
2.861470315386641095e-01
3.537227988007388690e-01
2.378234036364815784e-01
2.959582157729636065e-01
2.632192661603031669e-01
2.789700578682689502e-01
3.084877122531687332e-01
3.003706382880323433e-01
2.897684402969043505e-01
3.590124236540945812e-01
2.509298248655428831e-01
2.713660052824423130e-01
3.113218275111238609e-01
3.559363771756327011e-01
2.872603806279834804e-01
2.932001558929760998e-01
3.008353089715985473e-01
2.842154331934854117e-01
3.576330328293131355e-01
8.844457508809936419e-01
2.827354814469463795e-01
3.578867199838315361e-01
2.324713012615064467e-01
2.655255215398834578e-01
2.412453028834685986e-01
3.023091251572876392e-01
2.981211488301994117e-01
3.232480364474868417e-01
2.831158616816687457e-01
3.593701722751636574e-01
2.543242890838456893e-01
3.325022651755184522e-01
2.665914122673809228e-01
2.466428437444581623e-01
4.882026635864892272e-01
2.567135029409762792e-01
2.879839379810778532e-01
2.493731767369324337e-01
2.466304382909398074e-01
3.110972289241699662e-01
2.649550584546208620e-01
2.728541080999726254e-01
2.578313774912505130e-01
2.832369914313316306e-01
3.536407867991605558e-01
2.386173735395993867e-01
3.053347572702956314e-01
2.828297691214771148e-01
2.755579569639291515e-01
2.934818872526608335e-01
2.755579569639291515e-01
2.934818872526608335e-01
2.882505182924736675e-01
2.688975886190427822e-01
2.647053819631750016e-01
2.807994246636239533e-01
2.842029096398854260e-01
3.584623418916161874e-01
2.788565679113245155e-01
1.755685485123711642e-01
3.793718853804007307e-01
2.722848459267456778e-01
3.749126933114369509e-01
2.930274116445671373e-01
2.604225020448510675e-01
2.816685505690272873e-01
4.585280420987177807e-01
5.117598687767108689e-01
2.841858691736262044e-01
3.593039872618623010e-01
2.451248701228271598e-01
2.686050791694134521e-01
4.087318246045493764e-01
5.498047896142141955e-01
2.959618245543204629e-01
4.468982861164988440e-01
2.343267662757607117e-01
4.518961353299224548e-01
3.898430749276647345e-01
4.457178071254298546e-01
4.083182131960733097e-01
3.944229794938358125e-01
3.646615025673807242e-01
2.502582493974933597e-01
3.029059759249767003e-01
3.762649282451456800e-01
3.094744881469673747e-01
2.817490590249175364e-01
3.469805410385368716e-01
9.813403364277867302e-01
2.303904309674800754e-01
1.093639783431206824e+00
2.525343435760983302e-01
3.547509169703508825e-01
4.200457154437232110e-01
2.989415617908871559e-01
2.265399208613321502e-01
2.657453721761484644e-01
1.045052975998850053e+00
4.521057576202445749e-01
1.149659750249453216e+00
4.502912515628721968e-01
1.755755999273220513e-01
1.264021763687879218e+00
2.839728999890411831e-01
3.052175839335900531e-01
2.877450203601182310e-01
3.065176791861305983e-01
2.674919943993606664e-01
2.700620910620529225e-01
3.066892752296070945e-01
3.563894136747036145e-01
2.985183063966695971e-01
3.863376373882478898e-01
3.960954582206603347e-01
4.009505681896187168e-01
2.744453947759155632e-01
2.598406057828615001e-01
2.466260583496243386e-01
4.625856391988120153e-01
4.333778536779085977e-01
4.129640010666997263e-01
1.264283029633013200e+00
1.187941269439636738e+00
2.488954806958068589e-01
2.881785594980813547e-01
3.530971178831687207e-01
3.588390696937655555e-01
2.409693730043707405e-01
1.137253917702705674e+00
9.248067657123085761e-01
3.302968651167882963e-01
3.426491809412098855e-01
2.536700761173801832e-01
2.894454809348712132e-01
2.496876239035119571e-01
2.462176064327895875e-01
1.219290241751659565e+00
3.172452230464538614e-01
2.687377628755547865e-01
2.966084410773423552e-01
2.898177253829615774e-01
2.699465288734571033e-01
2.813933846907603620e-01
2.569608981989046637e-01
2.837723825212742912e-01
2.812178083542530849e-01
3.718781557357481726e-01
4.289117996757847440e-01
2.471189990159056993e-01
4.957600936523499646e-01
4.958529294020329048e-01
2.450676262019949869e-01
