2.641284987506278270e-01
2.701840342098015268e-01
2.369017884292018983e-01
3.839485728249130703e-01
1.747803867034181668e-01
2.738674377043487373e-01
2.597447665028621011e-01
2.746088299505082819e-01
3.199279031447913035e-01
3.016215861490962880e-01
2.478679439957433284e-01
2.426196952384531147e-01
2.698815795515024929e-01
2.427138047589011693e-01
2.958416534145004162e-01
2.294329756058857972e-01
3.474976775093406300e-01
3.049845741234710195e-01
2.485482911438728071e-01
2.554435245427287282e-01
2.824636210171305728e-01
8.484741089816244530e-01
2.512876154046425059e-01
2.480678829696598697e-01
7.515072666536030122e-01
2.451080950548723547e-01
3.394585207904082802e-01
3.774072764734502927e-01
3.554462375468580015e-01
4.032892936976910647e-01
6.195726206386249491e-01
3.378398909919060888e-01
2.802199502677030218e-01
2.985074361775216234e-01
2.452834489524762795e-01
2.411918528409258689e-01
2.964674774292447856e-01
3.311301200492830499e-01
2.375170949996788239e-01
2.466633496425178207e-01
4.029889271855712773e-01
5.635037677636545173e-01
3.572763593037587282e-01
2.225740965461446286e-01
3.614988346364574889e-01
9.146293407986676449e-01
9.231944924348225445e-01
3.328763583475979337e-01
2.975421446625197142e-01
3.029940206670558300e-01
2.475889876300088888e-01
2.954589416928568024e-01
3.586579913296984445e-01
2.830181926949814075e-01
3.485223940211265026e-01
2.523977917644575908e-01
3.633947236541028025e-01
2.549249743258930612e-01
2.788467157075327774e-01
2.933856668298011616e-01
2.658350366742935345e-01
2.896541334890256891e-01
3.552816381599449569e-01
2.581161697452168391e-01
2.628006864548825261e-01
3.962416198266629497e-01
3.023921315273487842e-01
3.034561049071819450e-01
2.594351402092562320e-01
2.789290565927611820e-01
2.893830932197511419e-01
3.565121747498348204e-01
8.959352077639027856e-01
2.300785725760391420e-01
3.435730659296709621e-01
2.887684183762224688e-01
2.950142472862843368e-01
2.418222362894146826e-01
3.035204713912289520e-01
2.770960816582845876e-01
3.406186249888135675e-01
2.940005659205296995e-01
2.323569056357139839e-01
2.872029963253439622e-01
3.522802487890943079e-01
2.562595763963057549e-01
2.653933672012965816e-01
5.192103236437531910e-01
2.539286260573075937e-01
2.880467646398724990e-01
2.467496074688476371e-01
2.460373621520617338e-01
5.409006163304576065e-01
3.037576087744486841e-01
2.503919803206303141e-01
2.899886332787334209e-01
2.865158748451239745e-01
2.336680731022600932e-01
2.382776529341079641e-01
4.492975016748106398e-01
3.562003060233441820e-01
4.215439417838484637e-01
2.446527989990059382e-01
4.215439417838484637e-01
2.446527989990059382e-01
4.476441653800762865e-01
2.657041620946178906e-01
2.604786401324665768e-01
3.353970180220828823e-01
2.918739951944960831e-01
2.168820465332360337e-01
2.827378984259883987e-01
1.733150536113683693e-01
3.626422092281372245e-01
2.511302427600055620e-01
3.561564344601649834e-01
2.408585027865206563e-01
3.860473409915980980e-01
3.774739593058739628e-01
6.353587292396268849e-01
6.105066526067646215e-01
2.724152587858796881e-01
3.526296957093031925e-01
3.590036207033486804e-01
3.962693612421042677e-01
3.312400641525535816e-01
4.569609677748610599e-01
2.357089779573671162e-01
3.232764810262034327e-01
3.028493467324318011e-01
2.540303089817381732e-01
2.453870079809093996e-01
2.647482097998745676e-01
5.074359102871094374e-01
5.130551877537763428e-01
5.234176841943359859e-01
2.655407187201651587e-01
2.725925108681858111e-01
2.688353305016884520e-01
2.696032127419153990e-01
2.892327611208319049e-01
3.484156791796172992e-01
1.185772371864515229e+00
2.431614429441623926e-01
1.214797634578803187e+00
2.717342880927850479e-01
2.721767458815738117e-01
2.774861844293872171e-01
2.584578420551927325e-01
2.532452613570290167e-01
2.678607725411496499e-01
1.087666188476206219e+00
4.110578368941120164e-01
1.078659123883603410e+00
2.995525868093840138e-01
1.738004859244874079e-01
1.043700811905017289e+00
2.507094899757954520e-01
2.587350833676295148e-01
2.970931470999519375e-01
2.854387766019083061e-01
3.820901393732307749e-01
3.417151089392369001e-01
3.249653863246094176e-01
3.455251066015715966e-01
3.411867835847426367e-01
5.074306011902577351e-01
4.839596070204469913e-01
4.953866237177116938e-01
2.570661425088731633e-01
2.651223848589691623e-01
2.545239226826835899e-01
3.555213114301700172e-01
3.428296542235327315e-01
3.486889079880260423e-01
8.724914270169676911e-01
9.466543637318728388e-01
2.998402718474362794e-01
2.895356266458586347e-01
3.593668298473957079e-01
3.772692462913465605e-01
2.526560465295130120e-01
9.992016126238434381e-01
1.019211436143542704e+00
2.619614706218061917e-01
2.411456257122270019e-01
2.572192704611552250e-01
2.892236070910562118e-01
2.469543113013204505e-01
2.468601131711687657e-01
4.683796692701609476e-01
2.697534974723764245e-01
2.736692156124057029e-01
2.806055176437915466e-01
2.605555424578239188e-01
2.822607392475701693e-01
2.445276100142791953e-01
3.229847598276415210e-01
2.570606496304765898e-01
2.984224699924322710e-01
2.650545092520739665e-01
3.704312284152278534e-01
2.454193124997100239e-01
4.963266264104558845e-01
4.970083513392035690e-01
2.482800875200120438e-01
