2.614819666988809632e-01
2.631870514137538697e-01
3.172440580935453891e-01
2.615271660885638561e-01
1.751548146895459401e-01
2.324828376921962703e-01
2.820267714983938911e-01
2.591042012621498913e-01
2.899990542962647133e-01
3.022506089165949983e-01
2.466808292570814853e-01
2.497272856330072788e-01
2.566483321640260495e-01
4.181393039168351811e-01
2.945874167178566538e-01
2.383699354253176750e-01
2.849828836348712868e-01
3.925815635898085021e-01
3.123827815576170064e-01
2.539899328677182599e-01
2.868573336935661966e-01
4.555271462060437870e-01
2.499343914926844268e-01
2.462828927147283631e-01
5.456221384955423082e-01
2.682707072654573754e-01
2.655601599452433459e-01
2.720688452618311715e-01
3.550915260383680772e-01
2.905290348466553763e-01
9.225759017682410024e-01
2.987464116051916641e-01
2.847960391845920647e-01
2.652168870859737959e-01
2.509815097041515619e-01
2.651468863573969714e-01
2.696074352270673713e-01
2.453324205699099203e-01
3.304556724624424513e-01
2.388415912981963207e-01
3.734673079005870200e-01
5.172401076243899887e-01
2.314286212506600771e-01
2.285263045531346626e-01
3.736187421407686227e-01
7.972608720896388057e-01
6.680988940619032590e-01
3.656338834767294821e-01
3.997164875950675600e-01
2.703733642839736273e-01
2.640205850109668684e-01
2.643108994712203286e-01
2.700593168330894800e-01
2.858971758424426746e-01
3.515321053483396740e-01
2.417696860916989099e-01
2.889209610038329656e-01
2.715832750593441536e-01
2.619792586371780252e-01
2.706006495817643853e-01
2.767618026361509109e-01
2.842657931225107126e-01
3.553738120387850974e-01
2.429627794918601535e-01
2.908542823103510422e-01
3.009054739683194590e-01
2.675039720939578203e-01
2.909350580839377698e-01
2.607207504975864176e-01
2.968824769218851856e-01
2.935418224915394836e-01
3.572771170172554522e-01
8.306190664710455529e-01
2.772078678333931845e-01
3.548314473290743454e-01
2.275183431148617985e-01
2.849463196862140335e-01
2.392873879432951267e-01
3.029335817787331964e-01
3.739112046189997374e-01
2.556887178417830975e-01
2.746830213883509897e-01
3.585614092285171473e-01
2.444986877580556661e-01
2.629845247975907685e-01
3.394965007734701556e-01
2.460905409443113756e-01
4.876796664084469546e-01
2.539733190547099340e-01
2.863411044220342538e-01
2.492822431570942132e-01
2.457339654628904746e-01
4.123068022803267341e-01
2.584496538459069570e-01
2.790412019674797794e-01
2.631110758422930407e-01
2.824927265990335723e-01
3.539287568235110482e-01
2.413615885783541026e-01
3.165780953392566821e-01
2.688750169411736612e-01
2.786178827405972891e-01
2.724842112410456041e-01
2.786178827405972891e-01
2.724842112410456041e-01
2.986087899084613473e-01
2.532581231466123350e-01
3.037759108907670536e-01
3.058618035519605205e-01
2.895026657616317500e-01
3.594137297968901246e-01
2.997725897626674629e-01
1.745250476268226381e-01
3.898615008025354545e-01
2.915182983907333991e-01
2.557727952563476070e-01
3.028367477071989278e-01
2.532721467793281334e-01
2.825650700513921976e-01
4.949632671770303194e-01
5.914292843157166191e-01
2.806924124742743998e-01
3.596097790247302917e-01
2.405955975801911395e-01
2.670636082620783114e-01
4.173569368999602847e-01
5.663575694701462604e-01
2.974482009553860995e-01
5.015402198051938099e-01
2.203200126468061459e-01
4.540910557769737843e-01
4.493227199275340866e-01
4.518074387587219243e-01
3.999608444333389023e-01
3.710585859413073062e-01
3.890781272848009564e-01
2.521871436152590129e-01
2.958023768113036689e-01
3.335426587635588747e-01
3.150651697485468694e-01
2.820258987261033412e-01
3.380644635669015630e-01
8.060784708928202535e-01
2.310975507360298609e-01
7.965915263240254118e-01
2.576960649024626071e-01
3.526567346575361639e-01
3.507010049355420711e-01
2.956459333398973599e-01
2.286533091696640041e-01
2.605594709534297393e-01
6.230304103314472375e-01
3.748547997130273202e-01
5.162998353395116258e-01
4.336834665414365242e-01
1.733547783194791247e-01
7.193738489705453487e-01
2.790555960435952554e-01
2.763462900760303986e-01
3.003326486665309214e-01
2.902592338861144095e-01
2.770051574640335357e-01
2.852297675336886718e-01
2.935702387741523922e-01
3.511887423581598888e-01
2.774186424850196286e-01
4.063241001114722417e-01
3.928609390499477327e-01
4.108671905859606066e-01
2.592586464441292704e-01
2.584567723387437566e-01
2.529746187491903608e-01
4.367411964044398687e-01
4.235002612665334509e-01
4.602680256763810318e-01
9.006766137625926705e-01
8.727130277483147180e-01
2.436152292568431466e-01
2.880729706210031771e-01
3.557163234818084274e-01
3.565498228770666023e-01
2.511530124711382483e-01
7.366581274162417037e-01
7.722021832843245503e-01
3.220937353854899654e-01
3.311714694286633232e-01
2.544398907132059406e-01
2.877825449378801914e-01
2.472846522674778669e-01
2.475808780538548970e-01
7.591201401375691216e-01
2.656113412082771741e-01
3.237216837947774484e-01
2.968576661613175349e-01
2.882746336786244368e-01
2.506177745919251354e-01
2.561509223743121955e-01
2.688633919245809190e-01
3.010605233369055278e-01
3.581625678021775339e-01
3.609726208911080425e-01
3.258555272374351608e-01
2.454503200186939071e-01
4.972532165968667206e-01
4.954827120683455988e-01
2.494828548750148423e-01
