2.810266553855914617e-01
2.929959951639851123e-01
2.370023210723232743e-01
3.595976765389294338e-01
1.741797995637144880e-01
2.569473081903917988e-01
2.702541367525699290e-01
2.737639997931522462e-01
3.088287164040247057e-01
3.042295779379703413e-01
2.481901523553999289e-01
2.421342937598354172e-01
2.713656419038146250e-01
2.531343139665935826e-01
2.934277780849172679e-01
2.315975682078128817e-01
3.208563445152159965e-01
3.136495649994785473e-01
2.509105942926178057e-01
2.560676582408062396e-01
2.867769469596022636e-01
5.154927035266161361e-01
2.466250881536400930e-01
2.471703261012225816e-01
7.456081087433479304e-01
2.792074095859285454e-01
2.590882276882207069e-01
2.883791555740300994e-01
3.583851633216412758e-01
2.845866098684369794e-01
4.256951744183752884e-01
4.348663623762019648e-01
3.046908167813615065e-01
2.619859295389506126e-01
2.427956412343801051e-01
2.657256076190404048e-01
2.659537709204439215e-01
2.450680474641764861e-01
3.225309583159370330e-01
2.515985425576264811e-01
3.806822110169268414e-01
5.738402695696835920e-01
3.572940859411797843e-01
2.238191907920593360e-01
3.506972558948298069e-01
8.934597850621510684e-01
8.397012940114958468e-01
3.268018831129244628e-01
3.297951239289976244e-01
2.784632662492011468e-01
2.588494792201636585e-01
2.771232039319867502e-01
2.956322831881879054e-01
2.874005597382746080e-01
3.518364214651763522e-01
2.434561874719869956e-01
2.952785016836122489e-01
2.517420910500805520e-01
3.020165379566297492e-01
2.925077980519742438e-01
2.535249004866951261e-01
2.847144847869686468e-01
3.563411873071276603e-01
2.397702078981881757e-01
2.579487780385264495e-01
4.122174244083657846e-01
4.360520985817834538e-01
2.966074458801001290e-01
2.613263821720900881e-01
2.825889633356177266e-01
2.861135414788221754e-01
3.573229560563617180e-01
8.777862926424153667e-01
2.791988854287930089e-01
3.589402987956280544e-01
2.287844952386777209e-01
2.676550094437964988e-01
2.430985237929065845e-01
3.034989030868720516e-01
3.485039268623658093e-01
2.885540720198886966e-01
2.782154375751765274e-01
3.590008944604361485e-01
2.419107716556770926e-01
2.743502383102469078e-01
3.146869763547441301e-01
2.468360987510322957e-01
4.857530647848929961e-01
2.546167655862024426e-01
2.864112136283800125e-01
2.489559975619190790e-01
2.461291431673101326e-01
3.715385395999956097e-01
2.511663384821947176e-01
2.919048800341013661e-01
2.569456327443410126e-01
2.831761398381634209e-01
3.538508301036875636e-01
2.398105437657127303e-01
3.282285221498467687e-01
2.571330876232209572e-01
2.522293567547779780e-01
3.199820978262393756e-01
2.522293567547779780e-01
3.199820978262393756e-01
2.948588095005980625e-01
2.581259458075872981e-01
2.581476970803265880e-01
2.807205191694395752e-01
2.857647952849949879e-01
3.574997822054998831e-01
3.038821369831431474e-01
1.746283965338092936e-01
3.858092856931173986e-01
2.805257506539011736e-01
3.062805044175426761e-01
2.834993319652633903e-01
2.636382037783562837e-01
2.842044923220037322e-01
6.069443080747346508e-01
4.986702467100125324e-01
2.856061680040151152e-01
3.566829436505573603e-01
2.413671175485369857e-01
2.677511927708478012e-01
4.151192157882715450e-01
5.525558444313199979e-01
2.739064946749028007e-01
3.778635622754348833e-01
2.436226835542916191e-01
3.216035129277843851e-01
4.228234946883911993e-01
4.110509610797450919e-01
3.818521104776706476e-01
3.857633025297519946e-01
3.878868772761205341e-01
2.703740161271411813e-01
2.695128685425065007e-01
2.867219407533529441e-01
3.287340993132092937e-01
2.832055950723608162e-01
3.233193445251557607e-01
5.955706495684395252e-01
2.339692468724527408e-01
6.746763721497350819e-01
2.785952067765586349e-01
3.476373415953623036e-01
2.839774471190912863e-01
2.802108884965006652e-01
2.472945632266358718e-01
2.523367137149383765e-01
7.236104036898152181e-01
2.871509785773774803e-01
7.471600122700798874e-01
3.543988463592241955e-01
1.735459722859955811e-01
7.727838936168639483e-01
2.614576794155682449e-01
2.869024799120640790e-01
2.810953920161670117e-01
2.865297693175364868e-01
3.094590361629582231e-01
3.094489953383584013e-01
2.957543780456593496e-01
3.456348107126440139e-01
3.152063896943724797e-01
3.993631716483498351e-01
4.337799768029971248e-01
4.364046155543293004e-01
2.614574441770226576e-01
2.541426651448815965e-01
2.558691505777883068e-01
3.602046644275493370e-01
3.521921524962876027e-01
3.849267057559792038e-01
1.056021157360287788e+00
9.478930211348068902e-01
2.395605095355694270e-01
2.943265975299489967e-01
3.506599722055190882e-01
3.417646338820508611e-01
3.010072580306439871e-01
9.780692552017438146e-01
1.014323699578835170e+00
2.729039362841532701e-01
3.196833771263212221e-01
2.545329802674782260e-01
2.862476947984925468e-01
2.482055566675155922e-01
2.472817614239729289e-01
5.774698698794954455e-01
2.999313462923808293e-01
2.667473351292136141e-01
2.943810104121714066e-01
2.894456397300315675e-01
2.628248959224440684e-01
2.654597680093839784e-01
2.570166062645295457e-01
2.954548910368590131e-01
2.580977645200533410e-01
4.428650482178734249e-01
3.778934460374435700e-01
2.461573796103641576e-01
4.960179383071243175e-01
4.967167624327318842e-01
2.480721797038670517e-01
