3.033812984085466069e-01
2.987035016625058104e-01
2.369778936459625285e-01
3.329835277378873637e-01
1.737976340130905906e-01
2.202214086655974179e-01
3.204858634093908365e-01
2.942880699333236816e-01
3.839166966099930023e-01
3.101950330578946979e-01
2.594542707494288392e-01
2.425922235772331459e-01
2.420196877983658845e-01
4.282758828468439249e-01
3.009040043291579813e-01
3.505684851566260307e-01
3.760805084500825068e-01
2.548773835599341675e-01
3.247342381880372053e-01
2.525540192195253053e-01
2.857598643044607090e-01
1.243769540886317193e+00
2.443749744185433059e-01
2.581812613908150977e-01
6.574197635242187143e-01
2.487706840219285620e-01
3.036728600886051677e-01
2.347938254422564375e-01
3.516865238282895767e-01
2.622056489971916760e-01
3.281817896667327816e-01
4.081541407910950214e-01
2.534512129913848999e-01
2.818481411903379641e-01
3.070005903768329159e-01
3.713760330034198698e-01
2.549497684742606518e-01
2.413648245890871735e-01
4.601119171810658659e-01
2.683693160505905562e-01
4.052600720095382858e-01
5.617675899425733643e-01
3.576180910744221619e-01
2.279329665176694775e-01
3.572475965968469613e-01
1.235293831952026800e+00
1.178619637775015550e+00
3.116276387338163256e-01
3.056501029587128659e-01
2.580417440910953708e-01
3.127591959609658523e-01
3.887444398196217010e-01
3.276273680595934712e-01
2.748178615627906440e-01
3.511589061746602236e-01
2.502530084129976906e-01
2.711777376302528797e-01
3.070918192316341444e-01
2.405427115569788721e-01
3.246666733653605919e-01
3.679631945554451278e-01
2.998520274916652295e-01
3.651576944889078913e-01
2.624434226912270574e-01
3.683202556397968119e-01
2.671868421250860326e-01
3.965050121613460932e-01
3.076661469505777569e-01
2.776624582684463771e-01
3.031430449563607965e-01
2.964051555853100539e-01
2.082615306255139742e-01
1.075305657250374303e+00
2.531988005647647366e-01
2.112264262515791413e-01
3.036355802684775895e-01
3.108960207412269638e-01
2.461133708930653974e-01
3.110855709016466242e-01
2.745660249687364440e-01
4.918749394222368121e-01
2.923745624523948483e-01
2.329256575812456709e-01
2.573085916569755049e-01
3.795597740052574776e-01
2.501964004221596261e-01
2.443900228833168486e-01
4.873330600454041650e-01
2.569416442613934315e-01
2.936963500119730841e-01
2.569929495511210638e-01
2.400241960918218231e-01
5.644113352735581346e-01
3.014886141392966734e-01
2.500994394970622592e-01
2.879428258284698061e-01
2.642183095310911001e-01
3.629749929665531116e-01
2.637041139253566979e-01
2.287688731312511325e-01
3.583148242348496715e-01
3.068612527626442543e-01
2.093355276360553130e-01
3.068612527626442543e-01
2.093355276360553130e-01
4.583710660405988513e-01
3.012531537886511401e-01
3.811298629175947639e-01
3.237582451306083020e-01
2.829661521952780978e-01
3.521170216944893294e-01
2.546825650575364475e-01
1.753218499161841859e-01
4.133428192921523303e-01
3.526746425789469841e-01
4.527618043256362856e-01
3.051125219185878423e-01
3.180681951888180148e-01
3.832459440764310332e-01
4.278606231148765482e-01
5.942709827531708067e-01
2.944432566391566586e-01
3.520177760180864812e-01
2.450025385307458559e-01
2.779189233537841530e-01
3.737787098721573886e-01
5.283713910645347900e-01
2.430640785457963138e-01
4.243999869567339767e-01
3.843662867859575227e-01
4.824964192509694216e-01
4.439009749351727208e-01
4.585549278940103113e-01
4.970694051301527416e-01
3.828507673198213168e-01
4.666433613286961046e-01
3.061659263420599686e-01
2.439941748906485630e-01
2.658900903211703914e-01
2.877654991485443792e-01
2.924543711843392013e-01
3.556933839518267582e-01
1.211367430946484358e+00
2.619484598706762202e-01
1.263737480743272634e+00
3.724389867882985650e-01
2.829869068680409550e-01
2.736235841927696089e-01
2.896478625703157173e-01
2.405875329173569055e-01
3.007372008837660982e-01
1.064154215372385082e+00
3.887621344238965104e-01
1.168286556283079980e+00
2.473029786052543255e-01
1.708606785796819016e-01
1.121650236040202087e+00
2.372354945663313897e-01
2.512194988085947878e-01
3.141017220349169303e-01
3.704016815149609454e-01
3.992710567449317960e-01
4.106067505743346557e-01
3.713029886072443109e-01
3.207184824623336428e-01
4.418561950818568618e-01
5.326026491031107257e-01
4.965239920789422112e-01
5.880763944286571121e-01
2.375358825777041660e-01
2.588847454998303155e-01
2.792830460175992346e-01
4.165739032292956612e-01
4.588716313482431031e-01
3.744324152456476318e-01
1.012043724712663462e+00
8.804325671392275732e-01
3.029720291463725568e-01
2.938726610939167982e-01
3.498361739349308830e-01
2.689686300296966204e-01
2.904180397070508790e-01
8.829664233433744958e-01
9.193781155044405962e-01
3.716023665882808857e-01
2.393332009573588548e-01
2.553068473103640157e-01
2.843164231096588779e-01
2.582506817803122412e-01
2.413195618034050804e-01
1.454972504093734020e+00
4.451355253810301837e-01
2.704265761249896038e-01
2.754802333517672452e-01
3.504397866086158553e-01
2.594252622824210208e-01
2.406561659238158069e-01
2.345953956547276176e-01
3.793100149511902663e-01
2.328002429854431621e-01
4.581747195912590498e-01
4.644645269465239590e-01
2.469515700080684162e-01
4.961037780553019805e-01
4.957998564829607102e-01
2.544598283383512904e-01
