2.536517375925476103e-01
3.065617934216248175e-01
2.331342601784453239e-01
2.750377922514906648e-01
1.754045101465880330e-01
2.977536976884468944e-01
2.712590273156512688e-01
2.692720191029956411e-01
2.914926849659731367e-01
3.043650567044052235e-01
2.471306202950721842e-01
2.479570068548367923e-01
2.681478253021533087e-01
4.360630858383187092e-01
2.906963102858767245e-01
3.545422097223364655e-01
3.818849268155867782e-01
2.555840965006557219e-01
2.590907941275111259e-01
2.539445707144733499e-01
2.886078985782023487e-01
1.550726518679699240e-01
2.483056648420304269e-01
2.468680946098756879e-01
7.339134813608435559e-01
2.616770342013310935e-01
2.737894804837380791e-01
2.754943868162403331e-01
2.216334910852921780e-01
3.142470928779153572e-01
6.495326455025827173e-01
1.484742472370688404e-01
2.836059634641419636e-01
2.606406364026159217e-01
2.506559308482552706e-01
2.742132764017186086e-01
2.648099487634678062e-01
2.600129098313719855e-01
3.269031724150016083e-01
2.406355863324126931e-01
3.802394937808575293e-01
5.252639109752192947e-01
2.433936141299233857e-01
2.297732611449229689e-01
3.583172447801883376e-01
6.884364554705139083e-01
5.240983409250853375e-01
3.370262187004746668e-01
3.879648017822772688e-01
2.737095452607929968e-01
2.639893235633911095e-01
2.650527917121589527e-01
2.738297095016996585e-01
2.834221012007125395e-01
3.542591653862756651e-01
2.398490753767578698e-01
2.921842157284767483e-01
2.564392448818356152e-01
2.873011121622122688e-01
3.037867319137605993e-01
2.685649491623259277e-01
2.854565498416710700e-01
3.576639239681011495e-01
2.407134431165171840e-01
2.653775515537381557e-01
3.101700455568816017e-01
3.285657513940451468e-01
3.010205056488693964e-01
2.566874331952134769e-01
2.963413383324693395e-01
2.897035231168482161e-01
3.591548489461926508e-01
8.485321092191878689e-01
2.812753555137562089e-01
3.584489558788913066e-01
2.307519055463971291e-01
2.688084879547574801e-01
2.419668987906185287e-01
3.030917926191430967e-01
3.058232473907864790e-01
4.613530903337261790e-01
2.834610008118189639e-01
3.599244767086119401e-01
2.471056779830415329e-01
3.775768275131268781e-01
2.625396205298172192e-01
2.438596726453154118e-01
4.883645931055468070e-01
2.560547386194418906e-01
2.887588114660189498e-01
2.494821597232963484e-01
2.462573419129912844e-01
2.937765323640714743e-01
2.475919437131147149e-01
2.980841034609598150e-01
2.532726037167613020e-01
2.838694599647680339e-01
3.586988016216121622e-01
2.430442572852720973e-01
3.589474583708065492e-01
2.579533493108274178e-01
2.590696732509934486e-01
3.681136846337559887e-01
2.590696732509934486e-01
3.681136846337559887e-01
2.851464119816619625e-01
2.546943389813364211e-01
2.494411554389484031e-01
2.891024396760726867e-01
2.845065866753190287e-01
3.613075147042406066e-01
3.381229919851703736e-01
1.747125226597409375e-01
3.610545266393413444e-01
2.416312062762913382e-01
3.379813741797398352e-01
3.016804501042412157e-01
2.491195515391536330e-01
2.679772900974530803e-01
6.408593492363167110e-01
6.005173869993531977e-01
2.802914468943296100e-01
3.596505732338341477e-01
2.357517346275441184e-01
2.724886311516394044e-01
4.033687453529548606e-01
5.611369716519880591e-01
3.253830934634556193e-01
5.081510616223855470e-01
2.244328776582243945e-01
4.514251652422236472e-01
4.519504469094269838e-01
4.485951129102600521e-01
3.687070007644278613e-01
3.712059618725920274e-01
3.724875221635985389e-01
2.499704090016729163e-01
2.979393055701132775e-01
3.636807441716141676e-01
3.163021152508508904e-01
2.826808183590045487e-01
3.445362333002619515e-01
3.306118922690364226e-01
2.397344046401602979e-01
4.205977102803546974e-01
2.510615343758514362e-01
3.549423294968572229e-01
4.047090189288986006e-01
2.966412578568317637e-01
2.275869106908070261e-01
2.624506324611401431e-01
5.152752727713424408e-01
3.875825730124807245e-01
5.989550989041450002e-01
4.419906264785195549e-01
1.731193697093131867e-01
4.958512058670271339e-01
2.996384575040411113e-01
2.969842805815803843e-01
3.013572098029518864e-01
3.197430108268164983e-01
2.614237134387490391e-01
2.798974058624322803e-01
2.777390554859693883e-01
3.566617536556228041e-01
2.809446258149269626e-01
3.831782998377241678e-01
4.092111092245139248e-01
3.811974806563501739e-01
2.607711516547877584e-01
2.545799228363783140e-01
2.555824521267169858e-01
4.861690013598891080e-01
4.871172883803705500e-01
5.002479950357304750e-01
9.112470339713336642e-01
5.758315172479474553e-01
2.421879143206330798e-01
2.858748111440774786e-01
3.536354998362987168e-01
3.836897642295507560e-01
2.500950826468532617e-01
1.236332146752812805e-01
1.521139693192577746e-01
3.270227710475355209e-01
3.581871341767348116e-01
2.539545938481076459e-01
2.873710958421497041e-01
2.480185151759125572e-01
2.473035399490765007e-01
4.583791449361022119e-01
2.623299191720410151e-01
3.104580141318389330e-01
2.967389206630102194e-01
3.083795778324285863e-01
2.420795455275788766e-01
2.629831477059985101e-01
2.670939026698774810e-01
3.126812952004965895e-01
3.313956255113749694e-01
3.949130169195954054e-01
3.351121963540619753e-01
2.476474236397612771e-01
4.955101638247530471e-01
4.963180366133665422e-01
2.467730922123035908e-01
