2.336628217429060628e-01
3.773744939613212779e-01
2.528042749685761592e-01
2.205727774855883727e-01
1.759051661409403722e-01
3.699828410806167422e-01
3.067829116723891913e-01
2.445562706628220395e-01
2.554552577752087217e-01
3.060241028794382645e-01
2.509119594846589973e-01
2.757752995421278719e-01
2.483849770709927740e-01
2.304682589680052407e-01
2.966758668894007300e-01
2.493191449455723629e-01
3.490885903579550309e-01
3.113533497101617642e-01
2.402934739690504862e-01
2.590477181086249248e-01
2.807707590540224341e-01
6.693258778245106955e-01
2.548249149879003861e-01
2.408400288783918153e-01
7.409277630320851848e-01
3.012190706407229523e-01
2.574008809919213769e-01
3.074214909111819827e-01
2.605816765329311280e-01
4.384692104771862331e-01
1.063939199291424442e+00
7.745003372503996841e-01
2.705844625546036109e-01
2.850726877842746365e-01
2.427983600460955627e-01
2.646131232005842215e-01
3.031396597696325856e-01
2.407524791054166668e-01
2.828345742948639163e-01
2.498769774658078646e-01
3.986309167489548444e-01
4.770272691038671131e-01
3.566279934292896359e-01
2.244841613004290304e-01
3.624660772976851519e-01
8.318586902484004231e-01
8.380339860153787068e-01
3.254840883109754168e-01
3.003671051587013530e-01
2.561742464237190542e-01
2.841542334422602623e-01
2.725659211160676443e-01
2.628261498290770382e-01
2.821861133529790511e-01
3.418934207017623184e-01
2.343734758026891629e-01
2.587885169120083262e-01
2.781007283414786979e-01
2.577113788717044773e-01
2.628666543086441987e-01
2.824779965958585937e-01
2.956198540024657651e-01
3.607853021890726208e-01
2.524870233160931288e-01
3.083799215236392999e-01
3.408990811867458892e-01
2.863339639995514663e-01
3.013438175746140923e-01
3.323169791771305448e-01
3.918995556805974778e-01
3.015261012572059141e-01
3.550156309852472991e-01
1.092499021838314599e+00
2.802049956672634234e-01
3.514262799037748963e-01
2.304569393770186103e-01
2.995554437253290514e-01
2.450584561386586202e-01
2.512686749261730523e-01
4.409782126561830329e-01
4.369090788071279818e-01
2.830223344903426419e-01
3.492091083508969129e-01
3.619008298158782888e-01
2.674707121301257984e-01
4.248383139400562225e-01
2.478632616474581440e-01
2.300356468224279971e-01
2.517942408757224970e-01
2.911377940025340894e-01
2.455343650420514778e-01
2.457511441833573895e-01
3.244978528919731375e-01
3.054386937465196072e-01
2.477325131056000995e-01
3.200117014669359161e-01
2.894739046633253432e-01
3.558315579522451366e-01
2.472781108092261815e-01
2.665115207394957442e-01
3.613926362070125076e-01
3.652111617197215110e-01
2.346656587268484417e-01
3.652111617197215110e-01
2.346656587268484417e-01
2.872785815924082109e-01
2.515981191196612343e-01
2.724544860331101215e-01
2.694144760799586646e-01
2.869127690555921539e-01
3.569862469361953505e-01
3.034826951799859396e-01
1.752249135908036104e-01
3.746386354986676048e-01
2.665261722719286519e-01
3.579209709572411247e-01
3.035273312496407083e-01
3.074103055821009178e-01
3.786625949430147964e-01
6.165293309721763260e-01
4.968985669802881144e-01
2.843342958023511446e-01
3.601298611166784958e-01
2.448068107663084192e-01
2.581977222243176939e-01
4.276768258855430105e-01
6.062568182043360787e-01
2.208834524786143783e-01
4.395865080347234888e-01
3.673330944968578593e-01
4.636394071615183576e-01
4.382057474226188076e-01
4.521054008748925934e-01
4.542813961607992113e-01
3.350388714898070441e-01
4.447423921363182209e-01
2.521576331051325059e-01
3.042070097565675590e-01
3.733769027315911870e-01
3.065622856893703840e-01
2.748756470310551592e-01
3.468751100191370673e-01
1.164729259713829901e+00
2.225331723130364592e-01
1.071881275059040073e+00
2.736879495719132249e-01
3.521769974564341044e-01
4.218888674791149151e-01
2.883087476017943684e-01
2.261795539653518039e-01
2.677040621043657587e-01
1.296714651158819231e+00
4.475417499409562461e-01
1.214255737803975110e+00
4.606793154219531727e-01
1.740148240418519787e-01
8.189013191912399847e-01
3.039454848090408778e-01
3.184016450703469059e-01
2.613999240667311819e-01
3.772963980584628230e-01
2.851959684344325674e-01
3.519449406262746827e-01
2.736248088435502268e-01
3.513393998985079314e-01
2.731860809809187329e-01
3.835927601937922926e-01
4.807577450332162772e-01
4.841690536080158203e-01
2.576040757562688688e-01
2.419355943295714295e-01
2.762649429835865034e-01
4.538338077355948408e-01
4.792343289160621023e-01
5.046622190917089412e-01
6.335146394195394492e-01
7.920639631270389724e-01
2.536020353734596555e-01
2.974543414223930760e-01
3.506600480065940051e-01
3.848211116793108788e-01
2.565263489694217802e-01
8.690405187000252996e-01
9.751793983865665316e-01
2.807071284323075511e-01
3.733919574607008074e-01
2.517695809092323489e-01
2.920114043356010769e-01
2.490396053132980236e-01
2.434205579011584353e-01
3.976873668418280383e-01
2.742872463036097330e-01
4.227904988188147528e-01
2.947726841956283539e-01
3.734532573471480155e-01
2.330497233313854055e-01
2.491021908890510839e-01
2.611713446959393892e-01
3.276645020994752300e-01
3.659232969230185040e-01
3.966077824105042615e-01
2.775214516989417679e-01
2.480594400054544069e-01
4.938094057001910508e-01
4.989609453685883711e-01
2.508587684470559576e-01
