2.927956907558417199e-01
2.951802525143792932e-01
2.424724664769563609e-01
3.633488969325495699e-01
1.727632018277777681e-01
2.581664419978800806e-01
2.560546800541587120e-01
2.465169976120799578e-01
3.071043636871307880e-01
3.027437202047142950e-01
2.478811951158704230e-01
2.455469814728246103e-01
2.985116848740747564e-01
2.760533945859387495e-01
2.928313638810436936e-01
2.265028990766253802e-01
3.265017105609626102e-01
2.910627918357400756e-01
2.489929941591031148e-01
2.547174868187571661e-01
2.803430911380330737e-01
6.092259895103605549e-01
2.533417919003023155e-01
2.413526258156720450e-01
7.528848017242329993e-01
3.070644933255434195e-01
2.508107930257783558e-01
2.807384549288869380e-01
3.605236823347269803e-01
3.089807118064156199e-01
5.697564185488502853e-01
4.134305578347012289e-01
3.129430145362005478e-01
2.514872543411947325e-01
2.480562010046321875e-01
2.565388369224865794e-01
2.963334726003657993e-01
2.601464167924055215e-01
3.400014539941023650e-01
2.431834627589911646e-01
4.034562398794985794e-01
5.763429503751485994e-01
3.540085069410230378e-01
2.338627867967060514e-01
3.592016342629026915e-01
1.005826704303096397e+00
1.102705476517168881e+00
3.225155070926414291e-01
3.465929925905142372e-01
3.059547878252402153e-01
2.451671497269529154e-01
2.837910646941061432e-01
2.917740640315375500e-01
2.919465160188870478e-01
3.551963085749276217e-01
2.425544887492147306e-01
3.575332452207390932e-01
2.471955890748374907e-01
3.031957656852520833e-01
3.131746873800992925e-01
2.542533077568462363e-01
2.820252606973336351e-01
3.533128711112882847e-01
2.396130810209370909e-01
2.516662917950408529e-01
4.462100644997580301e-01
4.346042513014922171e-01
2.943398074772017869e-01
2.631585969861394148e-01
2.851825246886454113e-01
2.807020277959613175e-01
3.531319425615194185e-01
9.771265202943745232e-01
2.897567721326801959e-01
3.573027074698926775e-01
2.326450949112615074e-01
2.655954965288037650e-01
2.341169059457161861e-01
3.030767611409633244e-01
3.063056003960796803e-01
4.827508168194584726e-01
2.764364679236092082e-01
3.579826770854553364e-01
2.496047654952189554e-01
3.789471432522604766e-01
2.641057992180773639e-01
2.400944786356875860e-01
4.925238644677122912e-01
2.552118439885149304e-01
2.876521856441124347e-01
2.465662951550439408e-01
2.501018796654269627e-01
2.903057065332000919e-01
2.477437917979756765e-01
2.936396016355902749e-01
2.531054160750210169e-01
2.785370616378103903e-01
3.510363498573774166e-01
2.391603949095280623e-01
4.069136007487733631e-01
2.590482296477821800e-01
2.963007554338745742e-01
4.110966581613790805e-01
2.963007554338745742e-01
4.110966581613790805e-01
2.778413333847107869e-01
2.494306786247852403e-01
2.923966160358799082e-01
3.617597242287857728e-01
2.902836083528479438e-01
3.437384920549999001e-01
3.594408674815695592e-01
1.745000566911597273e-01
3.778656622458885228e-01
2.625289165466473951e-01
2.382346053649175288e-01
2.461649087607547248e-01
3.400103013799152252e-01
3.556810255250674735e-01
6.831749682984920025e-01
6.671674025630998095e-01
2.998716781408643506e-01
3.498373335818765750e-01
3.336933213362879291e-01
3.005223175884567666e-01
4.555508240770695383e-01
4.969256250301762878e-01
2.249264215176169646e-01
3.252522978052843072e-01
2.844122967662166546e-01
3.392007876777217712e-01
3.389227221108855326e-01
3.786883792573476071e-01
4.515534107319320034e-01
5.001230252864868886e-01
5.004781805231557357e-01
2.958643597821997706e-01
2.483521005343431176e-01
2.650208539080792791e-01
2.867176372786646721e-01
2.234860874697649769e-01
2.798726953859954625e-01
1.400772209598659668e+00
3.253147065254255454e-01
1.230597694561429645e+00
3.947646704330478595e-01
3.676609656703662132e-01
2.988791454515813406e-01
2.683662828636196318e-01
2.381739279176879331e-01
2.838815968660626243e-01
1.288537836903761002e+00
2.838811837377622216e-01
1.374806513304549505e+00
3.263639175922020685e-01
1.741004071910785822e-01
1.123930112548413796e+00
2.490376147513005678e-01
2.685958079715328739e-01
2.639758256359924227e-01
2.812607804152577051e-01
4.108382608447498918e-01
3.816391762657676545e-01
3.881563789850331347e-01
2.256837081581058724e-01
2.510443455641682697e-01
4.095044349395346450e-01
4.353913412930583426e-01
4.200632198568619025e-01
2.489830664198441346e-01
2.772638933172375530e-01
2.494884388403000308e-01
4.651629313737397076e-01
4.661070530268005552e-01
4.290735077306869205e-01
8.802059613351036482e-01
1.007436082983297343e+00
2.447851131018843052e-01
2.789504536798889101e-01
3.269531328729347597e-01
3.235420792573991400e-01
2.624502800864504937e-01
7.950717703098540978e-01
8.067178737675354538e-01
2.813301203435521480e-01
3.002304528171190201e-01
2.569267068633172002e-01
2.926446535600459309e-01
2.438480553467251011e-01
2.519947388481518225e-01
1.099671502832108239e+00
2.454174582267804328e-01
4.496494533401172999e-01
2.818838610565275182e-01
3.753615449372058599e-01
2.405438602081347854e-01
2.628910288749424784e-01
2.688907963058390638e-01
3.369246626033773895e-01
3.584788492169415641e-01
3.819281211200942772e-01
2.813378977971547901e-01
2.431121522580073357e-01
4.963168855954596115e-01
4.930595627070665232e-01
2.494959095868355403e-01
