2.449808138669384017e-01
2.555803373054009731e-01
3.610005229714385311e-01
3.713044152786088015e-01
1.724108814757144281e-01
2.246516667414422963e-01
2.507950049317652086e-01
2.699682871216023128e-01
2.840835922295742444e-01
2.880717882585729361e-01
2.512191734565622503e-01
2.485591786911099110e-01
3.062423363318538261e-01
2.514868119446916905e-01
2.966104976076677224e-01
2.322599756219783096e-01
2.573307567038972676e-01
4.161801626789576880e-01
3.676980216619866182e-01
2.554193171337784674e-01
2.890258927110842535e-01
5.148761273842048514e-01
2.466441967118652989e-01
2.461197335269186270e-01
6.347705204216332886e-01
2.524595777094059690e-01
2.730299083673955463e-01
2.518426017505865921e-01
3.526590942871319911e-01
2.476056057821168499e-01
1.372462627085216935e+00
1.347094230316412622e+00
3.016181900179837339e-01
2.828314008082785103e-01
2.519919920212942421e-01
2.658375409148810431e-01
2.771060003980689301e-01
2.408619907528820048e-01
3.949917550514422948e-01
2.398935934380921620e-01
4.046244803988002792e-01
5.153950872785079129e-01
2.387175669421068014e-01
2.371915766918488155e-01
3.920202333488331248e-01
1.144973746410966831e+00
1.261049027198506423e+00
3.656636794496494480e-01
4.443491020240497580e-01
2.555815600805874110e-01
3.011965445704729016e-01
3.009554984519813847e-01
2.454353047380505026e-01
2.862801530661193694e-01
3.554110435217127661e-01
2.402975692474058900e-01
2.603400770201045877e-01
2.974383949880963773e-01
2.463693378816783075e-01
2.473802137591902539e-01
2.793372528348101458e-01
2.912610628772907551e-01
3.571778433540776510e-01
2.433930660127129053e-01
3.455896113808700210e-01
3.452183028808940013e-01
2.368185464935446682e-01
2.891386047452654262e-01
2.538414149738250081e-01
2.766703650663285829e-01
2.887605400122630894e-01
3.604245502657370537e-01
8.641566621539122917e-01
2.809341551861282427e-01
3.545637024498508039e-01
2.222314007278359260e-01
2.751678287952811219e-01
2.472052042773726643e-01
3.021437717977581427e-01
2.997075555181515361e-01
4.767419817303275020e-01
2.719452335508662499e-01
3.569608905116730679e-01
2.411589597477266644e-01
3.809078970978599377e-01
2.648589891160526011e-01
2.620695031141181963e-01
4.738664883191727184e-01
2.539472403717877302e-01
2.825143221111747760e-01
2.497196178460287241e-01
2.460602275816522744e-01
3.010838214365068599e-01
2.467692606630531305e-01
2.910987253485106674e-01
2.624479396614927684e-01
2.820544412701566084e-01
3.540428866450734957e-01
2.362349013188622115e-01
3.686542560341999342e-01
2.592889352582146145e-01
2.719172041040893162e-01
3.581853468417605102e-01
2.719172041040893162e-01
3.581853468417605102e-01
3.074950732190009917e-01
2.532428359360793801e-01
3.391691775483864912e-01
2.489788262224482407e-01
2.897966239058399895e-01
3.616968822337499612e-01
3.367256312061736034e-01
1.717949085211974147e-01
3.702409359178067128e-01
2.651214879670085178e-01
3.684670686562375730e-01
3.025652002047400368e-01
2.578363778610644474e-01
2.819062298321186599e-01
6.400220074148941229e-01
5.480937131734565648e-01
2.820964912826280369e-01
3.584343623003448664e-01
2.341778929983005797e-01
2.678393449441046070e-01
4.300068713048155744e-01
5.826017681587734032e-01
3.534088068216276746e-01
5.140935688915719837e-01
2.180550325857402993e-01
4.457943578620068847e-01
4.524525382417605157e-01
4.484875084848600202e-01
3.693688315467333338e-01
4.019712493460930736e-01
3.667981449115348958e-01
2.504886457573330394e-01
3.024475313590599956e-01
3.792219922287997647e-01
3.074902600412666720e-01
2.766980034035307345e-01
3.415123809518121334e-01
8.288547059405703132e-01
2.326737755223754200e-01
6.797728672208859235e-01
2.556369295080019866e-01
3.527475666241154384e-01
4.187029630011065429e-01
2.949598432832232775e-01
2.271240257850681565e-01
2.563095381728409117e-01
6.226572051169750877e-01
4.493950645991473536e-01
6.432595168164030319e-01
4.546943607563599388e-01
1.730887757787779591e-01
7.194985460821500256e-01
2.917772459400370111e-01
3.611633717324775894e-01
3.057356498793485922e-01
2.524304980576684287e-01
2.867790049336352287e-01
2.743221931772737432e-01
3.138099760217559209e-01
3.502297902996120982e-01
2.810167494604083327e-01
4.891995136089459795e-01
3.965673965499291187e-01
4.808677835890915464e-01
2.632761963074137790e-01
2.654907940498184016e-01
2.458438103678032283e-01
4.395897294268422129e-01
4.179471883533937837e-01
4.564577942422824441e-01
1.021934183034808319e+00
1.110401542666245467e+00
2.428962936494133973e-01
2.948525501587958564e-01
3.518234933687743315e-01
3.650478515718116879e-01
2.508806849055316146e-01
8.658670936540135976e-01
1.108798759395964728e+00
2.857108582176625666e-01
3.598008414532547494e-01
2.552110856381175075e-01
2.903742428241433693e-01
2.443041687223666825e-01
2.464525572139932008e-01
8.721643062322953499e-01
2.894603873310546138e-01
3.119353219424290113e-01
2.951256645771450082e-01
2.621930704456764127e-01
3.038647137030154877e-01
2.746196026382041744e-01
2.895187991902309355e-01
2.476380020856688569e-01
2.464516783500062813e-01
4.835410585616617407e-01
4.615348386800516844e-01
2.459310470798817816e-01
4.969649044666908377e-01
4.983815693704733429e-01
2.523450901934483626e-01
