2.808560266562795116e-01
2.974299528487899247e-01
2.407902408745406786e-01
3.030658484593547475e-01
1.739603944298861726e-01
2.546910006093144330e-01
2.660800136878038180e-01
2.726567785496593066e-01
2.894800684530335344e-01
3.017356153856711187e-01
2.475267704509959421e-01
2.532822596906374457e-01
2.828035941887998561e-01
2.432961374861942472e-01
2.936185807886399490e-01
2.291507659046189693e-01
3.515360633466030893e-01
3.030027092366202601e-01
2.484725712952602916e-01
2.538456017025484956e-01
2.878559215311943253e-01
1.105062238970932365e+00
2.479599570620303062e-01
2.467650862362371078e-01
7.443423184847804963e-01
2.573586701159696899e-01
2.832280051821420286e-01
2.724298889485780584e-01
3.573428854373023600e-01
2.789542590119558629e-01
4.950004794437649069e-01
6.234701191297844503e-01
2.962804121203128638e-01
2.627356253278093634e-01
2.467978622103952635e-01
2.604810679129221374e-01
2.754913330401404514e-01
2.449338420179899278e-01
2.861975156816833898e-01
2.496949450490985323e-01
4.019717777985756801e-01
5.700115692925271649e-01
3.554052503348273384e-01
2.228720700099846297e-01
3.609965017114472596e-01
9.344302345358527218e-01
9.783975291808812980e-01
3.282691406725676830e-01
3.247410903328983856e-01
3.036807276131626709e-01
2.450272837132393688e-01
2.888225608762537977e-01
3.256899532996698210e-01
2.895270083969697095e-01
3.548319261958434168e-01
2.530206888299958434e-01
3.625350178986097016e-01
2.537779770642391020e-01
2.951293944277163517e-01
2.950530278847254273e-01
2.519969670206345658e-01
2.858914328667644389e-01
3.562078132875181602e-01
2.391832520469507617e-01
2.632995286876166907e-01
4.369306856537220063e-01
3.600777469523993024e-01
3.026090989014758037e-01
2.638763673252657593e-01
2.885554611310104378e-01
2.873280840152195315e-01
3.601986725367825048e-01
9.268658702143047767e-01
2.804468823918593867e-01
3.568169722240242536e-01
2.287714118757208925e-01
2.791806751869034819e-01
2.410417453044044755e-01
3.026184951699965597e-01
3.047037000770588810e-01
4.604945052095054114e-01
2.839632223358748986e-01
3.588550295005199509e-01
2.493005065454388935e-01
3.790246095827385364e-01
2.607903331940378822e-01
2.466234040392346616e-01
4.879397945442729423e-01
2.544238607846621147e-01
2.883142262045654824e-01
2.488664077814538023e-01
2.471444771706617360e-01
3.029793971574361588e-01
2.567994173292905136e-01
2.804815542621526547e-01
2.664993839828683209e-01
2.822528629135981348e-01
3.529162996632193017e-01
2.388467565669794845e-01
3.257283418370440775e-01
2.618296665244108090e-01
2.788597989542875299e-01
2.985131596230031215e-01
2.788597989542875299e-01
2.985131596230031215e-01
2.838543995048987134e-01
2.680755287629379979e-01
2.745219113274413036e-01
2.783998283553671960e-01
2.888569168285257116e-01
3.589151323622423173e-01
2.767175188760667703e-01
1.739681527916623338e-01
3.803641310055067004e-01
2.726906602065437002e-01
3.104986687181429672e-01
3.029844164710552845e-01
2.840106639290179147e-01
3.365937112797659503e-01
5.185646761242147518e-01
5.020597914032449705e-01
2.974777824819693217e-01
3.597169884545468599e-01
2.598603838301933866e-01
2.218763340484615487e-01
4.551379191930745027e-01
5.433976922374558205e-01
2.870854243592753097e-01
4.349068565753443361e-01
3.136712464723008242e-01
4.696419693587929878e-01
4.606291798375725666e-01
4.661091048915780855e-01
3.628959103073428061e-01
3.450253818100693648e-01
3.709076602810151835e-01
2.762368503750056714e-01
2.697019417661104534e-01
2.641930888713366898e-01
3.387353822306161111e-01
2.811575748807766950e-01
3.420596670426843122e-01
1.073964361692515856e+00
2.276818236672508711e-01
9.710617622961572604e-01
3.100662700741717015e-01
3.542826289773638448e-01
2.701809377555057234e-01
2.800418665825253339e-01
2.547087141800331023e-01
2.496441743882576725e-01
8.610079795311452733e-01
2.789712337964568856e-01
8.775450044845027886e-01
3.711512132953273535e-01
1.739127982433982533e-01
9.922142962151815349e-01
2.484981702202379017e-01
3.837405348275432782e-01
3.577820069166300354e-01
3.812627370962178297e-01
2.851551619866350973e-01
2.607617888617201340e-01
2.769892431775247688e-01
3.462677185816808723e-01
4.022642679756469053e-01
3.079961566496873249e-01
2.897445397821764024e-01
3.152446910449110962e-01
2.608650922504694436e-01
2.515762732302816995e-01
2.494702345877562732e-01
4.654996542927408720e-01
4.766616993580996553e-01
4.887597973608563406e-01
8.637137652896338391e-01
7.510282864216683008e-01
2.405253119717024324e-01
2.958773602726449403e-01
3.535354158017499637e-01
2.485909630558545691e-01
2.559036318926793951e-01
8.533090960276885628e-01
3.705696450034576817e-01
3.543819166988536051e-01
3.675171016391586831e-01
2.544577978746199176e-01
2.880836521229101499e-01
2.472458070012013565e-01
2.475496051778058870e-01
1.074137713113169301e+00
2.687655601012691187e-01
3.179338788487461320e-01
2.958701045706073618e-01
2.941741700355317568e-01
2.493571162947658681e-01
2.580650382420827116e-01
2.706214734630027485e-01
2.956818180049545219e-01
3.497693857628848546e-01
3.809002605543698183e-01
2.974420591695361993e-01
2.488266592738812566e-01
4.970934917032099332e-01
4.975048771053254826e-01
2.479803618722421776e-01
