2.554758302693564964e-01
2.582637877988938624e-01
2.721916747712790352e-01
3.811681479086568847e-01
1.734522045830655945e-01
2.353049110088031859e-01
3.671479837010972469e-01
2.576855067070273897e-01
2.551574435271871666e-01
3.044427724984984929e-01
2.457493745691392006e-01
2.986458791797789725e-01
2.442612185007070336e-01
4.875754755219419145e-01
2.895586196346060515e-01
2.323586419729365971e-01
3.775082606204925861e-01
2.550895548248863220e-01
3.188570765416724462e-01
2.526598336824154023e-01
2.906109300902529058e-01
1.315366446100292741e+00
2.487734259572221274e-01
2.471174072994475612e-01
5.684414550624187212e-01
2.506342034023490983e-01
2.939309059277717129e-01
2.684525640383953471e-01
3.551301145838224316e-01
2.464471665639491327e-01
1.056145451264316915e+00
1.099378760479638784e+00
3.286120495878737113e-01
2.615629834660797570e-01
2.495876597868297020e-01
2.720063033750648174e-01
2.641392070847790041e-01
2.415510418765489664e-01
4.332058649203904266e-01
2.430651715512546773e-01
3.841046127265136390e-01
5.224446417602778281e-01
2.357184394551664897e-01
2.333959819349857023e-01
3.770242002070501308e-01
7.264618357013473693e-01
6.983722981882204417e-01
3.623762538709968117e-01
3.949055512570069926e-01
2.961254942588789629e-01
2.443876275184143076e-01
2.512688686838687735e-01
3.048945379357334562e-01
2.842573805891158711e-01
3.540140007335773054e-01
2.546740995242300909e-01
3.386584449529617125e-01
2.896729859079974490e-01
2.574345413332995713e-01
2.534117379315336538e-01
2.882388486761615631e-01
2.835081488801431404e-01
3.575261062766510456e-01
2.448993632607092130e-01
3.212543892959515146e-01
3.479092420305399114e-01
2.285752473332587631e-01
3.024538522328931167e-01
2.771095731632735593e-01
3.129397921452576337e-01
2.899456694058183404e-01
3.591852819745339209e-01
7.444777082298649207e-01
2.806006842541487467e-01
3.583723646395017282e-01
2.285671995909799026e-01
2.655810663500435820e-01
3.036205782531673503e-01
2.436742421716970031e-01
2.427257426793019146e-01
5.314094728197160666e-01
2.823210974936562478e-01
3.597154992494354664e-01
2.562568068481269057e-01
3.351095517522212908e-01
3.382754128004511474e-01
3.601020367651071030e-01
3.077946629844573456e-01
2.519340199135720604e-01
2.848249740648302053e-01
2.465952192024708223e-01
2.477972905986445540e-01
6.554303901216526063e-01
2.452852079664137874e-01
3.030673208008911046e-01
2.491023235206192843e-01
2.827021808462639174e-01
3.530102026980709296e-01
2.409904874028800936e-01
3.859510028213929966e-01
2.610650167840607438e-01
2.604757098077631339e-01
4.412306630107466487e-01
2.604757098077631339e-01
4.412306630107466487e-01
2.837479128550341456e-01
2.534933856632233251e-01
2.468881352357112369e-01
3.026842094925961124e-01
2.864992187023716608e-01
3.562566981539773137e-01
3.455168528949710272e-01
1.755435140261585314e-01
3.768558243766998994e-01
2.685464504096845562e-01
2.830306308126918080e-01
2.849912683016057602e-01
2.829581248175708219e-01
2.731251696846344612e-01
6.505141820076585368e-01
6.209074856106396867e-01
2.883731641098046250e-01
3.539798915186841977e-01
2.380331539956642151e-01
2.707208060927355220e-01
3.929597696763864612e-01
5.538721993075458316e-01
2.628175018418025255e-01
4.525655755818959736e-01
2.909875194886502592e-01
3.532742442243751446e-01
3.247147435821253758e-01
3.464533393260659233e-01
3.183758276966754397e-01
3.532121865647977477e-01
3.081691315894508620e-01
2.431356099483864830e-01
2.417401178849235832e-01
3.059477753906755249e-01
3.432675958361948165e-01
3.000110315540597816e-01
3.203340865957002848e-01
1.132284447538100203e+00
3.071627961663305761e-01
1.053831997352162819e+00
3.203554404171787273e-01
2.755455619438313963e-01
2.748567989905396636e-01
2.976109008823903945e-01
2.533542179362952007e-01
2.683356435805132612e-01
9.889411465022381886e-01
2.633325082019279950e-01
1.049678213485105704e+00
3.061023298345061372e-01
1.738453533788622274e-01
1.139439064068912044e+00
2.985463757092808312e-01
2.949686480330902527e-01
2.818744118284101097e-01
2.744764367774576441e-01
2.833042410898050645e-01
2.801957052031130990e-01
2.900153975303183529e-01
3.563267991247492938e-01
2.539348354689687226e-01
3.973146082258520173e-01
3.739107019211836969e-01
4.234092111127633062e-01
2.619916509684034889e-01
2.507176677556472444e-01
2.577993704660578866e-01
4.313161242160888365e-01
3.683697994975380641e-01
4.627375736600105038e-01
1.246586183366150680e+00
1.385394889357220105e+00
2.434715920483106200e-01
2.934534629595477728e-01
2.282985442152831168e-01
2.864268026424112712e-01
2.477642991754328283e-01
1.431175025456645100e+00
1.430389948452866156e+00
2.918976447186747425e-01
3.629097858034177060e-01
2.537932061509946546e-01
2.870491250646416415e-01
2.477950653692113925e-01
2.475265570220157030e-01
8.847471693659312297e-01
2.863169751878957836e-01
2.420903570142327321e-01
2.873763057775086671e-01
2.559521930548607771e-01
2.803211405867317429e-01
2.538716725514950090e-01
2.898832156805162819e-01
3.057157001332454493e-01
3.604463529303127967e-01
3.320315138765450036e-01
3.234859545810895298e-01
2.467151324626148390e-01
4.972255894524417186e-01
4.941483992315085505e-01
2.458834067731756612e-01
