2.714363654524701297e-01
3.114391611601800003e-01
2.442514540209721197e-01
3.188512781498866744e-01
1.814160546851240619e-01
2.189086385841191862e-01
3.044133183972462242e-01
2.916927920756814951e-01
3.578888845588239498e-01
3.052646842202944577e-01
2.372262684405812283e-01
2.495263904402080513e-01
2.514095664396297503e-01
4.587399453539675043e-01
2.962408924151551659e-01
2.770118890093202779e-01
3.069616676097103869e-01
2.907965095262747268e-01
2.607974949130520415e-01
2.430992296852923784e-01
3.043710285619525835e-01
1.221328771475882036e+00
2.503994944757633734e-01
2.456771242914174980e-01
7.153542779993046219e-01
2.342396540434922014e-01
2.622442393942878147e-01
3.433828309394432177e-01
2.305899623763564277e-01
3.550326576446865001e-01
1.095469359379107832e+00
1.148480981282987479e+00
2.879030393853916348e-01
2.698001292071648960e-01
2.546544980324856322e-01
2.408540663850705921e-01
3.043357242935622597e-01
3.007872934837019785e-01
2.699693917198756066e-01
2.373504730630980608e-01
3.996182056595826704e-01
5.605763184860106385e-01
2.297828200416376365e-01
2.284456446565197030e-01
3.719711044882250128e-01
6.072198732731849402e-01
5.050787221799816207e-01
3.569598189874240157e-01
4.137820206603648465e-01
2.555156787336929081e-01
2.345288983783446746e-01
3.171340779874111115e-01
3.564450739509748556e-01
2.768911016004119707e-01
3.476822966900683931e-01
3.113644148613939899e-01
2.679610525963356249e-01
2.882625162301071242e-01
2.735786199778275640e-01
2.638522917397640999e-01
2.754029888408786042e-01
2.934098805844256308e-01
3.545042374068092528e-01
2.348992961998613571e-01
3.180967632131754819e-01
2.816353226608954152e-01
3.419434586738147042e-01
3.023019286431799513e-01
2.977411881867080279e-01
2.575151076694469077e-01
2.842499900822583192e-01
3.594247659027772213e-01
9.747331598566413291e-01
2.731558826503555637e-01
3.516380691120941648e-01
2.307859581270287896e-01
2.481929006534655258e-01
2.527028150543161877e-01
3.012492989208674365e-01
3.578463781249995312e-01
2.557368038430144486e-01
2.758374072506162844e-01
3.591555897349925641e-01
2.437246911318350917e-01
2.706472975563335992e-01
3.013995037732059012e-01
2.568933398730841033e-01
5.019807219643760421e-01
2.476578839608902793e-01
2.820173175604008819e-01
2.564394050812818238e-01
2.463172984865027171e-01
3.951633743190620662e-01
2.635501363334996072e-01
3.063849227585225266e-01
2.408897205233258010e-01
2.762854142863357398e-01
3.520723677052558509e-01
2.263488518168431107e-01
3.717575230051893276e-01
2.853333822258596331e-01
2.555255196429823683e-01
4.212351655250619609e-01
2.555255196429823683e-01
4.212351655250619609e-01
3.090972227221276403e-01
2.520317610395327868e-01
2.686884458284023447e-01
3.092083453138496085e-01
2.841452570545420775e-01
3.608050471282234772e-01
3.630617351300453599e-01
1.747325479806350612e-01
3.833352451578013187e-01
2.739454035557115641e-01
2.476677259240605000e-01
3.041227216762578123e-01
2.598702554569087275e-01
3.337403942639147192e-01
6.803635712046691708e-01
6.644879751011713021e-01
2.766687525487692700e-01
3.608577860791982173e-01
2.421902779787566407e-01
2.637297513999540821e-01
4.360292688476527512e-01
5.917474331412588828e-01
2.391700110839152238e-01
4.699055159212522925e-01
2.370510162033805102e-01
4.665538318211548963e-01
4.437774261028969991e-01
4.486070253646178285e-01
4.513389169376443855e-01
3.358161235528395183e-01
4.450173990787486544e-01
2.745050950899297071e-01
2.483027994082274148e-01
3.457223749164698434e-01
3.269380154602545829e-01
2.835754881706024078e-01
3.095730875970058027e-01
6.700252374213568896e-01
2.498904573397296436e-01
7.705919972429150500e-01
3.353131995074649097e-01
3.758453201856549741e-01
3.887249317316464059e-01
3.078913385027258198e-01
2.258514883243907534e-01
2.442281882495839773e-01
8.655324796596035597e-01
2.780983669929297797e-01
9.327346489517076567e-01
4.201405579552213165e-01
1.737705465806196892e-01
4.810101068099172927e-01
3.022172507800056085e-01
3.130896173360171453e-01
2.510370924375065482e-01
3.669134953126199084e-01
3.456657044775234278e-01
2.518918247130479959e-01
2.777755139430368447e-01
3.490276995338662536e-01
2.982842107070691751e-01
3.850743964055378665e-01
4.715198627968145706e-01
5.007554150992805653e-01
2.532385190123076502e-01
2.821716023526631423e-01
2.604731368880539022e-01
4.819631362043708123e-01
5.190751761052576629e-01
4.676638979387966466e-01
1.130995019391478618e+00
8.457317787208826765e-01
2.532504065289927775e-01
2.868843638351274428e-01
3.622900762847371947e-01
3.812365030083179063e-01
2.482601142233923919e-01
1.126097655106184092e+00
8.286939794691584593e-01
3.218055254754251804e-01
3.605944212802751903e-01
2.599029189045362065e-01
2.821290824357098881e-01
2.391465888321583910e-01
2.526809173124787145e-01
7.249284829616096104e-01
4.469560724792162043e-01
2.458500183165551189e-01
2.844427115346030432e-01
3.420803966745831759e-01
2.760597240628565596e-01
2.632773354051293202e-01
2.361723696899485359e-01
3.779374831083476827e-01
2.639840593492682741e-01
4.693708595257438110e-01
4.732905089402283938e-01
2.453616504000757370e-01
4.968405530298330985e-01
4.967478653041713654e-01
2.404679268356997024e-01
