2.406484948281361613e-01
2.866951676499080448e-01
2.384894302492739093e-01
2.584308409205332557e-01
1.747746768337830603e-01
3.928068732193736867e-01
2.612937248593518169e-01
2.768842618304491743e-01
2.756926126616897066e-01
3.074452853670071040e-01
2.468270152821964436e-01
2.547524605108921203e-01
2.777151682104321839e-01
2.982162483676582543e-01
2.937801542971716362e-01
2.221331213834984442e-01
2.888982468586672736e-01
3.157404205727279978e-01
3.250307838870091781e-01
2.543709890657588901e-01
2.875042777373671976e-01
7.105254270176940556e-01
2.494374899205372142e-01
2.432467195244435998e-01
6.565530879011824972e-01
2.887935817851078335e-01
2.553441549368627994e-01
3.094731513082488727e-01
2.223967768463616934e-01
2.715344493451383179e-01
5.986220353924096571e-01
8.662388077245790630e-01
2.418216094926977366e-01
2.977002951770909567e-01
2.938768666929014173e-01
3.396044006403580728e-01
2.487995388203830538e-01
2.837444553689038584e-01
3.954562527190371712e-01
3.044095187808597558e-01
3.272119428714676537e-01
4.889797974550678661e-01
2.184590969177198083e-01
2.136183031963484469e-01
2.709885081713709898e-01
5.844007912429961538e-01
6.686383103812977291e-01
3.172257351470101905e-01
5.130493015049510941e-01
2.563365792705058488e-01
2.649462597349818704e-01
2.883376421945690882e-01
2.876456848608112682e-01
2.986180441517431450e-01
2.239939301397782245e-01
2.929972402957151112e-01
2.928464908628197749e-01
2.509316372818247154e-01
2.791624969794229139e-01
2.758805762855981447e-01
2.596235305850857489e-01
2.977828826946907759e-01
2.186844320604525160e-01
2.754295826616725562e-01
2.667506892901114202e-01
4.273509275802295226e-01
3.529779406466394542e-01
2.707927625605282551e-01
3.084004498489812396e-01
3.184109028356963966e-01
2.963866670505301837e-01
2.293015032535735687e-01
6.977559383110424340e-01
2.348096332643111461e-01
3.256618127215485381e-01
2.837231700282851210e-01
2.186068166797358603e-01
2.357746458223785591e-01
2.389152485747500776e-01
4.400649399325951006e-01
4.350405862567444659e-01
2.931793708638573137e-01
3.407322779410237312e-01
3.660697879364075424e-01
2.613599046813410709e-01
4.162112937618329123e-01
2.745847804904599232e-01
2.463368373352234908e-01
2.559292752947560645e-01
2.884636437402878784e-01
2.477701104784635344e-01
2.461543659396329131e-01
3.380506843258818117e-01
2.742781615009265428e-01
2.505406987014404674e-01
2.967015791025968685e-01
2.945650391002894719e-01
2.234474654622389256e-01
2.526214279547563391e-01
3.209789914800361132e-01
3.307755105690584618e-01
2.709919169002432682e-01
2.695259481694080583e-01
2.709919169002432682e-01
2.695259481694080583e-01
2.411119548560466397e-01
2.523423633897465823e-01
3.289024233782946172e-01
3.017656564626423621e-01
2.938728572723371957e-01
2.184961616314257116e-01
3.059483960197333374e-01
1.756456950928693417e-01
3.679581070963182099e-01
2.585586666816699908e-01
2.589469267597871993e-01
2.555641873797828700e-01
3.486639664977954078e-01
3.462719665676682879e-01
4.561193925440795160e-01
4.860959143286394113e-01
2.958831236993056946e-01
2.236998219104834595e-01
2.973515570414728137e-01
2.914192597653473271e-01
4.008785087429083127e-01
4.827469401877339528e-01
2.640615294431588600e-01
4.964823660010436179e-01
3.236945232009341700e-01
3.596910556832936257e-01
4.007015165926419153e-01
3.851027008328616330e-01
3.551529909534408835e-01
3.508685509334034114e-01
3.245159801575580039e-01
2.802572185308759845e-01
2.620340545756021933e-01
2.498724450839514000e-01
2.655906776613295994e-01
2.991865306211427544e-01
2.226255309691653750e-01
5.849178845168364616e-01
2.610548612458596374e-01
4.147151706931627158e-01
3.070026289035180378e-01
3.057213110152255386e-01
2.639062160255984391e-01
2.561397837654887932e-01
2.447392309305601865e-01
2.768145622796000516e-01
3.049914446429826675e-01
4.250167514408787484e-01
4.044213485837197530e-01
3.464152699574311600e-01
1.718804212052064129e-01
4.634220999040428723e-01
2.482633363823885664e-01
2.837286573282334912e-01
2.742992737870031394e-01
2.758898856747011297e-01
3.779467891807761770e-01
3.781068976716094876e-01
3.756822933391668062e-01
2.219429938639497224e-01
2.582596287728841089e-01
3.967323295442750641e-01
3.452127835111493126e-01
3.603946750820909983e-01
2.519419726127750669e-01
2.524931232682381399e-01
2.606263061612779097e-01
4.426022579123358169e-01
4.403394687646673411e-01
4.621271756614293569e-01
2.607126720013875354e-01
2.994813072427999767e-01
2.392155325251217046e-01
2.885618065525879516e-01
3.392758295501161481e-01
2.769588401177903725e-01
2.991586596221743610e-01
5.194738383179550167e-01
3.210139039759994928e-01
3.248492159169225069e-01
2.685850634517537028e-01
2.555469431496883437e-01
2.913868913996175425e-01
2.460479850659438861e-01
2.444856112237574763e-01
1.108139022088486358e+00
3.006088327310674213e-01
2.895702996538876972e-01
2.934693358498278726e-01
2.755955210776181441e-01
2.758038142976392271e-01
2.838193842272038192e-01
2.640820955007500692e-01
2.742402652629204463e-01
2.744394364352680249e-01
4.630060078657927125e-01
4.459222344564708340e-01
2.534734430124516158e-01
4.958847830829131720e-01
4.973344820149662726e-01
2.415440419682167161e-01
