2.869160015862875501e-01
2.777642496743083500e-01
2.443963466873627921e-01
3.594733936470964619e-01
1.761395003723170427e-01
2.544588215642648588e-01
2.556912503044302398e-01
2.666490236291211291e-01
2.969930710072330449e-01
3.031436288406938462e-01
2.472629637302319050e-01
2.493839664907212539e-01
2.903214850340815611e-01
4.408407800112862929e-01
2.818521056328427976e-01
3.553730648292648397e-01
3.569697073337106952e-01
2.742126223292677412e-01
2.599916567554059754e-01
2.519108732808049700e-01
2.875462592153864017e-01
7.410866254780179574e-01
2.498253340697287883e-01
2.469069339410191744e-01
5.703164636068281945e-01
2.719966075045296972e-01
2.622742641653351137e-01
2.781071275870299342e-01
3.563281405063104534e-01
2.902801819422162199e-01
8.840512614989992635e-01
1.158256597248607411e+00
2.840704816310609671e-01
2.697063409067971262e-01
2.507507985670558437e-01
2.615120320561517553e-01
2.770885056411531711e-01
2.449406702357503074e-01
3.630281783417544372e-01
2.465170154763925425e-01
3.967022606368226234e-01
5.574398916939049542e-01
3.562432624332148579e-01
2.163127835355318773e-01
3.598050300781657218e-01
9.453159945338195369e-01
1.024403695757801103e+00
3.335155719995052115e-01
3.047959706431571658e-01
2.921990825084117005e-01
2.504223747486541973e-01
2.624553573032554210e-01
2.981768411337590297e-01
2.887311405128021313e-01
3.539908969587229337e-01
2.465324614367914446e-01
3.368609903949885132e-01
2.708717134435175700e-01
2.687433297965124979e-01
2.545938607469867554e-01
2.653395250112580706e-01
2.876873926683585214e-01
3.559282523763131478e-01
2.445590040376497409e-01
2.912329750981388354e-01
3.368660263372478259e-01
2.926566623300303482e-01
2.929422652046990705e-01
2.597727027501892660e-01
2.904957530711326230e-01
2.864289969207746700e-01
3.601160492791886103e-01
8.360708819941908843e-01
2.806374900484285839e-01
3.638568917960905980e-01
2.280568421093992215e-01
2.674501218928440616e-01
2.874227212832745071e-01
2.475635049488564832e-01
2.371646397799093697e-01
5.181401471945168424e-01
2.812218267689955975e-01
3.550691291372742309e-01
2.448799262954373390e-01
3.263380318615737297e-01
3.039752644348238109e-01
2.977595344787695164e-01
3.305197864635814331e-01
2.563421333095250443e-01
2.872261682273843930e-01
2.499825872237239621e-01
2.477007646974296873e-01
5.045918179290515004e-01
2.488964516488204604e-01
2.919953284318514974e-01
2.551060615887191796e-01
2.821812641660360055e-01
3.609707338522054054e-01
2.417186619929478086e-01
3.390052130510362027e-01
2.624127062958455103e-01
2.661044503399530581e-01
3.259223748289081235e-01
2.661044503399530581e-01
3.259223748289081235e-01
2.837750848371464740e-01
2.518752533481599665e-01
2.653778468803494883e-01
2.781948369553456368e-01
2.858383632301210175e-01
3.588916399440825189e-01
3.097144062124587149e-01
1.749641316870983176e-01
4.033796551936597585e-01
3.219995533165315171e-01
2.600862657056741134e-01
2.994657650283042427e-01
2.571884599108961167e-01
2.648050230368341751e-01
5.685999679859231604e-01
5.424558257672701389e-01
2.849124370602795775e-01
3.553902187757392861e-01
2.286008902468784632e-01
2.745401358474393594e-01
3.601501702352603029e-01
5.424772837298216244e-01
3.304481622474125802e-01
5.079896481188006518e-01
2.491016046892167990e-01
4.453915834395139606e-01
4.543255415216744253e-01
4.505483116688984158e-01
3.571155807973376284e-01
3.787350893155728704e-01
3.737315294544154010e-01
2.567774230219159182e-01
2.748477924823817808e-01
2.700640609928511848e-01
2.949716809899248782e-01
2.829267102484596119e-01
3.468995714574801825e-01
1.099384693999076346e+00
2.410900728843778928e-01
1.039335671636551162e+00
2.693146367135537123e-01
3.165878363009334007e-01
2.813751440348490340e-01
2.844053932687986563e-01
2.406244558560759195e-01
2.669847351612739672e-01
1.204859635829443221e+00
3.977351237482193991e-01
1.252241598358434960e+00
2.853352043780575387e-01
1.735039974958171027e-01
7.608993093280340680e-01
2.457287929033324381e-01
2.870956030944353254e-01
2.856096287271435163e-01
2.797161976639200853e-01
3.297793684877933229e-01
3.231836391876727888e-01
3.586307877807440869e-01
3.443161436352681903e-01
3.262948172141648118e-01
4.755169044636874398e-01
4.387140327228019610e-01
4.350542169746161592e-01
2.529218369966658719e-01
2.673431836280539264e-01
2.531723717033934062e-01
3.793929744468364507e-01
3.625726275059525383e-01
3.052144740549030399e-01
9.344376915360917968e-01
8.084475536134970719e-01
2.717026713018588224e-01
2.890437301943633019e-01
3.540909853369181848e-01
3.127644103174422319e-01
2.565642076096504853e-01
7.044560662887068281e-01
7.583669793166765150e-01
3.049743826052068729e-01
2.682794337096749970e-01
2.550053771210763487e-01
2.909734000043384672e-01
2.499702607772355534e-01
2.480596328788293448e-01
8.194240498756220070e-01
2.829021502971246216e-01
2.719699709499175944e-01
2.886852712269185051e-01
2.935156772390921653e-01
2.562648006378795973e-01
2.464285210924079539e-01
2.604858940943226564e-01
3.275273159123883726e-01
2.759427560890134190e-01
4.005352473956837467e-01
3.293588854425603119e-01
2.484243742277302824e-01
4.973595516720513143e-01
4.955273380859048782e-01
2.478080475275864503e-01
