2.495416712604757448e-01
3.030021987969870878e-01
2.379437895010941550e-01
2.713633125740096963e-01
1.736446691826843414e-01
2.976044563709182578e-01
2.759191986264359908e-01
2.669893888610410104e-01
2.727226924421470300e-01
3.048371765286874147e-01
2.496767046662208556e-01
2.579389267021094945e-01
2.671426614940104471e-01
4.303035034315724205e-01
2.927664538340474243e-01
3.537450632258201111e-01
3.765842449886381837e-01
2.594200909858752624e-01
2.658586304109971099e-01
2.536351798663644130e-01
2.882037280918762212e-01
5.769805452403962975e-02
2.488127677205390076e-01
2.468898272845932718e-01
7.151966443524132577e-01
2.505232299131949780e-01
2.958308828699108828e-01
2.661684965382533075e-01
2.199303307310969124e-01
3.425600542868924570e-01
6.852293769758609487e-01
2.698179075364702806e-01
2.733535303855757492e-01
2.699803652451428504e-01
2.552500893558810602e-01
2.755070782477790914e-01
2.687439751996166803e-01
2.609920576673371295e-01
3.067874991259816886e-01
2.400327953095315880e-01
3.795644440470737346e-01
5.374507172393807597e-01
2.417547548487136155e-01
2.280959826439313276e-01
3.655477644061428388e-01
7.316799727111891194e-01
5.649646182696450580e-01
3.459642426485427524e-01
3.920616171737892897e-01
2.621297236042373080e-01
2.539444136135681207e-01
2.734527590948524489e-01
2.941842084532896306e-01
2.790881127109064996e-01
3.544770358856803583e-01
2.577383853102429567e-01
2.765252565722578493e-01
2.589165355994639817e-01
2.759353165350531545e-01
2.797999725949301131e-01
2.654811590891807405e-01
2.858164076616190319e-01
3.566104529203926177e-01
2.420265086645777830e-01
2.732921944263292380e-01
3.338067017005891812e-01
2.938806229320667374e-01
3.026666913349443933e-01
2.706361306805624145e-01
3.045186448193850093e-01
2.891513718224100749e-01
3.580666918276955712e-01
8.330009744444047959e-01
2.815071508009297507e-01
3.596811904370348367e-01
2.292485648687538902e-01
2.716175196036386685e-01
2.398467702874428897e-01
3.016930483332915247e-01
2.956118281034996742e-01
4.036592862330861120e-01
2.830193343798955152e-01
3.593275908361958648e-01
2.523819650730019792e-01
3.613997092385940468e-01
2.605766755041278859e-01
2.419266366208238095e-01
4.926492653013786471e-01
2.564376404897637518e-01
2.866420857565731839e-01
2.484529222135963555e-01
2.475292593113780915e-01
3.071793934337936349e-01
2.481109575686909485e-01
3.015793585428641621e-01
2.573763516407101548e-01
2.823278313414287477e-01
3.577901972146715903e-01
2.409668487410132898e-01
3.781449378041311649e-01
2.604750705817758805e-01
2.626868035479030250e-01
4.154224502076168113e-01
2.626868035479030250e-01
4.154224502076168113e-01
2.858032691133661762e-01
2.589485068174726679e-01
2.546938454888177938e-01
2.887863367299494111e-01
2.832346895797087094e-01
3.588342664624610268e-01
3.019007480713208347e-01
1.751348036118235973e-01
3.655048731310558963e-01
2.484299580035437827e-01
3.201934422298342575e-01
3.010746610571881643e-01
2.529366510662402479e-01
2.733729366366546842e-01
5.487205084982567094e-01
5.194934456178490478e-01
2.827006058165744684e-01
3.587211906842266984e-01
2.349143393391043833e-01
2.697219939082123319e-01
4.020635469444987509e-01
5.525594500088494287e-01
3.473799609518684051e-01
5.127175044174039353e-01
2.294149212029872598e-01
4.534872519689711612e-01
4.526835194697270137e-01
4.480410801155504941e-01
3.807815875569034447e-01
3.794909431130598088e-01
3.699900067899382083e-01
2.496415148172883292e-01
3.009267221463216568e-01
3.715409330669852128e-01
3.149844219366858544e-01
2.838216708648109154e-01
3.454927345520512616e-01
2.802089248461047677e-01
2.385937022021100695e-01
4.383925027592500134e-01
2.524822100793490676e-01
3.534308979417239427e-01
4.091072345684008682e-01
2.960400614243074435e-01
2.263147550187056267e-01
2.649073871901923560e-01
4.915231372614043970e-01
4.227019661178407772e-01
5.865328790631515465e-01
4.473481283342753967e-01
1.727258524710492127e-01
7.129678856248451435e-01
2.999524016330740173e-01
3.209365487573002107e-01
3.009863922242901890e-01
2.939801152988760768e-01
2.738561321343320198e-01
2.752792035231124701e-01
2.696281864683588436e-01
3.572125907397102895e-01
2.847881394727396764e-01
3.886282277343602320e-01
3.750922086685749557e-01
4.161730217283967637e-01
2.570621054271503003e-01
2.566168307797224157e-01
2.591841586767455463e-01
4.923792012967470599e-01
4.975280221383971413e-01
4.953263900895423788e-01
9.416726428596242648e-01
4.361220805813950108e-01
2.424460801756862516e-01
2.862743039122420119e-01
3.547014114324877343e-01
3.822121019886589033e-01
2.448323369686966899e-01
3.778553060271649944e-01
1.089117045632054942e-01
3.254064573726347942e-01
3.571925835502758328e-01
2.540127207524034980e-01
2.877391656726135394e-01
2.468744392629152185e-01
2.475913245500874216e-01
7.381589410430683396e-01
2.637735926332847591e-01
3.162577306732772819e-01
2.969367231885373659e-01
2.867115082286902927e-01
2.508005016116884311e-01
2.594334503983128370e-01
2.769661664124742906e-01
2.956269266068204948e-01
3.465724198094940478e-01
3.833073210973250156e-01
3.263280787582025222e-01
2.484627588567897283e-01
4.963344056033435203e-01
4.974380237657684001e-01
2.482346679570561487e-01
