2.431344002742480692e-01
2.856428056651190150e-01
2.282290853394004504e-01
3.220903262475753315e-01
1.756044276071061783e-01
4.057796283851396457e-01
2.923898523744346001e-01
2.625219458531183880e-01
2.844236903828596397e-01
3.022296420891467661e-01
2.336468019167820820e-01
2.609724590706192227e-01
2.640872653624538602e-01
4.439230654104014406e-01
2.971522188790873820e-01
2.253317847578246158e-01
3.209988448433956365e-01
2.889112959890035026e-01
3.362094522144039033e-01
2.551884790532796821e-01
2.864181654742726790e-01
8.681955550926743204e-01
2.483025012750826599e-01
2.473382923766569708e-01
5.855308109778785131e-01
3.042969913392386538e-01
2.797134959882430771e-01
3.255916268521885093e-01
2.406443251797275862e-01
2.469838069715331041e-01
7.141315965172130298e-01
6.217989124386891220e-01
2.818753461803970572e-01
2.672579930016318883e-01
2.356289566918204625e-01
2.576245688827316638e-01
2.761626953536708284e-01
2.660691136144150426e-01
3.540213626886439258e-01
2.666952992277974444e-01
3.674065264769235117e-01
4.802776310745727195e-01
2.130578192988470954e-01
2.196065473009102265e-01
2.910371701351711637e-01
4.231500026353122723e-01
2.981158927912765377e-01
3.111393546162075086e-01
4.657721172843344304e-01
2.893506081591954993e-01
2.549516135104536452e-01
2.857988867345835904e-01
3.107477817999321212e-01
2.951603241209273532e-01
2.334748905652206108e-01
2.717238458002646517e-01
3.481694155344610686e-01
2.502052985182240397e-01
2.907621015074539628e-01
2.951261889880566480e-01
2.518584584927170966e-01
2.960751268095995759e-01
2.171606932562044068e-01
2.809288284455044860e-01
2.578208059767636007e-01
4.339724305137633853e-01
3.727124233480859083e-01
3.023241676975150782e-01
2.721636282601017087e-01
3.241395932199643837e-01
3.008250073678046532e-01
2.187783277721759012e-01
6.539013305508725171e-01
2.282355915290394943e-01
3.345164303978222509e-01
2.839220370379038627e-01
2.254785345243110473e-01
2.455277566601825612e-01
2.405260298409158670e-01
4.458040254957059134e-01
4.403634619510556347e-01
2.957490941312115873e-01
3.391599093297073542e-01
3.678961648999808931e-01
2.692813567767774474e-01
3.525961487583195164e-01
2.881946286274084112e-01
2.767573883458004369e-01
2.533650444052520934e-01
2.808506011802762714e-01
2.533564665025362928e-01
2.446055967349706761e-01
3.453815952699204606e-01
2.516403265388360011e-01
2.542685237755253347e-01
3.265436825793586184e-01
2.943721376845168103e-01
2.289863401702799117e-01
2.707030180895412808e-01
2.820353075685644306e-01
2.786029394200861264e-01
3.471882209458007629e-01
3.017737488202567597e-01
3.471882209458007629e-01
3.017737488202567597e-01
2.122081853576709420e-01
2.410093161048229016e-01
2.553812714621577773e-01
3.337493304707594421e-01
2.997600630907855113e-01
2.191831186800283493e-01
3.282723971067147972e-01
1.736079073373058834e-01
3.835385437112052154e-01
2.732722048253163338e-01
3.183181998799197165e-01
2.454706554749504221e-01
3.613046032076498992e-01
2.884993306465489238e-01
4.820274495000420600e-01
5.370397850461494649e-01
2.973744432247771852e-01
2.375434776551717808e-01
3.600753397585906290e-01
2.571729343942633639e-01
4.891565552088685265e-01
4.708344509117730059e-01
2.513524368110255369e-01
3.540102389267847927e-01
2.750337177823157231e-01
3.695335980263303455e-01
4.020064419929027522e-01
2.736743596051762206e-01
4.510125027367504202e-01
4.356524699758465569e-01
4.526633466437710029e-01
3.013635648264493261e-01
2.471366043022383274e-01
2.450503452099871970e-01
3.035008072838340509e-01
2.974990488203461680e-01
2.168642035483368258e-01
5.364807562390544460e-01
2.510322566690588175e-01
3.881341577146108501e-01
3.706790727947347208e-01
3.005607917603053125e-01
2.489447047473627161e-01
2.629816307992246527e-01
2.457613956439190783e-01
2.995865833962092495e-01
3.098263130390895848e-01
3.809714235547000394e-01
4.934485566723753047e-01
2.721595499186970635e-01
1.740064292891090048e-01
8.740245916509276070e-01
2.429249510467110795e-01
2.580344054619631011e-01
2.923910769179730029e-01
3.046710972788617688e-01
4.003648651263020941e-01
3.924307134774130956e-01
3.809516376149036931e-01
2.283672164868996435e-01
2.632155550770388097e-01
4.316115001108483673e-01
4.485255407637225855e-01
4.619412652450504697e-01
2.447493289512950865e-01
2.755003316098693089e-01
2.508404733168993483e-01
4.042932822085875122e-01
4.489640862237584962e-01
4.103135797414209085e-01
2.378346856683238308e-01
6.502301256561664466e-01
2.454153687436856357e-01
2.862191550810643248e-01
2.241391467864846665e-01
3.079343160194866202e-01
2.595339397909869894e-01
6.618749732553480536e-01
1.018972777229667059e+00
2.923637006064478960e-01
2.992838682671029593e-01
2.542629204657975706e-01
2.911459162591483185e-01
2.478798772057073108e-01
2.476935739166870876e-01
9.169320733626761255e-01
2.650642155585600790e-01
4.403981510688075307e-01
2.912049580030705576e-01
2.584803579975431531e-01
3.474765872890153151e-01
3.071362034043650380e-01
3.724943508515700663e-01
2.393478200494436881e-01
2.664979334219571561e-01
4.685280751585917391e-01
3.222267396605035250e-01
2.488876457780605234e-01
4.959081645363192514e-01
4.963942901037574074e-01
2.453033528106901284e-01
