2.962118848020838247e-01
2.974070952897614473e-01
2.402269245819036725e-01
3.647745975244176542e-01
1.738220445853401741e-01
2.467745879995284497e-01
2.599448338059238695e-01
2.732004821209327861e-01
3.122379223235207668e-01
3.017873476647156550e-01
2.479875793336632772e-01
2.460751466778102470e-01
2.933779378738560761e-01
2.458853293430510178e-01
2.951013177926911646e-01
2.268389727139181189e-01
3.529560249572335495e-01
3.056121654476731120e-01
2.478691554212302528e-01
2.536332128272946740e-01
2.877235648648752697e-01
1.171073230521465725e+00
2.481197127361592369e-01
2.473921381144180420e-01
7.529662649114271522e-01
2.542679094081179980e-01
2.871212200827040761e-01
2.617741748010794511e-01
3.602382559655625816e-01
2.548206305420373519e-01
2.992701014364136936e-01
4.208193559579181953e-01
2.877756786185717841e-01
2.645129448628192881e-01
2.513483754136352499e-01
2.654361566153822793e-01
2.656763585169841235e-01
2.372316119162363734e-01
3.163664475118745378e-01
2.501675937406101502e-01
4.017561187664278055e-01
5.733884545458689530e-01
3.558581483875800644e-01
2.235031062976857996e-01
3.586415550086770598e-01
9.599762767739959957e-01
1.046609181612744743e+00
3.312899705864623678e-01
3.317916693645693305e-01
3.043359057548914448e-01
2.448029070201537538e-01
2.905270004518956672e-01
3.566955123614314882e-01
2.895477443841121268e-01
3.526295865876927782e-01
2.545545569865490521e-01
3.625555058223601801e-01
2.527819204845122569e-01
2.845352735876027772e-01
2.777110875003808710e-01
2.569276234224439626e-01
2.875762606346950467e-01
3.579757648205053044e-01
2.444303918873352299e-01
2.565466008489756256e-01
4.071703963031377826e-01
3.158100359858705408e-01
3.024646256635358799e-01
2.670706273560554123e-01
2.937656834106034398e-01
2.867661166196665556e-01
3.595284961932689871e-01
7.959426942497643820e-01
2.805639434399994081e-01
3.596893671512127466e-01
2.290640464515571184e-01
2.723728590821969386e-01
2.423363505525248929e-01
3.032324762977506305e-01
2.977823768661798653e-01
4.674134326177989407e-01
2.818169949531860730e-01
3.553298465603229039e-01
2.477267385164240721e-01
3.800668550795229250e-01
2.616649008796558262e-01
2.502439905843515389e-01
4.877898657217365486e-01
2.552368235972907740e-01
2.865376392936129224e-01
2.477384955145863765e-01
2.461219647384413345e-01
2.906739519679896189e-01
2.560551232253454601e-01
2.905900392752912564e-01
2.677800583691808400e-01
2.840769386480096470e-01
3.555828734591379159e-01
2.352137900856299535e-01
3.317549344898870767e-01
2.638091868326406519e-01
2.679301999908852427e-01
3.275425823377186019e-01
2.679301999908852427e-01
3.275425823377186019e-01
2.830565604135239499e-01
2.519267791898743836e-01
2.614086312353274821e-01
3.007879775289995505e-01
2.904740235622447764e-01
3.595367813446924132e-01
3.378080417981357830e-01
1.745516265462150329e-01
3.758364144269539797e-01
2.640164544313486905e-01
2.754240058512769651e-01
2.404029818303576316e-01
3.822295183334364910e-01
3.709666790896510302e-01
6.619639734065319026e-01
6.004787759680308978e-01
2.974327212105298823e-01
3.188184497232210979e-01
3.775996699950726621e-01
4.374206638220584087e-01
4.743612337581293859e-01
5.922639520333055074e-01
2.295924514078035994e-01
3.996534175392323363e-01
2.823486589335632013e-01
3.563012129305089815e-01
3.530001817518323981e-01
3.489459148753565887e-01
5.284806544645883619e-01
5.356097643086946691e-01
5.220227229715260764e-01
2.990342498114112457e-01
2.450588769560773650e-01
3.005987495771165197e-01
3.575297434525853690e-01
2.240300330973190313e-01
3.360108001415670342e-01
6.874700559984350257e-01
3.569996174439333814e-01
7.137060535655951332e-01
4.042010666442621969e-01
3.804275490266328941e-01
2.868527553740529701e-01
2.663538542720780833e-01
2.565136205390252111e-01
2.858206746557058753e-01
8.164490391546765924e-01
2.965587150189625820e-01
8.604566602041350265e-01
4.434201653255945286e-01
1.729855376570935410e-01
5.805016272172358605e-01
2.425388015974835332e-01
2.818104674357423400e-01
2.733480094815267103e-01
2.739646218980659187e-01
3.689567185810103678e-01
3.923705169535192105e-01
3.660064069293144096e-01
2.297754223237374049e-01
2.386254647577120691e-01
4.408133872044867618e-01
3.748486103836836669e-01
3.929736755090227907e-01
2.570683214416873974e-01
2.507955370419461261e-01
2.654101319690927441e-01
4.172667353306076521e-01
4.013877201419394636e-01
4.217348775202691691e-01
4.431762498861871458e-01
1.895093424848028063e-01
2.403614142288176270e-01
2.925956585700033585e-01
2.246630440737154011e-01
3.793427167890990881e-01
2.586756327890608609e-01
5.533321602602971900e-01
3.795078400660933382e-01
2.884227243174346533e-01
3.658113241745754030e-01
2.549173461871716007e-01
2.888907151447433486e-01
2.466714455885147816e-01
2.475399997039484934e-01
7.048787332575835451e-01
2.693159009041201091e-01
2.763613855233870154e-01
2.873417217075877050e-01
2.585019483984256627e-01
2.656994536915692207e-01
2.516951223422783657e-01
3.002664289778666507e-01
2.799461006321211642e-01
3.604662102867641216e-01
3.139425372545696091e-01
3.391711274111403607e-01
2.485814141911513730e-01
4.966360457907582626e-01
4.967908362521192278e-01
2.466078800247671343e-01
