2.965974946347036401e-01
2.945165748841163111e-01
2.420409226259019886e-01
3.552899018552909682e-01
1.749940665698147269e-01
2.417854662343420225e-01
2.529920233979377486e-01
2.760113587183000705e-01
2.980412600289652492e-01
3.008597311909751992e-01
2.512176053267154985e-01
2.433752774159756160e-01
2.993831028622566115e-01
2.350565625478356346e-01
2.949381957397446685e-01
2.341247326837339882e-01
3.468221942037957861e-01
3.034385735613748802e-01
2.639575743754310477e-01
2.550416895363256664e-01
2.873214804275975864e-01
9.234770798454834395e-01
2.482223002069217088e-01
2.474796551051554605e-01
7.496631256397092713e-01
2.534285813188213443e-01
2.929219857060088583e-01
3.431897921217394454e-01
3.520322493856857804e-01
3.735542908914618043e-01
1.356830737919780816e+00
1.203215453602378471e+00
2.858500465230038312e-01
2.744305884676601082e-01
2.470747534331899364e-01
2.622770256285904544e-01
2.802552823023534700e-01
2.834057527846909341e-01
2.448981832420843441e-01
2.504815661520985448e-01
3.999075788111134955e-01
5.618401699912629610e-01
3.544141829331227123e-01
2.198591764641289470e-01
3.590579594397451113e-01
8.812900282629854143e-01
9.260114444356322139e-01
3.287566300927056706e-01
3.145130569071467042e-01
3.011274829761965699e-01
2.435375728384942817e-01
2.916267301837636716e-01
3.335673740257841247e-01
2.888960496183626270e-01
3.536810466950934262e-01
2.482871865418680712e-01
3.596526214453438786e-01
2.622638936313819169e-01
2.723854444164557909e-01
2.636833183109177359e-01
2.658276795052827435e-01
2.831503943588168370e-01
3.551789309852122489e-01
2.410674930913218050e-01
2.744868211043418604e-01
3.804779156632561166e-01
2.705408796987752718e-01
3.036092429410047200e-01
2.789780027777136739e-01
3.193185465778242693e-01
2.918375682292684292e-01
3.558825249432140403e-01
9.561842636532875694e-01
2.731866730227788809e-01
3.588494750255029064e-01
2.260483911689083469e-01
2.845802542916084366e-01
3.044937169696141366e-01
2.479916200368195434e-01
2.362417281427473537e-01
5.254344252497151757e-01
2.764486066113017726e-01
3.549930606343570383e-01
2.616931946328524550e-01
3.365486117116622822e-01
3.164484570110490114e-01
3.614699730372202269e-01
2.805653626265278699e-01
2.568957039158989986e-01
2.860813597609412895e-01
2.485335993575435998e-01
2.461949722832401655e-01
6.337658049308582120e-01
2.975462042486765601e-01
2.446610726045711781e-01
3.056206478021412098e-01
2.877727990453586848e-01
3.505194370462628162e-01
2.506353054473849373e-01
2.818500928455204280e-01
3.471031747664707345e-01
3.594952691990286886e-01
2.355285912585224073e-01
3.594952691990286886e-01
2.355285912585224073e-01
3.000467921964856122e-01
2.608333729445997395e-01
2.660447957202306535e-01
2.816854770525158425e-01
2.911376435405167995e-01
3.572957930536326820e-01
2.739235742851388600e-01
1.758183010520766032e-01
3.787791330295148806e-01
2.730303852031679690e-01
3.094792406158882736e-01
2.345488960990466110e-01
3.804741805421035239e-01
3.682277463734319189e-01
5.041031508437566755e-01
4.934484553276144991e-01
2.921992957265521218e-01
3.140789316426710887e-01
3.718712250474716652e-01
4.369933578135583585e-01
4.579760133374436437e-01
5.869031313534472938e-01
2.316490939256544423e-01
3.729949378104244762e-01
3.110933215140332941e-01
2.716835581442762493e-01
2.837926906016486339e-01
2.987669093618197103e-01
4.947367757762074492e-01
5.213953291123208933e-01
5.102827293303534573e-01
2.539407413609113262e-01
2.393261114063265915e-01
3.087021492111997056e-01
3.123412666172230012e-01
2.217229893301818910e-01
3.191287727928651674e-01
1.015857973106137679e+00
3.752497311009699854e-01
9.898932428221350888e-01
3.228718781943553107e-01
2.836698846677582764e-01
3.030151596845527817e-01
2.586048474694542243e-01
2.516874258815968157e-01
2.767923892882000469e-01
1.034098098695184431e+00
3.701571244973457797e-01
1.055999954235810501e+00
3.448793935549475664e-01
1.733083324024145000e-01
1.002236090104109856e+00
2.419478982660122623e-01
2.784149971540910706e-01
2.702073719070358648e-01
2.777169105687510298e-01
3.984393189662661094e-01
3.852177142724350078e-01
3.919692791637551244e-01
2.243625767148231531e-01
2.521206915965702455e-01
4.410367766226406250e-01
4.325752108197810086e-01
4.447817355356235569e-01
2.544831030667438765e-01
2.634695906494056716e-01
2.495516341468709265e-01
4.548239605513078043e-01
4.346612997914388044e-01
4.258675773095222938e-01
1.251012327960811188e+00
1.260494583605803465e+00
2.725971994127135978e-01
2.900059996215007541e-01
2.150742031693803347e-01
2.761258964862297605e-01
2.604646403041742109e-01
6.788837366825902775e-01
9.936938219615171208e-01
3.204337831778990564e-01
2.503783842072083154e-01
2.535644708007350756e-01
2.859385064138282306e-01
2.465266235807666573e-01
2.462259919763173099e-01
9.798690344849024791e-01
3.052931558813199442e-01
2.899406022402729044e-01
2.964856597210221434e-01
2.834577070274670874e-01
2.645872208295843020e-01
2.910916127067145753e-01
2.585084608087296343e-01
2.774404685717359320e-01
2.726388016332793596e-01
4.701893943246283070e-01
4.743237115487516364e-01
2.491799719207312414e-01
4.959504370629913561e-01
4.963367301514265972e-01
2.492984259416348158e-01
