2.447997617487863709e-01
2.594602271166325802e-01
2.813052544828933410e-01
3.191574069294552118e-01
1.750893783046507390e-01
2.422022549087862464e-01
2.549213263597002177e-01
2.746641160524889713e-01
2.804622346295853608e-01
2.957550593653304749e-01
2.516373293069942285e-01
2.506931234669906305e-01
2.845763832055178688e-01
3.044051741499330666e-01
2.856503790303840384e-01
2.200563046103035658e-01
2.714175615204933445e-01
3.463725695791904369e-01
3.636052107384499243e-01
2.553771931732165545e-01
2.885288455947867536e-01
6.046531228427856064e-01
2.492626670351531237e-01
2.459293427738304116e-01
7.255160986970224934e-01
2.713630877248096596e-01
2.580006893547487912e-01
3.156490924251115771e-01
2.487327817105670080e-01
2.424638678318607743e-01
8.252542990746445373e-01
7.595122161007650252e-01
2.541193377063435954e-01
2.679826850937662153e-01
2.620012010775188971e-01
2.856627059373756383e-01
2.619959361393612851e-01
2.793883127706702774e-01
2.897740828404318236e-01
2.655139755941644530e-01
3.689917829597563759e-01
4.847205820818397681e-01
2.178476925459221780e-01
2.176022036744834909e-01
2.976498666065883203e-01
4.836706605056386166e-01
3.396350954339120709e-01
3.271360730030244968e-01
4.638963587903935371e-01
2.481643066482180637e-01
2.894644925663639179e-01
3.012446672431582373e-01
2.593857816298478780e-01
2.968007185276188009e-01
2.260799071711954433e-01
3.041789286594629993e-01
2.710981373444160125e-01
2.559849600311582263e-01
2.596632680705164287e-01
2.815135931368251132e-01
2.759626300896330098e-01
2.976824871941818884e-01
2.160703405456415038e-01
2.652544614462244987e-01
2.846908897371106528e-01
3.067862457336864579e-01
3.191705238250199805e-01
2.789340359137853498e-01
2.900449448623323434e-01
3.325603282977774855e-01
2.968766370647819008e-01
2.224705238851247824e-01
7.103329108387399504e-01
2.326796508841895705e-01
3.260734332771655919e-01
2.841833449615269735e-01
2.167138290747315232e-01
2.417009269139042404e-01
2.424978336213889363e-01
4.436399345708901265e-01
4.372782832156771327e-01
2.950797515212519873e-01
3.373773807955612325e-01
3.677901748783003466e-01
2.637838309817258642e-01
3.702123770230198452e-01
2.726595488991537253e-01
2.495698166480134483e-01
2.543649210297996288e-01
2.877132803235764591e-01
2.486597100152682371e-01
2.466065135550169485e-01
3.393533830064143775e-01
2.746414944990033247e-01
2.576349264413663187e-01
2.751387459502239730e-01
2.949265341902518323e-01
2.249543707204160192e-01
2.545954955637556028e-01
3.443231943729658240e-01
2.953520868827916868e-01
2.750835325115105756e-01
2.940601741281894110e-01
2.750835325115105756e-01
2.940601741281894110e-01
2.334172780401412572e-01
2.466443717886695752e-01
2.669265962511926382e-01
3.016158738700148723e-01
2.964389032351176789e-01
2.174542544337031980e-01
3.165282385407374166e-01
1.747387477891850505e-01
3.873987800469745335e-01
2.855002009735246316e-01
3.620811091207767896e-01
2.494905254160627306e-01
3.576493053619324014e-01
3.243487731169888422e-01
5.620337041019500823e-01
4.803085583435233175e-01
2.957890309955898966e-01
2.331116669252012719e-01
3.206568977544470567e-01
2.606704618757431091e-01
4.687593169563115114e-01
4.867590959904618542e-01
2.586145389728846111e-01
4.077270172636452972e-01
3.048845848227790256e-01
3.816297392275924683e-01
3.597522257884919750e-01
3.192286883367602135e-01
3.750985065061838708e-01
3.615977586278793510e-01
3.808084732606378808e-01
2.798643207804106248e-01
2.542525180414347830e-01
2.580367402666904342e-01
2.844025180493374716e-01
2.960973557384771748e-01
2.166973958000259493e-01
3.771629856118446367e-01
2.569157021302995170e-01
2.715235194323032952e-01
3.104564051836544158e-01
2.989552372562673810e-01
2.714341394816197073e-01
2.663921290629921446e-01
2.484284492966578606e-01
2.713685929914795847e-01
3.376809583831353878e-01
3.487045001693840907e-01
3.999773231685316843e-01
3.058116433558361602e-01
1.750442294472740190e-01
3.286514296005083602e-01
2.421164639372311023e-01
2.761555115726611609e-01
2.678810005709000297e-01
2.737432855628275652e-01
3.877560713104572510e-01
3.882209179757866724e-01
3.878257118783654533e-01
2.283961100123649279e-01
2.556665868957417320e-01
4.429481466566920211e-01
4.285200871165941727e-01
4.092894936865501543e-01
2.516380674745662405e-01
2.603467329216663240e-01
2.563647988277720779e-01
4.265247402773564844e-01
4.581994750778005110e-01
4.315003849444703499e-01
2.670514320874629033e-01
3.064019210831931406e-01
2.374229308070387456e-01
2.917970897613837988e-01
3.258030287245008982e-01
2.651866899738893890e-01
3.473735581621125168e-01
4.268108722405147826e-01
3.127074727762080286e-01
3.439297491224306835e-01
2.684261158492014521e-01
2.544688619499236304e-01
2.860763256628725548e-01
2.475284070647447987e-01
2.462486175188553228e-01
5.806763316165007849e-01
2.910009984827345852e-01
2.979123862697340974e-01
2.856978014237372965e-01
2.622543807489027823e-01
2.677773289129282697e-01
2.835137030597194019e-01
2.796305087928697142e-01
2.790197813271291238e-01
3.061848145677944499e-01
2.777141844479958932e-01
2.799588052322036780e-01
2.490252631090269508e-01
4.961708352227487961e-01
4.967473586584882916e-01
2.467874603988252369e-01
