2.510537060899287187e-01
2.664015762222977091e-01
3.339114050677118861e-01
3.592485059106599321e-01
1.739981396561341431e-01
2.131965677355366906e-01
2.771409458340010623e-01
2.874350335934627854e-01
2.908573568597487835e-01
3.042529939687707574e-01
2.479724376766478111e-01
2.522502539247931663e-01
2.690517652083148636e-01
4.974254703478909745e-01
2.968641207773182189e-01
2.326987917418102403e-01
3.352688583236608788e-01
2.668550621664697031e-01
3.089147004407568065e-01
2.540419858704799916e-01
2.864847250998785455e-01
7.107722350369657383e-01
2.440414721900877326e-01
2.508534943778709114e-01
5.387956189034435184e-01
2.613989229130817549e-01
2.651770181714550589e-01
2.514364595687018644e-01
3.574150441434051362e-01
2.520836200641860536e-01
6.621739131258275179e-01
6.754992172923351967e-01
2.988413542376820442e-01
2.717216720274768238e-01
2.433303409201518497e-01
2.866533330379056888e-01
2.598118023182528491e-01
2.412474142810678845e-01
4.130728194240746443e-01
2.428799835001548280e-01
4.017628553786661283e-01
5.085826824083432562e-01
2.431007608976709367e-01
2.347992168673788682e-01
3.875325245321851741e-01
4.018642279358427549e-01
5.272883762875517633e-01
3.514783566004791027e-01
4.423888944473842177e-01
2.965917247833204651e-01
2.542707146407813812e-01
2.496109788291455411e-01
2.984935175723584799e-01
2.905018062354509101e-01
3.504747848835888524e-01
2.407960120432387219e-01
3.273857880450843361e-01
2.456894967230418558e-01
3.059843000105843536e-01
3.018222513445441013e-01
2.546618218256446742e-01
2.847815939179599853e-01
3.504254260094205597e-01
2.430076661199695731e-01
2.619921972182960301e-01
4.537717124332391605e-01
4.446085074057414266e-01
2.998478526350589202e-01
2.478417994204562824e-01
2.711966238447389710e-01
2.923907968946153901e-01
3.607908850073276996e-01
7.823622618680806662e-01
2.785407299801250236e-01
3.508914825344081057e-01
2.323799863740930449e-01
3.085410230903116724e-01
2.394598936796057675e-01
3.015865230287153032e-01
4.484278654792714369e-01
2.527635027333912654e-01
2.747406570725756114e-01
3.554005194729196182e-01
2.341984787684580627e-01
2.602692448402080805e-01
4.321697369632042096e-01
2.553820359186412259e-01
5.114471210457874895e-01
2.534090342145325914e-01
2.865645265348932269e-01
2.487314302124526144e-01
2.449716381454525860e-01
6.599127284823153028e-01
3.025722373429870493e-01
2.566468810244700860e-01
2.953249599976524586e-01
2.819270778770327501e-01
3.520485882449496673e-01
2.395897516794585347e-01
2.789523386247569348e-01
3.508094228450754914e-01
3.662753755564915892e-01
2.202790058193433986e-01
3.662753755564915892e-01
2.202790058193433986e-01
3.023084928272209981e-01
3.036416673964099644e-01
3.229305449561361563e-01
2.591079955152829628e-01
2.961045245097010947e-01
3.562155136451729542e-01
2.393365223993388913e-01
1.745790053110674311e-01
3.859103813956912821e-01
2.905878062276614493e-01
4.479586744776893892e-01
3.016279951807697146e-01
2.537799960566155533e-01
2.985255875884715304e-01
4.667491625932247423e-01
4.055225763682002715e-01
2.775914682787321563e-01
3.595051238575040498e-01
2.479753795719953635e-01
2.527992578233495546e-01
4.014319919284046190e-01
5.187068841250660478e-01
3.305403287697423753e-01
5.016535768293391984e-01
2.098641144964263350e-01
4.681970944125533052e-01
4.513837329853334079e-01
4.451996721748293639e-01
4.588462951820710400e-01
3.497771481267851201e-01
3.947941333140986830e-01
2.474841004118214782e-01
2.663942644408192617e-01
3.827598359671012251e-01
3.403965663521493767e-01
2.787288126547657341e-01
3.395682731175667102e-01
1.048633398287787344e+00
2.496197185508803873e-01
1.055220402471830798e+00
2.391034033640975776e-01
3.316083315893916250e-01
2.772399858741306788e-01
2.911991777197437403e-01
2.289983191214068070e-01
2.837633754489494731e-01
1.090567632953912902e+00
2.741385213495802220e-01
1.053787955521498843e+00
3.969675709773429761e-01
1.741464446722444659e-01
7.930316746867619448e-01
2.998380870455373270e-01
2.940420833583788918e-01
2.717910811004498051e-01
3.350504476266337739e-01
2.999831796205436052e-01
2.677801935976147907e-01
2.790083335327080416e-01
3.540682922374869257e-01
2.834844294880348170e-01
3.957541730896402266e-01
4.820098402425066486e-01
4.417714195900115381e-01
2.570460924514064716e-01
2.648757516404046664e-01
2.491991096707954489e-01
4.925358336174099350e-01
4.801890171048944222e-01
4.717238597253889387e-01
9.159932879901266922e-01
7.401808039225217239e-01
2.413095114412867337e-01
2.954343354324155402e-01
3.441041697184312187e-01
3.091640083517241955e-01
3.141780376848151146e-01
8.378569998214019376e-01
7.301114367435175279e-01
2.761118794196181780e-01
3.229697188653982143e-01
2.543091890314068126e-01
2.837539015454594304e-01
2.458634338800112784e-01
2.437619716656409252e-01
6.778360622428372118e-01
3.635674840781856210e-01
3.136373913535050462e-01
2.910486796002557663e-01
2.777481067809966508e-01
2.469971428792007706e-01
2.498753756265905401e-01
2.567356929871300042e-01
3.248852841427187221e-01
2.633451803069076225e-01
4.880958201438512778e-01
4.654536826852352371e-01
2.473125042856384181e-01
4.976858051449334908e-01
4.963903797426629239e-01
2.476910687974331893e-01
