2.355026917117501173e-01
3.837501891798507092e-01
2.494328160662287464e-01
2.332652184708950416e-01
1.761020414268058554e-01
3.760188473332475301e-01
3.711150311719330630e-01
2.517430432287609543e-01
2.601221158549368306e-01
3.049945792300572389e-01
2.492239962878877724e-01
3.064450884112243090e-01
2.508540047165139786e-01
4.427026619975263366e-01
2.970348287504473439e-01
2.392938961044705493e-01
3.735590701720170603e-01
2.831844290265166930e-01
3.040254608210367082e-01
2.506691677679519503e-01
2.983461315159541827e-01
1.265537015531949638e+00
2.465968923782893285e-01
2.470901123009348888e-01
6.176655135854574041e-01
2.441576845646696581e-01
2.962015252190436376e-01
2.411617840937570201e-01
3.636766821153502582e-01
2.498605442296195633e-01
9.170162679022627605e-01
1.196024912734889201e+00
2.930987471579027948e-01
2.516147477740193761e-01
2.513071291907268412e-01
2.440780706928802890e-01
3.045694303443890472e-01
2.714588614545855871e-01
4.489035776639164199e-01
2.409667352226904924e-01
3.345176399130631029e-01
5.137841047383274740e-01
2.380308350687831698e-01
2.129885838775109619e-01
3.375403960776880985e-01
4.503168836727657331e-01
5.876613915902135776e-01
4.991387947897519273e-01
3.384287435940807054e-01
3.062792992985883256e-01
2.657975010731049026e-01
2.916037264018299657e-01
3.813101395020350726e-01
2.925532800462278260e-01
2.410622482604963535e-01
2.721973387155003365e-01
3.817149896017953403e-01
3.062102670370730473e-01
2.439538280592544461e-01
2.645055238625682037e-01
3.305511000650131481e-01
2.246251923511762560e-01
2.610305162896522924e-01
3.604888792090193972e-01
4.016991502727444430e-01
3.212277389262236937e-01
2.924123546554790454e-01
2.294149732758947735e-01
3.792702391392204775e-01
3.707103388829384727e-01
3.002441889299078959e-01
2.352041333345271934e-01
8.223260316138721882e-01
2.203505129374745131e-01
2.893521545980873300e-01
2.644646023941543134e-01
2.320320605906879829e-01
2.378524700034525541e-01
2.426817734967499640e-01
4.428015604211938405e-01
4.261435226700683310e-01
2.799171863363177915e-01
3.381304026746628777e-01
3.547944753770306825e-01
2.620628269548027633e-01
4.221256678299367127e-01
2.306771190423530515e-01
2.365934916460062376e-01
2.584701101371263410e-01
2.836102578284452336e-01
2.448497921540801758e-01
2.368760685361094853e-01
3.798560639000780337e-01
2.849257611933743162e-01
2.616242504312447648e-01
2.597993959668128405e-01
2.936338122095531467e-01
3.286173215300075001e-01
2.405255239257018396e-01
3.785986263027716903e-01
3.080378718395558324e-01
3.915016944290081735e-01
2.712614316394536540e-01
3.915016944290081735e-01
2.712614316394536540e-01
2.826601889406509804e-01
2.484797290013392446e-01
3.781210366302504289e-01
3.754918347683442459e-01
2.716271980178393552e-01
2.273356300658355700e-01
2.308358973600600494e-01
1.742836666172155324e-01
3.634083563305174902e-01
2.519372519358146212e-01
2.652097299439232780e-01
3.001717181446459937e-01
2.921499918291444731e-01
2.777693949722150890e-01
4.116650766083264634e-01
5.015763899589024133e-01
3.019923987262838616e-01
2.307044778207097413e-01
2.828496901428520505e-01
4.485527861685522644e-01
3.575473649648435170e-01
6.538898163924911078e-01
4.023292017053415326e-01
5.327954931357433699e-01
2.934191704522234323e-01
4.779221402375157801e-01
4.841519927150979563e-01
4.644039107331883187e-01
4.288584499597893340e-01
4.355164262088713212e-01
3.925932968609556206e-01
2.310843836417512676e-01
2.977745969090028200e-01
3.379340299319494867e-01
2.520936380013530376e-01
2.904860629946237061e-01
2.025081252929889220e-01
7.109511961144243664e-01
2.667039008675629597e-01
8.025532004497719640e-01
2.258769903163309056e-01
2.642651451316872513e-01
2.543327134938583312e-01
3.046365449805320536e-01
2.591844208897079449e-01
3.018398592336549169e-01
7.728471822653247836e-01
4.438095579512916777e-01
6.523978149477663857e-01
4.529641744354871435e-01
1.727437706522994554e-01
5.649150592649081482e-01
2.321244094658849177e-01
2.706584118745551937e-01
3.230825329938099566e-01
2.629735879515910923e-01
3.807919622525021142e-01
3.942727739936114362e-01
3.933686664061566973e-01
3.399999992948130045e-01
4.006029814377989329e-01
4.913096804075804958e-01
4.826295040946637083e-01
5.333246125818595917e-01
2.638026225069018404e-01
2.582530295586313862e-01
2.628485658897590227e-01
2.754532897287412796e-01
3.336617375377595174e-01
3.379601702623891146e-01
8.485861774433510751e-01
7.670790806358384062e-01
2.998835052119698807e-01
2.927276014813283700e-01
2.401666985248135933e-01
2.869723083884981873e-01
3.000355876825009926e-01
9.858535846786715684e-01
7.004221313980786290e-01
3.820450448692810919e-01
2.963445918393321499e-01
2.547247260321390816e-01
2.894711021822339858e-01
2.486640356429990484e-01
2.445104810213959701e-01
9.693195841580373173e-01
4.564014122000297768e-01
2.333659390942379452e-01
2.819313760958001569e-01
2.329184741191452079e-01
3.711573344424197729e-01
2.499978052898774172e-01
3.461949851852601512e-01
2.728973909049604019e-01
3.615515919546655743e-01
2.896367933555507590e-01
3.844988875255527794e-01
2.435604077388000555e-01
4.972663424614052752e-01
4.958861189272646963e-01
2.547922240794123772e-01
