2.525943277183876345e-01
2.655377492608143597e-01
2.360203896209061292e-01
3.443180477366052372e-01
1.752848290961182554e-01
3.196864608239215477e-01
2.634843142336718014e-01
2.554388379728413927e-01
2.710299987864848714e-01
3.042899792103984646e-01
2.452330112449483124e-01
2.557127213877525840e-01
2.724719441008235377e-01
2.555418870763248584e-01
2.954076648006231376e-01
2.371176685140967688e-01
3.344877732346244192e-01
2.960619120561225337e-01
2.612105858271216441e-01
2.563429763673186756e-01
2.877649222447397070e-01
7.552707408863712502e-01
2.488099474958894164e-01
2.482060060868960527e-01
7.397373570373148022e-01
2.404206531497743160e-01
3.819608071713369024e-01
3.784064586841680011e-01
2.396282102426222360e-01
3.740908179916406784e-01
1.405896409197262331e+00
1.329354149338194846e+00
2.911350754908432203e-01
2.718064474723371760e-01
2.450372850826448567e-01
2.512198841788937376e-01
3.027574731092443350e-01
3.723238830579096437e-01
2.217642567018341948e-01
2.402340829712350800e-01
4.021388681370052787e-01
5.312199848572627392e-01
2.452385380268763126e-01
2.305621021286703431e-01
3.744009587016802199e-01
7.446232511888497552e-01
6.296993332887249606e-01
3.421879598517711951e-01
4.258170213097749457e-01
2.497319723886128884e-01
2.872741014876946108e-01
2.935456580754972622e-01
2.558202985549010156e-01
2.819169007637546964e-01
3.550799759320085180e-01
2.442270627141669148e-01
2.634391596929494539e-01
2.944618287312343874e-01
2.577390668943685403e-01
2.873177178636150408e-01
3.130450787180027450e-01
2.861908958209883891e-01
3.531684053087085773e-01
2.430103990055739460e-01
3.347356202370570522e-01
2.460245718168973250e-01
2.719464937845086361e-01
2.995666028436131390e-01
2.514196090802405248e-01
2.747640112446828597e-01
2.905769024584713978e-01
3.594935823684032861e-01
9.905254638235108100e-01
2.810335735489022380e-01
3.566688268491801095e-01
2.266936717187995609e-01
2.625988512768027139e-01
2.412539961247340270e-01
3.026712317679726150e-01
4.647238798691454287e-01
2.370476555591370937e-01
2.818443702399207607e-01
3.591118662712040610e-01
2.621199278576442082e-01
2.537540263144640318e-01
4.249419501610014471e-01
2.359749085918950162e-01
4.781853771488292493e-01
2.542369629706667244e-01
2.906364783671602225e-01
2.484405314916799112e-01
2.486942287736737811e-01
6.067423286457501730e-01
2.635404141486935026e-01
2.751924720682632497e-01
2.630435454699880937e-01
2.827828710599711304e-01
3.579508501135472143e-01
2.458337000902341418e-01
2.830329036207804294e-01
2.855944988943422969e-01
2.724343632941637061e-01
2.669723859393733911e-01
2.724343632941637061e-01
2.669723859393733911e-01
2.852344968817692172e-01
2.602596611091735901e-01
2.431221811692611812e-01
2.816072072351839539e-01
2.829658709151040008e-01
3.600690026590381287e-01
3.589499815300977170e-01
1.749135398444502110e-01
3.599237130527389028e-01
2.412546598968652867e-01
3.645428666410318042e-01
3.007623563573114667e-01
2.813456461394722719e-01
3.202514734242061789e-01
6.692867658098458072e-01
6.400812129793517213e-01
2.835266435968586407e-01
3.621456063550460569e-01
2.345557905010864086e-01
2.682052572832718251e-01
3.935754001166816285e-01
5.903027733530394894e-01
2.321610787904579698e-01
4.620583131243722885e-01
2.975589629369341238e-01
4.439092397888771413e-01
4.519870126793136267e-01
4.556842102883205126e-01
3.560827888955350184e-01
3.824279028361118882e-01
3.999423341480566330e-01
2.499329134172426359e-01
2.940520675603813805e-01
3.610556391154151057e-01
3.231358275205540864e-01
2.837264312468132932e-01
3.456367089433314277e-01
5.465210231537873664e-01
2.400332955612938246e-01
7.608045804081433605e-01
2.496124203954431520e-01
3.583603820547735519e-01
4.164829883685590706e-01
2.842492213214038443e-01
2.293588866503698531e-01
2.621190336703446699e-01
7.512248631848470470e-01
3.182906574592711535e-01
7.341035454923873216e-01
4.284068819996855737e-01
1.736334584023707939e-01
1.119020865753923344e+00
3.039011716969046706e-01
3.057918961044708839e-01
3.085560180046063583e-01
2.991542568434609750e-01
2.862902350233293980e-01
2.782312295265610969e-01
2.681194216409601427e-01
3.564696488081834924e-01
2.827284015256723571e-01
3.815065616703393059e-01
4.177592672937628926e-01
3.875607639667268955e-01
2.540706400378302532e-01
2.538402861462704663e-01
2.666171995484478141e-01
4.877453240871087448e-01
4.996393378917036165e-01
4.888722728526441741e-01
9.759886318067018118e-01
1.238423632798984153e+00
2.413540520937356992e-01
2.896339985160514274e-01
3.547423864047858921e-01
3.818895025806459675e-01
2.438730428507538961e-01
9.083809768082933278e-01
1.160684675113663467e+00
3.287433013469563403e-01
3.589165331334195908e-01
2.550784292906192463e-01
2.861762075148984730e-01
2.450041076400791829e-01
2.495581031613390566e-01
1.041777879797927353e+00
2.617325347148905523e-01
4.349073896854157573e-01
2.950703158706086127e-01
3.738447787984952586e-01
2.384319778404407064e-01
2.606723988619580323e-01
2.616645614064675440e-01
3.519037456023191845e-01
3.721382713590821734e-01
4.564082758958551422e-01
3.151481072556567842e-01
2.495333472714608980e-01
4.952579435015427856e-01
4.947371047695249269e-01
2.471496297184095914e-01
