3.067293469263570049e-01
3.079761086219016120e-01
2.490587839700353079e-01
3.647590511065297303e-01
1.679370150014340701e-01
2.501508789761235363e-01
3.068920677139580500e-01
2.931631570200500247e-01
3.862889856596066207e-01
3.046705088821006768e-01
2.590268889322628332e-01
2.461967739951333722e-01
2.551052420320543135e-01
4.480643918522000391e-01
3.046312680380369176e-01
2.187783417801849595e-01
3.744235896853772561e-01
2.722364660377589174e-01
3.064938966671971188e-01
2.581859361069661074e-01
2.809340585295247994e-01
7.481027315384526366e-01
2.544207479282838968e-01
2.517988643626812850e-01
6.927340110028409326e-01
3.066684498335545128e-01
3.567896956910256989e-01
2.363485267446135685e-01
2.323739857701270783e-01
2.673231139614787311e-01
1.055013110915503871e+00
1.107735594266124890e+00
4.285114900904472002e-01
2.785298386923361069e-01
2.533305657421290324e-01
3.770134796631655072e-01
2.445117555205670867e-01
2.632083213138852740e-01
4.580214786527432858e-01
2.456751918789425171e-01
4.007708480992483446e-01
5.114295302473074178e-01
2.280419112241497681e-01
2.463683880582774599e-01
3.812239908290112056e-01
1.138907229769416718e+00
9.880786986823787421e-01
3.254495971795640097e-01
4.342420245073341234e-01
2.525515316349782879e-01
2.518732763621548965e-01
3.824355024064033937e-01
3.723051952469976777e-01
2.867546105155192593e-01
3.301935958162698914e-01
3.741011169787977209e-01
2.819754293034061887e-01
2.541134418701723741e-01
3.028367919819580090e-01
2.855504492770407632e-01
2.400428553134099363e-01
2.986221184866566514e-01
3.478286982437248653e-01
2.590099408996882624e-01
2.704222345402259031e-01
4.581843954579882805e-01
4.490137291971500466e-01
2.490972509270538149e-01
3.845528559329258744e-01
3.742630857225860974e-01
2.944589504101954858e-01
3.387654782475382764e-01
6.335194526477557764e-01
2.861331711184320614e-01
2.248880796123987058e-01
2.276090932651293197e-01
3.333186777841866677e-01
2.390316889483058427e-01
3.024517206438914196e-01
2.815743346161542759e-01
4.865601496293165407e-01
2.936448730964493770e-01
2.258748642062303191e-01
2.577364069507034894e-01
3.779447024089066520e-01
2.769740132041968450e-01
2.287701034755272034e-01
5.006527243296712282e-01
2.503706801322355124e-01
2.909909164712715102e-01
2.436248367273365634e-01
2.355813420587840601e-01
5.559279732732841373e-01
3.002912067559992404e-01
2.548126214764386832e-01
2.744190834014261782e-01
2.616644448663803524e-01
3.543728300812140075e-01
2.668012586906524652e-01
2.344889647836204405e-01
3.741173087701484823e-01
3.064951124969009233e-01
2.184170283494090703e-01
3.064951124969009233e-01
2.184170283494090703e-01
4.660303221321283607e-01
2.998361465224677613e-01
2.930328582686190786e-01
2.403646341148867327e-01
2.903573591742878990e-01
3.504917112963151782e-01
2.511408976402534909e-01
1.737943897061163534e-01
3.819890806312821185e-01
2.876256478919475001e-01
4.564708776891042152e-01
2.344110920212776616e-01
3.940637499819760192e-01
3.724704473946420236e-01
5.701516227196647968e-01
4.362587671236486386e-01
2.961186771424302311e-01
3.171935732164889998e-01
3.782137821250529663e-01
4.469803578428782620e-01
4.779784884395599232e-01
6.076414380802652726e-01
2.599727012098363987e-01
4.235757929514038511e-01
3.244971041889187502e-01
4.102314002341028165e-01
3.685384889322659285e-01
2.621105705757699744e-01
5.914287306234713437e-01
5.151374059913618186e-01
4.934224898653025160e-01
2.627069493587351756e-01
3.130950070485085113e-01
3.247340952488295684e-01
2.496950952247086464e-01
2.888910750782265335e-01
3.451433729144307572e-01
1.085376086677054097e+00
2.445976917534770922e-01
1.096671105623784115e+00
2.656307161161072239e-01
3.691418296660841092e-01
3.722026485091908810e-01
2.871625209080555519e-01
2.363328215211096539e-01
2.575772440585275547e-01
9.671349251049892182e-01
4.668650271755737657e-01
9.275801381244702659e-01
4.420169437719502770e-01
1.739983820215983135e-01
9.500661016840787898e-01
2.418512592550640661e-01
2.695952676277399429e-01
2.859522450733038013e-01
3.533233761976138920e-01
3.797959059782823332e-01
3.847811878228512006e-01
4.247173785510452992e-01
2.117727563104473687e-01
2.783317076486169772e-01
4.271588046104071723e-01
4.606695835702026565e-01
5.025970719044822177e-01
3.039231744622340470e-01
2.446686019924532718e-01
2.429663258608421028e-01
4.957325867452456736e-01
4.143215232223631528e-01
4.974493156920937187e-01
4.012044877990235681e-01
4.641746557680079821e-01
2.443801626805155447e-01
2.784367923782340437e-01
3.567344300493275333e-01
3.677644712828493923e-01
3.669457821985541712e-01
8.642391779646473315e-01
5.502635344240327520e-01
2.548158219331838059e-01
2.640257390960361605e-01
2.530509122411522815e-01
2.987597860943165817e-01
2.412457724279670479e-01
2.510284513680710594e-01
1.127607936538457034e+00
3.880341076178724369e-01
4.466040294453118564e-01
2.789873132552624924e-01
3.711616797404844736e-01
2.544171255091979833e-01
3.434447476315243275e-01
2.404420155888026267e-01
3.706437014367855998e-01
2.716083911486100733e-01
2.135820974200499656e-01
3.908593914885011844e-01
2.448315518757395171e-01
4.953565457282914641e-01
4.987836070788323473e-01
2.409691522998421154e-01
