2.719387873503692488e-01
2.784639449618296902e-01
2.223626632451960461e-01
4.028077279601210980e-01
1.749516316660003346e-01
3.241949109691371067e-01
3.780893927856621151e-01
2.733065371366902307e-01
2.645561494094185173e-01
3.046693610339985536e-01
2.241942277508536530e-01
3.014642313704958831e-01
2.356858005064861039e-01
4.619917418275195087e-01
2.990860020088723648e-01
2.245992167581235543e-01
2.603363378605096923e-01
4.179712742883298637e-01
2.786601023100583885e-01
2.635666734972268443e-01
2.770973001411079495e-01
7.041881294598190122e-01
2.585049255810042412e-01
2.449606991667452049e-01
4.592111033692209965e-01
2.528150904313401504e-01
3.079485254084886048e-01
2.602167143314747522e-01
2.180980266489834507e-01
4.001774722665135120e-01
6.809774422797105764e-01
6.054030491297081040e-01
3.180603020618355536e-01
2.945394404552944545e-01
2.352138958296725035e-01
2.444088407954277398e-01
2.995398099020463722e-01
2.683352043728943204e-01
4.590115171618645573e-01
2.450725737104882951e-01
3.930507100468086934e-01
5.431979993359191683e-01
2.188878360296082903e-01
2.269409071478792894e-01
3.716984609150927321e-01
5.766746896699513902e-01
5.323325652817543219e-01
3.094015975367837012e-01
4.767190198595638306e-01
2.439396106781441531e-01
3.059514886741946937e-01
3.164096685803922115e-01
2.440802368379541565e-01
2.838047636706672594e-01
2.166609939514216876e-01
2.649434917308254311e-01
2.648078619081967733e-01
2.474774227685627992e-01
2.970665801462597511e-01
3.133711668590942745e-01
2.480225434303902909e-01
3.049044081641963388e-01
2.074838541650473323e-01
2.961908844390085394e-01
2.690882287665075090e-01
4.565144279831433449e-01
4.727694340497118342e-01
3.078242035469304083e-01
2.627523627487865499e-01
3.255562237312913387e-01
3.022165552531774213e-01
2.255227863069116101e-01
6.547511574440756377e-01
2.230052143581963964e-01
3.255365073389748787e-01
2.750051601532224055e-01
2.232405235011730438e-01
2.267900870088191412e-01
2.409885209083691970e-01
4.374863212015329683e-01
4.239450791704298949e-01
2.978327792479559255e-01
3.396952956428548331e-01
3.652367968651559771e-01
2.441455186903637720e-01
4.336988546857105664e-01
2.729388020465463582e-01
2.569467089850802632e-01
2.621368377093814539e-01
2.882763512242144666e-01
2.492529263871979262e-01
2.440829519122615088e-01
3.595226896426437779e-01
3.044524907926116075e-01
2.485318540897361317e-01
2.477365457350867994e-01
3.000055556026979819e-01
2.193802153585053538e-01
2.499795323636050948e-01
4.420620598286774117e-01
3.686963739337751345e-01
3.444265525389406113e-01
3.763032442863218363e-01
3.444265525389406113e-01
3.763032442863218363e-01
2.530985716799787344e-01
3.052294564853754721e-01
2.598529681869205521e-01
2.488370520951299070e-01
2.929231197176071499e-01
2.243074085061720901e-01
2.699985050577757284e-01
1.742252922300746854e-01
4.041414411259864337e-01
3.689948880915683849e-01
4.423278988391289857e-01
3.009422150984021882e-01
2.655000762615962184e-01
3.103312921054686702e-01
5.629964947012265908e-01
4.444034222464110506e-01
3.013552091050630821e-01
2.392441022429444841e-01
3.007931628232573540e-01
3.875392124700688945e-01
4.341898468339150940e-01
5.979533587834249264e-01
4.109312958196923993e-01
4.641307843822073398e-01
2.946214355759359527e-01
4.660517422235692098e-01
4.812759464155585976e-01
5.221887490426467826e-01
2.584933791864638675e-01
2.608996451045149656e-01
3.989483209785830153e-01
2.552296348275600035e-01
3.093728121387686048e-01
3.787590108784443799e-01
3.108102107390400271e-01
2.804212112979770910e-01
3.280517035293103456e-01
1.095958905239469372e+00
2.249235430383846879e-01
9.981077029613084628e-01
2.683868475006342402e-01
3.246975539826492674e-01
4.002286166546614177e-01
2.352238317661628497e-01
3.058353136005327877e-01
2.497694623154276261e-01
9.671412204472279450e-01
4.428625191697763697e-01
8.135157147452958259e-01
4.618141401181525829e-01
1.731810255331766857e-01
7.537735474485310894e-01
2.368835540021718977e-01
2.642764815244198484e-01
3.168191747104526224e-01
3.714926051270569518e-01
4.254391364347873128e-01
3.753219186550327269e-01
3.683263105002548277e-01
2.271230764195529273e-01
2.189967094671937953e-01
3.913192253713724811e-01
4.769790977733941451e-01
4.509570448035959966e-01
2.525376978228101033e-01
3.061846123660100227e-01
2.505883157381912918e-01
4.407138414174547325e-01
4.546119543381538231e-01
3.560170450964544875e-01
5.813404543985664086e-01
6.373291910655497494e-01
2.541061764681111779e-01
2.684492230656110867e-01
2.153117982188212653e-01
3.836498109670631318e-01
2.481780172544243157e-01
7.423217260476177026e-01
8.460017163055538747e-01
2.860672014952061470e-01
3.564264355197230838e-01
2.623563400099137022e-01
2.726640976035643038e-01
2.453992309800082094e-01
2.514235624479632114e-01
7.511919124807930892e-01
3.582502974969493659e-01
3.424419575889622869e-01
2.940310736977598816e-01
3.843699310571643268e-01
2.366789424817317133e-01
2.225186833233939732e-01
2.723039411640116869e-01
3.568956521361638656e-01
2.705721598051504251e-01
5.078113565799375895e-01
4.324884846987462339e-01
2.411776107251111245e-01
4.995610463854580630e-01
4.961632022106195472e-01
2.420864858380681606e-01
