3.591403365135192871e-01
4.623082280158996582e-01
4.258749783039093018e-01
3.865171670913696289e-01
3.576323986053466797e-01
5.742489099502563477e-01
5.324659943580627441e-01
4.746064245700836182e-01
2.544532716274261475e-01
2.622975707054138184e-01
3.664383590221405029e-01
4.403490126132965088e-01
4.346873164176940918e-01
4.425895214080810547e-01
4.602154493331909180e-01
4.521692693233489990e-01
4.856285750865936279e-01
2.510297298431396484e-01
2.680508196353912354e-01
3.651670515537261963e-01
3.536016047000885010e-01
2.886555790901184082e-01
2.372882962226867676e-01
4.033670723438262939e-01
3.017283082008361816e-01
3.998319208621978760e-01
4.576485157012939453e-01
3.712643980979919434e-01
3.871420025825500488e-01
4.273334741592407227e-01
