6.954690418539592578e+00
8.061691186238768125e+00
7.128369406096902949e+00
7.591098956790464314e+00
9.225371289316678158e+00
9.733826726745734348e+00
8.052236409521883687e+00
8.138464067358759380e+00
8.211936355474479754e+00
7.440160885024758919e+00
7.503115658994218506e+00
7.610227733019044649e+00
7.191322815982873706e+00
7.764466109228711055e+00
7.396788294446985823e+00
7.350426433848069152e+00
8.918498173011892405e+00
8.623499113269168959e+00
7.948815603325375179e+00
8.170744883809112125e+00
8.838098610725223736e+00
9.358721272075523956e+00
1.005295057349808197e+01
9.624412021970165654e+00
8.108373379165486838e+00
8.228120782782617937e+00
8.483599778706095051e+00
8.585122671500753810e+00
9.350662820714161327e+00
9.416549690544020024e+00
9.475283052884043045e+00
9.161527448110199146e+00
9.570118531070583856e+00
8.955917274873735678e+00
9.652954166790946644e+00
1.036227487758871746e+01
8.354974383990720455e+00
7.285520747376494022e+00
7.192577405470561125e+00
8.299440719995327953e+00
8.123180808231698080e+00
7.964536700265116842e+00
7.092314819114786673e+00
9.249560029084207713e+00
1.059201832620969341e+01
9.472076885519618017e+00
9.010895726366801028e+00
7.933627932158962892e+00
9.485912533287045534e+00
1.026025593146298576e+01
9.022753526404612145e+00
9.742470129359666942e+00
1.021731162422958050e+01
9.614031900542311604e+00
8.978940624953839489e+00
9.018216159423801059e+00
8.463679771524473594e+00
8.227092640557097880e+00
7.519371203601129316e+00
7.564910378994402329e+00
7.297193888563572983e+00
8.060154717381870171e+00
7.418345058072037368e+00
8.691058370799563448e+00
8.345715680548497772e+00
6.090556839048273829e+00
5.662509688292317378e+00
4.546059804523428838e+00
4.390869016569679317e+00
3.942949622519539066e+00
5.430585418088071492e+00
6.199322418532899448e+00
6.788095515418361536e+00
9.789513464331756509e+00
9.997867672919541704e+00
8.415355389105933170e+00
8.474098536584071084e+00
1.041970038952731414e+01
9.876362412326074036e+00
7.936567871059223123e+00
7.505511356240987197e+00
7.492974361519918247e+00
8.550016737384561694e+00
9.454605634594585695e+00
9.403907978905413856e+00
7.893324487094424136e+00
8.516205810576773061e+00
8.985919398167414585e+00
8.925627380175894743e+00
7.998721021493147454e+00
8.502957187625629132e+00
9.167133397545939033e+00
8.435892171527466843e+00
8.724598531369728960e+00
9.743073207365972266e+00
8.911511423073049443e+00
7.764673073308252071e+00
8.171799779399680830e+00
6.725823344251229408e+00
5.870102003270774915e+00
4.430140008665614637e+00
3.935432126031921829e+00
4.160562058238117977e+00
4.729222429344150491e+00
6.051868655582633316e+00
5.889454618409085462e+00
5.020356403204434770e+00
