6.285079999999999956e+01
5.560999999999999943e+01
5.931759999999999877e+01
5.798060000000000258e+01
4.650504999999999711e+01
5.719814999999999827e+01
5.860000000000000142e+01
5.875305000000000177e+01
5.754260000000000019e+01
6.526664999999999850e+01
5.669995000000000118e+01
5.741604999999999848e+01
6.603204999999999814e+01
5.955585000000000662e+01
5.499235000000000184e+01
5.808244999999999436e+01
6.319214999999999804e+01
5.958464999999999634e+01
5.499285000000000423e+01
5.507909999999999684e+01
6.448705000000001064e+01
5.363190000000000168e+01
4.632999999999999829e+01
5.613089999999999691e+01
4.682935000000000514e+01
5.738654999999999973e+01
5.551279999999999859e+01
6.267575000000000074e+01
5.674885000000000446e+01
6.390524999999999523e+01
5.759689999999999799e+01
5.670745000000000147e+01
6.060600000000000165e+01
5.769565000000000055e+01
5.914999999999999858e+01
6.426000000000000512e+01
5.717999999999999972e+01
6.349765000000000015e+01
5.665749999999999886e+01
5.771684999999999377e+01
5.753555000000000064e+01
5.831345000000000312e+01
5.785000000000000142e+01
5.851725000000000421e+01
5.606494999999999607e+01
5.484860000000000468e+01
5.746000000000000085e+01
5.873975000000000080e+01
5.431000000000000227e+01
5.798375000000000057e+01
5.759579999999999700e+01
5.788000000000000256e+01
5.335504999999999853e+01
5.952875000000000227e+01
5.728764999999999930e+01
5.635734999999999673e+01
5.612614999999999554e+01
5.864300000000000068e+01
5.840760000000000218e+01
6.016105000000000302e+01
4.651839999999999975e+01
6.367040000000000077e+01
6.525690000000000168e+01
6.378385000000000105e+01
5.607059999999999889e+01
6.286075000000000301e+01
5.363100000000000023e+01
5.680235000000000412e+01
4.653999999999999915e+01
5.397150000000000603e+01
5.651505000000000223e+01
5.720739999999999981e+01
5.804025000000000034e+01
4.581765000000000043e+01
5.778430000000000177e+01
5.646419999999999817e+01
6.049280000000000257e+01
6.242439999999999856e+01
6.159390000000000498e+01
5.903275000000000006e+01
5.393999999999999773e+01
6.400504999999999711e+01
6.236384999999999934e+01
5.724235000000000184e+01
6.599339999999999407e+01
5.661925000000000097e+01
5.929350000000000165e+01
5.966275000000000261e+01
5.699089999999999634e+01
6.434000000000000341e+01
4.621999999999999886e+01
5.463925000000000409e+01
5.911724999999999852e+01
4.624784999999999968e+01
5.381000000000000227e+01
5.587855000000000416e+01
5.393999999999999773e+01
5.789185000000000514e+01
4.667204999999999870e+01
5.416015000000000157e+01
5.699765000000000015e+01
5.547844999999999516e+01
5.859000000000000341e+01
5.463000000000000256e+01
5.713000000000000256e+01
5.831459999999999866e+01
5.709550000000000125e+01
5.960529999999999973e+01
5.796459999999999724e+01
6.250319999999999965e+01
5.289334999999999809e+01
5.279339999999999833e+01
5.659045000000000414e+01
5.628999999999999915e+01
4.605379999999999541e+01
5.884999999999999432e+01
5.621020000000000039e+01
