3.453840468812810371e+00
4.298116075218607612e+00
3.445692626982591378e+00
4.826392367212614332e+00
3.802581291627202820e+00
5.409398216627768541e+00
5.176466658947396660e+00
6.134725186862793223e+00
2.618150030518101801e+00
4.119822166320528112e+00
5.984155381239554039e+00
4.278427196497166740e+00
4.646298277810387845e+00
5.946055535007283233e+00
6.357868738177002932e+00
3.616678860629229053e+00
5.872360922395301941e+00
5.546938521960673718e+00
5.437100819177104860e+00
5.798252950241580272e+00
5.952403630068838325e+00
5.562589009684542063e+00
5.382442406639240673e+00
4.826392367212614332e+00
4.646298277810387845e+00
4.881962218367425166e+00
2.464724188198035737e+00
5.546938521960673718e+00
5.562589009684542063e+00
4.646298277810387845e+00
5.259256449508892928e+00
2.464724188198035737e+00
4.074162100632135797e+00
7.744163099296892838e+00
5.729260078754628616e+00
5.798252950241580272e+00
4.463976721016432947e+00
4.869441829124596666e+00
4.869441829124596666e+00
5.562589009684542063e+00
6.491400130801524782e+00
6.357868738177002932e+00
5.562589009684542063e+00
4.869441829124596666e+00
6.255736190244487460e+00
4.869441829124596666e+00
6.039415007058467566e+00
5.562589009684542063e+00
6.645550810628783722e+00
5.157123901576378344e+00
3.381014920072190844e+00
5.562589009684542063e+00
8.437310279856838235e+00
4.869441829124596666e+00
5.070014449870364537e+00
4.074162100632135797e+00
5.872360922395301941e+00
4.309826041189174894e+00
3.381014920072190844e+00
4.646298277810387845e+00
4.074162100632135797e+00
5.562589009684542063e+00
6.255736190244487460e+00
5.562589009684542063e+00
4.074162100632135797e+00
4.074162100632135797e+00
1.892588011019785466e+00
5.157123901576378344e+00
4.074162100632135797e+00
4.074162100632135797e+00
6.255736190244487460e+00
4.074162100632135797e+00
