4.615345001220703125e-01
2.691128551959991455e-01
2.620818614959716797e-01
3.225535750389099121e-01
3.793176710605621338e-01
5.419829487800598145e-01
4.373007714748382568e-01
5.041007995605468750e-01
2.634841203689575195e-01
3.681460618972778320e-01
2.570854723453521729e-01
3.914427161216735840e-01
2.519277930259704590e-01
2.811224162578582764e-01
4.501313567161560059e-01
4.812050759792327881e-01
4.568566083908081055e-01
3.758914470672607422e-01
3.418249487876892090e-01
2.617158889770507812e-01
3.967552483081817627e-01
3.664072751998901367e-01
3.626730740070343018e-01
2.659233212471008301e-01
4.780315756797790527e-01
5.572799444198608398e-01
5.327832698822021484e-01
3.464476466178894043e-01
2.820882499217987061e-01
3.894328176975250244e-01
