2.437761380763067365e+00
3.617663770186149375e+00
2.765240321950133140e+00
4.481566845197440863e+00
3.457755769612029351e+00
4.728945911595310747e+00
4.496014353914937978e+00
5.789899664847619754e+00
2.608951291520213100e+00
3.774996644305354643e+00
5.303703076207096245e+00
3.933601674481993271e+00
4.637099538812498700e+00
5.265603229974825439e+00
6.013043216161829463e+00
3.607480121631340353e+00
5.527535400380128472e+00
5.202112999945500249e+00
4.756648514144646178e+00
5.453427428226406803e+00
5.607578108053664856e+00
5.553390270686653807e+00
4.701990101606782879e+00
4.481566845197440863e+00
4.637099538812498700e+00
4.537136696352251697e+00
2.791152232217431806e+00
5.202112999945500249e+00
5.553390270686653807e+00
4.637099538812498700e+00
4.914430927493719459e+00
2.791152232217431806e+00
4.400590144651531865e+00
7.399337577281720257e+00
5.384434556739455147e+00
5.453427428226406803e+00
4.454777982018543803e+00
4.860243090126708410e+00
4.860243090126708410e+00
5.553390270686653807e+00
6.146574608786352201e+00
6.013043216161829463e+00
5.553390270686653807e+00
4.860243090126708410e+00
6.246537451246599204e+00
4.860243090126708410e+00
5.694589485043294985e+00
5.553390270686653807e+00
6.300725288613610253e+00
5.147925162578489200e+00
3.707442964091586912e+00
5.553390270686653807e+00
8.092484757841665655e+00
4.860243090126708410e+00
4.725188927855191068e+00
4.400590144651531865e+00
5.527535400380128472e+00
4.300627302191285750e+00
3.707442964091586912e+00
4.637099538812498700e+00
4.400590144651531865e+00
5.553390270686653807e+00
6.246537451246599204e+00
5.553390270686653807e+00
4.400590144651531865e+00
4.400590144651531865e+00
2.554642838056467635e+00
5.147925162578489200e+00
4.400590144651531865e+00
4.400590144651531865e+00
6.246537451246599204e+00
4.400590144651531865e+00
