2.620145678520202637e-01
2.608400881290435791e-01
2.293572723865509033e-01
4.284413158893585205e-01
1.744071692228317261e-01
3.921338021755218506e-01
3.667888641357421875e-01
2.781536281108856201e-01
2.551580071449279785e-01
3.044701218605041504e-01
2.398443669080734253e-01
3.006758689880371094e-01
2.545328736305236816e-01
3.049904406070709229e-01
2.935615479946136475e-01
2.207176685333251953e-01
2.604013383388519287e-01
4.205583035945892334e-01
3.837310075759887695e-01
2.586961388587951660e-01
2.858072817325592041e-01
9.711787104606628418e-01
2.500163614749908447e-01
2.449912577867507935e-01
7.830714583396911621e-01
2.876067757606506348e-01
2.844209074974060059e-01
3.103506267070770264e-01
2.261526584625244141e-01
3.255030214786529541e-01
1.063546061515808105e+00
1.057785391807556152e+00
2.830389440059661865e-01
2.856480777263641357e-01
2.841787636280059814e-01
3.444489538669586182e-01
2.570631504058837891e-01
2.797610759735107422e-01
3.787029683589935303e-01
2.529942691326141357e-01
3.940945267677307129e-01
5.145859122276306152e-01
2.325425744056701660e-01
2.303743660449981689e-01
3.690953552722930908e-01
4.735803902149200439e-01
4.162211418151855469e-01
3.415382802486419678e-01
4.460228681564331055e-01
2.716036438941955566e-01
2.788147926330566406e-01
3.016987442970275879e-01
3.019351065158843994e-01
2.957606315612792969e-01
2.399610579013824463e-01
3.118949532508850098e-01
3.298839330673217773e-01
2.684650123119354248e-01
2.719544470310211182e-01
2.990214526653289795e-01
2.951631844043731689e-01
2.971684038639068604e-01
2.187710553407669067e-01
2.927913367748260498e-01
3.128521442413330078e-01
3.996149301528930664e-01
3.792073428630828857e-01
2.586455047130584717e-01
3.406783640384674072e-01
3.037765622138977051e-01
2.955766022205352783e-01
2.204023003578186035e-01
7.231839895248413086e-01
2.318135350942611694e-01
3.439803123474121094e-01
2.880808413028717041e-01
2.346712797880172729e-01
2.405690401792526245e-01
2.406111061573028564e-01
4.393503367900848389e-01
4.445838332176208496e-01
2.958098948001861572e-01
3.445404469966888428e-01
3.818910419940948486e-01
2.995748817920684814e-01
3.760423064231872559e-01
3.191430866718292236e-01
3.454720973968505859e-01
2.561867535114288330e-01
2.884440422058105469e-01
2.490870654582977295e-01
2.471486330032348633e-01
4.558292329311370850e-01
2.728381156921386719e-01
2.523859441280364990e-01
3.419023752212524414e-01
2.903356850147247314e-01
2.320758402347564697e-01
3.089045882225036621e-01
3.252354860305786133e-01
3.173303902149200439e-01
3.360432982444763184e-01
3.072327971458435059e-01
3.360432982444763184e-01
3.072327971458435059e-01
2.221039980649948120e-01
2.695057392120361328e-01
2.992147505283355713e-01
3.014894425868988037e-01
2.978263795375823975e-01
2.215830236673355103e-01
3.255584537982940674e-01
1.754523664712905884e-01
3.826273083686828613e-01
3.053875565528869629e-01
4.028461277484893799e-01
2.494810819625854492e-01
3.847113251686096191e-01
3.767317831516265869e-01
5.915866494178771973e-01
5.556513667106628418e-01
2.981115877628326416e-01
2.288365662097930908e-01
3.806095719337463379e-01
2.764647006988525391e-01
4.821958839893341064e-01
5.421454310417175293e-01
2.652388811111450195e-01
5.026636123657226562e-01
2.924919128417968750e-01
4.114668071269989014e-01
4.160684347152709961e-01
3.876872956752777100e-01
4.636678993701934814e-01
4.382852315902709961e-01
4.548614621162414551e-01
3.041195869445800781e-01
2.516179382801055908e-01
2.557846009731292725e-01
3.060885965824127197e-01
2.936392128467559814e-01
2.225952595472335815e-01
4.639558494091033936e-01
2.456080317497253418e-01
3.055979311466217041e-01
3.631403446197509766e-01
3.312750458717346191e-01
2.941345572471618652e-01
2.731919884681701660e-01
2.471162080764770508e-01
2.857051491737365723e-01
4.206739068031311035e-01
3.721040785312652588e-01
5.460110902786254883e-01
2.650465965270996094e-01
1.741586029529571533e-01
5.551539659500122070e-01
3.011749088764190674e-01
3.077778816223144531e-01
3.089549839496612549e-01
3.222006559371948242e-01
3.061360120773315430e-01
3.241139054298400879e-01
3.245217204093933105e-01
3.600379526615142822e-01
2.386323213577270508e-01
3.803978562355041504e-01
4.090500473976135254e-01
3.907981216907501221e-01
2.725293636322021484e-01
2.588371336460113525e-01
2.672715187072753906e-01
4.579655528068542480e-01
4.513268470764160156e-01
4.611749053001403809e-01
5.207692980766296387e-01
3.562809526920318604e-01
3.007127344608306885e-01
2.894768118858337402e-01
2.699441313743591309e-01
2.958945035934448242e-01
3.222550749778747559e-01
8.356629610061645508e-01
5.878298282623291016e-01
3.855272829532623291e-01
3.143404126167297363e-01
2.562088370323181152e-01
2.866206169128417969e-01
2.498889565467834473e-01
2.470058798789978027e-01
1.079370260238647461e+00
3.164367973804473877e-01
3.996366858482360840e-01
2.868562340736389160e-01
2.948151826858520508e-01
3.231005966663360596e-01
2.576595842838287354e-01
3.401517271995544434e-01
2.818932533264160156e-01
3.047437071800231934e-01
4.061195552349090576e-01
3.920267224311828613e-01
2.475419938564300537e-01
4.969270229339599609e-01
4.962072074413299561e-01
2.477488368749618530e-01
