2.545394897460937500e-01
2.611467242240905762e-01
2.280067652463912964e-01
4.263788163661956787e-01
1.750985831022262573e-01
4.075454175472259521e-01
3.628392517566680908e-01
2.719672620296478271e-01
2.569313645362854004e-01
3.043566346168518066e-01
2.480163872241973877e-01
2.997485995292663574e-01
2.513833642005920410e-01
4.466843008995056152e-01
2.936258316040039062e-01
2.322969883680343628e-01
3.610117137432098389e-01
2.940963804721832275e-01
3.409675061702728271e-01
2.564135491847991943e-01
2.880083024501800537e-01
8.610771894454956055e-01
2.491546869277954102e-01
2.472252845764160156e-01
6.370350718498229980e-01
2.600251138210296631e-01
3.441459536552429199e-01
3.613102436065673828e-01
2.469705343246459961e-01
3.478172123432159424e-01
7.690915465354919434e-01
8.008453249931335449e-01
3.425419926643371582e-01
2.733749449253082275e-01
2.464650571346282959e-01
2.886158525943756104e-01
2.651065289974212646e-01
3.582202494144439697e-01
3.050186038017272949e-01
2.815420031547546387e-01
3.515717089176177979e-01
4.808728098869323730e-01
2.209527939558029175e-01
2.218626737594604492e-01
3.080696165561676025e-01
5.704277157783508301e-01
5.645810365676879883e-01
3.723385035991668701e-01
4.669284224510192871e-01
2.916375696659088135e-01
2.593738436698913574e-01
2.802835106849670410e-01
3.134452700614929199e-01
2.976209223270416260e-01
2.283810079097747803e-01
2.810657620429992676e-01
3.558212220668792725e-01
2.625720500946044922e-01
2.806393206119537354e-01
3.096605539321899414e-01
2.909931838512420654e-01
2.991715669631958008e-01
2.164303958415985107e-01
3.098910748958587646e-01
3.074482381343841553e-01
4.116992950439453125e-01
4.107366502285003662e-01
2.769059240818023682e-01
3.390628397464752197e-01
3.228656947612762451e-01
2.967760562896728516e-01
2.239317893981933594e-01
8.879407644271850586e-01
2.320376634597778320e-01
3.357937932014465332e-01
2.869502604007720947e-01
2.251750975847244263e-01
2.398700267076492310e-01
2.442208230495452881e-01
4.405493736267089844e-01
4.375154376029968262e-01
2.950953841209411621e-01
3.500096797943115234e-01
3.710606396198272705e-01
2.727501690387725830e-01
4.087998867034912109e-01
2.892483472824096680e-01
2.741351723670959473e-01
2.559050619602203369e-01
2.884404659271240234e-01
2.492311447858810425e-01
2.484034299850463867e-01
3.569767475128173828e-01
2.869815826416015625e-01
2.616301178932189941e-01
3.071802258491516113e-01
2.888508439064025879e-01
2.237407267093658447e-01
2.606790661811828613e-01
3.939819931983947754e-01
3.295549452304840088e-01
3.328657150268554688e-01
2.995671033859252930e-01
3.328657150268554688e-01
2.995671033859252930e-01
2.362582683563232422e-01
2.606891989707946777e-01
3.179597556591033936e-01
3.278279602527618408e-01
2.969695925712585449e-01
2.238461524248123169e-01
3.335301876068115234e-01
1.753885746002197266e-01
3.790866434574127197e-01
3.044948577880859375e-01
3.724052906036376953e-01
2.665255665779113770e-01
3.552848398685455322e-01
3.386158645153045654e-01
5.604816675186157227e-01
5.399273633956909180e-01
2.964828610420227051e-01
2.254631221294403076e-01
3.288188576698303223e-01
3.609916567802429199e-01
4.902514517307281494e-01
5.167375802993774414e-01
3.610828816890716553e-01
4.720783233642578125e-01
3.632648587226867676e-01
4.033444523811340332e-01
4.068170487880706787e-01
4.140598773956298828e-01
4.369378983974456787e-01
4.300484061241149902e-01
4.361693263053894043e-01
2.611016333103179932e-01
2.874782681465148926e-01
3.111698627471923828e-01
2.781160473823547363e-01
2.962257266044616699e-01
2.177768200635910034e-01
5.226494669914245605e-01
2.826447784900665283e-01
5.473440885543823242e-01
2.892882227897644043e-01
3.377735018730163574e-01
3.318893015384674072e-01
2.698120176792144775e-01
2.504222691059112549e-01
2.660116255283355713e-01
4.385245442390441895e-01
4.250546395778656006e-01
3.891507685184478760e-01
4.148566126823425293e-01
1.739313900470733643e-01
8.622720837593078613e-01
2.685640454292297363e-01
3.147729337215423584e-01
3.159691691398620605e-01
3.181114196777343750e-01
3.591035008430480957e-01
3.584295213222503662e-01
3.636829853057861328e-01
2.253843098878860474e-01
3.481904864311218262e-01
4.296108186244964600e-01
4.294144213199615479e-01
4.287779331207275391e-01
2.664476931095123291e-01
2.673610746860504150e-01
2.635062932968139648e-01
4.767101407051086426e-01
4.807198941707611084e-01
4.768714010715484619e-01
2.460682690143585205e-01
5.883873701095581055e-01
2.486815154552459717e-01
2.937363684177398682e-01
2.283933460712432861e-01
3.530443608760833740e-01
2.469122111797332764e-01
8.931140899658203125e-01
9.233644604682922363e-01
2.834838330745697021e-01
3.586949706077575684e-01
2.567897737026214600e-01
2.872430682182312012e-01
2.480762004852294922e-01
2.468157261610031128e-01
8.603628873825073242e-01
3.796868920326232910e-01
3.359944224357604980e-01
2.920066416263580322e-01
3.121164739131927490e-01
3.081853985786437988e-01
3.359383046627044678e-01
2.950555384159088135e-01
3.189128637313842773e-01
2.902399003505706787e-01
4.873913824558258057e-01
4.884858131408691406e-01
2.484547644853591919e-01
4.966122508049011230e-01
4.961548447608947754e-01
2.480746209621429443e-01
