2.536767721176147461e-01
2.967319190502166748e-01
2.436177432537078857e-01
3.692983388900756836e-01
1.768150627613067627e-01
3.862529993057250977e-01
3.159708082675933838e-01
2.792543768882751465e-01
2.871520519256591797e-01
3.029815852642059326e-01
2.492899149656295776e-01
2.724424600601196289e-01
2.730064392089843750e-01
3.621694743633270264e-01
2.921107113361358643e-01
2.253251671791076660e-01
3.442215621471405029e-01
3.138235211372375488e-01
3.302038908004760742e-01
2.568742036819458008e-01
2.892274260520935059e-01
9.620805382728576660e-01
2.469736933708190918e-01
2.471946030855178833e-01
7.615504860877990723e-01
2.651504278182983398e-01
3.315235078334808350e-01
3.483465611934661865e-01
2.352636307477951050e-01
3.461486697196960449e-01
1.048222422599792480e+00
1.082702159881591797e+00
3.005266487598419189e-01
2.896351218223571777e-01
2.615852653980255127e-01
2.921897172927856445e-01
2.809830904006958008e-01
3.545451462268829346e-01
3.279633820056915283e-01
2.962791323661804199e-01
3.321036100387573242e-01
4.921119511127471924e-01
2.203885912895202637e-01
2.209043800830841064e-01
2.749122083187103271e-01
7.162600159645080566e-01
7.363158464431762695e-01
3.571482896804809570e-01
4.763691425323486328e-01
2.572811543941497803e-01
2.888132631778717041e-01
3.162067234516143799e-01
2.789193391799926758e-01
2.979042232036590576e-01
2.277730256319046021e-01
3.118576705455780029e-01
2.919498085975646973e-01
2.589592337608337402e-01
2.954035103321075439e-01
3.059093356132507324e-01
2.659138739109039307e-01
2.987751066684722900e-01
2.158847004175186157e-01
3.027230799198150635e-01
2.914714217185974121e-01
4.523548781871795654e-01
4.528363049030303955e-01
2.466569095849990845e-01
3.714784085750579834e-01
3.305777013301849365e-01
2.936785519123077393e-01
2.202765196561813354e-01
8.513634800910949707e-01
2.324482947587966919e-01
3.372652232646942139e-01
2.867887020111083984e-01
2.205491811037063599e-01
2.442419677972793579e-01
2.686660587787628174e-01
3.701720833778381348e-01
4.607126712799072266e-01
2.926655709743499756e-01
3.447401523590087891e-01
3.244865238666534424e-01
3.359804451465606689e-01
3.239991366863250732e-01
2.790662646293640137e-01
4.108236134052276611e-01
2.551357746124267578e-01
2.873933315277099609e-01
2.506498694419860840e-01
2.512530982494354248e-01
5.462164878845214844e-01
2.923186421394348145e-01
2.507666945457458496e-01
3.241512775421142578e-01
2.935570180416107178e-01
2.196122258901596069e-01
2.758457362651824951e-01
3.733963370323181152e-01
3.522996306419372559e-01
3.206497132778167725e-01
2.677437961101531982e-01
3.206497132778167725e-01
2.677437961101531982e-01
2.448455542325973511e-01
2.893770039081573486e-01
3.233978450298309326e-01
2.820976972579956055e-01
2.982604801654815674e-01
2.211676985025405884e-01
2.908902168273925781e-01
1.748960614204406738e-01
3.738441467285156250e-01
2.941489517688751221e-01
4.208410680294036865e-01
2.475406378507614136e-01
3.847004473209381104e-01
3.750598132610321045e-01
5.155312418937683105e-01
4.555797874927520752e-01
2.969275116920471191e-01
2.302034646272659302e-01
3.841355741024017334e-01
2.698727250099182129e-01
4.833049178123474121e-01
5.554423332214355469e-01
2.614436745643615723e-01
4.997534453868865967e-01
2.921353578567504883e-01
4.256087541580200195e-01
3.967910110950469971e-01
4.030211865901947021e-01
4.452702999114990234e-01
4.486851990222930908e-01
4.707965254783630371e-01
2.809240520000457764e-01
2.660421133041381836e-01
3.079323172569274902e-01
3.199772536754608154e-01
2.971350252628326416e-01
2.169172316789627075e-01
5.169903635978698730e-01
2.867253720760345459e-01
4.395023584365844727e-01
3.370779454708099365e-01
3.338533341884613037e-01
3.006786704063415527e-01
2.846453189849853516e-01
2.505261898040771484e-01
2.796234786510467529e-01
5.010321736335754395e-01
3.696664571762084961e-01
5.301124453544616699e-01
3.862520754337310791e-01
1.736680120229721069e-01
5.338090062141418457e-01
2.529610097408294678e-01
2.957148253917694092e-01
3.134967982769012451e-01
3.387106060981750488e-01
3.790714740753173828e-01
3.969196081161499023e-01
3.786597549915313721e-01
2.315518260002136230e-01
2.798238992691040039e-01
4.270468950271606445e-01
4.512183666229248047e-01
4.543806016445159912e-01
2.619940340518951416e-01
2.582614123821258545e-01
2.754808962345123291e-01
4.334653317928314209e-01
4.591127634048461914e-01
4.625306725502014160e-01
2.509393692016601562e-01
4.190172553062438965e-01
2.435600161552429199e-01
2.922595441341400146e-01
3.120887875556945801e-01
3.386430144309997559e-01
2.723815441131591797e-01
8.226754069328308105e-01
7.006657123565673828e-01
2.946954667568206787e-01
3.469398915767669678e-01
2.577669918537139893e-01
2.882886528968811035e-01
2.497138828039169312e-01
2.457508444786071777e-01
1.004878044128417969e+00
3.263241946697235107e-01
3.804298341274261475e-01
2.755904793739318848e-01
3.368185162544250488e-01
2.730822265148162842e-01
2.967378497123718262e-01
2.894434332847595215e-01
3.315385878086090088e-01
3.659887611865997314e-01
3.970189988613128662e-01
3.902881443500518799e-01
2.501363754272460938e-01
4.973140954971313477e-01
4.966682493686676025e-01
2.482853233814239502e-01
