2.717133760452270508e-01
2.730056941509246826e-01
2.324753403663635254e-01
4.274735748767852783e-01
1.746875047683715820e-01
3.920801877975463867e-01
3.360265791416168213e-01
2.703349590301513672e-01
2.865335941314697266e-01
3.039339780807495117e-01
2.516428232192993164e-01
2.777148485183715820e-01
2.525013685226440430e-01
4.493612051010131836e-01
2.925152480602264404e-01
2.300959378480911255e-01
3.640438020229339600e-01
2.911554276943206787e-01
3.389759957790374756e-01
2.549755275249481201e-01
2.850006222724914551e-01
9.423057436943054199e-01
2.501915395259857178e-01
2.467602491378784180e-01
6.368525624275207520e-01
2.908304035663604736e-01
3.056331276893615723e-01
3.434088528156280518e-01
2.364400923252105713e-01
3.038319945335388184e-01
6.855210661888122559e-01
6.024277210235595703e-01
3.161216080188751221e-01
2.643749713897705078e-01
2.555636763572692871e-01
3.064332008361816406e-01
2.720667719841003418e-01
3.028032779693603516e-01
3.769134879112243652e-01
2.917397022247314453e-01
3.315303623676300049e-01
4.849577546119689941e-01
2.236422747373580933e-01
2.260436415672302246e-01
2.927270829677581787e-01
6.927056312561035156e-01
6.936597824096679688e-01
3.384137451648712158e-01
4.801703691482543945e-01
2.838661670684814453e-01
2.626014649868011475e-01
2.905384600162506104e-01
3.210890293121337891e-01
2.956020236015319824e-01
2.295149564743041992e-01
2.988415956497192383e-01
3.473697006702423096e-01
2.563854753971099854e-01
2.936694920063018799e-01
3.074489533901214600e-01
2.725457847118377686e-01
2.972954809665679932e-01
2.183179110288619995e-01
3.053033649921417236e-01
2.890407741069793701e-01
4.336088001728057861e-01
4.416564404964447021e-01
2.635669410228729248e-01
3.571382462978363037e-01
3.513076305389404297e-01
2.962446808815002441e-01
2.232113331556320190e-01
8.253716826438903809e-01
2.328306138515472412e-01
3.389973640441894531e-01
2.837818562984466553e-01
2.292169034481048584e-01
2.810718119144439697e-01
2.442052215337753296e-01
3.923025727272033691e-01
3.869844675064086914e-01
2.950521409511566162e-01
3.490757346153259277e-01
2.934714555740356445e-01
3.232038915157318115e-01
3.425011336803436279e-01
3.410833477973937988e-01
3.714731633663177490e-01
2.573112249374389648e-01
2.902979552745819092e-01
2.472021430730819702e-01
2.494179457426071167e-01
6.171759366989135742e-01
2.803165018558502197e-01
2.625242173671722412e-01
3.179807960987091064e-01
2.911769747734069824e-01
2.323377281427383423e-01
2.736159563064575195e-01
3.660236895084381104e-01
3.287938833236694336e-01
3.166370093822479248e-01
3.305157124996185303e-01
3.166370093822479248e-01
3.305157124996185303e-01
2.509488463401794434e-01
2.750837206840515137e-01
3.247654438018798828e-01
2.994915246963500977e-01
2.963052690029144287e-01
2.245267629623413086e-01
3.025631606578826904e-01
1.750068813562393188e-01
3.677497208118438721e-01
2.831537127494812012e-01
3.941803574562072754e-01
2.486238479614257812e-01
3.748000860214233398e-01
3.449683189392089844e-01
5.253996849060058594e-01
4.932648837566375732e-01
2.953931987285614014e-01
2.295242846012115479e-01
3.626186847686767578e-01
3.082319796085357666e-01
5.054713487625122070e-01
5.151819586753845215e-01
3.318451344966888428e-01
4.442824721336364746e-01
3.535436689853668213e-01
3.648246824741363525e-01
4.044461250305175781e-01
3.652161955833435059e-01
4.703661203384399414e-01
4.594330489635467529e-01
4.474535882472991943e-01
2.640661597251892090e-01
2.823279500007629395e-01
3.158514499664306641e-01
2.890502810478210449e-01
2.982117831707000732e-01
2.192834317684173584e-01
5.470238327980041504e-01
3.068107068538665771e-01
5.548981428146362305e-01
3.068337738513946533e-01
3.432178795337677002e-01
3.340170681476593018e-01
2.816998362541198730e-01
2.459884583950042725e-01
2.651300728321075439e-01
4.619539380073547363e-01
4.232612848281860352e-01
4.341622889041900635e-01
4.146032035350799561e-01
1.735850274562835693e-01
9.326300621032714844e-01
2.703478932380676270e-01
3.048902750015258789e-01
3.152669668197631836e-01
3.179757297039031982e-01
3.653403818607330322e-01
3.735141456127166748e-01
3.602869808673858643e-01
2.243293225765228271e-01
3.338769674301147461e-01
4.106485843658447266e-01
4.217329919338226318e-01
4.174346029758453369e-01
2.618292868137359619e-01
2.592568993568420410e-01
2.761656045913696289e-01
4.622638225555419922e-01
4.855056703090667725e-01
4.856264591217041016e-01
2.395484000444412231e-01
6.337978243827819824e-01
2.478706985712051392e-01
2.972891330718994141e-01
2.227644622325897217e-01
3.638899624347686768e-01
2.596553266048431396e-01
9.658354520797729492e-01
9.656363129615783691e-01
2.725128829479217529e-01
3.646955192089080811e-01
2.552501261234283447e-01
2.889238595962524414e-01
2.472292184829711914e-01
2.476780563592910767e-01
8.592689633369445801e-01
3.785797953605651855e-01
3.862736523151397705e-01
2.921011745929718018e-01
3.103291392326354980e-01
3.103461563587188721e-01
3.266853690147399902e-01
3.034898936748504639e-01
3.131158351898193359e-01
3.551425337791442871e-01
4.247747361660003662e-01
3.936753571033477783e-01
2.490246742963790894e-01
4.956627488136291504e-01
4.966353178024291992e-01
2.476068437099456787e-01
