2.830040454864501953e-01
2.781355977058410645e-01
3.587163090705871582e-01
2.935938537120819092e-01
1.767705082893371582e-01
2.386111021041870117e-01
2.569605708122253418e-01
2.888126671314239502e-01
3.120652139186859131e-01
3.063272833824157715e-01
2.468798160552978516e-01
2.401889562606811523e-01
2.988712489604949951e-01
2.467368394136428833e-01
3.000537157058715820e-01
2.191868126392364502e-01
2.552318572998046875e-01
4.312873482704162598e-01
3.726687431335449219e-01
2.553476989269256592e-01
2.868656516075134277e-01
3.931817114353179932e-01
2.459509074687957764e-01
2.515261471271514893e-01
6.758548021316528320e-01
2.397845685482025146e-01
3.802083134651184082e-01
3.841934204101562500e-01
2.461070716381072998e-01
3.728823363780975342e-01
7.178998589515686035e-01
6.646658182144165039e-01
3.742540180683135986e-01
2.667214870452880859e-01
2.340887486934661865e-01
2.748482525348663330e-01
2.507998049259185791e-01
3.644817173480987549e-01
2.294293344020843506e-01
2.483466416597366333e-01
4.004209041595458984e-01
5.588101744651794434e-01
2.208425998687744141e-01
2.198513746261596680e-01
3.822209239006042480e-01
3.945608735084533691e-01
2.449625432491302490e-01
3.661803603172302246e-01
4.534099102020263672e-01
3.043377995491027832e-01
2.542579174041748047e-01
2.565909624099731445e-01
3.073257207870483398e-01
2.968263030052185059e-01
2.347105443477630615e-01
2.745561599731445312e-01
3.810771405696868896e-01
2.420473843812942505e-01
2.401124686002731323e-01
3.790139555931091309e-01
3.810927867889404297e-01
2.991448938846588135e-01
2.258204668760299683e-01
3.929816782474517822e-01
3.237363100051879883e-01
2.520704567432403564e-01
3.351682126522064209e-01
2.383891642093658447e-01
3.774006664752960205e-01
3.177594840526580811e-01
2.906491458415985107e-01
2.100644409656524658e-01
8.992587327957153320e-01
2.339657098054885864e-01
3.294748365879058838e-01
2.881698906421661377e-01
2.259808480739593506e-01
2.407820224761962891e-01
2.477570027112960815e-01
4.462282657623291016e-01
4.357845187187194824e-01
2.955739498138427734e-01
3.469529747962951660e-01
3.826846480369567871e-01
2.616921067237854004e-01
4.200257360935211182e-01
2.918745279312133789e-01
2.755810618400573730e-01
2.565490603446960449e-01
2.877011895179748535e-01
2.460739314556121826e-01
2.520204186439514160e-01
3.562691807746887207e-01
3.058471083641052246e-01
2.497555911540985107e-01
3.041478097438812256e-01
2.937380671501159668e-01
2.234266996383666992e-01
2.497347146272659302e-01
3.974128365516662598e-01
3.626949489116668701e-01
2.899593412876129150e-01
2.449966371059417725e-01
2.899593412876129150e-01
2.449966371059417725e-01
2.320204079151153564e-01
2.384705841541290283e-01
2.615641057491302490e-01
3.357595205307006836e-01
2.971543669700622559e-01
2.296539247035980225e-01
3.871583342552185059e-01
1.755166351795196533e-01
3.869657218456268311e-01
3.134378194808959961e-01
3.843519389629364014e-01
2.487340271472930908e-01
3.847378492355346680e-01
3.751139044761657715e-01
6.746698617935180664e-01
6.618874669075012207e-01
2.954883277416229248e-01
2.191801816225051880e-01
3.843690156936645508e-01
2.956721782684326172e-01
4.905233979225158691e-01
5.583287477493286133e-01
2.590299248695373535e-01
5.136653184890747070e-01
2.793093621730804443e-01
3.397217094898223877e-01
4.537661969661712646e-01
4.206410944461822510e-01
4.920414090156555176e-01
4.987777769565582275e-01
4.050394892692565918e-01
2.566357851028442383e-01
3.022632598876953125e-01
3.770505785942077637e-01
3.005906641483306885e-01
2.924928963184356689e-01
2.206042557954788208e-01
9.318372607231140137e-01
2.566374838352203369e-01
8.836428523063659668e-01
2.659320235252380371e-01
3.123859763145446777e-01
3.812427818775177002e-01
2.915537059307098389e-01
3.037542104721069336e-01
2.470232993364334106e-01
7.606509923934936523e-01
4.653839468955993652e-01
6.456075310707092285e-01
4.575311243534088135e-01
1.741344630718231201e-01
8.728879094123840332e-01
2.816565632820129395e-01
3.532480597496032715e-01
3.372447788715362549e-01
2.502920031547546387e-01
3.359506130218505859e-01
3.914121687412261963e-01
3.266060948371887207e-01
2.188950479030609131e-01
3.670384287834167480e-01
4.864470958709716797e-01
4.035769104957580566e-01
3.624431788921356201e-01
2.521830201148986816e-01
2.440591603517532349e-01
2.987994253635406494e-01
4.732432961463928223e-01
5.303376317024230957e-01
4.898731112480163574e-01
3.994571864604949951e-01
3.244656920433044434e-01
2.360330820083618164e-01
2.925263345241546631e-01
2.596038281917572021e-01
2.617090344429016113e-01
2.496124953031539917e-01
5.289512276649475098e-01
5.067732930183410645e-01
3.743349909782409668e-01
3.574513196945190430e-01
2.557149529457092285e-01
2.862728238105773926e-01
2.481221854686737061e-01
2.433974295854568481e-01
9.514399766921997070e-01
4.257415235042572021e-01
4.240300059318542480e-01
2.880552411079406738e-01
3.697391748428344727e-01
2.452366650104522705e-01
4.043436646461486816e-01
2.491688281297683716e-01
3.633075356483459473e-01
3.463147282600402832e-01
3.326073288917541504e-01
5.017724633216857910e-01
2.519999444484710693e-01
4.969225823879241943e-01
4.968763887882232666e-01
2.500724196434020996e-01
