2.670972049236297607e-01
2.779846787452697754e-01
2.299789190292358398e-01
4.203411936759948730e-01
1.759927421808242798e-01
3.806391656398773193e-01
3.572378456592559814e-01
2.737768888473510742e-01
2.852825820446014404e-01
3.049221336841583252e-01
2.463092654943466187e-01
2.894099354743957520e-01
2.496087849140167236e-01
4.101781547069549561e-01
2.952923476696014404e-01
2.331051677465438843e-01
3.463690876960754395e-01
3.056080639362335205e-01
3.389654159545898438e-01
2.559438645839691162e-01
2.867034375667572021e-01
7.077838182449340820e-01
2.494295090436935425e-01
2.443417459726333618e-01
6.726926565170288086e-01
2.864080071449279785e-01
2.919457554817199707e-01
3.164787292480468750e-01
2.538693547248840332e-01
2.719087004661560059e-01
5.952742099761962891e-01
6.422681212425231934e-01
2.616818547248840332e-01
2.645005881786346436e-01
2.700653672218322754e-01
3.165842294692993164e-01
2.874816358089447021e-01
2.992163598537445068e-01
4.013185799121856689e-01
2.756594121456146240e-01
3.504846692085266113e-01
4.774673283100128174e-01
2.190989255905151367e-01
2.166652828454971313e-01
3.014548420906066895e-01
6.136434078216552734e-01
5.315502882003784180e-01
3.941764831542968750e-01
4.498269557952880859e-01
2.694192826747894287e-01
2.880230844020843506e-01
3.004329800605773926e-01
2.751710712909698486e-01
2.966805398464202881e-01
2.352125197649002075e-01
2.997477650642395020e-01
3.140542805194854736e-01
2.636564075946807861e-01
2.952902019023895264e-01
2.975572049617767334e-01
2.763911783695220947e-01
2.956991493701934814e-01
2.189834266901016235e-01
2.588767707347869873e-01
2.778656780719757080e-01
4.349904358386993408e-01
4.301269650459289551e-01
2.742793560028076172e-01
3.496501445770263672e-01
3.545571565628051758e-01
2.976099848747253418e-01
2.305685281753540039e-01
7.072493433952331543e-01
2.339399158954620361e-01
3.452705144882202148e-01
2.867524027824401855e-01
2.293226420879364014e-01
2.824339866638183594e-01
2.410524189472198486e-01
3.528772294521331787e-01
4.740170538425445557e-01
2.945418655872344971e-01
3.408672511577606201e-01
3.118293881416320801e-01
2.869609594345092773e-01
3.862692415714263916e-01
3.538897931575775146e-01
4.373975098133087158e-01
2.581457793712615967e-01
2.891007065773010254e-01
2.478016614913940430e-01
2.493918240070343018e-01
6.527383923530578613e-01
2.879230976104736328e-01
2.554850876331329346e-01
3.390116393566131592e-01
2.968311905860900879e-01
2.420130670070648193e-01
2.828154861927032471e-01
3.389895856380462646e-01
3.550286889076232910e-01
2.847822308540344238e-01
3.511592745780944824e-01
2.847822308540344238e-01
3.511592745780944824e-01
2.321632653474807739e-01
2.626994848251342773e-01
2.820983231067657471e-01
3.006352484226226807e-01
2.994728982448577881e-01
2.227033376693725586e-01
3.433138728141784668e-01
1.741840988397598267e-01
3.802582621574401855e-01
3.388040065765380859e-01
3.998426496982574463e-01
2.717483639717102051e-01
3.637709319591522217e-01
3.579510450363159180e-01
6.297926902770996094e-01
5.917558073997497559e-01
2.955105602741241455e-01
2.312213480472564697e-01
3.235013484954833984e-01
3.585673272609710693e-01
4.824076890945434570e-01
4.870647490024566650e-01
3.289817869663238525e-01
4.943099319934844971e-01
3.610756099224090576e-01
4.019719064235687256e-01
4.311574995517730713e-01
4.071086347103118896e-01
4.132739901542663574e-01
4.347189962863922119e-01
4.343807101249694824e-01
2.628957331180572510e-01
2.882252633571624756e-01
2.943592965602874756e-01
2.715093493461608887e-01
2.896743714809417725e-01
2.193646430969238281e-01
5.185641646385192871e-01
2.521249949932098389e-01
4.980565905570983887e-01
2.772378623485565186e-01
3.078485727310180664e-01
3.018149137496948242e-01
2.852712571620941162e-01
2.646972537040710449e-01
2.740354835987091064e-01
3.825416564941406250e-01
4.252802729606628418e-01
3.925255537033081055e-01
3.986294269561767578e-01
1.742137670516967773e-01
7.715180516242980957e-01
2.480150759220123291e-01
3.202002644538879395e-01
3.005217313766479492e-01
2.933325469493865967e-01
4.004779458045959473e-01
3.870007991790771484e-01
4.000973999500274658e-01
2.240553945302963257e-01
2.751874029636383057e-01
4.657147526741027832e-01
4.454647898674011230e-01
4.531094133853912354e-01
2.689620256423950195e-01
2.726700305938720703e-01
2.564063370227813721e-01
4.822221398353576660e-01
4.633659720420837402e-01
4.662429690361022949e-01
2.606213092803955078e-01
5.534520745277404785e-01
3.023700416088104248e-01
2.898317277431488037e-01
2.205717712640762329e-01
3.599446415901184082e-01
2.495570778846740723e-01
8.634154200553894043e-01
8.145698308944702148e-01
2.774903476238250732e-01
2.502229809761047363e-01
2.584186494350433350e-01
2.860791385173797607e-01
2.483579963445663452e-01
2.477297186851501465e-01
7.860679030418395996e-01
4.108133316040039062e-01
2.873595654964447021e-01
2.949562370777130127e-01
3.381737470626831055e-01
2.853325903415679932e-01
3.259730041027069092e-01
2.590049505233764648e-01
3.591824471950531006e-01
2.798849046230316162e-01
4.900543391704559326e-01
5.073975920677185059e-01
2.491926699876785278e-01
4.951070249080657959e-01
4.957763850688934326e-01
2.459314018487930298e-01
