2.526845037937164307e-01
2.709497511386871338e-01
2.273232340812683105e-01
4.184801280498504639e-01
1.748894304037094116e-01
4.107922911643981934e-01
3.618034124374389648e-01
2.762518525123596191e-01
2.600947320461273193e-01
3.045317232608795166e-01
2.470714449882507324e-01
2.974071502685546875e-01
2.532503604888916016e-01
4.566750228404998779e-01
2.938781380653381348e-01
2.325274050235748291e-01
3.727812170982360840e-01
2.839092910289764404e-01
3.545252680778503418e-01
2.573935389518737793e-01
2.863887250423431396e-01
5.396371483802795410e-01
2.502083480358123779e-01
2.443138957023620605e-01
6.105535626411437988e-01
2.871765792369842529e-01
2.860337197780609131e-01
3.311018347740173340e-01
2.499703019857406616e-01
2.875327467918395996e-01
7.821771502494812012e-01
7.390009164810180664e-01
3.315457999706268311e-01
2.632552683353424072e-01
2.467181235551834106e-01
2.835163176059722900e-01
2.770984768867492676e-01
3.049344122409820557e-01
3.666225969791412354e-01
2.698055505752563477e-01
3.102906048297882080e-01
4.818973541259765625e-01
2.249826192855834961e-01
2.220403403043746948e-01
2.986279428005218506e-01
5.902010202407836914e-01
5.685206055641174316e-01
4.111098647117614746e-01
3.913700282573699951e-01
2.616890370845794678e-01
2.866204082965850830e-01
3.037547171115875244e-01
2.799390256404876709e-01
2.975575923919677734e-01
2.270034104585647583e-01
3.059735894203186035e-01
3.088800311088562012e-01
2.544870972633361816e-01
2.920119464397430420e-01
3.122661709785461426e-01
2.774778902530670166e-01
2.953573763370513916e-01
2.175521254539489746e-01
2.869262695312500000e-01
2.738953530788421631e-01
4.236327111721038818e-01
4.335380494594573975e-01
2.529157698154449463e-01
3.603336811065673828e-01
3.475491702556610107e-01
2.968820929527282715e-01
2.461723685264587402e-01
7.231452465057373047e-01
2.380894124507904053e-01
3.403615653514862061e-01
2.863133847713470459e-01
2.250045388936996460e-01
2.573270499706268311e-01
2.443391531705856323e-01
4.213940203189849854e-01
4.370079040527343750e-01
2.945010960102081299e-01
3.416030108928680420e-01
3.480415940284729004e-01
3.022555410861968994e-01
3.687810897827148438e-01
3.106046020984649658e-01
3.786951303482055664e-01
2.581244111061096191e-01
2.889947593212127686e-01
2.492030560970306396e-01
2.456478476524353027e-01
5.845254063606262207e-01
2.630514800548553467e-01
2.588464021682739258e-01
3.394446671009063721e-01
2.939635217189788818e-01
2.490444481372833252e-01
3.236284852027893066e-01
3.037153780460357666e-01
3.296671807765960693e-01
3.355000317096710205e-01
3.436537086963653564e-01
3.355000317096710205e-01
3.436537086963653564e-01
2.438427507877349854e-01
2.611546218395233154e-01
3.063377737998962402e-01
3.250722587108612061e-01
2.957451939582824707e-01
2.278992831707000732e-01
3.380621075630187988e-01
1.754635423421859741e-01
3.770251870155334473e-01
3.163473606109619141e-01
3.698245882987976074e-01
2.508724331855773926e-01
3.828571140766143799e-01
3.714738786220550537e-01
5.701632499694824219e-01
5.552702546119689941e-01
2.958044111728668213e-01
2.396320402622222900e-01
3.834970295429229736e-01
2.699076831340789795e-01
4.856291413307189941e-01
5.403659343719482422e-01
2.662840187549591064e-01
4.849935173988342285e-01
2.966822385787963867e-01
4.219357073307037354e-01
4.067552685737609863e-01
3.687606453895568848e-01
4.732358157634735107e-01
4.340353012084960938e-01
4.709812104701995850e-01
2.899352908134460449e-01
2.563948035240173340e-01
2.888032197952270508e-01
3.075557947158813477e-01
2.953738570213317871e-01
2.173880189657211304e-01
5.167340040206909180e-01
2.796544432640075684e-01
4.363373816013336182e-01
3.517917692661285400e-01
3.118838369846343994e-01
2.831833958625793457e-01
2.701110243797302246e-01
2.479994446039199829e-01
2.908864319324493408e-01
4.084834456443786621e-01
3.942445814609527588e-01
4.823320209980010986e-01
3.397870659828186035e-01
1.733393669128417969e-01
8.365646600723266602e-01
2.820215523242950439e-01
3.347219228744506836e-01
3.363358080387115479e-01
3.180182576179504395e-01
3.198286592960357666e-01
3.313812017440795898e-01
3.277425169944763184e-01
2.205691039562225342e-01
4.078433811664581299e-01
4.154546558856964111e-01
4.180130064487457275e-01
4.109386503696441650e-01
2.716008424758911133e-01
2.609062492847442627e-01
2.685211896896362305e-01
4.533270895481109619e-01
4.628934860229492188e-01
4.723497033119201660e-01
2.561002671718597412e-01
6.207224726676940918e-01
2.477785795927047729e-01
2.892154753208160400e-01
2.315789908170700073e-01
2.837247848510742188e-01
2.462026625871658325e-01
8.246022462844848633e-01
8.213415741920471191e-01
3.488875031471252441e-01
3.573287129402160645e-01
2.559444308280944824e-01
2.870317101478576660e-01
2.479551434516906738e-01
2.479576915502548218e-01
8.571947216987609863e-01
3.239833712577819824e-01
3.802119493484497070e-01
2.936816811561584473e-01
3.235239386558532715e-01
2.882302701473236084e-01
3.135541081428527832e-01
2.931456267833709717e-01
3.175441622734069824e-01
3.178771734237670898e-01
4.835495650768280029e-01
4.604329764842987061e-01
2.474889755249023438e-01
4.970461130142211914e-01
4.967272281646728516e-01
2.491210699081420898e-01
