2.404636591672897339e-01
3.740451335906982422e-01
2.432391047477722168e-01
2.527344524860382080e-01
1.684979796409606934e-01
3.783827126026153564e-01
2.463851124048233032e-01
2.898424267768859863e-01
2.689915597438812256e-01
2.994930744171142578e-01
2.752913534641265869e-01
2.520852684974670410e-01
3.017606437206268311e-01
4.216287136077880859e-01
2.900376915931701660e-01
2.514732182025909424e-01
2.660242617130279541e-01
4.150993824005126953e-01
2.775785028934478760e-01
2.534715235233306885e-01
2.856084108352661133e-01
1.370979189872741699e+00
2.498606443405151367e-01
2.511688470840454102e-01
4.143674075603485107e-01
2.618629634380340576e-01
3.017395436763763428e-01
2.461186796426773071e-01
2.117356508970260620e-01
4.141995906829833984e-01
5.038186311721801758e-01
6.028315424919128418e-01
3.073977231979370117e-01
2.901782691478729248e-01
2.534713447093963623e-01
2.801354229450225830e-01
3.022161126136779785e-01
2.490531653165817261e-01
4.532365798950195312e-01
2.399225980043411255e-01
4.007734954357147217e-01
5.606184005737304688e-01
3.416684865951538086e-01
2.249723821878433228e-01
3.738698065280914307e-01
1.239139199256896973e+00
1.267201542854309082e+00
3.509721457958221436e-01
4.098794162273406982e-01
2.988613545894622803e-01
2.461311668157577515e-01
2.500187456607818604e-01
3.069803416728973389e-01
2.159798592329025269e-01
2.280353903770446777e-01
3.587274551391601562e-01
4.032288491725921631e-01
3.016047775745391846e-01
2.578369677066802979e-01
2.943376898765563965e-01
3.808871805667877197e-01
2.996399700641632080e-01
3.596243560314178467e-01
2.554345428943634033e-01
3.760878145694732666e-01
3.238172829151153564e-01
4.293416738510131836e-01
2.606050074100494385e-01
3.572821915149688721e-01
2.787889242172241211e-01
3.000888526439666748e-01
2.245445102453231812e-01
8.623590469360351562e-01
2.972588837146759033e-01
2.227392792701721191e-01
2.496762871742248535e-01
3.265902101993560791e-01
2.247415035963058472e-01
2.448551654815673828e-01
4.673883020877838135e-01
4.282470941543579102e-01
2.894513309001922607e-01
3.512133359909057617e-01
4.028180539608001709e-01
3.347349166870117188e-01
3.541271984577178955e-01
3.397054374217987061e-01
5.632569193840026855e-01
2.547165751457214355e-01
2.872288823127746582e-01
2.517540156841278076e-01
2.450845241546630859e-01
5.466167926788330078e-01
3.080116808414459229e-01
2.575384676456451416e-01
3.024531304836273193e-01
3.002996146678924561e-01
3.630255162715911865e-01
2.499769926071166992e-01
2.404014319181442261e-01
3.689879477024078369e-01
3.226726949214935303e-01
2.811278402805328369e-01
3.226726949214935303e-01
2.811278402805328369e-01
2.690948545932769775e-01
2.460501194000244141e-01
2.598553001880645752e-01
3.242045640945434570e-01
2.950194776058197021e-01
2.213498502969741821e-01
3.571768105030059814e-01
1.751758903264999390e-01
3.790345489978790283e-01
2.988880574703216553e-01
3.482836484909057617e-01
2.404276281595230103e-01
2.691998183727264404e-01
2.892268598079681396e-01
6.719835400581359863e-01
6.552023291587829590e-01
2.996469736099243164e-01
3.580935895442962646e-01
3.292050063610076904e-01
4.062869846820831299e-01
6.036211848258972168e-01
5.656252503395080566e-01
4.726324081420898438e-01
4.311157464981079102e-01
4.960753917694091797e-01
2.638004720211029053e-01
3.440438508987426758e-01
4.101623594760894775e-01
2.861004769802093506e-01
2.494451254606246948e-01
3.982352316379547119e-01
2.467572242021560669e-01
3.034055531024932861e-01
3.130271732807159424e-01
2.588831186294555664e-01
2.826474606990814209e-01
3.549162447452545166e-01
1.696085333824157715e+00
2.421699315309524536e-01
1.763742446899414062e+00
2.542215585708618164e-01
2.529596686363220215e-01
3.037365972995758057e-01
2.916950583457946777e-01
2.986647188663482666e-01
2.410090565681457520e-01
1.646775364875793457e+00
4.571894109249114990e-01
1.547611713409423828e+00
4.444319903850555420e-01
1.737585514783859253e-01
1.492169380187988281e+00
2.419265061616897583e-01
2.850380241870880127e-01
3.427272140979766846e-01
2.785649895668029785e-01
4.127749502658843994e-01
3.982042074203491211e-01
3.811711370944976807e-01
2.323651462793350220e-01
2.457758188247680664e-01
4.517872631549835205e-01
4.710893929004669189e-01
4.211205542087554932e-01
2.572833001613616943e-01
2.852339148521423340e-01
2.633104920387268066e-01
4.519412815570831299e-01
4.766720831394195557e-01
4.220456182956695557e-01
1.229921221733093262e+00
1.507244467735290527e+00
2.407859712839126587e-01
2.945946753025054932e-01
2.227955460548400879e-01
3.870255053043365479e-01
2.688726782798767090e-01
1.480145931243896484e+00
1.424457907676696777e+00
3.026534616947174072e-01
3.695212304592132568e-01
2.573926746845245361e-01
2.840775549411773682e-01
2.528142333030700684e-01
2.479596734046936035e-01
1.446390032768249512e+00
3.159117996692657471e-01
3.904331028461456299e-01
2.988302409648895264e-01
2.333197593688964844e-01
3.719427287578582764e-01
2.946515083312988281e-01
3.584848940372467041e-01
2.536793351173400879e-01
2.662866413593292236e-01
5.063442587852478027e-01
4.655348360538482666e-01
2.579427361488342285e-01
4.941662251949310303e-01
4.985991716384887695e-01
2.449122220277786255e-01
