2.499562054872512817e-01
2.598576545715332031e-01
3.646199703216552734e-01
3.757863938808441162e-01
1.748352795839309692e-01
2.394591122865676880e-01
2.677942812442779541e-01
2.858987450599670410e-01
3.143392503261566162e-01
3.028604090213775635e-01
2.494048029184341431e-01
2.472482770681381226e-01
2.920850217342376709e-01
4.791923761367797852e-01
2.948562204837799072e-01
2.373362034559249878e-01
3.236723840236663818e-01
3.501559793949127197e-01
3.496746122837066650e-01
2.585645616054534912e-01
2.824935019016265869e-01
1.236988067626953125e+00
2.525010406970977783e-01
2.455862909555435181e-01
6.959857940673828125e-01
2.765658199787139893e-01
3.010130822658538818e-01
2.813474833965301514e-01
2.264450788497924805e-01
3.463229238986968994e-01
6.635559201240539551e-01
6.513826251029968262e-01
3.193215429782867432e-01
2.666251659393310547e-01
2.561762034893035889e-01
2.867662310600280762e-01
2.856052517890930176e-01
2.930122911930084229e-01
4.422757625579833984e-01
3.026297390460968018e-01
3.376065790653228760e-01
4.864439964294433594e-01
2.254285961389541626e-01
2.166674137115478516e-01
2.703154981136322021e-01
7.149229049682617188e-01
6.925740838050842285e-01
3.149861097335815430e-01
5.186209678649902344e-01
2.549879848957061768e-01
2.693124115467071533e-01
3.371557891368865967e-01
3.271492421627044678e-01
2.968428134918212891e-01
2.373384982347488403e-01
3.423303663730621338e-01
3.214304745197296143e-01
2.667315304279327393e-01
2.728260159492492676e-01
3.180182278156280518e-01
3.091421127319335938e-01
2.959474325180053711e-01
2.206361442804336548e-01
3.101868331432342529e-01
3.161052167415618896e-01
3.808983862400054932e-01
3.794212341308593750e-01
2.565690279006958008e-01
3.751126825809478760e-01
3.690832853317260742e-01
2.968910038471221924e-01
2.277603596448898315e-01
7.392560839653015137e-01
2.315291911363601685e-01
3.421961069107055664e-01
2.907095551490783691e-01
2.326326370239257812e-01
2.393318265676498413e-01
2.428618520498275757e-01
4.345622062683105469e-01
4.465102851390838623e-01
2.944451272487640381e-01
3.519054353237152100e-01
3.788444101810455322e-01
2.726692259311676025e-01
4.068266451358795166e-01
3.048951923847198486e-01
2.612272799015045166e-01
2.539306581020355225e-01
2.883735895156860352e-01
2.512110173702239990e-01
2.487988322973251343e-01
3.816027939319610596e-01
2.492168396711349487e-01
2.604683339595794678e-01
3.449731171131134033e-01
2.901157140731811523e-01
2.315782308578491211e-01
3.285196721553802490e-01
3.066479861736297607e-01
2.870553731918334961e-01
3.757456541061401367e-01
3.525548875331878662e-01
3.757456541061401367e-01
3.525548875331878662e-01
2.311710566282272339e-01
2.847020626068115234e-01
3.008767068386077881e-01
2.877703607082366943e-01
2.973177731037139893e-01
2.196967154741287231e-01
2.930887043476104736e-01
1.742421835660934448e-01
3.796986341476440430e-01
3.062795698642730713e-01
4.184302389621734619e-01
2.463992834091186523e-01
3.718277513980865479e-01
3.399325311183929443e-01
5.654875636100769043e-01
4.920138418674468994e-01
2.962615191936492920e-01
2.371768206357955933e-01
3.652228415012359619e-01
3.009367287158966064e-01
5.108377933502197266e-01
4.944337904453277588e-01
3.251250684261322021e-01
4.443858563899993896e-01
3.541537225246429443e-01
4.007371664047241211e-01
3.304239809513092041e-01
4.001139700412750244e-01
4.433046281337738037e-01
4.856075346469879150e-01
4.584828615188598633e-01
2.616717815399169922e-01
2.938058674335479736e-01
3.202248513698577881e-01
2.726303339004516602e-01
2.956544160842895508e-01
2.144559621810913086e-01
6.503512859344482422e-01
2.820489406585693359e-01
5.711727738380432129e-01
2.850976884365081787e-01
3.398068845272064209e-01
3.406127393245697021e-01
2.642068862915039062e-01
2.561432719230651855e-01
2.649178504943847656e-01
4.463704824447631836e-01
4.404570162296295166e-01
5.251402258872985840e-01
4.379586279392242432e-01
1.752162724733352661e-01
8.362700343132019043e-01
2.486970871686935425e-01
3.072073161602020264e-01
3.101628422737121582e-01
2.837130427360534668e-01
3.889588415622711182e-01
3.830402791500091553e-01
4.064660966396331787e-01
2.275966256856918335e-01
2.806835472583770752e-01
4.669208824634552002e-01
4.511598646640777588e-01
4.347674846649169922e-01
2.816643714904785156e-01
2.703226506710052490e-01
2.530135512351989746e-01
4.974559545516967773e-01
4.586125612258911133e-01
4.777068197727203369e-01
2.605329751968383789e-01
4.892294108867645264e-01
2.785140275955200195e-01
2.852869331836700439e-01
2.182808071374893188e-01
3.228949606418609619e-01
2.532299757003784180e-01
1.085965633392333984e+00
8.718128800392150879e-01
3.282055556774139404e-01
2.939157187938690186e-01
2.591048777103424072e-01
2.889318764209747314e-01
2.491738647222518921e-01
2.462613433599472046e-01
9.250447154045104980e-01
4.121682643890380859e-01
2.918451428413391113e-01
2.909370958805084229e-01
3.483357727527618408e-01
2.702696323394775391e-01
3.265720903873443604e-01
2.522595226764678955e-01
3.600744903087615967e-01
2.889319062232971191e-01
4.817555248737335205e-01
5.150312781333923340e-01
2.495685815811157227e-01
4.952126443386077881e-01
4.988648593425750732e-01
2.466986179351806641e-01
