2.566381692886352539e-01
2.653632760047912598e-01
2.287077605724334717e-01
4.239134788513183594e-01
1.755862087011337280e-01
4.032255411148071289e-01
3.557893037796020508e-01
2.638839185237884521e-01
2.659796178340911865e-01
3.037293851375579834e-01
2.502717971801757812e-01
2.930562496185302734e-01
2.509744763374328613e-01
3.745646774768829346e-01
2.962013185024261475e-01
2.183691114187240601e-01
3.551612198352813721e-01
2.963821291923522949e-01
2.863687574863433838e-01
2.558026313781738281e-01
2.887741327285766602e-01
8.032909035682678223e-01
2.480190992355346680e-01
2.482105493545532227e-01
7.852698564529418945e-01
2.969547808170318604e-01
2.659832537174224854e-01
3.155230283737182617e-01
2.446699887514114380e-01
2.577255368232727051e-01
5.279647707939147949e-01
6.034168004989624023e-01
2.605536878108978271e-01
2.935320436954498291e-01
2.962568700313568115e-01
3.556727170944213867e-01
2.515394091606140137e-01
2.877166867256164551e-01
4.152888059616088867e-01
3.005101382732391357e-01
3.511914014816284180e-01
5.080103874206542969e-01
2.202630341053009033e-01
2.224027961492538452e-01
2.643371224403381348e-01
6.121081113815307617e-01
5.973182916641235352e-01
3.150562942028045654e-01
5.131791830062866211e-01
2.680246233940124512e-01
2.935393750667572021e-01
2.968486845493316650e-01
2.729196250438690186e-01
2.962803542613983154e-01
2.377222776412963867e-01
3.029390573501586914e-01
3.126840293407440186e-01
2.734539806842803955e-01
2.699673473834991455e-01
2.989585995674133301e-01
3.010442256927490234e-01
2.973144948482513428e-01
2.212016582489013672e-01
2.883939445018768311e-01
3.200194537639617920e-01
3.923119008541107178e-01
3.711714148521423340e-01
2.495496720075607300e-01
3.640033602714538574e-01
3.310316503047943115e-01
2.946929037570953369e-01
2.312256693840026855e-01
6.819505095481872559e-01
2.362761646509170532e-01
3.368037641048431396e-01
2.889575958251953125e-01
2.298867851495742798e-01
2.428419440984725952e-01
2.862968146800994873e-01
3.492592275142669678e-01
4.526706337928771973e-01
2.952631711959838867e-01
3.541289567947387695e-01
3.156171441078186035e-01
3.411488234996795654e-01
3.175292015075683594e-01
2.740429341793060303e-01
4.437957108020782471e-01
2.566625773906707764e-01
2.876009643077850342e-01
2.497594803571701050e-01
2.484455257654190063e-01
3.812780678272247314e-01
2.974092066287994385e-01
2.571913599967956543e-01
3.059480488300323486e-01
2.874816358089447021e-01
2.325042933225631714e-01
2.476030290126800537e-01
3.865438997745513916e-01
3.486023843288421631e-01
2.884733676910400391e-01
2.701561152935028076e-01
2.884733676910400391e-01
2.701561152935028076e-01
2.330155819654464722e-01
2.507132291793823242e-01
3.214839696884155273e-01
3.384661078453063965e-01
2.952942252159118652e-01
2.211702764034271240e-01
3.410589098930358887e-01
1.751946806907653809e-01
3.874565362930297852e-01
3.157311677932739258e-01
3.540957868099212646e-01
2.493209689855575562e-01
3.805765807628631592e-01
3.698159158229827881e-01
5.841220617294311523e-01
5.751266479492187500e-01
2.953581213951110840e-01
2.446677237749099731e-01
3.831993639469146729e-01
2.619779407978057861e-01
4.953634738922119141e-01
5.261442065238952637e-01
2.684452235698699951e-01
4.773633480072021484e-01
3.001479208469390869e-01
4.007699191570281982e-01
4.232610762119293213e-01
3.900014758110046387e-01
4.679686129093170166e-01
4.461936652660369873e-01
4.539589881896972656e-01
2.937366664409637451e-01
2.604778707027435303e-01
2.700127959251403809e-01
2.993612587451934814e-01
2.979874908924102783e-01
2.128874957561492920e-01
6.528544425964355469e-01
2.667579948902130127e-01
5.626050233840942383e-01
3.573274314403533936e-01
3.142324388027191162e-01
2.965313792228698730e-01
2.769815623760223389e-01
2.598117887973785400e-01
2.807940840721130371e-01
7.053081989288330078e-01
4.058093726634979248e-01
7.566514611244201660e-01
3.534228205680847168e-01
1.737317442893981934e-01
4.459751248359680176e-01
2.651081681251525879e-01
3.161837756633758545e-01
3.000754714012145996e-01
3.145721256732940674e-01
3.821905255317687988e-01
3.706432282924652100e-01
3.843858242034912109e-01
2.397005110979080200e-01
2.681941390037536621e-01
4.018983542919158936e-01
3.913004398345947266e-01
4.114565253257751465e-01
2.679571211338043213e-01
2.701375484466552734e-01
2.567375004291534424e-01
4.497019648551940918e-01
4.448692798614501953e-01
4.439948499202728271e-01
2.586213350296020508e-01
4.055199623107910156e-01
2.390494942665100098e-01
2.885372340679168701e-01
2.290934920310974121e-01
3.243000507354736328e-01
3.002094626426696777e-01
7.848731279373168945e-01
5.709621906280517578e-01
3.158017694950103760e-01
3.262006640434265137e-01
2.564314305782318115e-01
2.894701957702636719e-01
2.477387785911560059e-01
2.479054182767868042e-01
9.628982543945312500e-01
4.036486148834228516e-01
3.430291712284088135e-01
2.915245890617370605e-01
3.126834630966186523e-01
3.066674470901489258e-01
3.528379797935485840e-01
2.931267917156219482e-01
3.254497349262237549e-01
2.905418574810028076e-01
4.772274196147918701e-01
4.617404341697692871e-01
2.461504191160202026e-01
4.959561228752136230e-01
4.964848160743713379e-01
2.481331527233123779e-01
