2.506289482116699219e-01
3.110892176628112793e-01
2.360339760780334473e-01
3.833364844322204590e-01
1.737889647483825684e-01
4.089239835739135742e-01
2.706645131111145020e-01
2.794482409954071045e-01
3.071719408035278320e-01
3.023567795753479004e-01
2.481268495321273804e-01
2.530309557914733887e-01
2.954515218734741211e-01
3.327729105949401855e-01
2.849563956260681152e-01
2.172612994909286499e-01
2.718503177165985107e-01
4.123761951923370361e-01
3.610261380672454834e-01
2.561992108821868896e-01
2.892720699310302734e-01
8.941444158554077148e-01
2.468480020761489868e-01
2.480727732181549072e-01
7.660406231880187988e-01
2.618103921413421631e-01
3.386398851871490479e-01
3.417329192161560059e-01
2.455354332923889160e-01
3.520191609859466553e-01
8.640512824058532715e-01
8.554516434669494629e-01
3.126985430717468262e-01
2.750900387763977051e-01
2.607629597187042236e-01
3.000650703907012939e-01
2.719134390354156494e-01
3.457993268966674805e-01
3.365339338779449463e-01
2.903269529342651367e-01
3.565265238285064697e-01
4.889852702617645264e-01
2.228063642978668213e-01
2.232962995767593384e-01
2.871560156345367432e-01
6.298152804374694824e-01
6.420744657516479492e-01
3.794175982475280762e-01
4.891292452812194824e-01
2.564745247364044189e-01
2.855262160301208496e-01
3.243662416934967041e-01
3.005303144454956055e-01
2.959615588188171387e-01
2.292021661996841431e-01
3.177869617938995361e-01
2.972978055477142334e-01
2.667458951473236084e-01
2.850352525711059570e-01
2.965388298034667969e-01
2.760148942470550537e-01
2.959675192832946777e-01
2.170128524303436279e-01
2.783370018005371094e-01
3.030713200569152832e-01
4.341663420200347900e-01
4.063600301742553711e-01
2.668224871158599854e-01
3.550750613212585449e-01
3.604575693607330322e-01
2.967269122600555420e-01
2.261545807123184204e-01
8.246839642524719238e-01
2.336288839578628540e-01
3.371928632259368896e-01
2.866340875625610352e-01
2.250469177961349487e-01
2.737569510936737061e-01
2.428982257843017578e-01
3.728060424327850342e-01
4.617334008216857910e-01
2.940638363361358643e-01
3.366971015930175781e-01
3.181329369544982910e-01
3.273335695266723633e-01
3.422482013702392578e-01
3.409636318683624268e-01
4.497465491294860840e-01
2.545565068721771240e-01
2.879008948802947998e-01
2.504504919052124023e-01
2.481237798929214478e-01
6.821499466896057129e-01
2.820875644683837891e-01
2.493400424718856812e-01
3.414458036422729492e-01
2.927302122116088867e-01
2.417358458042144775e-01
3.001208603382110596e-01
3.289676308631896973e-01
3.456349968910217285e-01
3.121270239353179932e-01
3.006106615066528320e-01
3.121270239353179932e-01
3.006106615066528320e-01
2.327413409948348999e-01
2.679617404937744141e-01
3.203167319297790527e-01
3.245802819728851318e-01
2.964930534362792969e-01
2.246667891740798950e-01
3.204822242259979248e-01
1.758797913789749146e-01
3.706983327865600586e-01
2.767755985260009766e-01
3.917012512683868408e-01
2.497267425060272217e-01
3.755133748054504395e-01
3.473010361194610596e-01
5.503221154212951660e-01
5.293149948120117188e-01
2.949051260948181152e-01
2.316354960203170776e-01
3.617894947528839111e-01
3.150255978107452393e-01
5.164586901664733887e-01
4.738544523715972900e-01
3.445206284523010254e-01
4.514509737491607666e-01
3.511769771575927734e-01
3.841925859451293945e-01
3.784611523151397705e-01
3.717841804027557373e-01
4.607394039630889893e-01
4.501223564147949219e-01
4.705205261707305908e-01
2.790628671646118164e-01
2.600069940090179443e-01
3.108536303043365479e-01
3.345998823642730713e-01
2.960714399814605713e-01
2.208016961812973022e-01
4.043002724647521973e-01
2.941220998764038086e-01
3.523159921169281006e-01
3.297750949859619141e-01
3.398501574993133545e-01
3.219038546085357666e-01
2.713574171066284180e-01
2.537216544151306152e-01
2.689797580242156982e-01
4.429607093334197998e-01
3.473774492740631104e-01
4.367419779300689697e-01
3.712626099586486816e-01
1.737893372774124146e-01
3.469884991645812988e-01
2.527229487895965576e-01
2.916586995124816895e-01
3.434271216392517090e-01
2.953614890575408936e-01
3.919537067413330078e-01
3.797827064990997314e-01
3.791270852088928223e-01
2.212749123573303223e-01
2.927798926830291748e-01
4.421176612377166748e-01
4.702371060848236084e-01
4.182051718235015869e-01
2.616692781448364258e-01
2.752938866615295410e-01
2.638654410839080811e-01
4.757821857929229736e-01
4.686951935291290283e-01
4.660145342350006104e-01
2.619813084602355957e-01
3.544917404651641846e-01
2.337936460971832275e-01
2.879712283611297607e-01
3.425265550613403320e-01
2.621058225631713867e-01
3.555625379085540771e-01
3.556211292743682861e-01
4.144863188266754150e-01
3.740953803062438965e-01
2.692367136478424072e-01
2.588179111480712891e-01
2.854017019271850586e-01
2.468539178371429443e-01
2.477057278156280518e-01
1.137407302856445312e+00
4.242666959762573242e-01
3.990489840507507324e-01
2.866885960102081299e-01
2.971677482128143311e-01
3.170582950115203857e-01
3.479956984519958496e-01
3.134042918682098389e-01
3.007274866104125977e-01
3.026964366436004639e-01
3.502766191959381104e-01
3.418512046337127686e-01
2.490142434835433960e-01
4.956814646720886230e-01
4.949277639389038086e-01
2.496261149644851685e-01
