3.022684156894683838e-01
3.076063394546508789e-01
2.268913090229034424e-01
4.227816760540008545e-01
1.749506145715713501e-01
3.168721199035644531e-01
2.587036192417144775e-01
2.584588527679443359e-01
3.236203789710998535e-01
2.997393012046813965e-01
2.325195670127868652e-01
2.547089457511901855e-01
3.064937889575958252e-01
4.904625415802001953e-01
2.880531251430511475e-01
2.500949203968048096e-01
2.764759361743927002e-01
4.005481302738189697e-01
2.942051589488983154e-01
2.539458572864532471e-01
2.845111489295959473e-01
1.173509836196899414e+00
2.636078596115112305e-01
2.389632463455200195e-01
7.643947601318359375e-01
2.540084123611450195e-01
2.989733219146728516e-01
2.417272925376892090e-01
3.610128164291381836e-01
2.282598912715911865e-01
3.494351506233215332e-01
6.409035921096801758e-01
3.211123645305633545e-01
2.893695533275604248e-01
2.502591311931610107e-01
2.537578344345092773e-01
3.015002012252807617e-01
2.438678294420242310e-01
4.598738551139831543e-01
3.022832572460174561e-01
3.518537878990173340e-01
5.670295357704162598e-01
2.188959717750549316e-01
2.238833010196685791e-01
2.733175754547119141e-01
1.373996734619140625e+00
1.482254743576049805e+00
3.302594423294067383e-01
5.397744178771972656e-01
2.370595037937164307e-01
2.495125532150268555e-01
3.809944987297058105e-01
3.748611211776733398e-01
2.962563633918762207e-01
2.515861093997955322e-01
3.858032226562500000e-01
3.079043030738830566e-01
3.035873174667358398e-01
2.476925551891326904e-01
2.563201785087585449e-01
3.103357851505279541e-01
3.000901341438293457e-01
2.186255753040313721e-01
2.790563404560089111e-01
3.860290646553039551e-01
4.216116666793823242e-01
3.285588026046752930e-01
2.480486631393432617e-01
3.851791620254516602e-01
3.794469833374023438e-01
2.942833006381988525e-01
2.333926260471343994e-01
5.411626100540161133e-01
2.954409420490264893e-01
2.380484938621520996e-01
2.313966304063796997e-01
3.421217799186706543e-01
2.299177944660186768e-01
3.023765981197357178e-01
2.872637808322906494e-01
5.125583410263061523e-01
2.910169363021850586e-01
3.431175351142883301e-01
2.857738733291625977e-01
3.863335251808166504e-01
2.468467205762863159e-01
2.412823140621185303e-01
5.171969532966613770e-01
2.585327029228210449e-01
2.822732925415039062e-01
2.469297349452972412e-01
2.507100105285644531e-01
5.499055981636047363e-01
2.569656074047088623e-01
3.024576604366302490e-01
3.132956027984619141e-01
2.894963324069976807e-01
3.489475846290588379e-01
3.374080061912536621e-01
3.509837090969085693e-01
3.012252449989318848e-01
2.163044214248657227e-01
4.614119231700897217e-01
2.163044214248657227e-01
4.614119231700897217e-01
2.800696492195129395e-01
2.548711895942687988e-01
3.074034154415130615e-01
3.783230781555175781e-01
2.954761981964111328e-01
2.596750855445861816e-01
3.713269233703613281e-01
1.784131526947021484e-01
3.778790831565856934e-01
2.844574749469757080e-01
2.957852482795715332e-01
3.039319813251495361e-01
3.321578800678253174e-01
3.851096332073211670e-01
7.203489542007446289e-01
6.975468397140502930e-01
2.929239273071289062e-01
2.187294214963912964e-01
2.511952817440032959e-01
4.274562001228332520e-01
4.043143093585968018e-01
4.493505060672760010e-01
2.233465313911437988e-01
5.337532162666320801e-01
3.613169193267822266e-01
4.670729637145996094e-01
4.420187473297119141e-01
4.468201100826263428e-01
4.505229294300079346e-01
3.194763660430908203e-01
3.067108690738677979e-01
2.640852928161621094e-01
3.016300201416015625e-01
2.573578655719757080e-01
3.270929157733917236e-01
2.979037165641784668e-01
2.216784805059432983e-01
1.372371196746826172e+00
2.873977422714233398e-01
1.429529190063476562e+00
2.959781289100646973e-01
3.679037094116210938e-01
2.793273627758026123e-01
2.923683822154998779e-01
2.464991509914398193e-01
3.062763214111328125e-01
1.430436849594116211e+00
4.672188162803649902e-01
1.404252886772155762e+00
4.812252223491668701e-01
1.749159991741180420e-01
1.046354174613952637e+00
2.448877394199371338e-01
2.351261824369430542e-01
2.946168482303619385e-01
3.588659465312957764e-01
3.788743615150451660e-01
3.873399496078491211e-01
4.252905547618865967e-01
2.323346734046936035e-01
2.592346072196960449e-01
3.908370137214660645e-01
4.818034768104553223e-01
4.791946709156036377e-01
3.022829890251159668e-01
2.531307935714721680e-01
2.462049573659896851e-01
4.818427562713623047e-01
4.005486667156219482e-01
4.799341559410095215e-01
1.261430025100708008e+00
1.093649744987487793e+00
2.967511713504791260e-01
2.974155843257904053e-01
2.309605926275253296e-01
3.763362467288970947e-01
2.978417277336120605e-01
1.297536373138427734e+00
1.035497069358825684e+00
2.696294486522674561e-01
2.924652993679046631e-01
2.568662464618682861e-01
2.815653979778289795e-01
2.458874583244323730e-01
2.367383837699890137e-01
1.529636621475219727e+00
2.719636559486389160e-01
4.339096546173095703e-01
2.937983274459838867e-01
2.534143328666687012e-01
3.549605309963226318e-01
3.190831840038299561e-01
3.713906109333038330e-01
2.379243522882461548e-01
2.827889323234558105e-01
5.134803652763366699e-01
4.819206893444061279e-01
2.478886246681213379e-01
4.935304820537567139e-01
4.942608177661895752e-01
2.478491812944412231e-01
