2.592500150203704834e-01
2.707546055316925049e-01
2.276231348514556885e-01
4.209152460098266602e-01
1.743901669979095459e-01
4.000029563903808594e-01
3.602420687675476074e-01
2.865697443485260010e-01
2.633949518203735352e-01
3.046478927135467529e-01
2.491405904293060303e-01
2.966395318508148193e-01
2.514393627643585205e-01
3.523744642734527588e-01
2.982172667980194092e-01
2.309513837099075317e-01
2.998003065586090088e-01
3.680547773838043213e-01
3.642283678054809570e-01
2.562195658683776855e-01
2.876836955547332764e-01
1.010637283325195312e+00
2.485773563385009766e-01
2.481336295604705811e-01
7.313920855522155762e-01
2.650386989116668701e-01
3.398096263408660889e-01
3.554489016532897949e-01
2.256921678781509399e-01
3.673571646213531494e-01
6.234773397445678711e-01
6.387316584587097168e-01
3.080278635025024414e-01
2.922534644603729248e-01
2.576608955860137939e-01
2.878480255603790283e-01
2.836036086082458496e-01
3.501318991184234619e-01
3.105361461639404297e-01
2.956588268280029297e-01
3.423694670200347900e-01
4.872511029243469238e-01
2.196317464113235474e-01
2.207365334033966064e-01
2.906415462493896484e-01
6.914440393447875977e-01
7.462956309318542480e-01
3.369593918323516846e-01
4.960033297538757324e-01
2.718526422977447510e-01
2.792685329914093018e-01
3.041983246803283691e-01
2.934799790382385254e-01
2.961930334568023682e-01
2.269092053174972534e-01
3.042737543582916260e-01
3.260670304298400879e-01
2.548820078372955322e-01
2.944259643554687500e-01
3.095813095569610596e-01
2.651023864746093750e-01
2.970131039619445801e-01
2.153820097446441650e-01
3.088364899158477783e-01
2.879749536514282227e-01
4.386862516403198242e-01
4.455145895481109619e-01
2.892389595508575439e-01
3.311578333377838135e-01
3.142825663089752197e-01
2.975755631923675537e-01
2.250955551862716675e-01
8.390929698944091797e-01
2.314280420541763306e-01
3.400341868400573730e-01
2.847338914871215820e-01
2.259021401405334473e-01
2.482660710811614990e-01
2.422599494457244873e-01
4.304019808769226074e-01
4.408406019210815430e-01
2.945196032524108887e-01
3.505125343799591064e-01
3.611690998077392578e-01
3.392513096332550049e-01
3.219112455844879150e-01
3.033734560012817383e-01
4.043655395507812500e-01
2.571673095226287842e-01
2.879746258258819580e-01
2.486734986305236816e-01
2.474783211946487427e-01
6.058092713356018066e-01
2.692211270332336426e-01
2.707148194313049316e-01
3.040079176425933838e-01
2.899941504001617432e-01
2.247650325298309326e-01
2.787659168243408203e-01
3.787899613380432129e-01
3.049055933952331543e-01
3.625909090042114258e-01
3.436626195907592773e-01
3.625909090042114258e-01
3.436626195907592773e-01
2.339197397232055664e-01
2.730238437652587891e-01
3.397362530231475830e-01
3.239206671714782715e-01
2.963967025279998779e-01
2.228235304355621338e-01
3.077224791049957275e-01
1.752340495586395264e-01
3.712947368621826172e-01
3.030537068843841553e-01
3.745679259300231934e-01
2.640769183635711670e-01
3.558061420917510986e-01
3.433268666267395020e-01
5.078701972961425781e-01
5.008295178413391113e-01
2.949281036853790283e-01
2.231258302927017212e-01
3.387844860553741455e-01
3.424431979656219482e-01
4.960968494415283203e-01
5.480583906173706055e-01
3.393019139766693115e-01
4.774775505065917969e-01
3.394133150577545166e-01
4.163126945495605469e-01
4.213105440139770508e-01
4.134325385093688965e-01
4.256215095520019531e-01
4.433205723762512207e-01
4.244743585586547852e-01
2.589280307292938232e-01
2.760083973407745361e-01
3.240270018577575684e-01
3.043071031570434570e-01
2.959909141063690186e-01
2.175179570913314819e-01
5.541619658470153809e-01
3.311692476272583008e-01
5.468209385871887207e-01
3.153274357318878174e-01
3.216257989406585693e-01
3.239560723304748535e-01
2.784114480018615723e-01
2.605704367160797119e-01
2.610039114952087402e-01
4.823238551616668701e-01
3.936758041381835938e-01
4.875934720039367676e-01
4.074693918228149414e-01
1.737166196107864380e-01
4.868606030941009521e-01
2.564551532268524170e-01
3.335059285163879395e-01
3.318273425102233887e-01
3.249731361865997314e-01
3.708406984806060791e-01
3.622312545776367188e-01
3.657172620296478271e-01
2.400381267070770264e-01
2.939193546772003174e-01
4.266195595264434814e-01
4.217800199985504150e-01
4.146220088005065918e-01
2.638818919658660889e-01
2.710265815258026123e-01
2.606108784675598145e-01
4.148799479007720947e-01
4.045612514019012451e-01
4.072100520133972168e-01
2.652563750743865967e-01
3.918983638286590576e-01
2.412104755640029907e-01
2.871115207672119141e-01
2.326331138610839844e-01
3.292286396026611328e-01
3.289950788021087646e-01
6.383237838745117188e-01
5.408242940902709961e-01
3.108981847763061523e-01
2.905085682868957520e-01
2.568016350269317627e-01
2.879717350006103516e-01
2.477933764457702637e-01
2.468065619468688965e-01
1.117246985435485840e+00
3.492541909217834473e-01
3.491793572902679443e-01
2.943603396415710449e-01
3.086612522602081299e-01
3.168998658657073975e-01
3.243840932846069336e-01
3.129186332225799561e-01
3.040309846401214600e-01
2.812037169933319092e-01
5.032451152801513672e-01
4.990058839321136475e-01
2.477766722440719604e-01
4.956479966640472412e-01
4.970287680625915527e-01
2.487784028053283691e-01
