2.524641752243041992e-01
2.740877270698547363e-01
2.292434871196746826e-01
4.223542511463165283e-01
1.758333295583724976e-01
4.119580090045928955e-01
3.643847405910491943e-01
2.705938518047332764e-01
2.636887431144714355e-01
3.043916523456573486e-01
2.497187256813049316e-01
2.979247868061065674e-01
2.512659430503845215e-01
4.608457982540130615e-01
2.933340072631835938e-01
2.364701181650161743e-01
3.168907463550567627e-01
3.583755493164062500e-01
3.445771336555480957e-01
2.564520537853240967e-01
2.876036465167999268e-01
8.001425266265869141e-01
2.487637847661972046e-01
2.484176903963088989e-01
6.383317708969116211e-01
2.885356843471527100e-01
2.969594895839691162e-01
3.401424586772918701e-01
2.348460108041763306e-01
3.019684255123138428e-01
7.686161398887634277e-01
7.531073689460754395e-01
3.272791802883148193e-01
2.790728807449340820e-01
2.482372075319290161e-01
2.794207632541656494e-01
2.757229208946228027e-01
3.056207001209259033e-01
3.623553514480590820e-01
3.016786873340606689e-01
3.400034904479980469e-01
4.871793091297149658e-01
2.201351523399353027e-01
2.174212485551834106e-01
2.837601006031036377e-01
6.387190222740173340e-01
6.772830486297607422e-01
3.273562788963317871e-01
5.109122991561889648e-01
2.851708233356475830e-01
2.698334455490112305e-01
2.859428822994232178e-01
3.063361048698425293e-01
2.983557581901550293e-01
2.272214740514755249e-01
2.819208502769470215e-01
3.437893688678741455e-01
2.731978595256805420e-01
2.823135554790496826e-01
2.915056347846984863e-01
2.807362973690032959e-01
2.976705431938171387e-01
2.164459526538848877e-01
2.842811644077301025e-01
3.121348917484283447e-01
4.290448427200317383e-01
3.973105549812316895e-01
2.664847970008850098e-01
3.609922826290130615e-01
3.521879613399505615e-01
2.970007359981536865e-01
2.224829047918319702e-01
8.300844430923461914e-01
2.329066693782806396e-01
3.380995094776153564e-01
2.864053249359130859e-01
2.260386496782302856e-01
2.417740076780319214e-01
2.432612180709838867e-01
4.364797770977020264e-01
4.420606493949890137e-01
2.962529957294464111e-01
3.403631150722503662e-01
3.753347396850585938e-01
3.545785248279571533e-01
3.000984191894531250e-01
3.016190230846405029e-01
4.327130019664764404e-01
2.583643496036529541e-01
2.851589620113372803e-01
2.491618990898132324e-01
2.477880418300628662e-01
6.439014077186584473e-01
2.842521071434020996e-01
2.485440969467163086e-01
3.360581696033477783e-01
2.920083403587341309e-01
2.378724068403244019e-01
2.978157103061676025e-01
3.427588343620300293e-01
3.461687266826629639e-01
3.211902379989624023e-01
2.713425457477569580e-01
3.211902379989624023e-01
2.713425457477569580e-01
2.284670472145080566e-01
2.539422214031219482e-01
3.435314893722534180e-01
3.477900922298431396e-01
2.961917221546173096e-01
2.251657247543334961e-01
3.362362682819366455e-01
1.754249185323715210e-01
3.808826208114624023e-01
3.068416416645050049e-01
3.330835402011871338e-01
2.492564320564270020e-01
3.722141385078430176e-01
3.365668356418609619e-01
5.215939879417419434e-01
5.528239011764526367e-01
2.946395277976989746e-01
2.279728055000305176e-01
3.548039197921752930e-01
3.395983576774597168e-01
5.151582360267639160e-01
4.869042932987213135e-01
3.655001819133758545e-01
4.460998773574829102e-01
3.697922527790069580e-01
3.753190934658050537e-01
3.665121197700500488e-01
3.789896368980407715e-01
4.563499093055725098e-01
4.713974595069885254e-01
4.756605029106140137e-01
2.580504715442657471e-01
2.942125499248504639e-01
3.095696568489074707e-01
2.653056085109710693e-01
2.974707484245300293e-01
2.183151990175247192e-01
6.674804091453552246e-01
2.957664430141448975e-01
6.255432963371276855e-01
2.837580740451812744e-01
3.488164246082305908e-01
3.378923237323760986e-01
2.735737264156341553e-01
2.464742958545684814e-01
2.658641338348388672e-01
4.921767115592956543e-01
4.360753893852233887e-01
5.284281969070434570e-01
4.436441361904144287e-01
1.727539002895355225e-01
8.936293721199035645e-01
2.554971873760223389e-01
3.259485960006713867e-01
3.319493830204010010e-01
3.098724484443664551e-01
3.803928494453430176e-01
3.671899139881134033e-01
3.614397048950195312e-01
2.246632725000381470e-01
3.333820104598999023e-01
4.637689888477325439e-01
4.576465189456939697e-01
4.412055015563964844e-01
2.574240565299987793e-01
2.696433365345001221e-01
2.646193206310272217e-01
4.634458720684051514e-01
4.622051715850830078e-01
4.562710821628570557e-01
2.494994550943374634e-01
4.993110895156860352e-01
2.766676545143127441e-01
2.909945845603942871e-01
2.196963131427764893e-01
3.409750759601593018e-01
2.455953806638717651e-01
9.907678365707397461e-01
8.677505850791931152e-01
3.053299188613891602e-01
3.093136847019195557e-01
2.579400241374969482e-01
2.872518599033355713e-01
2.480957210063934326e-01
2.469669133424758911e-01
7.930393218994140625e-01
3.497638702392578125e-01
3.502421677112579346e-01
2.938202321529388428e-01
3.180031776428222656e-01
2.983231842517852783e-01
3.194994628429412842e-01
2.991241514682769775e-01
3.167588412761688232e-01
2.967900037765502930e-01
5.024380087852478027e-01
4.882166087627410889e-01
2.487550973892211914e-01
4.967291653156280518e-01
4.966841340065002441e-01
2.491814494132995605e-01
