2.603218555450439453e-01
2.678261101245880127e-01
2.300443798303604126e-01
4.298627674579620361e-01
1.756097078323364258e-01
3.963570296764373779e-01
3.629877567291259766e-01
2.722542881965637207e-01
2.651212215423583984e-01
3.041571378707885742e-01
2.497182786464691162e-01
2.966390848159790039e-01
2.461764663457870483e-01
3.450662493705749512e-01
2.969955503940582275e-01
2.230409383773803711e-01
3.715926408767700195e-01
2.741188108921051025e-01
2.764776051044464111e-01
2.562347948551177979e-01
2.888472080230712891e-01
7.639144659042358398e-01
2.480324655771255493e-01
2.475640326738357544e-01
7.780497074127197266e-01
3.055592179298400879e-01
2.819766998291015625e-01
3.341044187545776367e-01
2.410736829042434692e-01
2.447896152734756470e-01
5.228676199913024902e-01
7.035988569259643555e-01
2.605415880680084229e-01
2.708286046981811523e-01
2.805474400520324707e-01
3.488419950008392334e-01
2.698797881603240967e-01
2.797468304634094238e-01
4.060836434364318848e-01
2.984077930450439453e-01
3.513851165771484375e-01
5.020738840103149414e-01
2.227006852626800537e-01
2.216476500034332275e-01
2.692793011665344238e-01
7.288534641265869141e-01
7.251842617988586426e-01
3.295959830284118652e-01
5.014148354530334473e-01
2.604692876338958740e-01
2.958199977874755859e-01
3.096115887165069580e-01
2.769034206867218018e-01
2.961911261081695557e-01
2.333805710077285767e-01
3.117025494575500488e-01
2.975519597530364990e-01
2.641928195953369141e-01
2.778168618679046631e-01
3.022710978984832764e-01
2.898789644241333008e-01
2.973766326904296875e-01
2.183430343866348267e-01
2.919850647449493408e-01
3.055474758148193359e-01
4.155825376510620117e-01
4.002868831157684326e-01
2.418245673179626465e-01
3.598021864891052246e-01
3.019816577434539795e-01
2.948576211929321289e-01
2.234268933534622192e-01
7.042826414108276367e-01
2.294257879257202148e-01
3.425293564796447754e-01
2.837278246879577637e-01
2.274872064590454102e-01
2.426005303859710693e-01
2.434204816818237305e-01
4.431134760379791260e-01
4.423269927501678467e-01
2.977262139320373535e-01
3.352491557598114014e-01
3.760948479175567627e-01
3.756069839000701904e-01
2.764053046703338623e-01
3.051073849201202393e-01
4.421740174293518066e-01
2.573339343070983887e-01
2.865461707115173340e-01
2.502931654453277588e-01
2.471062093973159790e-01
7.156037092208862305e-01
2.589913308620452881e-01
2.448036521673202515e-01
3.637943565845489502e-01
2.955271005630493164e-01
2.356974631547927856e-01
3.473995327949523926e-01
2.873028516769409180e-01
3.250443637371063232e-01
3.605882823467254639e-01
3.117525875568389893e-01
3.605882823467254639e-01
3.117525875568389893e-01
2.243904024362564087e-01
2.942593991756439209e-01
3.078836798667907715e-01
2.732258439064025879e-01
2.964316904544830322e-01
2.191070765256881714e-01
2.832652330398559570e-01
1.765035688877105713e-01
3.758395612239837646e-01
2.883799076080322266e-01
4.454801380634307861e-01
2.460302263498306274e-01
3.858600258827209473e-01
3.752049207687377930e-01
5.445818901062011719e-01
4.528616666793823242e-01
2.967995405197143555e-01
2.394537627696990967e-01
3.871545791625976562e-01
2.583517730236053467e-01
4.901984930038452148e-01
5.366182327270507812e-01
2.615480720996856689e-01
4.880602657794952393e-01
2.953202724456787109e-01
4.058374166488647461e-01
3.875369429588317871e-01
4.121353626251220703e-01
4.465253949165344238e-01
4.672673046588897705e-01
4.610699415206909180e-01
2.878574430942535400e-01
2.485834211111068726e-01
2.918446063995361328e-01
3.354350328445434570e-01
2.975621819496154785e-01
2.135420590639114380e-01
7.079479098320007324e-01
2.975530624389648438e-01
6.747019290924072266e-01
3.630273044109344482e-01
3.216424882411956787e-01
2.935622930526733398e-01
2.691881656646728516e-01
2.576350569725036621e-01
2.803370654582977295e-01
8.106240630149841309e-01
3.690621554851531982e-01
8.152007460594177246e-01
3.244481384754180908e-01
1.736741960048675537e-01
4.016671478748321533e-01
2.540589272975921631e-01
3.290200531482696533e-01
3.191795349121093750e-01
3.085298538208007812e-01
3.773345947265625000e-01
3.811496794223785400e-01
3.801676928997039795e-01
2.357191294431686401e-01
2.661643326282501221e-01
4.373330771923065186e-01
4.239509701728820801e-01
4.316643178462982178e-01
2.650170922279357910e-01
2.605525255203247070e-01
2.693265080451965332e-01
4.131677746772766113e-01
4.255127012729644775e-01
4.378494918346405029e-01
2.513583600521087646e-01
3.220123648643493652e-01
2.421418577432632446e-01
2.853145301342010498e-01
2.236380726099014282e-01
3.262926340103149414e-01
2.999354004859924316e-01
7.746638655662536621e-01
4.812522232532501221e-01
3.139360249042510986e-01
3.160709440708160400e-01
2.577221691608428955e-01
2.850007116794586182e-01
2.490912526845932007e-01
2.472638338804244995e-01
1.040944814682006836e+00
4.459759891033172607e-01
2.621564269065856934e-01
2.928195595741271973e-01
3.370276987552642822e-01
2.809225618839263916e-01
3.311514258384704590e-01
2.428851127624511719e-01
3.725414276123046875e-01
2.793049216270446777e-01
4.927045702934265137e-01
5.047447681427001953e-01
2.484421133995056152e-01
4.963752329349517822e-01
4.962415099143981934e-01
2.502197027206420898e-01
