2.436610460281372070e-01
3.391449153423309326e-01
2.559660971164703369e-01
2.704320549964904785e-01
1.759734898805618286e-01
3.670096099376678467e-01
2.980418503284454346e-01
2.788339257240295410e-01
3.152458965778350830e-01
3.041712939739227295e-01
2.571502327919006348e-01
2.604855597019195557e-01
2.672547399997711182e-01
4.449248313903808594e-01
2.910097539424896240e-01
2.320239245891571045e-01
3.443053066730499268e-01
3.225814998149871826e-01
2.854876518249511719e-01
2.563693523406982422e-01
2.860829234123229980e-01
5.754845738410949707e-01
2.489539682865142822e-01
2.487076967954635620e-01
5.800910592079162598e-01
2.603139579296112061e-01
3.330117762088775635e-01
3.512418866157531738e-01
2.597961723804473877e-01
3.365311920642852783e-01
6.057006716728210449e-01
7.243915796279907227e-01
3.150596320629119873e-01
2.919114530086517334e-01
2.572065293788909912e-01
2.975052297115325928e-01
2.709190547466278076e-01
3.526383936405181885e-01
3.307657539844512939e-01
2.675487697124481201e-01
3.755349516868591309e-01
4.858133196830749512e-01
2.153945863246917725e-01
2.343298494815826416e-01
3.341642022132873535e-01
4.181140959262847900e-01
4.461993277072906494e-01
3.197849690914154053e-01
4.843844771385192871e-01
2.594164013862609863e-01
2.974713444709777832e-01
3.013038039207458496e-01
2.603942453861236572e-01
3.003377616405487061e-01
2.241934090852737427e-01
3.080460131168365479e-01
2.945773005485534668e-01
2.583367228507995605e-01
2.982662320137023926e-01
3.017875254154205322e-01
2.589417397975921631e-01
2.922580838203430176e-01
2.256996780633926392e-01
2.614812552928924561e-01
2.723196744918823242e-01
4.434373080730438232e-01
4.302681386470794678e-01
2.525539696216583252e-01
3.855652213096618652e-01
3.746633529663085938e-01
2.933733761310577393e-01
2.566069364547729492e-01
6.748925447463989258e-01
2.320130169391632080e-01
3.482749164104461670e-01
2.903391718864440918e-01
2.317212373018264771e-01
2.385064214468002319e-01
2.455892860889434814e-01
4.381931424140930176e-01
4.455256462097167969e-01
2.877082228660583496e-01
3.505638241767883301e-01
3.593809902667999268e-01
2.740597128868103027e-01
4.073154330253601074e-01
2.637523114681243896e-01
2.342336177825927734e-01
2.548722624778747559e-01
2.932395040988922119e-01
2.523483335971832275e-01
2.477635592222213745e-01
4.624465405941009521e-01
2.447214424610137939e-01
2.649521231651306152e-01
3.385548591613769531e-01
2.958449423313140869e-01
2.565196156501770020e-01
3.634981513023376465e-01
2.708619534969329834e-01
3.152037560939788818e-01
3.575986921787261963e-01
3.709239959716796875e-01
3.575986921787261963e-01
3.709239959716796875e-01
2.659702897071838379e-01
2.478549331426620483e-01
3.303864896297454834e-01
3.561698794364929199e-01
2.973093688488006592e-01
2.277500629425048828e-01
3.481198847293853760e-01
1.756607741117477417e-01
3.747484982013702393e-01
2.968095839023590088e-01
3.227488100528717041e-01
2.483222633600234985e-01
3.852829635143280029e-01
3.748058676719665527e-01
5.480051040649414062e-01
6.027075052261352539e-01
2.934177517890930176e-01
2.324408143758773804e-01
3.795967400074005127e-01
2.642830312252044678e-01
4.752833843231201172e-01
5.782867670059204102e-01
2.492483407258987427e-01
5.003541707992553711e-01
2.858231365680694580e-01
4.033217430114746094e-01
4.325504004955291748e-01
3.683099448680877686e-01
4.822244346141815186e-01
4.295759499073028564e-01
4.493943154811859131e-01
3.017003238201141357e-01
2.487118989229202271e-01
2.554194927215576172e-01
3.025250434875488281e-01
2.966762483119964600e-01
2.194823175668716431e-01
5.700109004974365234e-01
2.467388957738876343e-01
4.317816197872161865e-01
3.659679591655731201e-01
3.083652555942535400e-01
2.581916451454162598e-01
2.651472687721252441e-01
2.458427101373672485e-01
3.024936318397521973e-01
4.175540804862976074e-01
3.849503099918365479e-01
5.695689320564270020e-01
2.694923579692840576e-01
1.743624210357666016e-01
8.093029856681823730e-01
2.474347203969955444e-01
3.070795834064483643e-01
2.885808348655700684e-01
3.246036469936370850e-01
3.911978304386138916e-01
3.991854488849639893e-01
3.995580673217773438e-01
2.296505868434906006e-01
2.821461558341979980e-01
4.583319723606109619e-01
4.577218890190124512e-01
4.841308295726776123e-01
2.711529135704040527e-01
2.523964941501617432e-01
2.697305083274841309e-01
4.763709604740142822e-01
4.653236567974090576e-01
4.910327494144439697e-01
2.908073365688323975e-01
6.354399323463439941e-01
2.423706352710723877e-01
2.871605753898620605e-01
3.534193336963653564e-01
3.496457636356353760e-01
3.606065213680267334e-01
6.724296808242797852e-01
7.868774533271789551e-01
3.054195940494537354e-01
2.568982839584350586e-01
2.582740187644958496e-01
2.828847169876098633e-01
2.443421632051467896e-01
2.482039183378219604e-01
7.695665359497070312e-01
3.663557171821594238e-01
3.846044242382049561e-01
2.827591001987457275e-01
2.927393019199371338e-01
3.307849466800689697e-01
2.853255569934844971e-01
3.405499160289764404e-01
2.773487269878387451e-01
2.534815967082977295e-01
4.649464786052703857e-01
4.014866948127746582e-01
2.468365132808685303e-01
4.946474134922027588e-01
4.972634315490722656e-01
2.484144866466522217e-01
