2.512797713279724121e-01
2.661125957965850830e-01
2.278542220592498779e-01
4.237356185913085938e-01
1.755939126014709473e-01
4.164616167545318604e-01
3.587613105773925781e-01
2.635144889354705811e-01
2.609288692474365234e-01
3.051159679889678955e-01
2.503813505172729492e-01
2.963615357875823975e-01
2.513826489448547363e-01
4.268229007720947266e-01
2.976608872413635254e-01
2.209992557764053345e-01
3.376541137695312500e-01
3.211543858051300049e-01
3.407979011535644531e-01
2.560951411724090576e-01
2.899079024791717529e-01
6.256173849105834961e-01
2.488398551940917969e-01
2.474858313798904419e-01
6.996389031410217285e-01
2.962082922458648682e-01
2.650402784347534180e-01
3.189074099063873291e-01
2.435550987720489502e-01
2.587985098361968994e-01
6.070812940597534180e-01
6.268552541732788086e-01
2.558659315109252930e-01
2.922654449939727783e-01
2.967903614044189453e-01
3.552141785621643066e-01
2.533845007419586182e-01
2.943021655082702637e-01
4.107667505741119385e-01
2.883003354072570801e-01
3.628964722156524658e-01
5.012416243553161621e-01
2.206279188394546509e-01
2.260186523199081421e-01
2.916599214076995850e-01
5.763593912124633789e-01
4.801435470581054688e-01
3.332203626632690430e-01
5.051851868629455566e-01
2.624935209751129150e-01
2.931258380413055420e-01
2.985358834266662598e-01
2.716521322727203369e-01
2.974068522453308105e-01
2.314277440309524536e-01
2.959346473217010498e-01
2.985780835151672363e-01
2.558996677398681641e-01
2.950686812400817871e-01
3.115035295486450195e-01
2.687769532203674316e-01
2.959347963333129883e-01
2.189101427793502808e-01
2.810496985912322998e-01
2.740534842014312744e-01
4.309089481830596924e-01
4.321757256984710693e-01
2.468301206827163696e-01
3.582422137260437012e-01
3.150608539581298828e-01
2.948368787765502930e-01
2.200261801481246948e-01
6.799324750900268555e-01
2.302581220865249634e-01
3.417767286300659180e-01
2.866108417510986328e-01
2.264164984226226807e-01
2.469127327203750610e-01
2.438675165176391602e-01
4.290767312049865723e-01
4.410895705223083496e-01
2.970399856567382812e-01
3.360303938388824463e-01
3.685905635356903076e-01
3.404750823974609375e-01
3.203625679016113281e-01
3.130629658699035645e-01
3.922436237335205078e-01
2.564256489276885986e-01
2.866448163986206055e-01
2.490632086992263794e-01
2.487215548753738403e-01
6.105601787567138672e-01
2.811327874660491943e-01
2.590173184871673584e-01
3.277605772018432617e-01
2.942957580089569092e-01
2.421759217977523804e-01
2.854014039039611816e-01
3.436354994773864746e-01
3.365514576435089111e-01
3.035099506378173828e-01
3.346941769123077393e-01
3.035099506378173828e-01
3.346941769123077393e-01
2.265221625566482544e-01
2.535296976566314697e-01
2.845833897590637207e-01
3.140296339988708496e-01
2.978961169719696045e-01
2.209803909063339233e-01
3.616380989551544189e-01
1.753441989421844482e-01
3.831512629985809326e-01
3.023170530796051025e-01
3.953507840633392334e-01
2.497132420539855957e-01
3.824869990348815918e-01
3.706258535385131836e-01
6.401401758193969727e-01
6.191874146461486816e-01
2.961368262767791748e-01
2.344801574945449829e-01
3.810728490352630615e-01
2.766122519969940186e-01
4.892214536666870117e-01
5.452260375022888184e-01
2.734418809413909912e-01
4.917638301849365234e-01
2.963696718215942383e-01
4.173235595226287842e-01
4.013019204139709473e-01
3.968698978424072266e-01
4.512411057949066162e-01
4.497085511684417725e-01
4.668071269989013672e-01
2.695280611515045166e-01
2.800595462322235107e-01
2.927699089050292969e-01
2.804501354694366455e-01
2.980116307735443115e-01
2.147764563560485840e-01
6.927288770675659180e-01
2.778623998165130615e-01
6.167049407958984375e-01
3.063638210296630859e-01
3.108424246311187744e-01
2.846242785453796387e-01
2.759302854537963867e-01
2.523057162761688232e-01
2.883399724960327148e-01
5.819703936576843262e-01
4.183972179889678955e-01
6.544439196586608887e-01
3.979027271270751953e-01
1.736066490411758423e-01
6.357117891311645508e-01
2.533507943153381348e-01
3.133838176727294922e-01
3.057799637317657471e-01
3.038947880268096924e-01
3.948616087436676025e-01
3.931502997875213623e-01
3.949023485183715820e-01
2.404672652482986450e-01
2.491179108619689941e-01
4.394325911998748779e-01
4.327671825885772705e-01
4.370643794536590576e-01
2.660826146602630615e-01
2.638880014419555664e-01
2.637263834476470947e-01
4.515790045261383057e-01
4.441132247447967529e-01
4.489210247993469238e-01
2.608581185340881348e-01
5.358119010925292969e-01
2.586725950241088867e-01
2.892627120018005371e-01
2.171714156866073608e-01
3.120164573192596436e-01
2.584953904151916504e-01
7.382156252861022949e-01
7.715632915496826172e-01
3.329288661479949951e-01
3.265911638736724854e-01
2.563087046146392822e-01
2.863635420799255371e-01
2.487657368183135986e-01
2.477479577064514160e-01
8.501363396644592285e-01
3.620775938034057617e-01
3.439911305904388428e-01
2.922362685203552246e-01
3.146447241306304932e-01
3.062963485717773438e-01
3.362642824649810791e-01
3.016560077667236328e-01
3.112976551055908203e-01
2.832399010658264160e-01
5.032178163528442383e-01
4.987187385559082031e-01
2.475914657115936279e-01
4.958741962909698486e-01
4.968016743659973145e-01
2.487740218639373779e-01
