2.471069693565368652e-01
2.421752214431762695e-01
2.294164896011352539e-01
4.062892794609069824e-01
1.764836758375167847e-01
3.842249810695648193e-01
2.286387234926223755e-01
2.910628318786621094e-01
3.062466382980346680e-01
2.973411977291107178e-01
2.364028245210647583e-01
2.455085068941116333e-01
3.051380515098571777e-01
4.598749876022338867e-01
2.979128956794738770e-01
2.119240462779998779e-01
2.650479674339294434e-01
4.086533784866333008e-01
2.531541883945465088e-01
2.589668035507202148e-01
2.925561070442199707e-01
1.120559930801391602e+00
2.477948963642120361e-01
2.422462403774261475e-01
7.162141203880310059e-01
2.504216432571411133e-01
3.233380317687988281e-01
2.598574161529541016e-01
2.146328538656234741e-01
4.123500585556030273e-01
9.074308276176452637e-01
7.271075248718261719e-01
3.911679387092590332e-01
2.916515469551086426e-01
2.482767701148986816e-01
3.217820525169372559e-01
2.527667880058288574e-01
3.459457159042358398e-01
4.758290052413940430e-01
3.013303577899932861e-01
2.881714999675750732e-01
4.786810278892517090e-01
2.078457474708557129e-01
2.496872544288635254e-01
2.983390688896179199e-01
1.541973114013671875e+00
1.517184257507324219e+00
3.685793876647949219e-01
4.655385613441467285e-01
2.626027464866638184e-01
3.048511743545532227e-01
3.076460957527160645e-01
2.242675274610519409e-01
2.909838557243347168e-01
2.463622391223907471e-01
2.976598739624023438e-01
3.130252361297607422e-01
2.541675269603729248e-01
3.036164641380310059e-01
3.129602670669555664e-01
2.598652541637420654e-01
3.030114471912384033e-01
2.186737656593322754e-01
2.945016622543334961e-01
2.700251638889312744e-01
4.564691483974456787e-01
4.773790240287780762e-01
2.484696060419082642e-01
3.717405498027801514e-01
3.709204792976379395e-01
2.925941050052642822e-01
2.294946163892745972e-01
8.049434423446655273e-01
3.011422157287597656e-01
2.150804102420806885e-01
2.678964138031005859e-01
3.426311314105987549e-01
2.323169708251953125e-01
2.305255234241485596e-01
4.420510530471801758e-01
4.492607712745666504e-01
3.010887503623962402e-01
3.546971678733825684e-01
3.629937171936035156e-01
2.825372219085693359e-01
4.089889526367187500e-01
2.863953709602355957e-01
2.351850271224975586e-01
2.583925127983093262e-01
2.889974713325500488e-01
2.522654831409454346e-01
2.488617897033691406e-01
4.769673347473144531e-01
3.108851909637451172e-01
2.724002003669738770e-01
3.907348513603210449e-01
2.966523170471191406e-01
3.600747287273406982e-01
2.863918542861938477e-01
2.107159197330474854e-01
3.897131085395812988e-01
2.890377640724182129e-01
4.503175020217895508e-01
2.890377640724182129e-01
4.503175020217895508e-01
2.526986002922058105e-01
2.493276894092559814e-01
2.778162360191345215e-01
3.375932276248931885e-01
2.854151725769042969e-01
2.280494719743728638e-01
3.611573576927185059e-01
1.731856614351272583e-01
3.426935672760009766e-01
2.248776704072952271e-01
3.160901963710784912e-01
3.114429116249084473e-01
2.757030725479125977e-01
3.241170644760131836e-01
6.644064188003540039e-01
6.716963052749633789e-01
3.031564950942993164e-01
2.216570973396301270e-01
3.048609197139739990e-01
4.180594682693481445e-01
5.138785839080810547e-01
6.822679042816162109e-01
3.934364914894104004e-01
4.702630937099456787e-01
2.828589081764221191e-01
4.727292060852050781e-01
5.091643929481506348e-01
5.142400860786437988e-01
2.832404077053070068e-01
3.534400165081024170e-01
4.444316029548645020e-01
3.015466928482055664e-01
2.495827972888946533e-01
3.187664151191711426e-01
3.909127712249755859e-01
3.013317286968231201e-01
2.280015945434570312e-01
1.378604650497436523e+00
2.880749702453613281e-01
1.251905441284179688e+00
3.974030613899230957e-01
3.720971643924713135e-01
3.014029860496520996e-01
2.946488857269287109e-01
2.458173036575317383e-01
2.997165322303771973e-01
1.521066427230834961e+00
3.294036388397216797e-01
1.386018753051757812e+00
4.470072090625762939e-01
1.761745959520339966e-01
1.058725357055664062e+00
3.040520548820495605e-01
2.612436711788177490e-01
3.799820542335510254e-01
3.285793066024780273e-01
3.149773478507995605e-01
3.898295462131500244e-01
2.846426367759704590e-01
2.166159152984619141e-01
4.225037693977355957e-01
3.152912259101867676e-01
4.553324878215789795e-01
3.334444761276245117e-01
2.569309473037719727e-01
2.398421466350555420e-01
3.038679957389831543e-01
5.161291360855102539e-01
5.563237667083740234e-01
4.638530015945434570e-01
1.087693214416503906e+00
1.031620025634765625e+00
3.045147061347961426e-01
2.928753495216369629e-01
2.130987793207168579e-01
2.585958838462829590e-01
2.828094959259033203e-01
1.014935731887817383e+00
1.052442073822021484e+00
3.766229748725891113e-01
2.356013953685760498e-01
2.640708982944488525e-01
2.882922887802124023e-01
2.481071799993515015e-01
2.437892407178878784e-01
1.392172574996948242e+00
4.267904162406921387e-01
2.953608930110931396e-01
2.944358289241790771e-01
2.369817793369293213e-01
3.697413504123687744e-01
2.903705239295959473e-01
3.574700355529785156e-01
2.514170408248901367e-01
3.868160247802734375e-01
3.150247335433959961e-01
4.938560724258422852e-01
2.492090612649917603e-01
4.955717325210571289e-01
5.008382201194763184e-01
2.507871687412261963e-01
