2.829565405845642090e-01
3.229767978191375732e-01
2.244777679443359375e-01
3.582316935062408447e-01
1.759725809097290039e-01
3.176350295543670654e-01
3.436453044414520264e-01
2.575063407421112061e-01
2.781185209751129150e-01
3.058211803436279297e-01
2.544789016246795654e-01
2.834771573543548584e-01
2.649931013584136963e-01
4.549982249736785889e-01
2.902764976024627686e-01
2.319819182157516479e-01
3.517138957977294922e-01
3.250615596771240234e-01
3.549126684665679932e-01
2.498149126768112183e-01
2.901606857776641846e-01
9.456055164337158203e-01
2.501378059387207031e-01
2.454289942979812622e-01
6.198342442512512207e-01
2.804265022277832031e-01
2.957247495651245117e-01
3.094249367713928223e-01
2.334621399641036987e-01
3.409627676010131836e-01
4.765954017639160156e-01
5.962774157524108887e-01
2.492001801729202271e-01
2.525414824485778809e-01
2.840899229049682617e-01
2.988395988941192627e-01
2.737514972686767578e-01
2.981035411357879639e-01
4.315458834171295166e-01
3.057565689086914062e-01
3.180511295795440674e-01
4.887932240962982178e-01
2.283145189285278320e-01
2.132865041494369507e-01
2.662809491157531738e-01
9.334986209869384766e-01
8.666540980339050293e-01
2.827545106410980225e-01
5.050858855247497559e-01
2.488991022109985352e-01
3.046769499778747559e-01
3.340271711349487305e-01
2.789713442325592041e-01
2.966748774051666260e-01
2.171643972396850586e-01
3.309188783168792725e-01
2.867774963378906250e-01
3.014767467975616455e-01
2.436954528093338013e-01
2.790097296237945557e-01
3.355405330657958984e-01
3.019124269485473633e-01
2.019526958465576172e-01
2.858115732669830322e-01
3.895241320133209229e-01
4.048784673213958740e-01
3.085651397705078125e-01
2.582721412181854248e-01
3.385395705699920654e-01
3.277858793735504150e-01
2.995928227901458740e-01
3.529365062713623047e-01
9.231485724449157715e-01
2.705450057983398438e-01
3.459692001342773438e-01
2.906846106052398682e-01
2.249745130538940430e-01
2.416023761034011841e-01
2.417399436235427856e-01
4.488767087459564209e-01
4.282374083995819092e-01
2.888540327548980713e-01
3.524022996425628662e-01
3.574666678905487061e-01
2.830146551132202148e-01
4.129115045070648193e-01
2.526275515556335449e-01
2.265079617500305176e-01
2.550037801265716553e-01
2.827327251434326172e-01
2.606055736541748047e-01
2.521339356899261475e-01
3.461022675037384033e-01
2.492555826902389526e-01
3.048226833343505859e-01
2.479526251554489136e-01
2.901827096939086914e-01
2.056874185800552368e-01
2.535980045795440674e-01
4.333308935165405273e-01
2.628247439861297607e-01
4.316033422946929932e-01
4.492114484310150146e-01
4.316033422946929932e-01
4.492114484310150146e-01
2.831227481365203857e-01
2.498811334371566772e-01
3.060545027256011963e-01
3.246100842952728271e-01
2.891120016574859619e-01
2.195974588394165039e-01
3.729526102542877197e-01
1.762207597494125366e-01
3.830735385417938232e-01
3.147955834865570068e-01
3.883120119571685791e-01
2.507833540439605713e-01
3.802454471588134766e-01
3.505810499191284180e-01
5.989805459976196289e-01
6.362383365631103516e-01
2.957574129104614258e-01
2.294990867376327515e-01
3.700963258743286133e-01
3.366849124431610107e-01
5.067478418350219727e-01
4.793725013732910156e-01
3.366793692111968994e-01
4.700258672237396240e-01
3.646438121795654297e-01
3.355219364166259766e-01
4.416861236095428467e-01
3.730874359607696533e-01
4.640336930751800537e-01
5.094011425971984863e-01
4.405382573604583740e-01
2.422160059213638306e-01
3.049133121967315674e-01
3.410147726535797119e-01
2.673412263393402100e-01
2.894004881381988525e-01
2.196972370147705078e-01
6.073175072669982910e-01
3.338458538055419922e-01
6.573231816291809082e-01
2.761175334453582764e-01
3.683569729328155518e-01
3.662832677364349365e-01
2.726138532161712646e-01
2.328009158372879028e-01
2.483860254287719727e-01
4.954501390457153320e-01
4.387837946414947510e-01
4.163116514682769775e-01
4.732430875301361084e-01
1.728141158819198608e-01
7.548427581787109375e-01
2.546449005603790283e-01
2.849522531032562256e-01
2.711364626884460449e-01
3.431393206119537354e-01
3.845691978931427002e-01
4.285468757152557373e-01
3.825639486312866211e-01
2.175633907318115234e-01
3.009827733039855957e-01
4.258130490779876709e-01
4.510338306427001953e-01
4.909080564975738525e-01
2.516057491302490234e-01
2.367338687181472778e-01
3.003050088882446289e-01
4.556920528411865234e-01
5.221829414367675781e-01
5.278727412223815918e-01
2.417501360177993774e-01
5.939352512359619141e-01
2.430496066808700562e-01
2.916671335697174072e-01
2.161452174186706543e-01
3.380494415760040283e-01
2.741972506046295166e-01
7.375421524047851562e-01
6.641898751258850098e-01
3.044534027576446533e-01
3.349598944187164307e-01
2.561402022838592529e-01
2.941968739032745361e-01
2.558343708515167236e-01
2.406565099954605103e-01
9.544849395751953125e-01
4.125421345233917236e-01
3.457178175449371338e-01
2.949330210685729980e-01
2.566506564617156982e-01
3.738489449024200439e-01
3.108954429626464844e-01
3.729223310947418213e-01
2.454057931900024414e-01
3.567018806934356689e-01
3.741341829299926758e-01
4.501857757568359375e-01
2.523835003376007080e-01
4.970276057720184326e-01
5.000647902488708496e-01
2.389988154172897339e-01
