2.528913021087646484e-01
2.558543086051940918e-01
3.627490103244781494e-01
3.764224648475646973e-01
1.765018701553344727e-01
2.304806262254714966e-01
2.426986843347549438e-01
2.980225384235382080e-01
2.925865054130554199e-01
3.019422888755798340e-01
2.510097324848175049e-01
2.515980303287506104e-01
2.987174987792968750e-01
2.608612179756164551e-01
2.950707972049713135e-01
2.509587407112121582e-01
3.613293170928955078e-01
2.809390425682067871e-01
2.793045639991760254e-01
2.577111423015594482e-01
2.968426942825317383e-01
6.719003915786743164e-01
2.464448809623718262e-01
2.437293976545333862e-01
7.559578418731689453e-01
2.353479564189910889e-01
3.154864311218261719e-01
2.658815979957580566e-01
3.517410159111022949e-01
2.230936586856842041e-01
9.858778715133666992e-01
6.677830219268798828e-01
3.093022406101226807e-01
2.879062592983245850e-01
2.502544820308685303e-01
2.564951181411743164e-01
3.048413395881652832e-01
2.925373315811157227e-01
4.566192030906677246e-01
2.459416836500167847e-01
3.831672668457031250e-01
5.163060426712036133e-01
2.186352908611297607e-01
2.308701574802398682e-01
3.785527944564819336e-01
1.596161603927612305e+00
1.547023773193359375e+00
3.517794609069824219e-01
4.303271770477294922e-01
3.006392717361450195e-01
2.364810109138488770e-01
2.638610601425170898e-01
3.166274130344390869e-01
2.985669374465942383e-01
2.233059704303741455e-01
2.701879143714904785e-01
3.718184232711791992e-01
2.651103138923645020e-01
3.070797920227050781e-01
3.007338047027587891e-01
2.439536452293395996e-01
2.968036532402038574e-01
2.077234089374542236e-01
2.993091344833374023e-01
3.021425306797027588e-01
4.771204292774200439e-01
4.730899930000305176e-01
2.472878396511077881e-01
3.862040638923645020e-01
3.661734461784362793e-01
2.895399332046508789e-01
2.571561932563781738e-01
5.520882606506347656e-01
2.778941094875335693e-01
3.105828762054443359e-01
2.859661579132080078e-01
2.085250020027160645e-01
2.335937917232513428e-01
2.469755709171295166e-01
4.209314584732055664e-01
4.669511020183563232e-01
2.993467152118682861e-01
3.308532834053039551e-01
3.975015878677368164e-01
2.858552932739257812e-01
3.950539827346801758e-01
3.471935987472534180e-01
2.568589448928833008e-01
2.516032755374908447e-01
2.888713479042053223e-01
2.437473833560943604e-01
2.434767782688140869e-01
4.503722488880157471e-01
2.285224348306655884e-01
2.955374121665954590e-01
2.518637180328369141e-01
2.907214164733886719e-01
3.592643141746520996e-01
2.563431262969970703e-01
4.165626168251037598e-01
2.579764127731323242e-01
3.072774112224578857e-01
4.607034921646118164e-01
3.072774112224578857e-01
4.607034921646118164e-01
3.534140884876251221e-01
2.506454586982727051e-01
2.997869253158569336e-01
3.846716880798339844e-01
2.937688827514648438e-01
2.375904619693756104e-01
3.740122020244598389e-01
1.790982782840728760e-01
3.572872281074523926e-01
2.497904300689697266e-01
3.241181373596191406e-01
2.472479343414306641e-01
3.926330804824829102e-01
3.698322772979736328e-01
6.873964667320251465e-01
6.754974126815795898e-01
2.950366437435150146e-01
2.337815463542938232e-01
3.855313062667846680e-01
2.498987168073654175e-01
5.068406462669372559e-01
5.592507123947143555e-01
2.516490519046783447e-01
4.810293316841125488e-01
3.221517205238342285e-01
3.210805952548980713e-01
4.489499926567077637e-01
3.802288770675659180e-01
5.041376948356628418e-01
4.666850566864013672e-01
4.056798219680786133e-01
2.491530030965805054e-01
2.418548017740249634e-01
3.815737068653106689e-01
3.686953186988830566e-01
2.871122956275939941e-01
2.574183940887451172e-01
1.747939109802246094e+00
3.853260278701782227e-01
1.875882863998413086e+00
3.487991392612457275e-01
3.731880187988281250e-01
3.786175251007080078e-01
2.784752249717712402e-01
2.461337447166442871e-01
2.666539251804351807e-01
1.761613368988037109e+00
2.786161601543426514e-01
1.625141263008117676e+00
2.687252759933471680e-01
1.722448468208312988e-01
1.444807410240173340e+00
2.494135200977325439e-01
3.034769296646118164e-01
3.739345073699951172e-01
2.620353996753692627e-01
3.850714564323425293e-01
3.816720545291900635e-01
4.319803118705749512e-01
2.078917175531387329e-01
3.094603419303894043e-01
4.948450624942779541e-01
5.166490077972412109e-01
4.201288223266601562e-01
2.966320812702178955e-01
2.401637136936187744e-01
2.399268001317977905e-01
5.181447267532348633e-01
4.410260915756225586e-01
5.283714532852172852e-01
1.267312765121459961e+00
1.151385068893432617e+00
2.585834860801696777e-01
2.982422709465026855e-01
2.275768965482711792e-01
2.624556124210357666e-01
2.662445306777954102e-01
1.007084131240844727e+00
1.181457281112670898e+00
3.640391826629638672e-01
3.768343627452850342e-01
2.588720917701721191e-01
2.814365327358245850e-01
2.456673681735992432e-01
2.586198747158050537e-01
1.500166654586791992e+00
4.388382732868194580e-01
3.101814985275268555e-01
2.989247143268585205e-01
2.571149468421936035e-01
3.619149625301361084e-01
2.659475207328796387e-01
3.736474514007568359e-01
2.449345588684082031e-01
3.780904412269592285e-01
3.100643157958984375e-01
5.026503801345825195e-01
2.437024116516113281e-01
4.962388277053833008e-01
4.897392392158508301e-01
2.454334497451782227e-01
