2.517703771591186523e-01
2.631292343139648438e-01
2.280960977077484131e-01
4.287030100822448730e-01
1.741136908531188965e-01
3.949410915374755859e-01
3.675872087478637695e-01
2.534801959991455078e-01
2.494389712810516357e-01
3.010659813880920410e-01
2.489102035760879517e-01
3.063858151435852051e-01
2.487767934799194336e-01
4.895414710044860840e-01
2.955018281936645508e-01
2.247361242771148682e-01
2.609617710113525391e-01
4.122806191444396973e-01
2.948043644428253174e-01
2.608583867549896240e-01
2.790071368217468262e-01
9.250534772872924805e-01
2.588949799537658691e-01
2.400932013988494873e-01
7.222807407379150391e-01
3.046472668647766113e-01
2.606761455535888672e-01
2.824487090110778809e-01
1.957134604454040527e-01
3.087198138236999512e-01
9.813572764396667480e-01
9.884612560272216797e-01
2.561769485473632812e-01
2.856208086013793945e-01
3.058701753616333008e-01
3.795263171195983887e-01
2.579713463783264160e-01
2.657802402973175049e-01
4.390228986740112305e-01
2.378903627395629883e-01
3.942049145698547363e-01
5.125286579132080078e-01
2.488158345222473145e-01
2.484188675880432129e-01
3.766303360462188721e-01
9.503569602966308594e-01
1.086192607879638672e+00
3.482699990272521973e-01
4.792770147323608398e-01
2.394717037677764893e-01
3.049364984035491943e-01
3.854919672012329102e-01
3.093811571598052979e-01
2.934572100639343262e-01
2.228551805019378662e-01
2.717651426792144775e-01
2.303691804409027100e-01
2.500004172325134277e-01
3.071487545967102051e-01
3.295485377311706543e-01
2.375407069921493530e-01
2.947658896446228027e-01
2.065810263156890869e-01
2.708525955677032471e-01
2.435429990291595459e-01
4.512114524841308594e-01
4.455767273902893066e-01
2.610911428928375244e-01
3.826503157615661621e-01
2.995759546756744385e-01
2.839027047157287598e-01
2.315017580986022949e-01
7.755602598190307617e-01
2.965644001960754395e-01
2.189921289682388306e-01
2.463194727897644043e-01
3.433058261871337891e-01
2.514754533767700195e-01
3.110597729682922363e-01
4.645429253578186035e-01
2.761789858341217041e-01
2.911674380302429199e-01
2.626585364341735840e-01
3.287541866302490234e-01
2.322776019573211670e-01
4.456469118595123291e-01
2.840046882629394531e-01
4.929306805133819580e-01
2.559645175933837891e-01
2.866392731666564941e-01
2.403631210327148438e-01
2.392844855785369873e-01
5.799520015716552734e-01
3.089211583137512207e-01
2.583301663398742676e-01
3.403169214725494385e-01
2.902467846870422363e-01
3.312507867813110352e-01
2.440238595008850098e-01
2.860799431800842285e-01
3.562435507774353027e-01
3.842047452926635742e-01
2.212317734956741333e-01
3.842047452926635742e-01
2.212317734956741333e-01
4.437961578369140625e-01
2.459387183189392090e-01
3.831114172935485840e-01
3.962118625640869141e-01
2.957625389099121094e-01
2.571848332881927490e-01
3.498253822326660156e-01
1.809028834104537964e-01
4.046565890312194824e-01
3.613655567169189453e-01
2.639932632446289062e-01
2.494659125804901123e-01
3.080343902111053467e-01
2.260727435350418091e-01
4.457925260066986084e-01
5.547640919685363770e-01
2.956517636775970459e-01
2.311072051525115967e-01
3.133196234703063965e-01
4.151102602481842041e-01
5.976989269256591797e-01
4.932211339473724365e-01
4.636302292346954346e-01
2.613654136657714844e-01
4.580368995666503906e-01
3.910452127456665039e-01
2.456921041011810303e-01
3.293212354183197021e-01
5.017652511596679688e-01
4.852072596549987793e-01
3.975067436695098877e-01
3.021759390830993652e-01
2.595379054546356201e-01
2.522175312042236328e-01
3.101756572723388672e-01
3.039280772209167480e-01
2.205492854118347168e-01
1.161315441131591797e+00
2.544876933097839355e-01
1.153480291366577148e+00
3.792826533317565918e-01
3.214514851570129395e-01
2.527880072593688965e-01
2.888925075531005859e-01
2.577811777591705322e-01
3.080244064331054688e-01
1.357290744781494141e+00
4.134000539779663086e-01
1.353834390640258789e+00
3.267357945442199707e-01
1.777020692825317383e-01
7.377417683601379395e-01
2.431256175041198730e-01
3.863819241523742676e-01
3.912719786167144775e-01
4.348191022872924805e-01
2.648619413375854492e-01
3.835381865501403809e-01
3.269895911216735840e-01
2.170040607452392578e-01
4.181162416934967041e-01
5.391980409622192383e-01
4.742121994495391846e-01
5.466355085372924805e-01
2.527636289596557617e-01
2.487974464893341064e-01
3.030505180358886719e-01
2.959138154983520508e-01
4.464104771614074707e-01
3.229413330554962158e-01
6.098666191101074219e-01
8.546377420425415039e-01
2.530801594257354736e-01
2.903192043304443359e-01
2.893918156623840332e-01
2.494718432426452637e-01
3.993337750434875488e-01
6.480416655540466309e-01
5.760166645050048828e-01
3.577797412872314453e-01
3.409392237663269043e-01
2.643844783306121826e-01
2.794508337974548340e-01
2.424516379833221436e-01
2.503230571746826172e-01
9.715276360511779785e-01
2.877646386623382568e-01
4.371052980422973633e-01
3.004992008209228516e-01
3.570249080657958984e-01
2.540103495121002197e-01
2.716523408889770508e-01
2.430540323257446289e-01
3.727443218231201172e-01
3.690402507781982422e-01
4.725432991981506348e-01
3.008188009262084961e-01
2.455883920192718506e-01
4.987540245056152344e-01
4.963989257812500000e-01
2.490382939577102661e-01
