3.033964633941650391e-01
2.817654609680175781e-01
3.651104271411895752e-01
2.453319728374481201e-01
1.750573813915252686e-01
3.185093998908996582e-01
2.744220793247222900e-01
2.725309133529663086e-01
3.738886713981628418e-01
3.009161949157714844e-01
2.682056427001953125e-01
2.391141951084136963e-01
2.513383030891418457e-01
2.441805452108383179e-01
2.905672192573547363e-01
2.244911193847656250e-01
3.584559261798858643e-01
3.111308217048645020e-01
2.919126152992248535e-01
2.563197314739227295e-01
2.892855405807495117e-01
1.265643596649169922e+00
2.473379671573638916e-01
2.478702962398529053e-01
7.498829364776611328e-01
2.876529097557067871e-01
2.712991833686828613e-01
3.001924157142639160e-01
3.475969433784484863e-01
3.620123863220214844e-01
8.239809274673461914e-01
1.212696552276611328e+00
3.804755806922912598e-01
2.820039093494415283e-01
2.376084625720977783e-01
3.039209246635437012e-01
2.504944801330566406e-01
2.685326337814331055e-01
3.483901023864746094e-01
2.555990517139434814e-01
3.667048215866088867e-01
5.595490932464599609e-01
2.169528007507324219e-01
2.416193485260009766e-01
3.801230788230895996e-01
4.474798440933227539e-01
2.852145433425903320e-01
2.923054099082946777e-01
4.611453413963317871e-01
2.373453676700592041e-01
3.017951548099517822e-01
3.227932155132293701e-01
2.486126124858856201e-01
2.874071598052978516e-01
2.125099301338195801e-01
2.704913616180419922e-01
2.547758221626281738e-01
2.427930533885955811e-01
3.021773695945739746e-01
3.191738724708557129e-01
2.606775164604187012e-01
2.918931841850280762e-01
2.222307026386260986e-01
2.648051381111145020e-01
2.511228919029235840e-01
4.547490477561950684e-01
4.582854509353637695e-01
3.052324652671813965e-01
2.644848227500915527e-01
3.130855560302734375e-01
2.951012253761291504e-01
2.259196788072586060e-01
7.374380826950073242e-01
2.377063781023025513e-01
3.442850410938262939e-01
2.944054901599884033e-01
2.325254678726196289e-01
2.479023486375808716e-01
2.423667013645172119e-01
4.412276446819305420e-01
4.391865432262420654e-01
2.982636690139770508e-01
3.460994362831115723e-01
3.716399669647216797e-01
2.622812688350677490e-01
4.199857115745544434e-01
2.990426421165466309e-01
2.709237635135650635e-01
2.550528645515441895e-01
2.844088673591613770e-01
2.559404969215393066e-01
2.449408471584320068e-01
3.013808727264404297e-01
3.075986504554748535e-01
2.564305067062377930e-01
3.070214986801147461e-01
2.917391657829284668e-01
2.255827486515045166e-01
2.548905014991760254e-01
3.904636502265930176e-01
3.675319850444793701e-01
2.846770882606506348e-01
2.443418502807617188e-01
2.846770882606506348e-01
2.443418502807617188e-01
2.164882123470306396e-01
2.576463222503662109e-01
2.756281495094299316e-01
3.348225653171539307e-01
3.009097576141357422e-01
2.132930755615234375e-01
3.714963197708129883e-01
1.740246415138244629e-01
3.549782931804656982e-01
2.344855964183807373e-01
3.965985774993896484e-01
3.040599226951599121e-01
3.319130241870880127e-01
3.877772092819213867e-01
6.948179006576538086e-01
6.697278022766113281e-01
2.942891716957092285e-01
2.299787849187850952e-01
2.495788186788558960e-01
3.884396553039550781e-01
4.397413730621337891e-01
4.921598434448242188e-01
2.449175417423248291e-01
5.195277929306030273e-01
3.843564391136169434e-01
4.518920779228210449e-01
4.560499787330627441e-01
4.583922028541564941e-01
2.706904411315917969e-01
3.474565148353576660e-01
3.455406427383422852e-01
2.527895569801330566e-01
3.058430850505828857e-01
3.570593893527984619e-01
2.870218455791473389e-01
2.816821634769439697e-01
3.283731937408447266e-01
8.912734985351562500e-01
2.383933365345001221e-01
7.983026504516601562e-01
2.695303857326507568e-01
2.813948988914489746e-01
3.598777651786804199e-01
2.659124732017517090e-01
3.043536245822906494e-01
2.543520331382751465e-01
6.546322107315063477e-01
4.585790038108825684e-01
6.522846221923828125e-01
4.509021341800689697e-01
1.741213053464889526e-01
9.011214375495910645e-01
2.508679032325744629e-01
3.299913406372070312e-01
3.041151165962219238e-01
2.790728807449340820e-01
3.891188800334930420e-01
4.074096977710723877e-01
4.060608148574829102e-01
2.287798821926116943e-01
2.776723504066467285e-01
4.868909120559692383e-01
4.523770213127136230e-01
4.468121826648712158e-01
2.769555449485778809e-01
2.496867775917053223e-01
2.645784616470336914e-01
4.661796391010284424e-01
4.623196721076965332e-01
4.953295588493347168e-01
5.739381313323974609e-01
7.720192074775695801e-01
2.436145246028900146e-01
2.902428209781646729e-01
2.418482601642608643e-01
3.824418187141418457e-01
3.692794442176818848e-01
9.450958967208862305e-01
9.124702215194702148e-01
2.696717977523803711e-01
2.618706822395324707e-01
2.595057487487792969e-01
2.805640697479248047e-01
2.473713159561157227e-01
2.447684705257415771e-01
9.032839536666870117e-01
3.977186381816864014e-01
4.534577727317810059e-01
2.887548208236694336e-01
3.757952153682708740e-01
2.345768511295318604e-01
4.010046720504760742e-01
3.073689341545104980e-01
3.182476758956909180e-01
3.271849155426025391e-01
2.294760942459106445e-01
5.491114258766174316e-01
2.495343089103698730e-01
4.946928918361663818e-01
4.961794018745422363e-01
2.420548796653747559e-01
