2.908428311347961426e-01
2.967561781406402588e-01
2.394293248653411865e-01
4.000157713890075684e-01
1.734297871589660645e-01
3.175708949565887451e-01
2.923600673675537109e-01
2.699194252490997314e-01
3.328077495098114014e-01
3.026044964790344238e-01
2.507256567478179932e-01
2.509401738643646240e-01
2.725363373756408691e-01
4.708751738071441650e-01
2.938715517520904541e-01
2.219345569610595703e-01
2.704015672206878662e-01
4.138985872268676758e-01
2.699052691459655762e-01
2.565441429615020752e-01
2.895089387893676758e-01
7.472524046897888184e-01
2.491812556982040405e-01
2.471949756145477295e-01
6.788527369499206543e-01
2.367141693830490112e-01
3.930166363716125488e-01
3.747170865535736084e-01
2.417412549257278442e-01
3.717167973518371582e-01
8.783599138259887695e-01
1.090401649475097656e+00
2.675576210021972656e-01
2.997916340827941895e-01
3.042100071907043457e-01
3.799070715904235840e-01
2.455839216709136963e-01
4.088194668292999268e-01
3.242655396461486816e-01
2.417146861553192139e-01
3.693602085113525391e-01
4.875215291976928711e-01
2.639812827110290527e-01
2.393701672554016113e-01
3.636434972286224365e-01
9.262057542800903320e-01
9.836338162422180176e-01
3.778676390647888184e-01
3.606531023979187012e-01
2.566875517368316650e-01
2.954962849617004395e-01
3.095885515213012695e-01
2.666571438312530518e-01
2.843959331512451172e-01
3.533813655376434326e-01
2.497693598270416260e-01
2.826167941093444824e-01
2.880460023880004883e-01
2.648558318614959717e-01
2.725361585617065430e-01
2.956655621528625488e-01
2.866237759590148926e-01
3.571555912494659424e-01
2.489585429430007935e-01
3.375168442726135254e-01
3.747119307518005371e-01
3.116634786128997803e-01
2.471423298120498657e-01
3.926428258419036865e-01
3.736710250377655029e-01
2.970889806747436523e-01
2.360627204179763794e-01
1.393032670021057129e+00
2.929567396640777588e-01
2.810310721397399902e-01
2.633049190044403076e-01
2.370823472738265991e-01
2.534071803092956543e-01
3.036529421806335449e-01
3.339257538318634033e-01
4.375571906566619873e-01
2.978315651416778564e-01
2.218849360942840576e-01
3.119632005691528320e-01
3.718203306198120117e-01
2.778562903404235840e-01
2.842634618282318115e-01
5.378339886665344238e-01
2.577319145202636719e-01
2.881676554679870605e-01
2.501702308654785156e-01
2.495796531438827515e-01
3.215670287609100342e-01
2.519008815288543701e-01
2.917571961879730225e-01
2.877735495567321777e-01
2.943362295627593994e-01
2.196394354104995728e-01
3.431929349899291992e-01
3.933133780956268311e-01
3.073735237121582031e-01
4.050590991973876953e-01
4.483593404293060303e-01
4.050590991973876953e-01
4.483593404293060303e-01
4.370031058788299561e-01
2.779155075550079346e-01
2.988590896129608154e-01
2.873748540878295898e-01
2.232282161712646484e-01
3.527704775333404541e-01
3.739656805992126465e-01
1.740644574165344238e-01
3.787931501865386963e-01
2.935691177845001221e-01
4.264151453971862793e-01
2.512989938259124756e-01
3.622628748416900635e-01
2.897710502147674561e-01
5.996059775352478027e-01
5.525972247123718262e-01
2.947777807712554932e-01
3.380016088485717773e-01
3.203896582126617432e-01
4.378304779529571533e-01
5.755967497825622559e-01
6.325517296791076660e-01
5.068792700767517090e-01
5.510321855545043945e-01
4.765622615814208984e-01
3.660561144351959229e-01
3.323983848094940186e-01
3.257766067981719971e-01
4.124611616134643555e-01
3.980561196804046631e-01
3.712435960769653320e-01
2.452307641506195068e-01
2.447606921195983887e-01
3.873040080070495605e-01
3.748124539852142334e-01
2.959723472595214844e-01
2.321378290653228760e-01
7.060298323631286621e-01
3.885542452335357666e-01
6.595924496650695801e-01
3.267942368984222412e-01
3.738034665584564209e-01
3.778204321861267090e-01
2.764566540718078613e-01
2.375122457742691040e-01
2.522642612457275391e-01
6.098244786262512207e-01
2.609617412090301514e-01
6.818282008171081543e-01
2.951068282127380371e-01
1.732227355241775513e-01
5.371665954589843750e-01
2.695635259151458740e-01
2.967395484447479248e-01
2.855892181396484375e-01
3.413665890693664551e-01
3.714444935321807861e-01
3.657433986663818359e-01
3.608621656894683838e-01
2.189470529556274414e-01
3.205792903900146484e-01
3.763000965118408203e-01
3.988650441169738770e-01
4.396872818470001221e-01
2.610785961151123047e-01
2.675978243350982666e-01
2.673033773899078369e-01
4.825013577938079834e-01
4.761427938938140869e-01
4.787046611309051514e-01
9.068809151649475098e-01
8.325107693672180176e-01
3.043644726276397705e-01
2.952365875244140625e-01
2.573023140430450439e-01
3.680402934551239014e-01
3.073867559432983398e-01
7.751933336257934570e-01
7.520551681518554688e-01
2.600889503955841064e-01
2.863293588161468506e-01
2.561434507369995117e-01
2.870108187198638916e-01
2.495254278182983398e-01
2.471461147069931030e-01
1.007888674736022949e+00
4.170837104320526123e-01
2.928418815135955811e-01
2.897413671016693115e-01
2.617822885513305664e-01
3.550803363323211670e-01
2.522934973239898682e-01
3.428437411785125732e-01
2.807146906852722168e-01
3.608037233352661133e-01
3.058544695377349854e-01
4.085755050182342529e-01
2.455212324857711792e-01
4.951398670673370361e-01
4.971245825290679932e-01
2.503117024898529053e-01
