2.540385723114013672e-01
2.680926024913787842e-01
2.293547093868255615e-01
4.224439859390258789e-01
1.749579757452011108e-01
4.091185629367828369e-01
3.635411262512207031e-01
2.813743352890014648e-01
2.599904239177703857e-01
3.045462071895599365e-01
2.467469871044158936e-01
2.991479933261871338e-01
2.537249028682708740e-01
4.422337412834167480e-01
2.953186929225921631e-01
2.340082675218582153e-01
3.578376173973083496e-01
2.983022630214691162e-01
3.461769223213195801e-01
2.567996978759765625e-01
2.863774299621582031e-01
6.713641881942749023e-01
2.496013641357421875e-01
2.476406842470169067e-01
6.436336040496826172e-01
2.529952228069305420e-01
3.574053645133972168e-01
3.613409996032714844e-01
2.477374672889709473e-01
3.603385090827941895e-01
5.770772099494934082e-01
6.375485062599182129e-01
3.054058551788330078e-01
2.853091359138488770e-01
2.642930150032043457e-01
3.035810887813568115e-01
2.745089828968048096e-01
3.680695295333862305e-01
2.974210083484649658e-01
2.665663063526153564e-01
3.388340473175048828e-01
4.840414226055145264e-01
2.232125252485275269e-01
2.277048230171203613e-01
3.176091313362121582e-01
5.557336211204528809e-01
5.331557989120483398e-01
3.955762684345245361e-01
4.128558635711669922e-01
2.707213461399078369e-01
2.758806347846984863e-01
3.018561899662017822e-01
2.983744144439697266e-01
2.966867983341217041e-01
2.323440909385681152e-01
3.114556074142456055e-01
3.294217884540557861e-01
2.791613340377807617e-01
2.711263000965118408e-01
2.852892577648162842e-01
2.942386865615844727e-01
2.966386079788208008e-01
2.174541056156158447e-01
2.729745507240295410e-01
3.235510885715484619e-01
4.013068974018096924e-01
3.596776425838470459e-01
2.592089772224426270e-01
3.573546111583709717e-01
3.370015919208526611e-01
2.961724102497100830e-01
2.372418195009231567e-01
8.310649394989013672e-01
2.374799847602844238e-01
3.381609916687011719e-01
2.871225178241729736e-01
2.271002680063247681e-01
2.391918748617172241e-01
2.431480288505554199e-01
4.398667216300964355e-01
4.436230063438415527e-01
2.943866848945617676e-01
3.436537683010101318e-01
3.756073713302612305e-01
2.763132750988006592e-01
4.056769907474517822e-01
2.957943379878997803e-01
2.710647583007812500e-01
2.561647891998291016e-01
2.869734764099121094e-01
2.494446039199829102e-01
2.480717748403549194e-01
4.043552279472351074e-01
2.736589014530181885e-01
2.678903043270111084e-01
3.090815246105194092e-01
2.925853133201599121e-01
2.375723421573638916e-01
2.812721133232116699e-01
3.551488816738128662e-01
3.167280852794647217e-01
3.257766962051391602e-01
3.466181755065917969e-01
3.257766962051391602e-01
3.466181755065917969e-01
2.353134602308273315e-01
2.558498382568359375e-01
3.149741590023040771e-01
3.307830691337585449e-01
2.967772483825683594e-01
2.257144451141357422e-01
3.411642611026763916e-01
1.757005751132965088e-01
3.827647268772125244e-01
3.176141679286956787e-01
3.635526001453399658e-01
2.502866089344024658e-01
3.628626167774200439e-01
3.200223743915557861e-01
5.734313726425170898e-01
5.630078315734863281e-01
2.955477833747863770e-01
2.341745197772979736e-01
3.471645712852478027e-01
3.424157500267028809e-01
5.288984775543212891e-01
4.634058177471160889e-01
3.870787918567657471e-01
4.091757833957672119e-01
3.851351439952850342e-01
3.751090466976165771e-01
3.652539253234863281e-01
3.621925115585327148e-01
4.473457932472229004e-01
4.621703028678894043e-01
4.535740613937377930e-01
2.665302753448486328e-01
2.615729272365570068e-01
3.190115392208099365e-01
3.234636485576629639e-01
2.962306141853332520e-01
2.197487354278564453e-01
4.430452287197113037e-01
3.106049299240112305e-01
4.391326308250427246e-01
3.216083645820617676e-01
3.161115348339080811e-01
3.111395835876464844e-01
2.751172184944152832e-01
2.614126205444335938e-01
2.697850167751312256e-01
4.505704939365386963e-01
3.533382117748260498e-01
4.568134546279907227e-01
3.488588631153106689e-01
1.739232838153839111e-01
8.288496136665344238e-01
2.614430487155914307e-01
3.257204890251159668e-01
3.318777382373809814e-01
3.294244110584259033e-01
3.669048845767974854e-01
3.594264090061187744e-01
3.520730137825012207e-01
2.254671156406402588e-01
3.418036401271820068e-01
4.328328669071197510e-01
4.437085092067718506e-01
4.370994567871093750e-01
2.612792253494262695e-01
2.673364579677581787e-01
2.656720280647277832e-01
4.538818597793579102e-01
4.412125349044799805e-01
4.450387060642242432e-01
2.605507969856262207e-01
5.947588682174682617e-01
2.817444801330566406e-01
2.882760465145111084e-01
2.226341068744659424e-01
3.491410911083221436e-01
2.460656315088272095e-01
1.045462608337402344e+00
9.952775835990905762e-01
2.875539660453796387e-01
2.981065809726715088e-01
2.564536929130554199e-01
2.866983115673065186e-01
2.478786408901214600e-01
2.481192052364349365e-01
8.149651885032653809e-01
4.142961204051971436e-01
3.031735420227050781e-01
2.934463918209075928e-01
3.293921351432800293e-01
2.902097404003143311e-01
3.346596658229827881e-01
2.678399980068206787e-01
3.467935621738433838e-01
2.848762571811676025e-01
4.806759953498840332e-01
4.941160976886749268e-01
2.484003603458404541e-01
4.966234862804412842e-01
4.963147044181823730e-01
2.480209469795227051e-01
