2.516469061374664307e-01
2.758306860923767090e-01
2.316366285085678101e-01
4.112319052219390869e-01
1.748659908771514893e-01
4.085108637809753418e-01
3.532648682594299316e-01
2.836914956569671631e-01
2.665989696979522705e-01
3.048361837863922119e-01
2.452364712953567505e-01
2.932143509387969971e-01
2.549219429492950439e-01
4.495661854743957520e-01
2.950114011764526367e-01
2.355614751577377319e-01
3.558170795440673828e-01
3.060201704502105713e-01
3.436020910739898682e-01
2.558218836784362793e-01
2.872678339481353760e-01
8.413526415824890137e-01
2.505446970462799072e-01
2.474979460239410400e-01
6.206277012825012207e-01
3.014346063137054443e-01
3.143475055694580078e-01
3.790443241596221924e-01
2.498491704463958740e-01
2.445887923240661621e-01
6.785463690757751465e-01
6.781761646270751953e-01
3.306981027126312256e-01
2.613985240459442139e-01
2.397178560495376587e-01
2.717951536178588867e-01
2.688090801239013672e-01
2.824569344520568848e-01
3.513642549514770508e-01
2.892345190048217773e-01
3.433148264884948730e-01
4.770197570323944092e-01
2.201120406389236450e-01
2.223514318466186523e-01
2.922413945198059082e-01
6.244306564331054688e-01
5.819041728973388672e-01
3.546891808509826660e-01
4.832318425178527832e-01
2.834576070308685303e-01
2.620640099048614502e-01
2.938991785049438477e-01
3.153529763221740723e-01
2.975480854511260986e-01
2.344648391008377075e-01
2.973181605339050293e-01
3.486305177211761475e-01
2.560876309871673584e-01
2.929850220680236816e-01
3.107421398162841797e-01
2.786065042018890381e-01
2.970079779624938965e-01
2.174697369337081909e-01
3.060098588466644287e-01
2.897427082061767578e-01
4.263122379779815674e-01
4.356739223003387451e-01
2.675994634628295898e-01
3.440999686717987061e-01
3.195423781871795654e-01
2.945766746997833252e-01
2.180976718664169312e-01
8.205685019493103027e-01
2.312266528606414795e-01
3.386276364326477051e-01
2.872546911239624023e-01
2.280757278203964233e-01
2.427895367145538330e-01
2.405692487955093384e-01
4.338997006416320801e-01
4.368657171726226807e-01
2.956313192844390869e-01
3.420969545841217041e-01
3.709639310836791992e-01
3.166300058364868164e-01
3.525612056255340576e-01
3.084360659122467041e-01
3.559989631175994873e-01
2.565532624721527100e-01
2.887288630008697510e-01
2.492029815912246704e-01
2.473569661378860474e-01
5.198192000389099121e-01
2.850432395935058594e-01
2.508751749992370605e-01
3.236800134181976318e-01
2.921665012836456299e-01
2.254361361265182495e-01
2.804774343967437744e-01
3.671412467956542969e-01
3.361613154411315918e-01
3.253529667854309082e-01
2.934548854827880859e-01
3.253529667854309082e-01
2.934548854827880859e-01
2.313279956579208374e-01
2.541762888431549072e-01
3.139543235301971436e-01
3.236861824989318848e-01
2.961045801639556885e-01
2.243276089429855347e-01
3.429668843746185303e-01
1.747305393218994141e-01
3.662229180335998535e-01
3.007512986660003662e-01
3.660572469234466553e-01
2.565546929836273193e-01
3.559312522411346436e-01
3.268417418003082275e-01
5.797364115715026855e-01
5.776875615119934082e-01
2.949850261211395264e-01
2.276447415351867676e-01
3.408949971199035645e-01
3.465875089168548584e-01
5.071936249732971191e-01
5.198374986648559570e-01
3.669694364070892334e-01
4.389577507972717285e-01
3.680663704872131348e-01
3.809989094734191895e-01
3.989001810550689697e-01
3.855620026588439941e-01
4.437390863895416260e-01
4.514650702476501465e-01
4.522197246551513672e-01
2.713567912578582764e-01
2.781435847282409668e-01
2.980408072471618652e-01
2.860571742057800293e-01
2.968785762786865234e-01
2.188498675823211670e-01
5.458137989044189453e-01
2.778925299644470215e-01
5.070951581001281738e-01
3.112465441226959229e-01
3.452707827091217041e-01
3.263374567031860352e-01
2.666486203670501709e-01
2.469467818737030029e-01
2.716837823390960693e-01
4.160095155239105225e-01
4.156700074672698975e-01
4.271858036518096924e-01
3.991641700267791748e-01
1.744412034749984741e-01
9.112890362739562988e-01
2.501023113727569580e-01
3.031448721885681152e-01
3.147011101245880127e-01
3.062292039394378662e-01
3.992662727832794189e-01
3.888890743255615234e-01
3.905562162399291992e-01
2.246365100145339966e-01
2.902435362339019775e-01
4.566390514373779297e-01
4.659073054790496826e-01
4.575530588626861572e-01
2.621948719024658203e-01
2.703871428966522217e-01
2.618392407894134521e-01
4.797261655330657959e-01
4.775753021240234375e-01
4.684430360794067383e-01
2.660921514034271240e-01
6.211599111557006836e-01
2.849384546279907227e-01
2.883650660514831543e-01
2.216807603836059570e-01
3.329521119594573975e-01
2.628842890262603760e-01
1.135784626007080078e+00
1.061292171478271484e+00
3.082867860794067383e-01
2.765804529190063477e-01
2.564544081687927246e-01
2.879501581192016602e-01
2.497695833444595337e-01
2.473786473274230957e-01
8.803116679191589355e-01
3.416721522808074951e-01
3.672926723957061768e-01
2.946871221065521240e-01
3.026910424232482910e-01
3.158765733242034912e-01
3.246703147888183594e-01
3.176385760307312012e-01
2.950610220432281494e-01
2.761743962764739990e-01
4.985868036746978760e-01
4.910547733306884766e-01
2.481756359338760376e-01
4.960008263587951660e-01
4.967918395996093750e-01
2.489014416933059692e-01
