2.961356341838836670e-01
2.977786064147949219e-01
2.894269824028015137e-01
3.221527338027954102e-01
1.745373308658599854e-01
2.327867299318313599e-01
3.803573846817016602e-01
2.813757658004760742e-01
2.680830955505371094e-01
3.059562444686889648e-01
2.431368678808212280e-01
3.052019178867340088e-01
2.480097860097885132e-01
5.074053406715393066e-01
2.902975380420684814e-01
2.308826595544815063e-01
2.995028793811798096e-01
3.905261456966400146e-01
2.557108998298645020e-01
2.587631046772003174e-01
2.836318910121917725e-01
1.084644556045532227e+00
2.436186969280242920e-01
2.538498044013977051e-01
7.411976456642150879e-01
2.425629049539566040e-01
3.977472186088562012e-01
3.670287430286407471e-01
2.489653229713439941e-01
4.619222283363342285e-01
1.272869348526000977e+00
1.433548450469970703e+00
3.065996170043945312e-01
2.862899601459503174e-01
3.020098507404327393e-01
4.087161123752593994e-01
2.479808777570724487e-01
3.642627894878387451e-01
2.495801448822021484e-01
2.538430690765380859e-01
4.086189270019531250e-01
5.319767594337463379e-01
3.478661775588989258e-01
2.461657226085662842e-01
3.613314628601074219e-01
1.163718581199645996e+00
1.055968880653381348e+00
3.225256204605102539e-01
3.676462471485137939e-01
3.057248294353485107e-01
2.479113787412643433e-01
2.368271052837371826e-01
3.071760535240173340e-01
2.873514890670776367e-01
2.077259719371795654e-01
2.519065737724304199e-01
3.627370595932006836e-01
2.992906570434570312e-01
2.464073896408081055e-01
2.557687759399414062e-01
3.051590621471405029e-01
2.962919473648071289e-01
2.139925658702850342e-01
2.668741345405578613e-01
3.812119364738464355e-01
4.171255230903625488e-01
3.182059526443481445e-01
3.054332435131072998e-01
3.335871398448944092e-01
3.842459022998809814e-01
2.108186185359954834e-01
2.145611792802810669e-01
1.589859127998352051e+00
2.844834327697753906e-01
2.912163138389587402e-01
2.773244380950927734e-01
2.187841683626174927e-01
2.553524374961853027e-01
3.049020469188690186e-01
4.093057513236999512e-01
3.380639553070068359e-01
2.972617447376251221e-01
2.240730822086334229e-01
3.111890554428100586e-01
2.705276608467102051e-01
4.029487371444702148e-01
2.794769406318664551e-01
4.913265109062194824e-01
2.550729215145111084e-01
2.986965775489807129e-01
2.486496865749359131e-01
2.493801712989807129e-01
7.230564355850219727e-01
3.044809699058532715e-01
2.574596703052520752e-01
2.986259162425994873e-01
2.975964248180389404e-01
2.115308344364166260e-01
2.614764869213104248e-01
4.422028362751007080e-01
3.664447069168090820e-01
3.476005196571350098e-01
3.635893464088439941e-01
3.476005196571350098e-01
3.635893464088439941e-01
4.424397647380828857e-01
2.512910962104797363e-01
3.515860438346862793e-01
2.303044050931930542e-01
2.300036996603012085e-01
3.491786122322082520e-01
4.006144404411315918e-01
1.749142259359359741e-01
3.495775163173675537e-01
2.357569783926010132e-01
4.206584393978118896e-01
2.433480173349380493e-01
3.815890848636627197e-01
4.199747443199157715e-01
6.524562835693359375e-01
6.845371127128601074e-01
2.975940406322479248e-01
3.279280066490173340e-01
3.788819909095764160e-01
4.406423866748809814e-01
3.240226507186889648e-01
5.278320312500000000e-01
3.072888255119323730e-01
3.718900084495544434e-01
3.992034196853637695e-01
4.257736802101135254e-01
3.128566145896911621e-01
4.272005558013916016e-01
5.497227907180786133e-01
4.988282322883605957e-01
5.891469120979309082e-01
2.475325167179107666e-01
2.385801374912261963e-01
3.794386088848114014e-01
3.734200596809387207e-01
2.943612039089202881e-01
2.452210485935211182e-01
1.463164925575256348e+00
3.905711770057678223e-01
1.362362504005432129e+00
3.419998884201049805e-01
3.736871182918548584e-01
3.799974322319030762e-01
2.869641482830047607e-01
2.337831854820251465e-01
2.451512813568115234e-01
1.262414932250976562e+00
2.772279679775238037e-01
1.320052027702331543e+00
2.827486693859100342e-01
1.753987520933151245e-01
1.337305426597595215e+00
2.440185546875000000e-01
3.648246228694915771e-01
2.447601109743118286e-01
3.033628165721893311e-01
4.080627560615539551e-01
3.841837644577026367e-01
4.013823866844177246e-01
2.250914275646209717e-01
2.423717081546783447e-01
4.591538310050964355e-01
3.747268021106719971e-01
4.711691737174987793e-01
2.807043194770812988e-01
2.775761783123016357e-01
2.507482171058654785e-01
4.797860980033874512e-01
4.470925331115722656e-01
4.374956786632537842e-01
1.606676340103149414e+00
1.675645709037780762e+00
3.052313923835754395e-01
2.932642400264739990e-01
2.478139996528625488e-01
2.837650775909423828e-01
3.241077959537506104e-01
1.376010298728942871e+00
1.466402411460876465e+00
3.922221660614013672e-01
2.807873785495758057e-01
2.582025229930877686e-01
2.879335582256317139e-01
2.522944808006286621e-01
2.466648370027542114e-01
1.171280264854431152e+00
2.604076862335205078e-01
4.337841272354125977e-01
2.998850643634796143e-01
3.749083280563354492e-01
2.380851805210113525e-01
2.828782796859741211e-01
2.700813412666320801e-01
3.472335636615753174e-01
3.862526416778564453e-01
4.759429693222045898e-01
3.625552356243133545e-01
2.436361014842987061e-01
4.981550574302673340e-01
4.930573999881744385e-01
2.461996674537658691e-01
