2.669851779937744141e-01
2.919629514217376709e-01
2.308171987533569336e-01
4.195351004600524902e-01
1.761149615049362183e-01
3.968466520309448242e-01
3.456436991691589355e-01
2.765720784664154053e-01
2.752439081668853760e-01
3.037758767604827881e-01
2.449319213628768921e-01
2.877648472785949707e-01
2.570347785949707031e-01
4.523109793663024902e-01
2.922063469886779785e-01
2.319163531064987183e-01
3.473891317844390869e-01
3.115780353546142578e-01
3.259289264678955078e-01
2.549684345722198486e-01
2.851943075656890869e-01
6.323681473731994629e-01
2.500936985015869141e-01
2.475913763046264648e-01
6.517114043235778809e-01
2.582145631313323975e-01
3.439527153968811035e-01
3.582217991352081299e-01
2.502689957618713379e-01
3.411072790622711182e-01
7.760233879089355469e-01
7.841703295707702637e-01
3.448100090026855469e-01
2.786373198032379150e-01
2.570361495018005371e-01
3.115623295307159424e-01
2.531092166900634766e-01
3.619969785213470459e-01
3.195789456367492676e-01
2.679862380027770996e-01
3.034846484661102295e-01
4.786038696765899658e-01
2.260210812091827393e-01
2.229614704847335815e-01
3.121785223484039307e-01
5.514331459999084473e-01
6.450329422950744629e-01
4.167854487895965576e-01
3.774439692497253418e-01
2.573076784610748291e-01
2.851183414459228516e-01
3.119489848613739014e-01
2.920509874820709229e-01
2.960114777088165283e-01
2.181334793567657471e-01
3.115885257720947266e-01
2.990245819091796875e-01
2.665763199329376221e-01
2.900329828262329102e-01
2.924368679523468018e-01
2.763483226299285889e-01
2.992302179336547852e-01
2.208720445632934570e-01
2.843614816665649414e-01
2.994676828384399414e-01
4.255056977272033691e-01
4.111429750919342041e-01
2.564457952976226807e-01
3.496264517307281494e-01
3.476521372795104980e-01
2.941113710403442383e-01
2.240138947963714600e-01
8.166943192481994629e-01
2.314545661211013794e-01
3.307069242000579834e-01
2.873570621013641357e-01
2.217852622270584106e-01
2.623969614505767822e-01
2.751283049583435059e-01
4.349054098129272461e-01
3.035932183265686035e-01
2.909983098506927490e-01
3.526461124420166016e-01
2.697196602821350098e-01
3.079686164855957031e-01
3.560168743133544922e-01
2.950113713741302490e-01
3.947772979736328125e-01
2.581008076667785645e-01
2.887307107448577881e-01
2.522428035736083984e-01
2.475115507841110229e-01
6.128697395324707031e-01
2.558444738388061523e-01
2.607904672622680664e-01
3.362385928630828857e-01
2.923786342144012451e-01
2.395268827676773071e-01
3.144393563270568848e-01
3.113186359405517578e-01
2.857040762901306152e-01
3.596571087837219238e-01
3.599137365818023682e-01
3.596571087837219238e-01
3.599137365818023682e-01
2.644141018390655518e-01
2.547160983085632324e-01
3.643979430198669434e-01
3.521604239940643311e-01
2.922826409339904785e-01
2.243150323629379272e-01
3.240594565868377686e-01
1.746973991394042969e-01
3.817301988601684570e-01
2.930951416492462158e-01
3.234069347381591797e-01
2.502623498439788818e-01
3.764470517635345459e-01
3.669436275959014893e-01
4.696631729602813721e-01
5.307496190071105957e-01
2.986132800579071045e-01
2.268111109733581543e-01
3.813145458698272705e-01
2.924253046512603760e-01
4.924025833606719971e-01
5.597609281539916992e-01
2.822306454181671143e-01
4.891299605369567871e-01
3.094098269939422607e-01
3.980663418769836426e-01
3.844357430934906006e-01
4.185424745082855225e-01
4.542882442474365234e-01
4.772942364215850830e-01
4.405605196952819824e-01
2.871586680412292480e-01
2.648071944713592529e-01
2.941734790802001953e-01
2.868213951587677002e-01
2.993350327014923096e-01
2.136708498001098633e-01
6.033639311790466309e-01
2.691039741039276123e-01
5.097901225090026855e-01
3.428211808204650879e-01
3.171240687370300293e-01
2.991760075092315674e-01
2.663458287715911865e-01
2.455800622701644897e-01
2.928656935691833496e-01
4.576735496520996094e-01
4.244825839996337891e-01
5.102831125259399414e-01
3.650123775005340576e-01
1.732716262340545654e-01
8.952906131744384766e-01
2.687431573867797852e-01
3.334596157073974609e-01
2.669450044631958008e-01
3.122669756412506104e-01
3.859068453311920166e-01
3.690632581710815430e-01
3.698301613330841064e-01
2.274837493896484375e-01
3.238125741481781006e-01
4.379481077194213867e-01
3.955657184123992920e-01
4.594808220863342285e-01
2.595002353191375732e-01
2.807294428348541260e-01
2.589781284332275391e-01
5.033197402954101562e-01
4.970467984676361084e-01
4.710072278976440430e-01
2.586616575717926025e-01
6.241987347602844238e-01
2.376919686794281006e-01
2.917086780071258545e-01
2.668497264385223389e-01
2.825513184070587158e-01
2.570503950119018555e-01
8.691645264625549316e-01
9.542044401168823242e-01
3.508485853672027588e-01
3.579670488834381104e-01
2.571425437927246094e-01
2.897611856460571289e-01
2.492867112159729004e-01
2.483071386814117432e-01
9.625288844108581543e-01
3.176796436309814453e-01
3.943684399127960205e-01
2.951760292053222656e-01
3.248812854290008545e-01
2.913335263729095459e-01
2.886237204074859619e-01
2.940603196620941162e-01
3.234322071075439453e-01
3.440544605255126953e-01
4.689803123474121094e-01
4.125669896602630615e-01
2.470362633466720581e-01
4.991304874420166016e-01
4.954556226730346680e-01
2.473302483558654785e-01
