3.051444888114929199e-01
2.991039752960205078e-01
2.155036926269531250e-01
4.381105601787567139e-01
1.725641340017318726e-01
3.355245590209960938e-01
2.974528074264526367e-01
2.978923320770263672e-01
3.743202686309814453e-01
2.970007658004760742e-01
2.523956000804901123e-01
2.405325621366500854e-01
2.437754571437835693e-01
4.836094379425048828e-01
2.987737655639648438e-01
2.304083406925201416e-01
2.859576642513275146e-01
4.170629382133483887e-01
2.295813411474227905e-01
2.559220790863037109e-01
2.726348042488098145e-01
1.271939516067504883e+00
2.464325428009033203e-01
2.585553526878356934e-01
6.521905660629272461e-01
2.592774927616119385e-01
3.117359280586242676e-01
2.658332586288452148e-01
2.368192821741104126e-01
3.883949518203735352e-01
8.111027479171752930e-01
9.826182126998901367e-01
3.679244220256805420e-01
2.722228765487670898e-01
2.422402948141098022e-01
2.902868986129760742e-01
2.472589910030364990e-01
3.507824540138244629e-01
4.624345004558563232e-01
2.929697334766387939e-01
2.124088704586029053e-01
4.868506193161010742e-01
2.194230258464813232e-01
2.665226459503173828e-01
3.052289783954620361e-01
6.474552154541015625e-01
6.984795331954956055e-01
3.535895049571990967e-01
4.141106307506561279e-01
2.634035944938659668e-01
3.004356920719146729e-01
2.996695935726165771e-01
2.372901439666748047e-01
2.967479526996612549e-01
2.158879637718200684e-01
2.904417216777801514e-01
2.656291425228118896e-01
2.681120634078979492e-01
2.933025360107421875e-01
2.857251167297363281e-01
2.643857598304748535e-01
3.047902584075927734e-01
2.273704856634140015e-01
2.772518992424011230e-01
2.664157152175903320e-01
4.711068272590637207e-01
4.718056917190551758e-01
2.576664090156555176e-01
3.717559576034545898e-01
3.640227317810058594e-01
2.893206775188446045e-01
2.634794712066650391e-01
5.419488549232482910e-01
2.711846828460693359e-01
2.322989702224731445e-01
2.858001589775085449e-01
2.575876712799072266e-01
2.220034748315811157e-01
2.478853762149810791e-01
4.296177029609680176e-01
4.375683665275573730e-01
3.085144758224487305e-01
3.475695848464965820e-01
3.993026018142700195e-01
3.655848801136016846e-01
2.861798405647277832e-01
3.103864192962646484e-01
5.187855958938598633e-01
2.657565474510192871e-01
2.799831032752990723e-01
2.463853508234024048e-01
2.513430714607238770e-01
6.276388168334960938e-01
2.461574524641036987e-01
3.048817217350006104e-01
2.533752322196960449e-01
2.947814464569091797e-01
3.461383581161499023e-01
3.262838423252105713e-01
3.980250358581542969e-01
2.850763201713562012e-01
2.814276814460754395e-01
4.797746539115905762e-01
2.814276814460754395e-01
4.797746539115905762e-01
2.538600265979766846e-01
2.540721595287322998e-01
2.376955002546310425e-01
3.245273530483245850e-01
2.967344522476196289e-01
2.524749338626861572e-01
3.747341334819793701e-01
1.778398305177688599e-01
4.043203890323638916e-01
3.527678251266479492e-01
3.628237247467041016e-01
3.029065430164337158e-01
3.008147478103637695e-01
3.825588226318359375e-01
6.749933958053588867e-01
6.552091836929321289e-01
3.012416362762451172e-01
2.081865966320037842e-01
2.758011817932128906e-01
3.975692987442016602e-01
4.481319785118103027e-01
4.004546403884887695e-01
3.265758156776428223e-01
4.755997061729431152e-01
4.324613213539123535e-01
4.968383908271789551e-01
4.303823709487915039e-01
4.815242290496826172e-01
4.050225615501403809e-01
2.838964760303497314e-01
2.721271514892578125e-01
2.987236976623535156e-01
2.813907563686370850e-01
2.479518651962280273e-01
2.773663997650146484e-01
2.960650324821472168e-01
2.331212460994720459e-01
7.622998356819152832e-01
2.643106579780578613e-01
7.884947061538696289e-01
3.496547341346740723e-01
2.681048810482025146e-01
3.089283704757690430e-01
3.015245795249938965e-01
3.051902651786804199e-01
2.584738731384277344e-01
9.609184265136718750e-01
4.528972506523132324e-01
9.382667541503906250e-01
3.914179801940917969e-01
1.741013824939727783e-01
8.809958696365356445e-01
2.579646706581115723e-01
2.394728809595108032e-01
2.871589362621307373e-01
3.647891283035278320e-01
3.863351941108703613e-01
3.754880428314208984e-01
4.255447983741760254e-01
2.190594077110290527e-01
3.043498694896697998e-01
3.733835220336914062e-01
4.724676012992858887e-01
4.880772233009338379e-01
3.053091764450073242e-01
2.496824711561203003e-01
2.318335771560668945e-01
5.342404842376708984e-01
4.602347314357757568e-01
5.201416015625000000e-01
6.181538105010986328e-01
1.023373603820800781e+00
2.925999760627746582e-01
2.980790734291076660e-01
2.646481990814208984e-01
3.738567233085632324e-01
3.257394433021545410e-01
1.016068935394287109e+00
1.121620178222656250e+00
2.697526216506958008e-01
2.972303628921508789e-01
2.465454041957855225e-01
2.949200272560119629e-01
2.445370852947235107e-01
2.437615394592285156e-01
1.148406744003295898e+00
3.050903081893920898e-01
4.407758116722106934e-01
2.949572205543518066e-01
3.778901994228363037e-01
2.526492178440093994e-01
2.751047313213348389e-01
2.613644301891326904e-01
3.730500936508178711e-01
3.790415525436401367e-01
4.960793554782867432e-01
3.012187182903289795e-01
2.364786863327026367e-01
4.990807175636291504e-01
4.949681162834167480e-01
2.353760600090026855e-01
