2.452598959207534790e-01
2.589634358882904053e-01
2.221119403839111328e-01
4.245617687702178955e-01
1.772766560316085815e-01
4.142543971538543701e-01
2.353170365095138550e-01
2.966076135635375977e-01
3.193287551403045654e-01
3.059760332107543945e-01
2.515445947647094727e-01
2.392690181732177734e-01
3.036793470382690430e-01
5.015491843223571777e-01
2.944590747356414795e-01
2.020112425088882446e-01
2.889334261417388916e-01
3.965524733066558838e-01
2.741296291351318359e-01
2.450305670499801636e-01
2.940075397491455078e-01
5.546322464942932129e-01
2.464010268449783325e-01
2.541947662830352783e-01
7.446485161781311035e-01
2.623213827610015869e-01
2.873094081878662109e-01
2.604845762252807617e-01
3.534063398838043213e-01
2.574382424354553223e-01
5.915350914001464844e-01
3.126721084117889404e-01
3.290746510028839111e-01
2.933312356472015381e-01
2.493429332971572876e-01
2.669961154460906982e-01
2.883859574794769287e-01
2.442746162414550781e-01
4.339772462844848633e-01
3.061583340167999268e-01
3.589529991149902344e-01
5.636789798736572266e-01
2.109756618738174438e-01
2.201142758131027222e-01
2.674332559108734131e-01
1.292569041252136230e+00
1.375792503356933594e+00
3.110620677471160889e-01
5.176697373390197754e-01
2.841875255107879639e-01
2.590729296207427979e-01
2.968243062496185303e-01
3.286554813385009766e-01
2.996288836002349854e-01
2.326265573501586914e-01
3.210495114326477051e-01
3.646246194839477539e-01
2.619226574897766113e-01
2.811479270458221436e-01
3.248024582862854004e-01
2.951338589191436768e-01
2.984666824340820312e-01
2.113708704710006714e-01
3.166110515594482422e-01
3.055298626422882080e-01
4.192981421947479248e-01
4.084843099117279053e-01
2.444878667593002319e-01
3.856656551361083984e-01
3.744980394840240479e-01
2.946358621120452881e-01
2.362600564956665039e-01
7.019193172454833984e-01
2.823180258274078369e-01
2.295520156621932983e-01
2.842265069484710693e-01
2.698343098163604736e-01
2.356431335210800171e-01
2.430279701948165894e-01
4.535799324512481689e-01
4.293804168701171875e-01
2.990204691886901855e-01
3.349817693233489990e-01
3.943040370941162109e-01
3.606745898723602295e-01
2.996506392955780029e-01
3.488852977752685547e-01
4.913008511066436768e-01
2.614575326442718506e-01
2.823514938354492188e-01
2.544612884521484375e-01
2.410525530576705933e-01
6.732085347175598145e-01
3.010441362857818604e-01
2.595361769199371338e-01
3.437304198741912842e-01
2.986164987087249756e-01
3.587623834609985352e-01
2.698587775230407715e-01
2.485600858926773071e-01
3.833924233913421631e-01
3.156785964965820312e-01
3.985782563686370850e-01
3.156785964965820312e-01
3.985782563686370850e-01
2.239287048578262329e-01
2.542551457881927490e-01
3.473284244537353516e-01
3.556370735168457031e-01
2.925976216793060303e-01
2.375018745660781860e-01
3.052680790424346924e-01
1.782389432191848755e-01
3.583121597766876221e-01
2.591300010681152344e-01
2.587084472179412842e-01
2.861408889293670654e-01
3.201604187488555908e-01
3.357792794704437256e-01
5.200225710868835449e-01
6.115388870239257812e-01
2.977319061756134033e-01
2.375391721725463867e-01
2.764441668987274170e-01
4.022484719753265381e-01
5.360440015792846680e-01
5.542460680007934570e-01
3.284080326557159424e-01
4.372543394565582275e-01
4.200289249420166016e-01
4.005690813064575195e-01
4.066275060176849365e-01
4.357590377330780029e-01
4.384703934192657471e-01
3.254039287567138672e-01
3.499827384948730469e-01
3.054201304912567139e-01
2.418191283941268921e-01
3.077434301376342773e-01
3.818558454513549805e-01
2.957523167133331299e-01
2.260759323835372925e-01
7.934444546699523926e-01
2.989588975906372070e-01
8.222546577453613281e-01
3.920916616916656494e-01
3.824235200881958008e-01
3.060817420482635498e-01
2.702361643314361572e-01
2.542886435985565186e-01
3.116686642169952393e-01
9.173181056976318359e-01
3.456182777881622314e-01
7.700319290161132812e-01
4.569778740406036377e-01
1.732173413038253784e-01
8.229606747627258301e-01
2.856205403804779053e-01
3.770291805267333984e-01
3.040743172168731689e-01
2.949373424053192139e-01
2.965858876705169678e-01
3.385993242263793945e-01
3.836196362972259521e-01
2.184701561927795410e-01
3.675086200237274170e-01
4.397538900375366211e-01
3.331893384456634521e-01
3.625961840152740479e-01
2.882854640483856201e-01
2.488498091697692871e-01
2.703928947448730469e-01
4.140608310699462891e-01
4.902722537517547607e-01
5.138575434684753418e-01
9.285214543342590332e-01
1.017450451850891113e+00
2.841564416885375977e-01
3.001014292240142822e-01
2.346544712781906128e-01
3.762402832508087158e-01
2.804723083972930908e-01
7.798349261283874512e-01
9.768282771110534668e-01
2.723092734813690186e-01
3.509229123592376709e-01
2.559583485126495361e-01
3.029586076736450195e-01
2.481034994125366211e-01
2.482812553644180298e-01
9.251868128776550293e-01
4.227119982242584229e-01
2.873288989067077637e-01
2.936716079711914062e-01
3.611168563365936279e-01
2.509786188602447510e-01
3.198767304420471191e-01
2.488084435462951660e-01
3.678202629089355469e-01
2.846398055553436279e-01
4.862701594829559326e-01
5.171532630920410156e-01
2.562383413314819336e-01
4.985724389553070068e-01
4.971938431262969971e-01
2.521761655807495117e-01
