2.470432221889495850e-01
3.751833438873291016e-01
2.294142395257949829e-01
3.006717264652252197e-01
1.725810170173645020e-01
4.118617177009582520e-01
2.678156495094299316e-01
2.912384867668151855e-01
3.007442355155944824e-01
3.076639175415039062e-01
2.596106529235839844e-01
2.656675279140472412e-01
3.192731142044067383e-01
5.116437673568725586e-01
2.943490147590637207e-01
3.585678935050964355e-01
2.861037850379943848e-01
3.849277794361114502e-01
2.532303929328918457e-01
2.594981789588928223e-01
3.054529130458831787e-01
2.899778485298156738e-01
2.517470121383666992e-01
2.429703176021575928e-01
7.459056377410888672e-01
2.394683361053466797e-01
3.397691249847412109e-01
2.737035751342773438e-01
2.316606342792510986e-01
3.831431269645690918e-01
1.247477173805236816e+00
1.112285375595092773e+00
3.258202075958251953e-01
2.907132506370544434e-01
2.401347607374191284e-01
2.851631939411163330e-01
3.080527782440185547e-01
3.162423372268676758e-01
4.530488848686218262e-01
3.047315478324890137e-01
2.390930354595184326e-01
4.963587522506713867e-01
2.168331444263458252e-01
2.831710278987884521e-01
2.958680987358093262e-01
1.118195056915283203e+00
1.212493181228637695e+00
3.985949158668518066e-01
4.336625933647155762e-01
3.068892955780029297e-01
2.411370873451232910e-01
2.465610504150390625e-01
2.987065911293029785e-01
2.339499294757843018e-01
3.373697996139526367e-01
3.495379686355590820e-01
3.919632434844970703e-01
3.030288517475128174e-01
2.630055546760559082e-01
2.643420100212097168e-01
2.867147326469421387e-01
2.857336997985839844e-01
3.621646463871002197e-01
2.477486878633499146e-01
3.705971240997314453e-01
3.873186707496643066e-01
2.556180953979492188e-01
2.495461106300354004e-01
3.151148259639739990e-01
2.354846000671386719e-01
2.986763119697570801e-01
2.188909649848937988e-01
1.328002452850341797e+00
2.985963821411132812e-01
2.352520823478698730e-01
2.465181499719619751e-01
3.011497855186462402e-01
2.390502095222473145e-01
2.464375495910644531e-01
4.347383975982666016e-01
4.401102066040039062e-01
2.925541102886199951e-01
2.164389491081237793e-01
3.888021409511566162e-01
3.771467506885528564e-01
2.823871970176696777e-01
3.370481729507446289e-01
4.503259360790252686e-01
2.536494731903076172e-01
2.959582209587097168e-01
2.343859821557998657e-01
2.512825727462768555e-01
7.191576957702636719e-01
2.444188892841339111e-01
2.993946075439453125e-01
2.503547966480255127e-01
2.930504083633422852e-01
2.720588743686676025e-01
3.242534995079040527e-01
3.854729533195495605e-01
3.089202046394348145e-01
3.115513324737548828e-01
4.849096536636352539e-01
3.115513324737548828e-01
4.849096536636352539e-01
4.299437105655670166e-01
2.495547831058502197e-01
3.658823966979980469e-01
2.440224885940551758e-01
2.775928974151611328e-01
2.081294357776641846e-01
3.630915284156799316e-01
1.751263737678527832e-01
3.658097982406616211e-01
2.733381390571594238e-01
3.904895484447479248e-01
2.377918958663940430e-01
3.818746209144592285e-01
3.767187297344207764e-01
6.444393992424011230e-01
7.409490346908569336e-01
2.311037927865982056e-01
2.872883081436157227e-01
3.998374342918395996e-01
4.507144689559936523e-01
5.953531265258789062e-01
6.924602985382080078e-01
3.510111868381500244e-01
5.147622823715209961e-01
4.112204909324645996e-01
3.295587897300720215e-01
2.480315268039703369e-01
4.101533591747283936e-01
5.068618655204772949e-01
5.008354783058166504e-01
6.051965951919555664e-01
2.506618201732635498e-01
3.008326590061187744e-01
3.800736665725708008e-01
3.000453412532806396e-01
2.950609922409057617e-01
2.109889388084411621e-01
1.258008718490600586e+00
3.346033096313476562e-01
1.125281929969787598e+00
2.878835797309875488e-01
3.378258049488067627e-01
4.146947264671325684e-01
2.704049348831176758e-01
2.300292253494262695e-01
2.790015339851379395e-01
1.051672577857971191e+00
5.020430684089660645e-01
1.004163980484008789e+00
4.549601674079895020e-01
1.678085327148437500e-01
9.719298481941223145e-01
2.517760992050170898e-01
2.540630698204040527e-01
3.059402704238891602e-01
3.727708458900451660e-01
3.675010204315185547e-01
4.275437891483306885e-01
3.713266253471374512e-01
2.310523539781570435e-01
2.478035688400268555e-01
3.859062194824218750e-01
4.811499118804931641e-01
4.713837206363677979e-01
2.446242868900299072e-01
2.433781772851943970e-01
3.005158901214599609e-01
3.807446062564849854e-01
4.661740064620971680e-01
4.786979258060455322e-01
1.026145219802856445e+00
9.099324941635131836e-01
2.524940073490142822e-01
2.909808456897735596e-01
1.997344791889190674e-01
3.750918209552764893e-01
2.810353636741638184e-01
3.357264995574951172e-01
5.773013830184936523e-01
2.638507485389709473e-01
3.877509236335754395e-01
2.534078955650329590e-01
2.913149893283843994e-01
2.478731572628021240e-01
2.392603754997253418e-01
7.670877575874328613e-01
4.259574413299560547e-01
2.933814227581024170e-01
2.991412878036499023e-01
2.465743273496627808e-01
3.772722482681274414e-01
2.708460688591003418e-01
3.633835911750793457e-01
2.601352334022521973e-01
3.827885985374450684e-01
3.270346522331237793e-01
4.936231374740600586e-01
2.477351725101470947e-01
4.972012639045715332e-01
4.971492290496826172e-01
2.456291317939758301e-01
