2.564096152782440186e-01
2.644001841545104980e-01
2.442151755094528198e-01
4.080399274826049805e-01
1.750677675008773804e-01
3.713244497776031494e-01
3.592058122158050537e-01
2.819768488407135010e-01
2.518180310726165771e-01
3.040409684181213379e-01
2.465811371803283691e-01
2.971160411834716797e-01
2.547755241394042969e-01
4.626849889755249023e-01
2.967510521411895752e-01
2.326497286558151245e-01
3.677578866481781006e-01
2.833626866340637207e-01
3.548146784305572510e-01
2.524545192718505859e-01
2.933518886566162109e-01
1.182248950004577637e+00
2.493450790643692017e-01
2.474761903285980225e-01
5.721364617347717285e-01
2.481761872768402100e-01
3.701875209808349609e-01
3.821328580379486084e-01
2.440495193004608154e-01
3.838719427585601807e-01
5.259996056556701660e-01
5.683574080467224121e-01
3.309547305107116699e-01
2.941660583019256592e-01
2.355695068836212158e-01
2.448811233043670654e-01
2.971989214420318604e-01
3.903122544288635254e-01
2.527215182781219482e-01
2.943886816501617432e-01
3.145017325878143311e-01
4.803912639617919922e-01
2.213814556598663330e-01
2.191613018512725830e-01
2.828104794025421143e-01
6.972236633300781250e-01
6.515727043151855469e-01
3.332550823688507080e-01
4.719157516956329346e-01
2.735724449157714844e-01
2.726012468338012695e-01
3.007315993309020996e-01
3.072917163372039795e-01
2.968720197677612305e-01
2.286992073059082031e-01
3.035930395126342773e-01
3.271175920963287354e-01
2.469123899936676025e-01
3.030688762664794922e-01
3.096481263637542725e-01
2.528750300407409668e-01
3.008592724800109863e-01
2.187978029251098633e-01
3.072477579116821289e-01
2.721387147903442383e-01
4.524660706520080566e-01
4.725574553012847900e-01
2.811753749847412109e-01
3.331651687622070312e-01
3.370381593704223633e-01
2.957642078399658203e-01
2.435035109519958496e-01
8.415229320526123047e-01
2.401359230279922485e-01
3.334652781486511230e-01
2.830881178379058838e-01
2.225356400012969971e-01
2.382389456033706665e-01
2.422505617141723633e-01
4.423083066940307617e-01
4.378944933414459229e-01
2.950122952461242676e-01
3.453025221824645996e-01
3.717117011547088623e-01
2.821942865848541260e-01
3.934076428413391113e-01
2.838970124721527100e-01
2.983375489711761475e-01
2.576568424701690674e-01
2.873506546020507812e-01
2.466693222522735596e-01
2.505448758602142334e-01
3.968833982944488525e-01
2.933348119258880615e-01
2.646640241146087646e-01
2.994248569011688232e-01
2.890531420707702637e-01
2.239010930061340332e-01
2.426891624927520752e-01
4.092504084110260010e-01
3.372462391853332520e-01
3.239766955375671387e-01
2.970898747444152832e-01
3.239766955375671387e-01
2.970898747444152832e-01
2.393652945756912231e-01
2.643771767616271973e-01
3.059162795543670654e-01
3.090685307979583740e-01
2.961701750755310059e-01
2.252152413129806519e-01
3.411585390567779541e-01
1.748700439929962158e-01
3.791834115982055664e-01
2.935182750225067139e-01
3.887712955474853516e-01
2.472577989101409912e-01
3.618395328521728516e-01
3.069799244403839111e-01
5.680077075958251953e-01
5.558502078056335449e-01
2.950954437255859375e-01
2.252029031515121460e-01
3.364226818084716797e-01
3.816758990287780762e-01
5.477055907249450684e-01
4.297523498535156250e-01
4.469749927520751953e-01
4.032746553421020508e-01
4.268063604831695557e-01
3.470762968063354492e-01
3.377698361873626709e-01
3.720814585685729980e-01
4.879517853260040283e-01
4.479380548000335693e-01
4.587967991828918457e-01
2.666569054126739502e-01
2.861147522926330566e-01
3.074763715267181396e-01
2.755540311336517334e-01
2.975867986679077148e-01
2.162674367427825928e-01
6.376450657844543457e-01
2.955647706985473633e-01
6.091477274894714355e-01
3.036556839942932129e-01
3.468895256519317627e-01
3.353064954280853271e-01
2.858376502990722656e-01
2.449668496847152710e-01
2.730207443237304688e-01
4.907027482986450195e-01
4.205621182918548584e-01
5.049332976341247559e-01
4.126660823822021484e-01
1.746245622634887695e-01
9.643729925155639648e-01
2.691953182220458984e-01
3.123403489589691162e-01
3.141649365425109863e-01
3.088597059249877930e-01
3.709849715232849121e-01
3.660453855991363525e-01
3.689038753509521484e-01
2.418566346168518066e-01
2.930384576320648193e-01
3.937366604804992676e-01
3.927335739135742188e-01
3.897749185562133789e-01
2.605029344558715820e-01
2.747882306575775146e-01
2.608222365379333496e-01
4.444760084152221680e-01
4.761528670787811279e-01
4.427278041839599609e-01
2.609585225582122803e-01
6.599116921424865723e-01
2.424375861883163452e-01
2.849866151809692383e-01
2.276862859725952148e-01
3.757095932960510254e-01
3.577468395233154297e-01
9.300733208656311035e-01
1.032447338104248047e+00
2.644748389720916748e-01
2.636821269989013672e-01
2.552448809146881104e-01
2.867931723594665527e-01
2.472102493047714233e-01
2.476924955844879150e-01
1.089564085006713867e+00
4.478507936000823975e-01
2.534823119640350342e-01
2.953443229198455811e-01
3.226979970932006836e-01
3.017949759960174561e-01
3.287404477596282959e-01
2.442111372947692871e-01
3.675032556056976318e-01
2.814863622188568115e-01
5.017458796501159668e-01
5.001052618026733398e-01
2.489842772483825684e-01
4.956810772418975830e-01
4.971967041492462158e-01
2.474398016929626465e-01
