2.504355013370513916e-01
2.563402652740478516e-01
2.155272960662841797e-01
4.299705028533935547e-01
1.739764660596847534e-01
4.207373559474945068e-01
2.506314814090728760e-01
2.976136207580566406e-01
2.919406592845916748e-01
3.041879236698150635e-01
2.538117766380310059e-01
2.522262334823608398e-01
3.073109686374664307e-01
2.886029779911041260e-01
2.967417538166046143e-01
2.168971896171569824e-01
3.742673695087432861e-01
2.778388559818267822e-01
3.098675906658172607e-01
2.601474821567535400e-01
2.921241819858551025e-01
8.546124100685119629e-01
2.489328384399414062e-01
2.511128783226013184e-01
7.703644633293151855e-01
2.463485747575759888e-01
3.800996243953704834e-01
3.857654035091400146e-01
2.289896160364151001e-01
3.686710596084594727e-01
1.099940419197082520e+00
9.830770492553710938e-01
3.025343418121337891e-01
2.972375750541687012e-01
2.526848316192626953e-01
2.537939250469207764e-01
3.050574958324432373e-01
4.063338339328765869e-01
2.896629571914672852e-01
3.063818216323852539e-01
3.479460477828979492e-01
5.063355565071105957e-01
2.212600260972976685e-01
2.255255579948425293e-01
2.614041268825531006e-01
7.360535264015197754e-01
6.415503621101379395e-01
3.709144294261932373e-01
5.223619341850280762e-01
3.011257648468017578e-01
2.556565999984741211e-01
2.911188304424285889e-01
3.678355216979980469e-01
2.978695929050445557e-01
2.528224289417266846e-01
2.804244458675384521e-01
3.822490870952606201e-01
2.633839547634124756e-01
2.501297295093536377e-01
3.459552228450775146e-01
3.543317019939422607e-01
3.039709031581878662e-01
2.160118669271469116e-01
3.594931066036224365e-01
3.440244197845458984e-01
2.960837185382843018e-01
3.281176388263702393e-01
2.831703722476959229e-01
3.044738173484802246e-01
3.361630439758300781e-01
2.990020215511322021e-01
2.151080220937728882e-01
7.723658680915832520e-01
2.321767956018447876e-01
3.424975574016571045e-01
2.837387025356292725e-01
2.252334505319595337e-01
2.419657856225967407e-01
2.482866048812866211e-01
4.552906751632690430e-01
4.319819509983062744e-01
2.969710826873779297e-01
3.467340469360351562e-01
3.885665237903594971e-01
2.673995196819305420e-01
4.117297828197479248e-01
3.126899600028991699e-01
3.047086894512176514e-01
2.538777887821197510e-01
2.782160341739654541e-01
2.471733689308166504e-01
2.482076883316040039e-01
3.877100050449371338e-01
2.455834299325942993e-01
2.350699305534362793e-01
3.820414543151855469e-01
2.930138707160949707e-01
2.315974682569503784e-01
3.774981498718261719e-01
2.566261291503906250e-01
3.037131726741790771e-01
3.699928820133209229e-01
3.022952377796173096e-01
3.699928820133209229e-01
3.022952377796173096e-01
2.195991426706314087e-01
2.756568491458892822e-01
3.292441666126251221e-01
2.408500313758850098e-01
2.969620525836944580e-01
2.355947345495223999e-01
3.269506394863128662e-01
1.748713999986648560e-01
3.768531084060668945e-01
3.073522746562957764e-01
4.303616285324096680e-01
2.560488581657409668e-01
3.517752885818481445e-01
2.784434258937835693e-01
5.831404924392700195e-01
5.547972321510314941e-01
2.924464941024780273e-01
2.256244868040084839e-01
3.339339494705200195e-01
4.153530597686767578e-01
5.892051458358764648e-01
3.803825676441192627e-01
4.983005523681640625e-01
3.539559841156005859e-01
4.678976237773895264e-01
3.896044194698333740e-01
3.160481750965118408e-01
3.145508468151092529e-01
4.756784439086914062e-01
4.897228181362152100e-01
4.407869279384613037e-01
3.043501675128936768e-01
2.418998479843139648e-01
2.540889084339141846e-01
3.236081302165985107e-01
3.006699979305267334e-01
2.151577621698379517e-01
6.869894862174987793e-01
2.595544755458831787e-01
5.742142796516418457e-01
3.740806877613067627e-01
3.801538944244384766e-01
3.536181151866912842e-01
2.777177095413208008e-01
2.386865466833114624e-01
2.673657536506652832e-01
7.914087176322937012e-01
3.821488916873931885e-01
8.711438775062561035e-01
2.860032021999359131e-01
1.770996451377868652e-01
3.821212351322174072e-01
2.585011124610900879e-01
2.802430689334869385e-01
2.785407602787017822e-01
3.297854661941528320e-01
4.153021275997161865e-01
3.831862509250640869e-01
3.861919939517974854e-01
2.336865514516830444e-01
2.530091106891632080e-01
3.930708169937133789e-01
4.257789552211761475e-01
4.389121234416961670e-01
2.460119575262069702e-01
2.904234826564788818e-01
2.483686357736587524e-01
4.722960889339447021e-01
4.857682287693023682e-01
4.197853505611419678e-01
2.591086328029632568e-01
2.441956847906112671e-01
2.425032109022140503e-01
2.835258841514587402e-01
3.518237769603729248e-01
2.685855329036712646e-01
2.451790422201156616e-01
8.771601319313049316e-01
5.049903988838195801e-01
3.773990869522094727e-01
3.531022071838378906e-01
2.551952004432678223e-01
2.794302403926849365e-01
2.559034228324890137e-01
2.500557005405426025e-01
9.830318093299865723e-01
3.204214274883270264e-01
3.770355880260467529e-01
2.906088829040527344e-01
2.451918572187423706e-01
3.686134815216064453e-01
2.541529536247253418e-01
3.639776408672332764e-01
2.536616921424865723e-01
2.685956656932830811e-01
4.733640849590301514e-01
4.825516045093536377e-01
2.532821595668792725e-01
4.979981482028961182e-01
4.980192184448242188e-01
2.485321015119552612e-01
