2.492243498563766479e-01
3.355701863765716553e-01
2.519507408142089844e-01
3.005338609218597412e-01
1.727396696805953979e-01
3.874065876007080078e-01
2.728312015533447266e-01
2.657887637615203857e-01
3.426071703433990479e-01
3.011824190616607666e-01
2.622072100639343262e-01
2.488356679677963257e-01
2.744073569774627686e-01
4.313561916351318359e-01
2.935974299907684326e-01
2.292221337556838989e-01
3.149657547473907471e-01
3.675453364849090576e-01
3.485432565212249756e-01
2.559499442577362061e-01
2.834029793739318848e-01
6.863672733306884766e-01
2.503292262554168701e-01
2.472734451293945312e-01
7.806970477104187012e-01
2.842315137386322021e-01
2.983640134334564209e-01
3.525340557098388672e-01
2.332376688718795776e-01
3.058342933654785156e-01
1.130911469459533691e+00
1.174571633338928223e+00
2.720812261104583740e-01
2.946097254753112793e-01
2.833351790904998779e-01
3.333359956741333008e-01
2.663796842098236084e-01
2.987045347690582275e-01
3.141057193279266357e-01
2.666294872760772705e-01
3.628272712230682373e-01
5.092832446098327637e-01
2.230175584554672241e-01
2.299178093671798706e-01
3.203707933425903320e-01
5.088788270950317383e-01
5.372278690338134766e-01
3.835626542568206787e-01
4.586240351200103760e-01
2.752006649971008301e-01
2.881872653961181641e-01
2.775571644306182861e-01
2.736035883426666260e-01
2.980931997299194336e-01
2.172460705041885376e-01
2.903240621089935303e-01
3.111480772495269775e-01
2.466974705457687378e-01
3.043213188648223877e-01
3.125017881393432617e-01
2.524138391017913818e-01
2.979595363140106201e-01
2.066898345947265625e-01
2.818908393383026123e-01
2.694295346736907959e-01
4.663245379924774170e-01
4.663038253784179688e-01
2.852484285831451416e-01
3.210010528564453125e-01
3.480155169963836670e-01
2.973014414310455322e-01
2.202257961034774780e-01
7.364526391029357910e-01
2.330374568700790405e-01
3.452603816986083984e-01
2.816126644611358643e-01
2.330362349748611450e-01
2.389851808547973633e-01
2.428442835807800293e-01
4.375415742397308350e-01
4.476862251758575439e-01
2.971043884754180908e-01
3.415688574314117432e-01
3.725374937057495117e-01
2.731366157531738281e-01
4.076745808124542236e-01
3.010141551494598389e-01
2.553573548793792725e-01
2.542376220226287842e-01
2.913197576999664307e-01
2.458225935697555542e-01
2.521997690200805664e-01
4.013549983501434326e-01
2.526798248291015625e-01
2.770023345947265625e-01
2.876931428909301758e-01
2.955526113510131836e-01
2.481092810630798340e-01
2.954457402229309082e-01
3.553617894649505615e-01
2.701308429241180420e-01
3.688466846942901611e-01
3.950486481189727783e-01
3.688466846942901611e-01
3.950486481189727783e-01
2.218265533447265625e-01
2.509561181068420410e-01
3.352694511413574219e-01
3.446044623851776123e-01
2.992441952228546143e-01
2.300020605325698853e-01
3.431700468063354492e-01
1.765236109495162964e-01
3.838059604167938232e-01
2.905683219432830811e-01
3.061356842517852783e-01
2.525582313537597656e-01
3.835701942443847656e-01
3.712567985057830811e-01
4.882866442203521729e-01
5.655526518821716309e-01
2.934094369411468506e-01
2.372353225946426392e-01
3.866522312164306641e-01
2.551661431789398193e-01
4.788117706775665283e-01
5.595657825469970703e-01
2.559721767902374268e-01
4.894603788852691650e-01
2.896091938018798828e-01
4.382216930389404297e-01
3.697035014629364014e-01
4.195423424243927002e-01
4.225734770298004150e-01
4.557799100875854492e-01
4.778777658939361572e-01
3.042140901088714600e-01
2.429459840059280396e-01
3.236418068408966064e-01
2.793968319892883301e-01
2.983763217926025391e-01
2.160381227731704712e-01
3.398686945438385010e-01
2.872344553470611572e-01
2.588326036930084229e-01
3.870632350444793701e-01
2.894522249698638916e-01
3.570761680603027344e-01
2.937746942043304443e-01
2.457064539194107056e-01
2.878871560096740723e-01
4.581282436847686768e-01
4.425798952579498291e-01
5.003443360328674316e-01
3.783148825168609619e-01
1.717313081026077271e-01
3.554369211196899414e-01
2.814054191112518311e-01
3.278498947620391846e-01
3.511180877685546875e-01
3.577449023723602295e-01
3.130532801151275635e-01
3.514463603496551514e-01
2.900130748748779297e-01
2.262179106473922729e-01
4.022090137004852295e-01
3.236761391162872314e-01
3.963980972766876221e-01
3.976280689239501953e-01
2.525058686733245850e-01
2.627064883708953857e-01
2.673007547855377197e-01
4.504168033599853516e-01
4.408471286296844482e-01
4.107481539249420166e-01
3.339487016201019287e-01
4.238509237766265869e-01
2.311541438102722168e-01
2.791910171508789062e-01
3.549647033214569092e-01
2.638082206249237061e-01
3.237966597080230713e-01
3.931918144226074219e-01
5.531004071235656738e-01
3.755973875522613525e-01
3.021584749221801758e-01
2.528356015682220459e-01
2.909856438636779785e-01
2.440660446882247925e-01
2.518374025821685791e-01
1.111306071281433105e+00
3.648154735565185547e-01
3.833471834659576416e-01
2.946144640445709229e-01
3.307868540287017822e-01
2.824230194091796875e-01
3.064262270927429199e-01
3.068526089191436768e-01
3.193648755550384521e-01
3.404769003391265869e-01
3.059574663639068604e-01
4.268450438976287842e-01
2.526847720146179199e-01
4.981293380260467529e-01
4.981517791748046875e-01
2.494688034057617188e-01
