2.526106238365173340e-01
2.784113585948944092e-01
3.296639323234558105e-01
3.668981194496154785e-01
1.765309572219848633e-01
2.396753728389739990e-01
3.099501729011535645e-01
2.792122364044189453e-01
3.063013851642608643e-01
2.701323926448822021e-01
2.757428884506225586e-01
2.785692214965820312e-01
2.754319310188293457e-01
4.662016034126281738e-01
2.926695644855499268e-01
2.451279759407043457e-01
3.125576376914978027e-01
3.769443333148956299e-01
3.346098363399505615e-01
2.563687562942504883e-01
2.728140056133270264e-01
1.299317836761474609e+00
2.514021396636962891e-01
2.510408759117126465e-01
6.323997378349304199e-01
2.573456168174743652e-01
3.750754594802856445e-01
3.883042931556701660e-01
2.474534809589385986e-01
3.902768194675445557e-01
9.312754869461059570e-01
1.071124553680419922e+00
2.992140054702758789e-01
2.979107499122619629e-01
2.389106750488281250e-01
2.323076128959655762e-01
3.010748922824859619e-01
3.874900937080383301e-01
2.497935891151428223e-01
2.777398228645324707e-01
3.837466239929199219e-01
4.960541427135467529e-01
2.182050645351409912e-01
2.252603769302368164e-01
3.048683702945709229e-01
7.906640768051147461e-01
8.084039092063903809e-01
3.328801095485687256e-01
4.916751682758331299e-01
2.529254257678985596e-01
3.056999444961547852e-01
3.285393118858337402e-01
2.661053240299224854e-01
2.965693175792694092e-01
2.364706695079803467e-01
3.088517189025878906e-01
2.673659026622772217e-01
2.447412014007568359e-01
3.006029725074768066e-01
3.149992823600769043e-01
2.492071539163589478e-01
2.952657043933868408e-01
2.142542004585266113e-01
3.048470020294189453e-01
2.801209092140197754e-01
4.600838422775268555e-01
4.765448570251464844e-01
2.718247771263122559e-01
3.567692637443542480e-01
3.295708000659942627e-01
2.899478971958160400e-01
3.533509671688079834e-01
9.795006513595581055e-01
2.909366786479949951e-01
2.742241024971008301e-01
2.674334645271301270e-01
2.490570247173309326e-01
2.422147244215011597e-01
3.008996844291687012e-01
3.105114996433258057e-01
4.825676977634429932e-01
2.800194323062896729e-01
2.221349179744720459e-01
2.592175900936126709e-01
3.768172860145568848e-01
2.497440576553344727e-01
2.565473914146423340e-01
4.969183504581451416e-01
2.627415657043457031e-01
2.779724001884460449e-01
2.565299570560455322e-01
2.491210699081420898e-01
5.975360274314880371e-01
2.987242341041564941e-01
2.430673241615295410e-01
3.029751777648925781e-01
2.293248772621154785e-01
3.043777048587799072e-01
3.436050415039062500e-01
4.120084643363952637e-01
3.978520333766937256e-01
4.408084452152252197e-01
2.765108942985534668e-01
4.408084452152252197e-01
2.765108942985534668e-01
4.504150152206420898e-01
2.409369498491287231e-01
2.575471997261047363e-01
3.040934205055236816e-01
3.006768822669982910e-01
2.272797375917434692e-01
3.760162591934204102e-01
1.782586425542831421e-01
3.812857866287231445e-01
2.958560883998870850e-01
4.283329248428344727e-01
2.501917183399200439e-01
3.819132149219512939e-01
4.035639166831970215e-01
6.968262195587158203e-01
6.629028916358947754e-01
2.966697216033935547e-01
2.299262285232543945e-01
3.803654909133911133e-01
2.796183824539184570e-01
3.439641296863555908e-01
5.317294597625732422e-01
2.769352197647094727e-01
4.662202894687652588e-01
3.290597796440124512e-01
4.408704638481140137e-01
4.315030872821807861e-01
3.275870978832244873e-01
4.917699098587036133e-01
3.940097987651824951e-01
4.819071888923645020e-01
2.776883840560913086e-01
2.872654795646667480e-01
2.973986268043518066e-01
2.923443317413330078e-01
3.003515601158142090e-01
2.462454140186309814e-01
1.049238443374633789e+00
2.965813875198364258e-01
1.030335664749145508e+00
3.326728940010070801e-01
3.544086217880249023e-01
3.144679069519042969e-01
2.736962735652923584e-01
2.419508546590805054e-01
2.829222679138183594e-01
1.037775754928588867e+00
4.332294762134552002e-01
1.051888227462768555e+00
4.035569727420806885e-01
1.753077208995819092e-01
8.396682739257812500e-01
2.495135962963104248e-01
2.756180167198181152e-01
3.212682604789733887e-01
2.971059381961822510e-01
4.076054692268371582e-01
4.035890996456146240e-01
3.840734064579010010e-01
2.111090272665023804e-01
2.941133081912994385e-01
4.323890209197998047e-01
4.771037697792053223e-01
4.339703917503356934e-01
2.503567337989807129e-01
2.631896734237670898e-01
2.844901680946350098e-01
4.813118875026702881e-01
5.144898891448974609e-01
4.877118766307830811e-01
5.773340463638305664e-01
6.881886720657348633e-01
2.966157495975494385e-01
2.893710434436798096e-01
2.522797882556915283e-01
3.443203866481781006e-01
3.125614523887634277e-01
1.094681262969970703e+00
1.076266527175903320e+00
2.665100693702697754e-01
2.695637941360473633e-01
2.596573829650878906e-01
2.858362793922424316e-01
2.443841248750686646e-01
2.515697181224822998e-01
1.322659373283386230e+00
2.698922753334045410e-01
4.358443021774291992e-01
3.018192052841186523e-01
3.785367906093597412e-01
2.379535436630249023e-01
2.701188921928405762e-01
2.561924159526824951e-01
3.561495542526245117e-01
3.755660653114318848e-01
4.702616930007934570e-01
3.103171288967132568e-01
2.469753772020339966e-01
4.985644817352294922e-01
4.975278377532958984e-01
2.518109381198883057e-01
