2.467143535614013672e-01
2.521761357784271240e-01
3.582614660263061523e-01
3.750807642936706543e-01
1.730832457542419434e-01
2.315287739038467407e-01
2.565371990203857422e-01
2.787314057350158691e-01
3.274191617965698242e-01
3.063154220581054688e-01
2.492567300796508789e-01
2.452466785907745361e-01
2.904412746429443359e-01
3.007889389991760254e-01
2.904527187347412109e-01
2.154697775840759277e-01
2.650335133075714111e-01
4.164677262306213379e-01
3.628936111927032471e-01
2.548032701015472412e-01
2.871826291084289551e-01
1.027488112449645996e+00
2.468300759792327881e-01
2.459941506385803223e-01
7.270482778549194336e-01
3.056273162364959717e-01
2.492743581533432007e-01
3.229122459888458252e-01
2.412775754928588867e-01
2.493866235017776489e-01
8.150596022605895996e-01
7.923699617385864258e-01
2.328975647687911987e-01
2.868936061859130859e-01
3.004187047481536865e-01
3.615170419216156006e-01
2.514479160308837891e-01
2.840603888034820557e-01
4.206373095512390137e-01
2.912597656250000000e-01
3.539342880249023438e-01
4.926379323005676270e-01
2.121448069810867310e-01
2.216085195541381836e-01
2.951994538307189941e-01
4.665051996707916260e-01
5.985092520713806152e-01
3.364856839179992676e-01
5.131463408470153809e-01
2.989971637725830078e-01
2.746580541133880615e-01
2.845070660114288330e-01
3.460010886192321777e-01
2.962688207626342773e-01
2.269090712070465088e-01
2.412399351596832275e-01
3.478288054466247559e-01
2.469337582588195801e-01
3.045034408569335938e-01
3.198904693126678467e-01
2.593926787376403809e-01
2.994516491889953613e-01
2.103076875209808350e-01
3.200918734073638916e-01
2.749784588813781738e-01
4.530270099639892578e-01
4.806285500526428223e-01
2.415655851364135742e-01
3.758339881896972656e-01
3.323717415332794189e-01
2.957791686058044434e-01
2.903245687484741211e-01
7.269414067268371582e-01
2.535190880298614502e-01
3.417676687240600586e-01
2.900393903255462646e-01
2.316305637359619141e-01
2.543336749076843262e-01
2.473575174808502197e-01
4.555029273033142090e-01
3.849313557147979736e-01
2.927043139934539795e-01
3.538192510604858398e-01
3.363144397735595703e-01
3.664799332618713379e-01
2.962633073329925537e-01
2.925097644329071045e-01
4.390570521354675293e-01
2.588817775249481201e-01
2.865242362022399902e-01
2.542752623558044434e-01
2.388134598731994629e-01
6.803311109542846680e-01
2.481357902288436890e-01
2.902948856353759766e-01
3.119808435440063477e-01
2.949555218219757080e-01
2.311067283153533936e-01
2.963949143886566162e-01
3.771433532238006592e-01
2.742008566856384277e-01
3.967245221138000488e-01
4.222779870033264160e-01
3.967245221138000488e-01
4.222779870033264160e-01
2.553844749927520752e-01
2.432817220687866211e-01
3.762514591217041016e-01
4.008130133152008057e-01
2.901999354362487793e-01
2.300592362880706787e-01
3.275957703590393066e-01
1.746949553489685059e-01
3.702502250671386719e-01
2.643015384674072266e-01
2.745549082756042480e-01
2.536735236644744873e-01
3.679539859294891357e-01
3.430435657501220703e-01
4.467827379703521729e-01
4.887518286705017090e-01
2.979820966720581055e-01
2.278182208538055420e-01
3.787941336631774902e-01
3.140764832496643066e-01
4.963319897651672363e-01
5.445233583450317383e-01
3.362621665000915527e-01
4.416158199310302734e-01
3.480456769466400146e-01
3.541307449340820312e-01
4.521508216857910156e-01
3.731918036937713623e-01
4.777358472347259521e-01
4.919510185718536377e-01
4.143880009651184082e-01
2.518898248672485352e-01
2.979915142059326172e-01
3.022876381874084473e-01
2.564100921154022217e-01
2.950174510478973389e-01
2.140681892633438110e-01
5.261564254760742188e-01
2.683248519897460938e-01
4.471498429775238037e-01
2.727038264274597168e-01
3.183601498603820801e-01
3.060216307640075684e-01
2.630921602249145508e-01
2.575579881668090820e-01
2.757053971290588379e-01
2.782281637191772461e-01
4.410710930824279785e-01
3.807971179485321045e-01
4.320220947265625000e-01
1.743605732917785645e-01
3.760432302951812744e-01
2.450743615627288818e-01
3.528198003768920898e-01
2.780410647392272949e-01
2.887406349182128906e-01
3.805114030838012695e-01
3.952448070049285889e-01
4.125063717365264893e-01
2.304508239030838013e-01
2.622467577457427979e-01
4.887084364891052246e-01
4.181985557079315186e-01
4.646679759025573730e-01
2.847884893417358398e-01
2.513376772403717041e-01
2.516989409923553467e-01
4.705340266227722168e-01
4.295805394649505615e-01
4.815308451652526855e-01
2.773976325988769531e-01
2.949578166007995605e-01
2.323496937751770020e-01
2.949538230895996094e-01
3.201230764389038086e-01
2.691177427768707275e-01
3.656133115291595459e-01
4.605323672294616699e-01
3.050003945827484131e-01
3.765651583671569824e-01
2.818367779254913330e-01
2.542584538459777832e-01
2.894109785556793213e-01
2.517715692520141602e-01
2.506568133831024170e-01
1.153869152069091797e+00
4.213098287582397461e-01
4.278397262096405029e-01
2.916985750198364258e-01
3.671308159828186035e-01
2.463784366846084595e-01
3.777405023574829102e-01
2.424467653036117554e-01
3.699787855148315430e-01
3.233458399772644043e-01
3.085645437240600586e-01
4.188252687454223633e-01
2.468168139457702637e-01
4.978796839714050293e-01
4.984847307205200195e-01
2.471047937870025635e-01
