2.481046183410380301e-01
2.507047211079238003e-01
2.234483278717331323e-01
4.245993655582216419e-01
1.761588850275526141e-01
4.112937161051147261e-01
3.679388500970811049e-01
2.608485909576222506e-01
2.516674761129670257e-01
3.043175043448571038e-01
2.478551439050392102e-01
3.014671655756706037e-01
2.473599993758519577e-01
4.028074041043498421e-01
2.945259429918419825e-01
2.224794588630226444e-01
3.445262529477839952e-01
2.789255257603653337e-01
3.187035736908986339e-01
2.547285519360057982e-01
2.875493277784624269e-01
6.694678217963029310e-01
2.475940545764541700e-01
2.452716991971100047e-01
6.442920492551830192e-01
2.776201180032325522e-01
2.529026715113733559e-01
3.089374175541745871e-01
2.461461958314076215e-01
2.346354000730022094e-01
4.233334453116051055e-01
4.415836160106329511e-01
2.551666410747268632e-01
2.814794930220583802e-01
2.693225370493752546e-01
3.006844407489426829e-01
2.562015756766742314e-01
2.896736690031960770e-01
3.327867355612317835e-01
2.704149234418934955e-01
3.623657829895075566e-01
4.759793268658027987e-01
2.175289101522882018e-01
2.247543582880512925e-01
2.811723330398803178e-01
3.971525027714051803e-01
4.188768833705106553e-01
3.168913521816547618e-01
4.812229257168802454e-01
2.743960295529025983e-01
2.609730759564042879e-01
2.624722766292187370e-01
2.879454635484025582e-01
2.949593772641235234e-01
2.283764847669455533e-01
2.654034196124850364e-01
3.043823359723195066e-01
2.486756822012252677e-01
2.629364931639496805e-01
3.122908140878918326e-01
2.837828255370323238e-01
2.965654792582237964e-01
2.160314336494576215e-01
3.003213470558609988e-01
2.890830638020995269e-01
2.846488313941171189e-01
3.421642941664543303e-01
2.471285862164160074e-01
3.147855877491645971e-01
2.749686283823106758e-01
2.940480444602535104e-01
2.169111374694470684e-01
6.764842681626398457e-01
2.302460665659953332e-01
3.397251665173553481e-01
2.841809652587334312e-01
2.244478389187305745e-01
2.439555334265236519e-01
2.418440555788453905e-01
3.927046947142979749e-01
4.397620315554044979e-01
2.941337888331384542e-01
3.374881804605001645e-01
3.372404083835095490e-01
3.154423639030273230e-01
2.855912189779066246e-01
2.961255810419582968e-01
3.394102654869707858e-01
2.562665687791245706e-01
2.856978005265424225e-01
2.470579840135825045e-01
2.464144915021654336e-01
4.315127915456942187e-01
2.677675115798726080e-01
2.513829180112100992e-01
2.995659633317220849e-01
2.908069967882148665e-01
2.202411894634323797e-01
2.562816525302193393e-01
2.951016820445634958e-01
2.964549532014013056e-01
3.045300187460677765e-01
2.725513730214615404e-01
3.045300187460677765e-01
2.725513730214615404e-01
2.139702303514737503e-01
2.445684053551366310e-01
2.827159349492979756e-01
3.248598885954353532e-01
2.953990875608671351e-01
2.224951810728695856e-01
3.380449919231017786e-01
1.745253420471268302e-01
3.432907995650692490e-01
2.631708518111945394e-01
2.895083679175244340e-01
2.456670327278792643e-01
3.453123393453003676e-01
2.712433388295677483e-01
4.802931310322975378e-01
5.393995970957476960e-01
2.955983032278595157e-01
2.213685056291215814e-01
3.425998195255918199e-01
3.042794088407779762e-01
5.157345520813235717e-01
3.357210182596920278e-01
2.771752679639484240e-01
2.811535596279411409e-01
3.283699895066843344e-01
3.034902658315559720e-01
3.014965155941761732e-01
3.035611066696864424e-01
4.547074179606724886e-01
4.286618100556051081e-01
4.528915750108867821e-01
2.500643164265436980e-01
2.799072151652726714e-01
2.957249556004044599e-01
2.586701576905452438e-01
2.944766431644271210e-01
2.162168190670926693e-01
4.020064122112337324e-01
2.659843203280317092e-01
4.158994957939132209e-01
2.605702964255446896e-01
2.660367471039203902e-01
2.788277600802448464e-01
2.694329346995582575e-01
2.606325127951857890e-01
2.570364777025027081e-01
3.303096834288418715e-01
3.203320419492096671e-01
2.840877436618911012e-01
3.435991047007830312e-01
1.740104985980897301e-01
4.326767951574064797e-01
2.491816835668662078e-01
2.742220061205777326e-01
2.946288269881335298e-01
2.712714943988360772e-01
3.650578584596160803e-01
3.610102902948780779e-01
3.686037378896949712e-01
2.226267555795603537e-01
2.581258274647718620e-01
4.310242578411290770e-01
4.092789460792895517e-01
4.019491003275662000e-01
2.540964974662068832e-01
2.570698187625463649e-01
2.530817527370154418e-01
3.905028548212012840e-01
3.809318610452155363e-01
3.779241444158820129e-01
2.320258010806551807e-01
4.853137084275236379e-01
2.448657824975753738e-01
2.927758765464831825e-01
2.193484713837781930e-01
3.405791259433520457e-01
2.446899928890083065e-01
6.984337119352145296e-01
8.294849445597352045e-01
2.739524150421767112e-01
3.497985676091884266e-01
2.550732827869401920e-01
2.881756028734889230e-01
2.465231713735132613e-01
2.462424968833448469e-01
8.487554521307216771e-01
2.570116545971423139e-01
3.151056141162952295e-01
2.913795694769591438e-01
2.770880157473025185e-01
2.968981371159493676e-01
3.250589828369328527e-01
2.998921424511395428e-01
2.478480795834705208e-01
2.730542463828199984e-01
3.436634823469653099e-01
3.864616304869732955e-01
2.478537943047222358e-01
4.967540205659118913e-01
4.961404830851621761e-01
2.467114344454441888e-01
