2.603859969367162686e-01
2.583487407393139645e-01
2.254837981320405305e-01
4.183525992479745770e-01
1.750941650008806805e-01
3.334686582124709031e-01
3.533626643796368150e-01
2.547064178685523039e-01
2.576730932470649993e-01
3.025309978822599555e-01
2.477165845825901880e-01
2.795085990531184783e-01
2.465914961506548986e-01
3.212730296715549105e-01
2.975877184240131035e-01
2.163114381984415358e-01
3.322134456566885330e-01
2.678537800173366179e-01
2.661848049607129507e-01
2.552861941293836368e-01
2.884676715227518784e-01
7.307821115920136723e-01
2.477178673806440246e-01
2.460312781907423307e-01
7.784551627284034270e-01
2.950570186391974770e-01
2.532068224209154117e-01
3.169694337271170004e-01
2.357606870541265054e-01
2.343003909246989258e-01
4.656121457538621722e-01
5.008066774568979973e-01
2.437492472487921558e-01
2.910197141789092057e-01
2.922910494306296680e-01
3.376476859477003378e-01
2.506675387757206774e-01
2.841606064138643140e-01
3.820636173783580336e-01
2.966309518120461841e-01
3.478065996147884364e-01
5.016894542976293447e-01
2.178006648145454360e-01
2.164168116463872360e-01
2.588990506433736516e-01
5.667820286645505190e-01
4.582302798476300398e-01
2.873569129442468673e-01
4.997977904113714009e-01
2.544714338954966459e-01
2.934014216926617569e-01
2.876419518293371613e-01
2.528006383344044705e-01
2.957491372119953610e-01
2.245706105480937964e-01
2.905602082840979539e-01
2.749901468537730431e-01
2.522639723460708416e-01
2.850055199786029614e-01
2.891269491326193819e-01
2.556656544657348040e-01
2.951474413860394885e-01
2.171534049230816610e-01
2.662418739134994050e-01
2.640672786300002350e-01
4.260155447580883381e-01
3.342097654811007623e-01
2.473446476544886585e-01
3.692344938752658012e-01
3.337630630757312811e-01
2.961938629700568426e-01
2.308723038451092335e-01
6.733716942594560884e-01
2.400300160873976851e-01
3.073525805011689815e-01
2.624782519965950245e-01
2.384063469483712061e-01
2.390792303685424502e-01
2.555732460729364663e-01
2.923098118654883226e-01
4.629214281179213075e-01
2.903263106686460593e-01
3.463279588560069788e-01
3.105715640876259842e-01
2.941659352588392728e-01
2.867383053265987747e-01
2.715322337135350761e-01
2.754345820762823527e-01
2.556280648884890483e-01
2.854644307176046891e-01
2.493519795610319723e-01
2.459998401146983038e-01
3.914706798223280271e-01
2.680832630966075714e-01
2.538794897995966249e-01
2.917913081963956490e-01
2.933165525457400724e-01
2.398787426977189996e-01
2.673162646472229120e-01
2.676800646796119176e-01
3.178088635539416118e-01
2.443303963916005073e-01
2.979574188091332898e-01
2.443303963916005073e-01
2.979574188091332898e-01
2.326680561323807295e-01
2.485850620067571459e-01
2.602988095422172909e-01
2.985962266245310581e-01
2.956467309067326577e-01
2.206987462052303894e-01
3.489147231824797912e-01
1.754817996964861404e-01
3.786741948470755958e-01
2.756411271783629768e-01
3.175543093911927239e-01
2.475336350571295529e-01
3.576722623713667337e-01
2.962997007174973385e-01
5.745307555421320655e-01
5.980645727025162284e-01
2.958635578394160359e-01
2.358129764069428758e-01
3.465043942497058604e-01
2.566789594477753567e-01
5.023124077751042194e-01
4.122966403977793570e-01
2.678893895791512048e-01
2.848591838510495244e-01
2.965248223269525418e-01
3.243898352720177569e-01
2.968633843742595202e-01
3.277642083212805590e-01
4.365051047478792356e-01
4.400180055840262061e-01
4.174652035902861047e-01
2.982766724956469329e-01
2.487928077900770363e-01
2.577391671987597777e-01
2.791491718157125268e-01
2.983139249370614920e-01
2.095546622551129889e-01
5.833497023448417362e-01
2.555620828497936481e-01
4.791879190192990801e-01
3.595414532921164530e-01
2.884837226478191297e-01
2.678726193105616105e-01
2.597928639848444687e-01
2.471460372940231520e-01
2.826218230325720504e-01
5.560512700586019985e-01
3.417640180400101646e-01
7.021813629745390362e-01
3.072151842495127183e-01
1.739710383940931970e-01
3.101925774078019282e-01
2.531765308593991182e-01
2.805866299114341822e-01
2.784116952189031879e-01
2.797821318574864602e-01
3.685299184017040708e-01
3.662627444208113037e-01
3.596366444385312167e-01
2.400140828152299011e-01
2.268306043318414345e-01
4.045544429465866565e-01
3.929226276286253428e-01
3.794800051934484331e-01
2.536788305220959439e-01
2.579132494881739013e-01
2.541906634909932849e-01
3.388382593045730085e-01
3.457869810511218778e-01
3.395126345240964127e-01
2.405240216249371066e-01
3.099921509550663257e-01
2.395288445565076640e-01
2.875643216005936975e-01
2.171016647990816617e-01
3.528565145014834203e-01
2.524158543023224399e-01
7.269763725689500911e-01
5.241971467300839960e-01
2.697865799101004658e-01
3.483920515004151897e-01
2.552889637172728876e-01
2.858579121880576168e-01
2.460914718585734129e-01
2.474512755543363807e-01
6.791387624387772437e-01
2.648398179421505017e-01
2.579473476653585950e-01
2.887492812444055756e-01
3.069108852344537564e-01
2.983741807565142845e-01
3.333247963206729114e-01
2.582743784244706520e-01
2.691881415562384361e-01
2.774181967194047638e-01
4.131209989867644095e-01
4.980315214627586418e-01
2.468659618440214587e-01
4.965187180816021395e-01
4.959841565335617042e-01
2.475553380096586487e-01
