2.441098064851369154e-01
2.540080776720979316e-01
2.217677432454230879e-01
3.966325330687635597e-01
1.758445786901018104e-01
4.352478082848711960e-01
2.532466849530033981e-01
2.310293190480010306e-01
2.961573925287315223e-01
3.036388148788654595e-01
2.452536404461336250e-01
2.500526367228613767e-01
3.048006364189865813e-01
4.040642276410253420e-01
2.762454631888462409e-01
3.550808490729492339e-01
3.200050230225301440e-01
2.743438116285739081e-01
2.390112452913084051e-01
2.552232318741950445e-01
2.836820788552119610e-01
1.397770632106104971e+00
2.493177716239393382e-01
2.451727939958825431e-01
6.062315503133458572e-01
2.559707956423398767e-01
2.786179544776420935e-01
2.410849721974933912e-01
3.473916358330287890e-01
3.114416138987116667e-01
6.998052424930069071e-01
7.012184397850480533e-01
3.629438697887281684e-01
2.867791713267550113e-01
2.347064561593053544e-01
2.805855685560701973e-01
2.609412156550556805e-01
2.320803202531808995e-01
3.838128133959094468e-01
3.028067606517818033e-01
3.348585557505299182e-01
5.421359683834464649e-01
2.129805096336450654e-01
2.276473177613341781e-01
2.605296861381995455e-01
1.372909340650363408e+00
1.433078027148344313e+00
3.227765003946022615e-01
5.198125922091026974e-01
2.642659556605160276e-01
2.639145533057747905e-01
2.717504714291475998e-01
2.749534055372732655e-01
2.980962651991132528e-01
2.254627770797239250e-01
2.786572629247678901e-01
3.170385640663238025e-01
2.435024866993683312e-01
2.526432187532096640e-01
3.488773854038624833e-01
3.046397496040482711e-01
2.945866435384542625e-01
2.259784631776126651e-01
3.471600336654902530e-01
3.061773517071483264e-01
2.694940207389142639e-01
3.454483116405748233e-01
2.481103227387279897e-01
3.298769706955757552e-01
2.510722918883692700e-01
2.905850855605881522e-01
2.287604043774754681e-01
6.275134501731058911e-01
2.899770151441599664e-01
2.219122186187197643e-01
2.688192505292696377e-01
2.639546923621778896e-01
2.378583076074033409e-01
2.405123243839635272e-01
4.493133552859155944e-01
4.321998764900104040e-01
2.957853561534514730e-01
3.494851115462248026e-01
3.943793795821560200e-01
3.704503065324332711e-01
2.759291431534104388e-01
3.348440100182357160e-01
4.735548486383256428e-01
2.554335433862814919e-01
2.836392788390232345e-01
2.470874700079172259e-01
2.468550314065407481e-01
6.920985547526604664e-01
2.675953860533960005e-01
2.661214645610830987e-01
2.726639192482573359e-01
2.974998798929102128e-01
3.541023597961932001e-01
2.743078990922175331e-01
2.531516219958409586e-01
3.099724052517578987e-01
2.483938992482463137e-01
3.513266314068585472e-01
2.483938992482463137e-01
3.513266314068585472e-01
2.234229480177631066e-01
2.453283993769107552e-01
3.108565301114564750e-01
3.416542128689136204e-01
2.932155644320383336e-01
2.470350457643707975e-01
2.829372149587590646e-01
1.741776443093400184e-01
3.688579793201075541e-01
2.566775894819483539e-01
2.348632184096017539e-01
2.561450192726028585e-01
3.312349644692639816e-01
2.723801213507447971e-01
4.293125917511140255e-01
5.317107071613877967e-01
2.956625351508930799e-01
2.229387975859216942e-01
2.976772191015276126e-01
2.892485420162639320e-01
4.289454719545465200e-01
4.734454978092101363e-01
2.867722547650356502e-01
3.067578914869826812e-01
3.178764441838590749e-01
3.241272135797237386e-01
3.130754968881567235e-01
3.077398112897232196e-01
3.458056859345328138e-01
3.399367167859125294e-01
3.491958392318573745e-01
2.776031829780649107e-01
2.638699141699557549e-01
2.826148670643354732e-01
2.988324907802266672e-01
2.981593911190308921e-01
2.180542288963342457e-01
1.280356142281649845e+00
2.809480385403649305e-01
1.257265316636966945e+00
3.225297394640955773e-01
2.920516853025313941e-01
2.880016249486285762e-01
2.627565970136388485e-01
2.736481315575307605e-01
2.547125169283862567e-01
1.132562358578644179e+00
3.892604523993088428e-01
1.190868525675728096e+00
3.607509932527426799e-01
1.734829277406932657e-01
6.692049654044763818e-01
2.841556088460017726e-01
2.940908444971209734e-01
2.857979449238119973e-01
2.762681807526141675e-01
3.010650563283024939e-01
2.826032473851695648e-01
3.293221340536394703e-01
2.158401615938131402e-01
3.339872861082187616e-01
3.047105117011844055e-01
3.035406653612943706e-01
3.056807579023150256e-01
2.618805699275926768e-01
2.618208125223929761e-01
2.459755514079350613e-01
4.737322131955468696e-01
4.611052402803569317e-01
4.710443955476705802e-01
1.199300636025286693e+00
1.133974975227144855e+00
2.450355680730499919e-01
2.965977461673007243e-01
2.235779944833145294e-01
3.797681326778962752e-01
2.613679403544477142e-01
1.077269772623024924e+00
9.284460473145136339e-01
2.664823174886967183e-01
3.751660636246755831e-01
2.563759918118588832e-01
2.860232972266794627e-01
2.481806167215678816e-01
2.466137713596349423e-01
1.253266919561275339e+00
3.928451239151852792e-01
2.869671305411192752e-01
2.942434427801348118e-01
3.644640929351456449e-01
2.430550027587490558e-01
3.002056325391756486e-01
2.455180160487625829e-01
3.669468997637715391e-01
2.720575250794338706e-01
4.655418074858789224e-01
4.225734735035682754e-01
2.468735064833537107e-01
4.961673563924716146e-01
4.971915239209409587e-01
2.465517258682287938e-01
