2.601425578905585678e-01
2.638547716126815601e-01
2.313934508601130646e-01
3.639579733666211125e-01
1.748649811481879368e-01
2.947552133549753428e-01
2.643161037539200620e-01
2.805810633303782997e-01
2.660979835729536114e-01
3.013121584362650207e-01
2.510211861372801945e-01
2.611591419863059094e-01
2.693594274970236846e-01
2.385529317428382590e-01
2.952132769030822446e-01
2.387822887236638880e-01
3.545289422367433607e-01
2.941312617610241653e-01
2.536399790669757737e-01
2.547555442725595309e-01
2.872334124959058932e-01
2.692749940897046224e-01
2.466820034883939472e-01
2.460622879458249646e-01
7.495230184092406267e-01
2.749156253821214424e-01
2.650211137735704048e-01
2.849399695682539035e-01
3.545784545809415600e-01
2.802596305672638843e-01
7.482613558563988576e-01
6.711601026705398265e-01
3.103415154466691028e-01
2.763676799904118964e-01
2.459410245039924392e-01
2.993241098055696714e-01
2.520686972759321742e-01
2.520249602070829265e-01
2.956959851046798704e-01
2.965108117876726901e-01
3.515093384129991394e-01
5.506629002088129221e-01
2.190171152914081321e-01
2.207466292802641172e-01
2.709577636348516894e-01
5.971021906043876282e-01
5.248471306789090907e-01
3.842235589505841320e-01
5.182207314389166708e-01
2.709061870370828018e-01
2.598627923645676074e-01
2.559295542879214125e-01
2.803052580386954928e-01
2.999126595876692170e-01
2.250774401422736826e-01
2.635674199496269021e-01
3.006517926220593773e-01
2.488504237152551757e-01
2.698895435018328071e-01
3.086099943653965449e-01
2.687159299089568187e-01
2.979404100606574124e-01
2.139677986905601792e-01
2.904391724450769985e-01
2.768840974637421515e-01
2.923335928643516213e-01
3.692521453147437627e-01
2.606232346272873146e-01
3.317421212135632236e-01
3.249387850016356438e-01
2.967376228241621061e-01
2.226851315038197721e-01
8.218199949106936852e-01
2.275817008284225784e-01
3.329853618607815924e-01
2.844093502945616581e-01
2.250657723998188975e-01
2.356206600251778138e-01
2.437889344280476656e-01
4.353972574773865012e-01
4.393711970515179477e-01
2.953222236065690676e-01
3.484104912770863982e-01
3.718927105326045868e-01
2.682204774807125380e-01
3.284997507106927062e-01
2.695133391156662728e-01
2.707995438967202295e-01
2.553477923055562648e-01
2.918485977487519367e-01
2.444600267504304925e-01
2.443268691842540308e-01
3.358132880688579069e-01
2.576496970885786553e-01
2.726218926810423104e-01
2.642298615687181940e-01
2.890148838719702740e-01
2.236170256306410919e-01
2.417889284331440902e-01
3.244207153750525152e-01
2.656747987956846191e-01
2.947886974243789093e-01
2.796292626401546966e-01
2.947886974243789093e-01
2.796292626401546966e-01
2.232931478122296420e-01
2.461699387028784269e-01
2.784587130939573663e-01
2.828481251041180533e-01
2.959152017230480824e-01
2.244641416519907173e-01
3.349901199993479128e-01
1.747154552671924266e-01
3.873480965512771657e-01
2.842120240209256576e-01
2.884059848736319487e-01
2.414903798418705227e-01
3.182907113425542667e-01
2.780179146991778594e-01
5.293639449687682630e-01
5.290775685596647016e-01
2.944445738369977916e-01
2.172153746294536447e-01
3.357017171298739000e-01
3.618196612188424588e-01
5.221302244094868650e-01
3.327593185299106970e-01
3.043988192187409569e-01
3.603726291412504001e-01
3.412888880292332394e-01
3.032086235435605959e-01
3.387039697963072360e-01
2.592151454359188367e-01
4.454091102308585515e-01
5.181703685074879884e-01
4.961853829840315866e-01
2.563995146616490084e-01
2.819851877609880764e-01
3.018411999892841036e-01
2.654699089469149675e-01
2.951107337560137100e-01
2.087680942340768842e-01
5.085901522791507201e-01
2.509390858922110890e-01
5.170510518474342732e-01
2.629692796959587908e-01
2.863814296259584724e-01
2.822038097983788907e-01
2.659065748260091566e-01
2.411138597999012978e-01
2.821928839946563072e-01
7.987380079339012617e-01
2.951167848154658824e-01
7.657577298290012546e-01
3.850259688931846336e-01
1.744131354714129334e-01
8.409649846846237731e-01
2.606784926848158546e-01
2.675113779859756291e-01
2.853735452763571101e-01
3.145984212976655203e-01
3.015018561092382976e-01
3.440042436501274947e-01
3.235594698603930230e-01
3.416402801483926499e-01
3.005545024441917401e-01
4.491479719746361843e-01
4.850879333697458717e-01
4.229634254840404228e-01
2.642870471703031576e-01
2.521391009973767416e-01
2.522849138728210372e-01
4.069809478542718573e-01
3.681359983742719111e-01
3.535998993080041175e-01
7.244946349700603916e-01
9.067710374634220249e-01
3.023929967449462408e-01
2.912457559695648124e-01
2.567832983995388396e-01
3.480454016841598719e-01
3.161740360609042733e-01
8.128328113137760491e-01
7.593120376226887291e-01
2.585726676212892206e-01
2.936939064011162004e-01
2.550463130076978668e-01
2.858364884073993917e-01
2.496961421211413013e-01
2.446663007943365165e-01
8.954875636178594167e-01
2.994115394659072615e-01
2.613200801461013079e-01
2.847190696897757833e-01
2.463538186213203585e-01
2.833900213858107642e-01
2.500691856414885006e-01
3.136742702719469422e-01
2.718435635511503023e-01
3.573483077152307952e-01
2.835573852365934622e-01
3.501492451669713790e-01
2.468340319118951798e-01
4.967976426153148939e-01
4.950826153956019993e-01
2.487127044851123736e-01
