2.540171952449975512e-01
2.531069829419010930e-01
2.261663348825221631e-01
3.906031134999492505e-01
1.748944103229202740e-01
3.807426793158489864e-01
3.303750489672548918e-01
2.665659409349535047e-01
2.492901108488292106e-01
3.036795097173085045e-01
2.475189283502071957e-01
2.915158029835098197e-01
2.516052018052065131e-01
4.425978133504963052e-01
2.923123506626663648e-01
2.305258009942020569e-01
3.755179430775131277e-01
2.665193785764196077e-01
3.393679557502913835e-01
2.560755662798088195e-01
2.866662416290695625e-01
4.378530828530641794e-01
2.476522711984000258e-01
2.464335082578789082e-01
6.686560502057270483e-01
2.413921951082390882e-01
3.550165070637635867e-01
3.783845077810572555e-01
2.455960737525682003e-01
3.527141129618088788e-01
7.480008433079650132e-01
6.883539087613173013e-01
3.450096522839534718e-01
2.668696959005772973e-01
2.378154725248915469e-01
2.767448495551724785e-01
2.526495318940368828e-01
3.724666793516570040e-01
2.482785810125923698e-01
2.449253593566315113e-01
2.750257969492849175e-01
4.797523082486947477e-01
2.258161227810899507e-01
2.209170542491733780e-01
3.238853174425713743e-01
4.605757534594290825e-01
5.731405828064922714e-01
4.796176520788889563e-01
2.766945923156617915e-01
2.863347145931276483e-01
2.567014743399086973e-01
2.561507820559042470e-01
2.885584835133210846e-01
2.974990730606578704e-01
2.207935383566058674e-01
2.740737435271083933e-01
3.411227630151949519e-01
2.927926515046400668e-01
2.481191395852009596e-01
2.503962958257734406e-01
2.870921242438165821e-01
2.932645769012038328e-01
2.253098195577681595e-01
2.437073255656452553e-01
3.340336618952575720e-01
3.601403972763460026e-01
2.554987514864448528e-01
2.456622318592749654e-01
3.668041251955451720e-01
3.049157601522309857e-01
2.936680918119377037e-01
2.353955498955341008e-01
7.216595054232585182e-01
2.297579901452987405e-01
3.102375978468994155e-01
2.878335491255327172e-01
2.185528479583872252e-01
2.339523945016744322e-01
2.482036814205524078e-01
4.368974175449518715e-01
4.438807961039999417e-01
2.814294726940427260e-01
3.501876062275337542e-01
3.594261353097946698e-01
2.781054980362759332e-01
4.006243720439333633e-01
2.417994220120412430e-01
2.265731530722573661e-01
2.535826057856404581e-01
2.864013991242939650e-01
2.488372843168651372e-01
2.468006117700801694e-01
5.160757623947869188e-01
2.568019880134372324e-01
2.861966896788686876e-01
2.582821627149609611e-01
2.919861988980011480e-01
3.574970402467386732e-01
3.184391149056238213e-01
2.900997182056496149e-01
3.109944421387460523e-01
2.272471167698523753e-01
4.300299697190122505e-01
2.272471167698523753e-01
4.300299697190122505e-01
2.742148434072179120e-01
2.440519877181268338e-01
3.516304770280775371e-01
3.661086339820718294e-01
2.912667806336399767e-01
2.280564757621778293e-01
3.419305649190612084e-01
1.747232624898959474e-01
3.724848483054913895e-01
2.622246910179852342e-01
2.770217377803288472e-01
2.704353918670545642e-01
3.236264317866407447e-01
3.576281903607277934e-01
4.169436045477940556e-01
5.398973145444063704e-01
2.982696200412724985e-01
2.191365909810177315e-01
2.777099452332766338e-01
3.010104992653693801e-01
4.347514480650028768e-01
4.533898926910784888e-01
2.769455044294910628e-01
3.986063497929907551e-01
3.117756057033190253e-01
4.263182059277534353e-01
3.719335830565428935e-01
4.020388641400616803e-01
3.594141286521317369e-01
3.598105912858928224e-01
3.674322033886078809e-01
2.584909281410870396e-01
2.761881100158317670e-01
2.787774136637977684e-01
2.622610958928607849e-01
2.946845027937609607e-01
2.149849615877805487e-01
4.676802152971313853e-01
2.605026498593396855e-01
3.906887077509371142e-01
2.710017089281804847e-01
3.377343946396002550e-01
2.909556081129652250e-01
2.681289107563264995e-01
2.384681617871644843e-01
2.589057382002095675e-01
3.434026255890894053e-01
4.120124645780989803e-01
2.658207694498285201e-01
3.219525578919595343e-01
1.735874585366112277e-01
8.238413175865642035e-01
2.651795088919430832e-01
3.302316924261108344e-01
2.885520814861998740e-01
2.836433086333386422e-01
2.904708880706250995e-01
2.930929585899266776e-01
2.977964566031464089e-01
2.177351054770868821e-01
3.420165422781000775e-01
3.676803143367947113e-01
3.362099770543230948e-01
3.483085648209370278e-01
2.577800609355396788e-01
2.533116472449977730e-01
2.574765651777262132e-01
3.317699376928735511e-01
3.551083635008656092e-01
3.571613153195239976e-01
2.506303399077395300e-01
5.680728529690213247e-01
2.409287269291123246e-01
2.928718974572985245e-01
2.368701595329559817e-01
2.635813663999735379e-01
2.456447359348400139e-01
6.221724814635607448e-01
6.050421874411865408e-01
3.372510902736573501e-01
3.603201514582911602e-01
2.543570421771487178e-01
2.861540032672442169e-01
2.476338482917066486e-01
2.457007230063148195e-01
8.828255349852933698e-01
3.069432027528296025e-01
2.621756103152171891e-01
2.916783618323078309e-01
3.018153860283427359e-01
2.748715863304050377e-01
3.269864568167082930e-01
2.507384185265086884e-01
2.798492356272614390e-01
2.810813912211064247e-01
4.601250602359799324e-01
4.643298503032093905e-01
2.471544774810833789e-01
4.960954316253271545e-01
4.966906887131599113e-01
2.482945505162749422e-01
