2.497966257139389024e-01
2.603129271821907897e-01
2.263084317099459675e-01
3.727362540366064292e-01
1.747695175361800024e-01
3.694322555326405855e-01
3.306197181584439315e-01
2.821422732549803691e-01
2.535407873012019420e-01
3.036354000164879774e-01
2.447246662057147026e-01
2.842281888123827649e-01
2.491738394300143933e-01
3.043122544009557728e-01
2.977679730066427055e-01
2.256767401545642371e-01
2.695485941899999349e-01
3.612255809975915000e-01
3.586135904194124868e-01
2.559004591763187064e-01
2.861931478746507773e-01
7.622261112843862207e-01
2.488251702096341555e-01
2.470392583962761068e-01
7.194076453846889319e-01
2.462914918958299393e-01
3.474094703551862673e-01
3.570118012863019441e-01
2.336745349904215951e-01
3.556501951111610271e-01
4.797966992570391054e-01
5.057699466226871499e-01
3.064801389249852681e-01
2.909970832485671566e-01
2.386829874790125094e-01
2.458933659705093977e-01
2.871217964540015433e-01
3.569567899297486635e-01
2.521289298268282186e-01
2.927706014075108221e-01
3.421949241289080623e-01
4.798298511906489705e-01
2.189969841493138170e-01
2.167313158946822249e-01
2.677325762406270182e-01
4.925893753230582428e-01
5.433910784217904633e-01
3.208754089754723982e-01
4.894038728187359300e-01
2.549145692989066014e-01
2.675830402921306472e-01
2.839625511510647238e-01
2.758183854079797603e-01
2.966467373395643703e-01
2.265826137801590090e-01
2.940970176266469727e-01
2.916242639608396803e-01
2.643641533495290630e-01
2.674518146750006209e-01
2.733239703755130368e-01
2.673887036200495171e-01
2.965822059588074655e-01
2.163969015545187669e-01
2.633153025735721631e-01
2.800743862703205522e-01
3.623766198316816234e-01
3.158335785020129349e-01
2.497536626194127585e-01
3.594140240669392861e-01
3.477650605602159994e-01
2.960754300703042907e-01
2.257375684557891282e-01
7.092303522042067154e-01
2.307463070076960499e-01
3.437312067471363086e-01
2.851511583272128281e-01
2.264503316096652397e-01
2.460158283463520223e-01
2.404845076448946239e-01
3.776400728336762325e-01
4.389554411298629555e-01
2.938213822612162351e-01
3.389802557122256199e-01
3.241637638689454093e-01
3.141957400854107352e-01
2.796930303137569185e-01
2.960374929739034711e-01
3.132578707102794402e-01
2.560711145733645666e-01
2.865541665789431147e-01
2.482520678921625867e-01
2.465861382443907956e-01
4.878199954429006113e-01
2.579443295186386598e-01
2.555593434406294162e-01
2.926385554401860767e-01
2.942796652858653550e-01
2.381346367434371836e-01
2.752898774949912308e-01
2.522160584159880425e-01
2.963080257973148557e-01
2.622213691977330341e-01
3.119432392478666549e-01
2.622213691977330341e-01
3.119432392478666549e-01
2.204565143190801435e-01
2.505793963249289269e-01
2.848703388240254042e-01
2.966826603139379182e-01
2.958584712841518249e-01
2.232546751945826136e-01
3.033718424323955665e-01
1.749015196681139583e-01
3.260811040658042614e-01
2.794989061138143938e-01
2.970378758497292382e-01
2.459034683266117516e-01
3.504664700326228788e-01
2.783127713224748390e-01
5.065715272470753261e-01
4.772278346733889176e-01
2.947198119868966182e-01
2.296194413381965338e-01
3.404522599450119369e-01
2.742000197394013905e-01
4.545914110596259716e-01
3.130477033566559375e-01
2.860732728284667847e-01
3.097469628017157639e-01
3.017771561714211459e-01
3.131398979985993147e-01
2.989464934501365190e-01
3.215067195737918992e-01
4.435912472384851979e-01
4.300048444999255426e-01
4.161358314430393945e-01
2.651747467562644567e-01
2.608700248183791204e-01
2.676812831804905590e-01
2.769836729818444532e-01
2.968669206921156212e-01
2.154576264969073063e-01
3.986282135803052573e-01
2.640611415218769298e-01
3.124776325518675568e-01
2.883148672350564490e-01
2.917684078348003474e-01
2.678578957303301977e-01
2.708519485172762864e-01
2.528079060193464400e-01
2.663891907239552270e-01
3.018745587293817922e-01
3.424829457333369298e-01
3.725566018479782859e-01
3.216824044425137252e-01
1.732810130172236507e-01
2.946723625705173211e-01
2.483410086495123903e-01
3.093675356415128697e-01
2.997469279459121227e-01
2.908448554360101301e-01
3.173862259914375650e-01
3.109596589586242632e-01
3.072493453532268437e-01
2.334112816957569780e-01
2.576775850520808819e-01
3.666549419323475445e-01
3.841265566855291969e-01
3.659070126534223477e-01
2.547944669365056480e-01
2.571981385442460577e-01
2.512961685895703234e-01
2.840647043334317279e-01
2.815755468648512561e-01
2.855596562203962518e-01
2.552162162635213116e-01
3.251514134563888159e-01
2.362978382103956831e-01
2.843362261341594865e-01
2.277410722148504596e-01
2.742498232686094717e-01
3.175779272082320803e-01
4.924916698143016469e-01
3.753774595692442873e-01
3.279134133969436316e-01
2.697678327766859785e-01
2.559945487622708460e-01
2.875767099181241182e-01
2.462481873178481717e-01
2.474692486473325237e-01
4.839641166535328387e-01
2.630480701049315306e-01
2.500482518123594011e-01
2.934111390524250518e-01
3.046008331776311473e-01
2.948401959636125502e-01
3.211987354205857459e-01
2.604266509848095490e-01
2.753702294253932426e-01
2.709949790538177528e-01
4.539801522383800636e-01
4.796227689172836706e-01
2.472111919340226616e-01
4.959576378562092769e-01
4.960984541152122507e-01
2.458435707459410702e-01
