2.481612337316746186e-01
2.721258442575085756e-01
2.312715265882912818e-01
4.078426798805429021e-01
1.751677030913093291e-01
3.961140821392949984e-01
2.647306977800867878e-01
2.362783944654125723e-01
2.800490942510116543e-01
2.568579540236768932e-01
2.759938982580888434e-01
2.348087077560778446e-01
2.982752351496315568e-01
4.946415293424132331e-01
2.910262651604353379e-01
2.788878736785712631e-01
2.835687449035695917e-01
3.855808928226914234e-01
2.906144761870398385e-01
2.563059256735698566e-01
2.895258603186158797e-01
7.680170697008071867e-01
2.470121364989772972e-01
2.438168395059334970e-01
7.755873149127542332e-01
2.506617284081576469e-01
3.734155277521625238e-01
3.795639081627909528e-01
2.370458928481310179e-01
4.563069950086047766e-01
3.720937955584359691e-01
3.213146379121095686e-01
2.503269126804056888e-01
2.697442192063034261e-01
3.045144703875622416e-01
3.702298866119350662e-01
2.545729206571984982e-01
3.585591757726533935e-01
1.932626577977931692e-01
2.716106710302186866e-01
3.676397405175718114e-01
5.612656081267873853e-01
2.179594397073556789e-01
2.260255200477288839e-01
2.880507737142222191e-01
5.350825240867019827e-01
4.224672199754417323e-01
3.192685235942852029e-01
4.940266748491982662e-01
3.024885543114230191e-01
2.539903843349486934e-01
2.890969744460574198e-01
3.388367037343100185e-01
3.010818205166757577e-01
2.527539009845869988e-01
2.660222432793846736e-01
3.805144193614735104e-01
2.643254619678889195e-01
2.815032094802205065e-01
2.827109593999252435e-01
2.665539641976749086e-01
2.941037887962993369e-01
2.200710166968480042e-01
2.726632054678235217e-01
2.856388227261624224e-01
4.486678807442720518e-01
3.631243835497822148e-01
2.351887934295969207e-01
3.633946674459718196e-01
2.859310589672025005e-01
3.016509430558955707e-01
2.341553288338574512e-01
6.261919114334651981e-01
2.373105828501245462e-01
3.426214761599074565e-01
2.883248209291498498e-01
2.254058233333028627e-01
3.012141829436959517e-01
2.355953114435961337e-01
2.922316635935915397e-01
4.857002684880762922e-01
2.897146362864043700e-01
3.229240208766094300e-01
2.619625050066514693e-01
2.733034326438811279e-01
4.037312509964315344e-01
3.671943844159691883e-01
4.029681480224129864e-01
2.562051826288367917e-01
2.812601371789113514e-01
2.473026640520236130e-01
2.470710634761440205e-01
6.978399759105521349e-01
2.443165709684835263e-01
2.319931491177339711e-01
3.801717045147475216e-01
2.953517302329147221e-01
2.343068947682012126e-01
3.930677306576655927e-01
2.305291606447602837e-01
3.346705507174747019e-01
3.600250752900186479e-01
3.199056252192323813e-01
3.600250752900186479e-01
3.199056252192323813e-01
2.509853949426411046e-01
2.577779542031845561e-01
2.563907316578549200e-01
2.863760170868586696e-01
2.989458543875381236e-01
2.264394185919624547e-01
3.025849510924147889e-01
1.734077147300144284e-01
4.058052594052843909e-01
3.507969784278338055e-01
3.705542992468158214e-01
2.493303172173071680e-01
3.613071709924557395e-01
2.705616826130233243e-01
6.069545143625666439e-01
4.866413753665075892e-01
2.982828314456202334e-01
2.167887668298894843e-01
3.562447163705946829e-01
3.021598173448281077e-01
5.037174118125105071e-01
5.798432494469979437e-01
2.671198964099078532e-01
4.398615009800554421e-01
3.005982627978295851e-01
3.594658242105689405e-01
4.121032120123554465e-01
2.803877886518072460e-01
4.832038120728911479e-01
4.510162542747794268e-01
4.556066237874106251e-01
3.043144138960827694e-01
2.595459502011478459e-01
2.848351839395080187e-01
2.838509370277437771e-01
2.941837199735592434e-01
2.126820944072690400e-01
5.802309127849891723e-01
2.375563039794293119e-01
4.351735060168894220e-01
3.607730861835202751e-01
2.894458045937751689e-01
2.769714630481140416e-01
2.559519753925361685e-01
2.552374612157568001e-01
2.821287481431751787e-01
3.141843089457582172e-01
4.055850735861813439e-01
3.938646566251324255e-01
3.096842865778012266e-01
1.746109549856992016e-01
7.482152976464453431e-01
2.763043695552516721e-01
3.135267287647214296e-01
2.793369984685431517e-01
2.605316578963650653e-01
2.818881581175403661e-01
3.397385712434713434e-01
3.841730868419108713e-01
3.500107852101996264e-01
2.118971608899944681e-01
4.192584114655520389e-01
3.558004564033845907e-01
3.023579112544142466e-01
3.045606469160869190e-01
2.482081621890749601e-01
2.444624157623622729e-01
3.688896949007683945e-01
2.299496513779461793e-01
3.625438196655788037e-01
7.642458855872548140e-01
7.687400280021827736e-01
3.023326529477799451e-01
2.922007354045726424e-01
2.500412837945757416e-01
3.621015972744088263e-01
3.065238932691973228e-01
1.171189453485520726e+00
1.079995575022286936e+00
2.592904610368576557e-01
2.947893351300379106e-01
2.517443175273898492e-01
2.890148536806760315e-01
2.464672365601233428e-01
2.441962523852237721e-01
1.138601576550209771e+00
2.852607550070186404e-01
4.217575347156062304e-01
2.896574951400738840e-01
3.720809197960223691e-01
2.402390579248610825e-01
2.378554514598367198e-01
2.503070826675296567e-01
3.676040543465624588e-01
3.614483287978775272e-01
4.605564014796273420e-01
2.532552004976221793e-01
2.557249385203308467e-01
4.978717466787310197e-01
4.966593972670280133e-01
2.430385765948848420e-01
