2.497421715236547435e-01
2.501736352966941745e-01
2.266849751970834714e-01
4.153580137809845252e-01
1.748467759621779860e-01
3.765833297535907120e-01
3.396463307701304557e-01
2.772624591610629574e-01
2.500259770300216067e-01
3.049311212937242943e-01
2.440198303641526179e-01
2.939822716091348154e-01
2.510379399219150320e-01
4.244800590198698487e-01
2.965434163973936221e-01
2.310621815710466043e-01
3.279383545444164993e-01
2.715346331320783180e-01
3.641270513937966968e-01
2.558684021703749867e-01
2.863482086903907931e-01
9.720820001416995426e-01
2.497177166887520894e-01
2.461244812443076357e-01
5.560353737380504535e-01
2.949574514887574606e-01
2.466354519441762427e-01
2.894533878657561399e-01
2.356052128117284150e-01
2.493637589963502710e-01
7.154361254223072786e-01
6.830349427619847313e-01
3.136085021909978954e-01
2.608670631965255837e-01
2.437648637785274075e-01
2.602584201239881989e-01
2.678014649638803535e-01
2.645944179150938047e-01
4.219667328756060432e-01
2.675428752782230135e-01
3.069666517139543749e-01
4.830449571023348043e-01
2.196771475642701754e-01
2.199669271179615637e-01
2.846431923536016373e-01
4.520926339216068679e-01
4.047203147338342410e-01
3.504875733617717204e-01
3.242921860205892348e-01
2.547875751404388711e-01
2.524492096117176287e-01
2.873523310271209885e-01
2.901186714918846388e-01
2.958413476944802278e-01
2.291918211971460118e-01
2.990212922464562939e-01
3.223535756252574047e-01
2.680690206669285036e-01
2.491648075063450096e-01
2.730692311166615371e-01
2.928996833743570671e-01
2.966938639599392413e-01
2.146726122444689855e-01
2.722223037886153940e-01
3.098671907162587336e-01
3.056593018798166583e-01
3.029721885208447318e-01
2.554144884538420146e-01
3.594872689904675678e-01
3.385689119849142337e-01
2.978040868727933610e-01
2.269977827778763280e-01
6.663512613504387616e-01
2.288094931476236937e-01
3.402711857052451716e-01
2.852278643501223732e-01
2.267373497665849391e-01
2.404897026349962497e-01
2.492961875996633214e-01
3.152000536480003001e-01
3.756915355589167671e-01
2.954390237304398426e-01
3.430941490647770875e-01
3.242079332157505323e-01
2.879809039145426741e-01
2.970196112901146157e-01
2.820642064061149590e-01
2.852441533911014848e-01
2.572488215369402309e-01
2.845331215614238518e-01
2.483736570452616532e-01
2.475095539236951137e-01
3.899920845873546815e-01
2.732968781579310225e-01
2.529467186489284258e-01
3.022719838317958763e-01
2.909959518878514895e-01
2.316854265286856229e-01
2.509878229584805442e-01
2.749336580213854186e-01
3.104340680737681657e-01
2.723150160613236892e-01
2.611968049763631061e-01
2.723150160613236892e-01
2.611968049763631061e-01
2.152307493032115382e-01
2.524791566222387984e-01
2.812754438831734927e-01
2.916733381002482028e-01
2.940652433068892679e-01
2.216194826177816102e-01
3.025253763963923759e-01
1.754398052439988254e-01
3.222926150183140770e-01
2.718203925918040165e-01
2.909351987857148325e-01
2.526645539956137165e-01
3.538731266885966620e-01
3.368082940071257525e-01
4.762973133772310796e-01
5.051896684941880045e-01
2.968744213242601182e-01
2.298476527723888607e-01
3.214632943788455210e-01
2.670971840250829787e-01
4.128576169498348603e-01
5.097056458319476624e-01
2.594215487806666443e-01
4.436769421274514014e-01
2.894570934178018473e-01
3.905563332978466695e-01
3.553946464991390441e-01
3.823443097886374265e-01
3.800396953045938608e-01
4.198732258743207435e-01
3.462544919594465753e-01
2.835234221635632990e-01
2.487162093324167544e-01
2.623049555535823529e-01
3.139088485554458741e-01
2.979879860817937209e-01
2.191258991034140124e-01
4.647771895081923565e-01
2.656890894426714445e-01
3.737107326999491441e-01
3.466974823749074397e-01
2.936030778119080309e-01
2.650106872369441535e-01
2.569998949553585765e-01
2.471061220834012140e-01
2.684846404400024755e-01
4.062846177296786654e-01
3.020410428225481780e-01
4.431479920582268583e-01
2.990467483232927548e-01
1.744382993944376403e-01
5.015586867056038844e-01
2.550448212442580909e-01
2.831352962757073821e-01
2.927606341091825715e-01
3.060574080864798541e-01
3.471719770369083302e-01
3.125271108084518024e-01
2.952508555271525226e-01
2.240067858710308724e-01
2.886434708437555230e-01
3.808801291987648496e-01
3.853086272652235800e-01
3.747992787043990526e-01
2.561875841101041718e-01
2.549336799660713027e-01
2.527006041260168590e-01
3.292497016614678307e-01
3.484827715238625334e-01
3.491483312874144040e-01
2.704945052767928626e-01
4.580870846271061780e-01
3.025059094329370923e-01
2.875353026478620344e-01
2.185960914121531096e-01
2.728982819079151523e-01
2.439142333613923963e-01
8.798782121211674578e-01
6.144360093463306915e-01
3.611271514895363910e-01
2.455709962244267408e-01
2.563329414120413818e-01
2.851442101946203289e-01
2.495518234120009671e-01
2.442011111426365955e-01
8.023263669158514633e-01
2.714395788708861001e-01
2.935712097647513730e-01
2.925994125444055238e-01
2.758774129965761990e-01
2.898093108295566878e-01
3.327021601782163551e-01
2.807274541935357859e-01
2.603996924297076743e-01
2.828117256211572506e-01
4.974827738348293615e-01
4.295788685792277239e-01
2.482317931455565729e-01
4.973347662370538602e-01
4.941937393485024699e-01
2.482002588123235765e-01
