2.544453615664222235e-01
2.652684504524673303e-01
3.553930151207463362e-01
3.743612057726993791e-01
1.758344997551472555e-01
2.216680405634784135e-01
2.605451871981696033e-01
2.967574316763350595e-01
2.890473857367716337e-01
3.069710702389842338e-01
2.547376447902640617e-01
2.398403900644673625e-01
3.001656373032874359e-01
4.719822137806394813e-01
2.996243366203185099e-01
2.529037376072849064e-01
3.795121953380306556e-01
2.445319191627270128e-01
3.727072029336233050e-01
2.588971404317968461e-01
2.877726544407719356e-01
1.256092514634664647e+00
2.568541434840647675e-01
2.482050483407161612e-01
5.099337040669521537e-01
3.072052064477208688e-01
2.634696966645943550e-01
2.879070513929928854e-01
2.475577854286518664e-01
4.403738391796417906e-01
1.094687435853655799e+00
1.014381993925914216e+00
3.236727060154241942e-01
2.859378017374767378e-01
2.529005114049263647e-01
2.702756571404385522e-01
3.016224545981188165e-01
2.424628140196675996e-01
3.904446763704881307e-01
3.037194684698895641e-01
3.423462872693570636e-01
4.918075763299959990e-01
2.320922601229759852e-01
2.265393722845813751e-01
2.451621328597746730e-01
6.762194047672268615e-01
5.182250318761064678e-01
3.590359027346671228e-01
5.287320161579383004e-01
2.577799544265943488e-01
3.048964360211662838e-01
2.879189484372841057e-01
2.547347150505673841e-01
2.949827823472216393e-01
2.096571066155681895e-01
2.937919083442213086e-01
2.755032749413962589e-01
2.540033088046214083e-01
3.035181933202675264e-01
2.985092929554359342e-01
2.666806576981206045e-01
3.023205228050423465e-01
2.086535382215814749e-01
2.855150272538352629e-01
2.610810073299980605e-01
4.653711411278360077e-01
4.704722992769023171e-01
3.075422729827135271e-01
2.924037337631203437e-01
3.748100922864071038e-01
2.933078677272667467e-01
2.207156603434936304e-01
7.508136103074894985e-01
2.312455601882019152e-01
3.315288641698437289e-01
2.745478862699179956e-01
2.230174243838367876e-01
2.228715408092810379e-01
2.584835646194937886e-01
4.284853793065170890e-01
4.577494568835425159e-01
2.920245399594891267e-01
3.446355868450419746e-01
3.488025675466241426e-01
3.660623374451470458e-01
2.813293701632421095e-01
2.378312354857654298e-01
4.908990342090797654e-01
2.538750711547780869e-01
2.906669947746547966e-01
2.532674237858705268e-01
2.548953883922696617e-01
6.538331849275298424e-01
2.435711879374035937e-01
2.396622219420544153e-01
3.794968903982831598e-01
2.946306567425615031e-01
2.280451770148175794e-01
3.797566538218041243e-01
2.404928580425914064e-01
3.066488301068823197e-01
3.680785043708889592e-01
3.176059215960304605e-01
3.680785043708889592e-01
3.176059215960304605e-01
2.854736026806538596e-01
2.560008720527680581e-01
2.357082340536884868e-01
3.216874309662718923e-01
3.024436076447255539e-01
2.094578807624274952e-01
3.745625807871371116e-01
1.733296516654842523e-01
3.944555287378915254e-01
3.206576573292964638e-01
4.114726500699034117e-01
2.438093331557524834e-01
3.912338561181475383e-01
3.661304507896099847e-01
7.006177384788679907e-01
6.581750376261664703e-01
2.981191131172951092e-01
2.421456281595309179e-01
3.749269650966765566e-01
2.628427249344557071e-01
4.813552197097278884e-01
4.151814059458192596e-01
2.218793940357297878e-01
4.880495616344850962e-01
3.047196426279955017e-01
3.534773133139054169e-01
2.423467411845337538e-01
3.898066166781807840e-01
4.177529752915154493e-01
5.058304100476114229e-01
4.741927486964571115e-01
3.080506342352481997e-01
2.503734915536993122e-01
2.261124737425921349e-01
2.833743614092826824e-01
3.030395936814041513e-01
2.036401065301113866e-01
8.518861850131094204e-01
2.615653433077701484e-01
7.762716460480519887e-01
3.729494216245182736e-01
2.557450211244048921e-01
3.063912601168675698e-01
2.922941536084543435e-01
3.030979214711563841e-01
2.508124250870772953e-01
6.071403944801458952e-01
4.177086691110196703e-01
6.870342347628067836e-01
3.245266693010687709e-01
1.772694087444105504e-01
1.409500419096513024e+00
3.052551980520403774e-01
3.670840762261849965e-01
2.855981001229084271e-01
2.587943186843696952e-01
3.307439001945600143e-01
3.752511934120736359e-01
2.524180342079428985e-01
2.278628904502769392e-01
4.393141100137256116e-01
4.763950103792601865e-01
3.165774013477704041e-01
3.864420406646185135e-01
2.502825340913490404e-01
2.413698204855763974e-01
3.038148958902847085e-01
5.423899762502732980e-01
5.685377323660401050e-01
4.720424106493726901e-01
9.518567316145110091e-01
9.214954213010151385e-01
2.398671263097335582e-01
2.137924049445447117e-01
3.517396980405660400e-01
3.717656472211051666e-01
3.871251696228203976e-01
1.301591371675245856e+00
9.875460642762317054e-01
2.735137464087841197e-01
4.027072747943170605e-01
2.697184031285360661e-01
2.788407989320281222e-01
2.600522631993665290e-01
2.405967452296723097e-01
1.261883257040745443e+00
2.575775109207447122e-01
4.227137383945205884e-01
2.841473166599722266e-01
2.623757574080948229e-01
3.453741736034169896e-01
3.281035137093050169e-01
3.800949206100870947e-01
2.365663002426583172e-01
3.167777655524117719e-01
4.918226290009862778e-01
5.321505370248371669e-01
2.484416859357332086e-01
5.018340311922722119e-01
4.945273001592108697e-01
2.419836885863742015e-01
