2.462601647300735330e-01
2.586565356776842628e-01
2.264755236281012496e-01
3.710981698210675805e-01
1.752124213245663253e-01
3.992227117262572289e-01
2.876885087853438550e-01
2.811765526028988660e-01
2.627743218839189709e-01
3.014251058414474937e-01
2.468841477194064771e-01
2.681012658526870096e-01
2.654703238823503120e-01
3.920100203759267488e-01
2.915985186938463425e-01
2.285089383923688544e-01
3.242853090541083505e-01
2.810937694523579777e-01
3.379578080585258215e-01
2.554240508103901020e-01
2.865270478559481804e-01
7.327075639480578051e-01
2.489277517525035899e-01
2.449175556141026111e-01
6.302700395436239278e-01
2.756252604518394933e-01
2.593159991189902258e-01
2.986430064836675946e-01
2.359376022932517525e-01
2.508860568586957496e-01
6.879838582158429583e-01
6.406008414033051990e-01
2.564372278086580192e-01
2.867040812328434107e-01
2.672414198463491375e-01
2.903511572359243065e-01
2.553821454624931597e-01
2.875165308132938136e-01
3.114415403061735477e-01
2.745811407291441353e-01
2.948353356379778689e-01
4.841072356342320249e-01
2.188857627241774517e-01
2.174981461667592764e-01
2.797001148942017124e-01
5.723898122388063614e-01
4.493471234153239569e-01
3.296280464142117284e-01
3.215948993803012801e-01
2.730359593283420705e-01
2.574564370403815139e-01
2.736274316936224693e-01
3.030679419594304869e-01
2.948564159750982627e-01
2.332637476126315501e-01
2.839377095900658121e-01
3.346421199986585604e-01
2.679370673250769386e-01
2.673488851019917290e-01
2.675344863663494110e-01
2.694786647595048268e-01
2.973535440392096607e-01
2.152630527534395988e-01
2.649595658693235656e-01
2.883687284536352036e-01
4.055744047848853784e-01
3.229085701830661792e-01
2.496214794645561508e-01
3.337415525944054662e-01
3.169284756947848836e-01
2.971356535362810747e-01
2.186495211888368484e-01
6.802484829266769450e-01
2.332493671363483345e-01
3.434259021042408433e-01
2.848650836054134605e-01
2.267972787372422860e-01
2.432740298471051665e-01
2.421178424739286461e-01
4.011261138735577880e-01
4.396659302488539756e-01
2.953077979494337924e-01
3.259306707670943104e-01
3.352413109066654795e-01
3.239223068984484755e-01
2.794766416122429487e-01
3.017974872099093431e-01
3.472436123357021120e-01
2.546738343035876984e-01
2.860730014251083864e-01
2.485263769995074146e-01
2.473419087351943768e-01
5.071891199209636047e-01
2.616492732051143300e-01
2.484691262010045032e-01
3.116620472530823860e-01
2.943546259523900921e-01
2.299566132908034133e-01
2.728338005122179499e-01
2.680527239754845747e-01
3.051223518532664158e-01
2.798187583106943044e-01
2.967240000037800196e-01
2.798187583106943044e-01
2.967240000037800196e-01
2.152936402728516663e-01
2.659963138578638198e-01
2.825990812137992858e-01
2.742235779384313288e-01
2.958257675009687282e-01
2.206924731091624570e-01
2.838724470456420179e-01
1.744378624532372801e-01
3.734861685167032430e-01
2.723030925850020156e-01
3.229663070823650117e-01
2.443663164296948631e-01
3.682110044668098769e-01
3.104555227498053682e-01
5.115439698660466661e-01
4.329915718555333859e-01
2.960347980755709818e-01
2.274463819991672520e-01
3.708500569645110656e-01
2.600893844464294280e-01
4.872974716146465379e-01
3.626090771088871234e-01
2.551845681740876892e-01
3.660379485893213158e-01
2.799092856139466790e-01
3.541926242786481716e-01
3.322687520850847176e-01
3.471862751877143882e-01
4.300992855704464102e-01
4.429839033753225630e-01
4.538069082571710711e-01
2.707255920663906301e-01
2.595580867927753665e-01
2.624279700248613456e-01
2.752484443551871940e-01
2.978277552151510910e-01
2.148901156155185732e-01
4.476720038031263837e-01
2.634639069360983910e-01
3.414174153559468294e-01
2.998649868612272007e-01
3.120896754378845728e-01
2.741032229096395101e-01
2.632934656115946681e-01
2.431245548474760543e-01
2.671233277712423138e-01
3.211004045049049571e-01
3.733189524437957041e-01
3.432886751865017461e-01
3.168317262308146809e-01
1.733387609208846547e-01
5.636929130811363375e-01
2.538507455842402560e-01
2.872425553805847409e-01
2.696635555436371900e-01
2.755069160500787651e-01
3.330945456810691097e-01
3.429040064652040254e-01
3.423972612512033442e-01
2.239325739554211270e-01
2.545174149262139918e-01
3.593221776756885810e-01
3.278819475618705015e-01
3.750022277430523632e-01
2.583485133143799684e-01
2.508945146052631303e-01
2.511658717630377846e-01
4.033115700120731284e-01
4.066410877597494422e-01
3.629066540649091288e-01
2.659999467330009248e-01
4.194042289817085378e-01
2.347345184511625826e-01
2.852453910275582483e-01
2.580683277511998108e-01
2.732471535691502473e-01
3.111524348730467793e-01
6.789530655835882555e-01
4.757672771976448889e-01
3.203553145304426364e-01
2.650864243792897534e-01
2.571376032275681234e-01
2.866114414334103300e-01
2.462511914395940082e-01
2.459908657246077102e-01
5.996411912036700986e-01
2.738447828187156596e-01
2.854968102185148071e-01
2.913221199267749251e-01
2.815967392495902222e-01
2.770632169618362228e-01
2.794817895957074638e-01
2.721505019291379224e-01
2.633775684213099932e-01
2.694606667586669779e-01
4.257938610713983829e-01
4.765492641248408878e-01
2.476253299125088514e-01
4.959368107155575633e-01
4.965675211059525918e-01
2.492053320717050047e-01
