2.524620228566987756e-01
2.682167130268676702e-01
2.297864229123900426e-01
3.675786128431027255e-01
1.746367186715413466e-01
3.241973094655037912e-01
2.987106771494763002e-01
2.605906560439287811e-01
2.647179067777030159e-01
2.937734861661621677e-01
2.403146292404824136e-01
2.700784008702414862e-01
2.501341077093431897e-01
4.423797532699156876e-01
2.957769742959232562e-01
2.327871880854745779e-01
3.702268778478754463e-01
2.849216045722191004e-01
3.321035913935817541e-01
2.562860254916806135e-01
2.828827370882484038e-01
6.773511076917410056e-01
2.488444460145123605e-01
2.474177040724158949e-01
6.325027001092047296e-01
2.532448216142414998e-01
3.053494855095995608e-01
3.418894705535813761e-01
2.413993302550445363e-01
2.863552162510936694e-01
7.705827902559672093e-01
7.219104874299566710e-01
3.130031310648956899e-01
2.672617615971711880e-01
2.400300842863366535e-01
2.681574821629151839e-01
2.604354592501345045e-01
3.160876704448710717e-01
2.663819776038016673e-01
2.850532478160031635e-01
3.268809371871473912e-01
4.754564740448858351e-01
2.227942514946486263e-01
2.147134384711685551e-01
2.754885416831453493e-01
5.599964663970570244e-01
6.238587622991386139e-01
3.205591751566377323e-01
4.031035099506792285e-01
2.687696998611048826e-01
2.639173391324172169e-01
2.667519073738254254e-01
2.804991936972985322e-01
2.961264694538774944e-01
2.207696302301805913e-01
2.640317893307418950e-01
3.041187744018384320e-01
2.616728850787591321e-01
2.644450972913128250e-01
2.805768013542226935e-01
2.693481887391244167e-01
2.965736493804589924e-01
2.137413659761956686e-01
2.750330683207093396e-01
2.876012337084642989e-01
3.248712290513649514e-01
3.218825550482933284e-01
2.528650136714196694e-01
3.492640401401252981e-01
2.801404701036443456e-01
2.938082493042963872e-01
2.191223161907344952e-01
6.251813904295512314e-01
2.330787278268350859e-01
3.389692175419021791e-01
2.799805078224257282e-01
2.171734578954676864e-01
2.413796506459714442e-01
2.388256010681349684e-01
4.400460135829096231e-01
4.249325385551737666e-01
2.932469023212230241e-01
3.405492147392342184e-01
3.651677961076663648e-01
3.388269198034926100e-01
2.734150714460860665e-01
2.739491718767763095e-01
3.033982374682101524e-01
2.582507320939158579e-01
2.868436419738209509e-01
2.490023972438160371e-01
2.465203862955407943e-01
4.523026963922517352e-01
2.476845704578631013e-01
2.557830282768933094e-01
2.928112238190408445e-01
2.937043845368439987e-01
2.301224778167258178e-01
2.864410079875019943e-01
2.546591368579806391e-01
2.757019718501462768e-01
3.100661972721951987e-01
3.293822859466996600e-01
3.100661972721951987e-01
3.293822859466996600e-01
2.272682360413151859e-01
2.532420029316143628e-01
3.187227958182859422e-01
2.959283126277760800e-01
2.947153229700575361e-01
2.207951327912439921e-01
3.003982298563165898e-01
1.751571638849341583e-01
3.498751089801546144e-01
2.613866047407802373e-01
3.040134094140833354e-01
2.559191102946841712e-01
3.237518972874096068e-01
3.155108067879260902e-01
4.621121381650115656e-01
4.698803512636358093e-01
2.962927925352005776e-01
2.206210608215919966e-01
3.129603613524825634e-01
2.930948875951994159e-01
3.804655029576996528e-01
4.850041098454388466e-01
2.762688882550565217e-01
3.574527795187930623e-01
2.895699947102890470e-01
4.108780386446422850e-01
3.467559426155573110e-01
3.576295548056401818e-01
4.035261175766419184e-01
4.065727576519349573e-01
3.872001884366683133e-01
2.533318955422766416e-01
2.872594218107338837e-01
3.077633348619033260e-01
2.534026129233311608e-01
2.941121468232418268e-01
2.122857106403107375e-01
4.951575834033214440e-01
2.611361850781422356e-01
3.959487064490390673e-01
2.606295475198538436e-01
3.284773597074036600e-01
3.307095488613814860e-01
2.620260721212994137e-01
2.375329760792714573e-01
2.536067926334155120e-01
3.628686965508375883e-01
4.056511808633166405e-01
2.898730113358407023e-01
3.808181683653816818e-01
1.746690394431907878e-01
8.902613309062068492e-01
2.455258055931044403e-01
2.879795962229632633e-01
2.680482867193653695e-01
2.911738309652881496e-01
3.761716968891837820e-01
3.250984267234764968e-01
3.577026681258854146e-01
2.187303162171012338e-01
2.579222426902837428e-01
4.241140937545027634e-01
3.948991934545441063e-01
4.408853883358365144e-01
2.564142878639067424e-01
2.529717696749955169e-01
2.513605764351287131e-01
3.915202313902947928e-01
3.010851497223548945e-01
4.322275247219060645e-01
2.392088425234488447e-01
6.134256771235505612e-01
2.427756146496889700e-01
2.923081575577026192e-01
2.330866022341724075e-01
3.345632119764223034e-01
2.464563470182916383e-01
9.211780567510031714e-01
8.334875974745468152e-01
2.794992929468852472e-01
3.584412995761125376e-01
2.555198577224152556e-01
2.840666214096483899e-01
2.470035085738258029e-01
2.481112768729367701e-01
8.545781489410144705e-01
2.698092983269780309e-01
3.009125529813511668e-01
2.686367345673219553e-01
2.816645863570003128e-01
2.530694335151010832e-01
2.894918969872289360e-01
2.755659495877015308e-01
2.816463666789425502e-01
3.511773580147314888e-01
3.934722266984359562e-01
3.654198093948319848e-01
2.442124787215285697e-01
4.968441031262375018e-01
4.939942950960319878e-01
2.535642649518000113e-01
