2.467785831793217477e-01
2.524174953735059956e-01
2.244141460814944034e-01
4.190551249192358552e-01
1.757422824917012349e-01
4.079209840759822625e-01
3.692072167571257557e-01
2.787788018890904329e-01
2.491564585113474894e-01
3.044313478374086057e-01
2.422403726353277720e-01
3.019514359246803226e-01
2.491472442204732407e-01
3.853868350104494023e-01
2.963697873653265979e-01
2.325872705215435432e-01
2.888875861358593533e-01
3.389280502035154630e-01
3.412444366753205061e-01
2.555099494205281818e-01
2.853785905416439950e-01
6.081848632410141731e-01
2.465872901384076332e-01
2.480143879343983393e-01
5.894328708232250413e-01
2.531913200814176479e-01
3.040008066659383723e-01
3.106483172055614084e-01
2.264409193055278713e-01
3.305693922067490798e-01
5.695842527794596766e-01
5.277732493217458520e-01
2.920268236747706747e-01
2.782585969793164860e-01
2.439759568967344860e-01
2.639258310879213365e-01
2.617536052893543186e-01
2.970896646227656479e-01
2.628753219411042452e-01
2.794614831218273920e-01
3.058202473874753746e-01
4.880255341316183659e-01
2.174972267869427212e-01
2.196382201146906687e-01
2.704353874875393138e-01
6.704914513608288829e-01
7.220326668781118507e-01
3.249378092745046076e-01
3.104089544374926679e-01
2.542248562204069695e-01
2.791052303903441278e-01
2.861883363506278477e-01
2.647927283891120531e-01
2.962850831083730374e-01
2.259753737082542957e-01
2.952013420388341913e-01
2.899409559961086402e-01
2.701459006269683050e-01
2.496670865959397523e-01
2.691676677629650793e-01
2.960079643789471637e-01
2.951956393620147612e-01
2.167309502460295356e-01
2.803446667042542306e-01
3.304043757409713122e-01
3.258849912716136332e-01
3.192483259069657797e-01
2.462134089354728050e-01
3.096046380242301610e-01
2.793706675693879982e-01
2.940685106409505756e-01
2.179726494621190003e-01
7.217490374935902064e-01
2.264508704095842817e-01
3.364265111035261158e-01
2.851766992157062086e-01
2.243068947651265244e-01
2.384507848701893640e-01
2.421908026964202654e-01
4.385036567711382283e-01
4.308984788978481029e-01
2.942971790860469672e-01
3.461847494948331883e-01
3.672040093686583795e-01
2.621452780763042223e-01
4.162829161141288203e-01
2.734919339409150885e-01
2.411985209567807098e-01
2.571696715701734526e-01
2.843251454061642147e-01
2.498015938616165166e-01
2.459930621761953484e-01
3.179677665614968896e-01
2.647693599243555185e-01
2.712796866206061974e-01
2.667483774632624649e-01
2.909102939755987549e-01
2.145606261690754524e-01
2.475388766120553696e-01
4.091004317156443082e-01
2.654761919344001408e-01
3.229059910795447075e-01
2.861829813726561866e-01
3.229059910795447075e-01
2.861829813726561866e-01
2.238809506683466510e-01
2.687556748658606054e-01
2.887963330816511465e-01
2.824650402199693766e-01
2.959365763710864461e-01
2.218772108244289054e-01
2.804517575238504312e-01
1.748000811132519872e-01
3.713494672582803302e-01
2.606177797678251307e-01
3.158029634784814133e-01
2.473336206318033081e-01
3.546465044976725989e-01
2.890941244006287603e-01
4.945040817055221805e-01
4.288583354513340606e-01
2.944735085989511059e-01
2.189849730546963025e-01
3.282361671645651069e-01
2.902850608924892883e-01
4.531291541384559474e-01
3.205211780773696284e-01
2.844049699516271734e-01
3.196267423691778187e-01
3.156428253653359994e-01
2.909221449089623990e-01
3.311509717463885782e-01
3.327808230575305948e-01
4.328875680841670626e-01
4.204461062777642422e-01
4.436318308095681950e-01
2.461758359363256377e-01
2.574334967701144006e-01
3.046254570328457700e-01
2.883483231762736798e-01
2.967050083495395563e-01
2.190425467995504027e-01
4.717893031461006803e-01
3.144363129146965363e-01
4.586526415258636580e-01
2.894971071330363355e-01
2.864041475502759893e-01
2.735393044323133349e-01
2.640607236255307355e-01
2.541704577220565975e-01
2.652767136245248181e-01
3.682318313042290958e-01
2.823220164859834846e-01
4.352722636293104852e-01
3.466704416577561787e-01
1.740681917737287032e-01
4.488928766250352420e-01
2.497579113033139009e-01
3.048780441684192932e-01
2.992384333156259957e-01
2.889264817347134140e-01
3.392136008322316765e-01
2.942492304185898022e-01
3.178466037692742607e-01
2.272150716020324701e-01
2.873476391166430721e-01
4.018414276585734468e-01
3.755672950765309159e-01
3.602042185128921381e-01
2.602916635509308074e-01
2.530270242122107938e-01
2.495716607049425773e-01
2.754480690969891010e-01
2.946393990135748875e-01
3.328223088939585850e-01
2.507445379676466746e-01
4.174585345564929550e-01
2.957160247082553095e-01
2.837714726265290199e-01
2.182942610252315008e-01
3.409600124450704595e-01
2.376891163890550995e-01
5.813676435039755175e-01
6.758300601545229602e-01
2.691289105210767918e-01
2.432334972694847053e-01
2.546751104461639215e-01
2.872533550630842480e-01
2.488687527589864557e-01
2.450554527697794138e-01
8.156498683665244220e-01
2.452033602860773098e-01
3.134775619106611733e-01
2.921761888296391940e-01
2.767369403428540653e-01
3.196602020594087046e-01
3.136294048485043229e-01
3.179183362906055077e-01
2.422070089862683739e-01
2.865389164892562790e-01
4.832548867322387642e-01
5.027559141673436649e-01
2.458826754799138259e-01
4.967980603149781960e-01
4.967523030241476345e-01
2.462935280482212164e-01
