2.505544058275963604e-01
2.723697351410897527e-01
2.236891792634795595e-01
3.393827116264013788e-01
1.770038795589139180e-01
3.908967583851141736e-01
2.907038425608420851e-01
2.759555292269547655e-01
2.585976787667577104e-01
3.080732784844958938e-01
2.519516215285532157e-01
2.717855943960099663e-01
2.569731957597684024e-01
3.402071432413929508e-01
2.940493997762862466e-01
2.125329692991796970e-01
2.915050903948087080e-01
3.607317098723770710e-01
3.763467430970242056e-01
2.502689644455014517e-01
2.950215796392446910e-01
4.212699426410828063e-01
2.509931791462361450e-01
2.408666138639398435e-01
6.578036507973433755e-01
2.798765418014091400e-01
2.627241615234034433e-01
3.253474184042650097e-01
2.595314969972190022e-01
2.211384856970219359e-01
9.545800265295145692e-01
9.578210656567650583e-01
2.644296591959306997e-01
2.958964265107034697e-01
2.725511292338894109e-01
2.846954995149100220e-01
2.542572597477294472e-01
2.970168072359274380e-01
2.706802533714651737e-01
2.466723639370219934e-01
3.566996155943816249e-01
4.719281774768918636e-01
2.320656088257050387e-01
2.370419609075206657e-01
3.172324600740413780e-01
1.009456066717815181e+00
9.706168108615550461e-01
2.959886009745969493e-01
3.993135913776354462e-01
2.471954273711962080e-01
3.044315330375692019e-01
2.967467828285431652e-01
2.524083300790730955e-01
2.929985627374363522e-01
2.126147325611955630e-01
3.260550584276976083e-01
2.845507220886785427e-01
2.555929976215319810e-01
3.085782242391469921e-01
3.022709373503902341e-01
2.518024047679724431e-01
2.942855660692603736e-01
2.204247621616023944e-01
2.678425829804449432e-01
2.523461165917389448e-01
4.430302524105098616e-01
4.527228931237876619e-01
2.449771790408145633e-01
3.879001574121511697e-01
3.692413585554318867e-01
2.935983447993316675e-01
2.476069706818453675e-01
8.358466381303415460e-01
2.434364136118051525e-01
3.060485344949707698e-01
2.825708777018354767e-01
2.228637700073656247e-01
2.463864490767985749e-01
2.366161187816078482e-01
4.510495170896832162e-01
4.380345462304392479e-01
2.847909239511295931e-01
3.501115180888992318e-01
3.721262434616366410e-01
3.792648672905658547e-01
2.736385148980822746e-01
2.733023689148139646e-01
4.519310297177164260e-01
2.512036010628834193e-01
2.847476120649962139e-01
2.440756193534162621e-01
2.475054747363873986e-01
7.259681428139904691e-01
2.601995955414475037e-01
2.870044657275052091e-01
2.661905714750650298e-01
2.989502352642139926e-01
2.725793156356388636e-01
2.957029616511875902e-01
4.194142089431895370e-01
2.790396038580871818e-01
3.228721555636884233e-01
4.605598566490460843e-01
3.228721555636884233e-01
4.605598566490460843e-01
2.069126727968021995e-01
2.518610542994463297e-01
2.966018607108241167e-01
2.756795187667827052e-01
2.914456065044108701e-01
2.262763259858002474e-01
3.651833089677086752e-01
1.740108910227464722e-01
3.600563508203015184e-01
2.377265690612835602e-01
3.878531573028762280e-01
2.483607964857482420e-01
2.877407213613226156e-01
3.201884243105195815e-01
6.775160486978522023e-01
6.837325320541128848e-01
2.978135517565373980e-01
2.217945939532647015e-01
3.112619023608293456e-01
2.817326039898426782e-01
4.472749033657441586e-01
4.841356497325488006e-01
2.749323544095725880e-01
4.173849247530108664e-01
2.975965432388021914e-01
4.396339933250757448e-01
3.909312365420582469e-01
3.332725472852569037e-01
4.126564386364274806e-01
2.880268654097441483e-01
3.032006005049605601e-01
2.867812361567381729e-01
2.460917244132235226e-01
3.171335493320437404e-01
3.819446132251764769e-01
2.934177224882161816e-01
2.369804498083050159e-01
9.466091711501224415e-01
2.822133246035685716e-01
8.680950851162738680e-01
3.777452267619311188e-01
3.433713125525929555e-01
2.981924825732809592e-01
2.522963748979610843e-01
2.638524637282833041e-01
2.861723890461309594e-01
1.149047687040103627e+00
2.923104357531088882e-01
1.103867667251587914e+00
4.159543007129652969e-01
1.745013817972652648e-01
5.655665265444889123e-01
2.555864193374154936e-01
2.574683661732730111e-01
2.801581280790164663e-01
2.755686998745655591e-01
3.081596552586771121e-01
3.744135411785418643e-01
3.820871940219157659e-01
2.207124225751093682e-01
2.574781350665946156e-01
3.634351611379272318e-01
3.588920854597617005e-01
4.080924330891042007e-01
2.601526341901392869e-01
2.628632217586923669e-01
2.542712656133889193e-01
4.468759428173059156e-01
4.635262932486409748e-01
4.631801939328258344e-01
5.657763936454371922e-01
5.453724209785922872e-01
3.040295557003673821e-01
2.949679243024307951e-01
2.600929254972421667e-01
3.407241155647373065e-01
3.174773463905307680e-01
9.251803340880465631e-01
7.918520568322244824e-01
2.519903774617908709e-01
2.929730715587118839e-01
2.479488166504302538e-01
2.986595407994935836e-01
2.526373991694509935e-01
2.458174132825221569e-01
6.848326780175594264e-01
3.234633133317609821e-01
2.821714597915236378e-01
2.949368112315180479e-01
2.527265205177208762e-01
2.879916614260882857e-01
2.691789743298652615e-01
2.932301680828114376e-01
2.757402789650945651e-01
3.781460672506522513e-01
3.149722144101280152e-01
3.522633183058662132e-01
2.509564591089766261e-01
4.974245765692760779e-01
4.959102805959092475e-01
2.499624486065396556e-01
