2.491747241698375470e-01
2.548135806427994643e-01
2.222190404315309564e-01
3.929489417524397732e-01
1.744316811021589253e-01
3.927795114149248978e-01
2.875920972184145552e-01
2.750237791024666700e-01
2.533502478474033981e-01
3.032576109462500336e-01
2.477823350218818776e-01
2.735434537112425013e-01
2.634329732099652266e-01
4.045870857262516829e-01
2.956273756456274659e-01
2.159647664019266611e-01
2.679985808181930551e-01
3.409363442172358982e-01
2.711656754955771298e-01
2.547204775156340917e-01
2.859196128763064615e-01
1.074662851612657954e+00
2.481127609604620865e-01
2.466377869715122295e-01
6.845358660057367928e-01
3.049222270809948676e-01
2.454155734283227641e-01
3.223286865495966214e-01
2.485606009408018457e-01
2.196347830999366424e-01
8.894065070216994329e-01
8.949635924222070216e-01
2.414154397008005104e-01
2.906265317263473369e-01
3.014253000247760217e-01
3.579490698791298331e-01
2.461149998917351867e-01
2.844840725528898218e-01
4.082503274710627683e-01
2.490693139862563410e-01
3.747451531309255457e-01
4.759135431906313385e-01
2.253013033270954424e-01
2.320415669095154398e-01
3.605820812807056797e-01
9.354294247786946181e-01
8.879511947252481940e-01
3.240251278809350710e-01
4.552218766102185121e-01
2.587244160761547063e-01
2.873278615869508945e-01
2.820523490617913853e-01
2.618870527757107824e-01
2.954719062247651018e-01
2.290095907057080049e-01
2.939076147932166982e-01
2.929070254659045802e-01
2.666840163790608065e-01
2.656459898170888123e-01
2.713007824349200625e-01
2.731019292248244579e-01
2.923480324799646590e-01
2.187136060485997402e-01
2.461671136260885073e-01
2.792368018784331385e-01
2.986851815612283634e-01
2.937642159102482609e-01
2.468612416391394171e-01
3.356227375475114294e-01
2.506956017152692784e-01
2.913883940846117016e-01
2.356927812889915985e-01
6.969627412613309536e-01
2.296222678946284179e-01
3.288307382595798134e-01
2.856106022764658414e-01
2.181085588118321095e-01
2.381127382563605899e-01
2.436207284189530753e-01
3.552799730764616415e-01
4.536937705138372467e-01
2.936352632424995557e-01
3.409844948598164671e-01
3.649088850378117144e-01
2.778347369944769718e-01
3.523147677193874672e-01
3.153276029547524839e-01
2.738742266544607062e-01
2.545790321602018347e-01
2.876992292926068839e-01
2.478619106182690934e-01
2.467652034971523911e-01
4.661911291240401489e-01
2.372759619828256616e-01
2.442715068765370368e-01
3.727484846465535795e-01
2.958771769325935219e-01
3.168517167568030701e-01
3.836926145447490666e-01
4.298434006003683527e-01
3.056870243270689014e-01
4.376559354407960067e-01
3.172921415537263146e-01
4.376559354407960067e-01
3.172921415537263146e-01
2.088787155173702781e-01
2.413165144616918334e-01
3.577801135504426466e-01
2.552168602239171524e-01
2.904817957863165545e-01
2.341257920462596898e-01
3.581422361999567205e-01
1.749578226808193582e-01
3.560751936744763757e-01
2.351407192706147231e-01
3.891336370501791708e-01
2.511332732521195377e-01
3.500409797883492491e-01
3.529546500674322629e-01
6.576382193762255746e-01
6.562612093351795073e-01
2.960720687345860247e-01
2.231603684393204667e-01
3.253383190144136239e-01
2.523314486342965735e-01
4.325790037221010076e-01
4.649248684588864755e-01
2.642221041829416750e-01
4.707448161934962294e-01
2.709699234084009256e-01
3.733199373724968018e-01
3.881366068354926702e-01
3.836833989546368229e-01
3.636579104009768360e-01
3.451036890583344396e-01
3.690399238134340343e-01
2.437571041874491140e-01
2.414154943640330342e-01
3.854323747050482640e-01
3.732174824149934733e-01
2.956902735203918442e-01
2.309332111676610788e-01
1.008575419021955799e+00
3.868556088198204512e-01
1.124127301581102856e+00
3.304353940810824675e-01
3.048704472104245000e-01
3.150189069267068098e-01
2.721581928370931380e-01
2.415537933947748406e-01
2.579165337435720406e-01
1.072986719830928415e+00
2.712800401171927001e-01
9.849360284812266331e-01
2.716560360322740619e-01
1.742495656199609388e-01
6.117153277291229596e-01
2.450252396451260972e-01
3.697178113885633000e-01
3.629392700626809520e-01
3.716250073091281747e-01
2.804741413838743869e-01
2.703562457171808098e-01
2.822409664547526620e-01
2.193893995089172266e-01
3.834337668082424266e-01
3.975170515484795497e-01
3.892195264727662529e-01
4.006978434480348850e-01
2.566965132525465543e-01
2.521873346673632610e-01
2.530295840929971951e-01
2.703350809830582513e-01
2.784810108404676132e-01
2.792851786676173731e-01
6.272738739683630937e-01
7.295639513208538318e-01
3.034284244170905587e-01
2.921678766964932450e-01
2.557788822210652069e-01
3.120326856559793027e-01
3.179510939619237808e-01
8.034667171741368685e-01
7.681624537363216376e-01
3.813828818142701582e-01
2.819977752490780420e-01
2.543277336148875301e-01
2.853851236789131662e-01
2.469220867726767132e-01
2.469003407187810306e-01
6.974040633264337874e-01
2.627814449799196761e-01
4.217837683463977472e-01
2.950070646632905191e-01
2.552311234606114976e-01
3.547441585043641377e-01
2.875380371671458213e-01
3.706556056842287838e-01
2.384597947120949413e-01
2.528848235388001520e-01
4.995864511458905644e-01
4.586932267902572025e-01
2.481687720884389325e-01
4.962614109062021273e-01
4.962237368844306662e-01
2.475784470895570077e-01
