2.504049001484568993e-01
2.610939153174453020e-01
2.251944841160009037e-01
3.621477301160968554e-01
1.736246238774031836e-01
3.747035548693199436e-01
3.285868305610974427e-01
2.823678666453698916e-01
2.537966131814872739e-01
3.039618713341444289e-01
2.462595328557101726e-01
2.898338942352632897e-01
2.512495657401326854e-01
3.965328955504137665e-01
2.954924100819518173e-01
2.277091529816475945e-01
3.065949965342187333e-01
2.961753344780905794e-01
3.353145974078959313e-01
2.554529169117978338e-01
2.855156072931105404e-01
3.876320578436683872e-01
2.488342208042014780e-01
2.462961740857331494e-01
6.092993049149605378e-01
2.531104891448764382e-01
3.092905002221771893e-01
3.330958335568146023e-01
2.317762191251569182e-01
3.385804929261694296e-01
5.002837075125182720e-01
5.229421999984488201e-01
2.940356171474720059e-01
2.847252534021366688e-01
2.423566817994889377e-01
2.460797405729532317e-01
2.807760177358886167e-01
3.080286356635900669e-01
2.454809161721247801e-01
2.616912423572301249e-01
2.736477835587023399e-01
4.826553760922651648e-01
2.216965605170795883e-01
2.193047867317803046e-01
2.873566224404153213e-01
5.311520597731991256e-01
5.935049531850634663e-01
3.390312922596722123e-01
2.856599401632383128e-01
2.716308154088158955e-01
2.627724179888802358e-01
2.664156111530620596e-01
2.830277822273317145e-01
2.960326286388421102e-01
2.210330965653328761e-01
2.813299163174908246e-01
3.069606140357429847e-01
2.487345676997387012e-01
2.877103604183434693e-01
2.988465693543848056e-01
2.575629739822005160e-01
2.980264326067325054e-01
2.143470110432825482e-01
2.916917607657484313e-01
2.675761937371338717e-01
3.887636916495210704e-01
3.853639692225358515e-01
2.622655552478613816e-01
3.146302534370675197e-01
2.992975984094088382e-01
2.962242682259392801e-01
2.201392862689399710e-01
8.080015127788945373e-01
2.328775575888821781e-01
3.340930705537981105e-01
2.856415224195497093e-01
2.222516555715014219e-01
2.394257175835160512e-01
2.394306808308750423e-01
4.377555060311725255e-01
4.406755937492662922e-01
2.944894636089273599e-01
3.428993353207811512e-01
3.733524643511815788e-01
2.706412539887497748e-01
3.497543510195931238e-01
2.848391152426632544e-01
2.562298777793350357e-01
2.538620777855952748e-01
2.861362610435694842e-01
2.483975397178169731e-01
2.462201310785315789e-01
3.389836457927402069e-01
2.780393353761245745e-01
2.568807747743084291e-01
2.872890352133916081e-01
2.901349924202252240e-01
2.213791259240332210e-01
2.441422347913339563e-01
3.614553096704603563e-01
2.938302716818532723e-01
2.806056041168504267e-01
2.612275294052104346e-01
2.806056041168504267e-01
2.612275294052104346e-01
2.155618495813667324e-01
2.547388976238054714e-01
2.999251327426447067e-01
2.926945064914686090e-01
2.957908624942048870e-01
2.223188016629109032e-01
3.027902860182340450e-01
1.749872632088378954e-01
3.607528385331927878e-01
2.649936951473197411e-01
2.926467582514113430e-01
2.494735477779916888e-01
3.518222519939983028e-01
3.328358418453304934e-01
4.546598152796776926e-01
4.406615256012010873e-01
2.959167234232993882e-01
2.272049560222376696e-01
3.445260806463519843e-01
2.702373329695754167e-01
4.597719887405113393e-01
4.541207110229127375e-01
2.623726896848019297e-01
4.133153850138936991e-01
2.820612181910329141e-01
3.610959803233242948e-01
3.554554220846560808e-01
3.312967914289562388e-01
4.274729793157668878e-01
4.270760385934588288e-01
4.070594575220560229e-01
2.689750746725710906e-01
2.554227287162958993e-01
2.664581117108201225e-01
2.841865701958570245e-01
2.970327101025786454e-01
2.161767179439358644e-01
4.262042545119223980e-01
2.741633072876234478e-01
3.416869330968478891e-01
3.125155405393447716e-01
3.106844011590249033e-01
2.679288180027569743e-01
2.652797994525467606e-01
2.433819439345508984e-01
2.747776341689939228e-01
3.271516700829548707e-01
3.590046873145173456e-01
4.239936466712192487e-01
3.267032247253934818e-01
1.734503209860542294e-01
4.965961470932919175e-01
2.568604440467018302e-01
2.747996253579659820e-01
2.852081487345576316e-01
2.837048733849998894e-01
3.292842511934404026e-01
3.401276934321333378e-01
3.439513996251646333e-01
2.328065346959045379e-01
2.437063653854794620e-01
3.312124132283854605e-01
3.418384143456080770e-01
3.242126344292295403e-01
2.564840576187112364e-01
2.544795831946138898e-01
2.531476530799356972e-01
3.953427398957310435e-01
3.968676508392698921e-01
3.985477245396932822e-01
2.558069248625362557e-01
4.291898510791858912e-01
2.431915642429668400e-01
2.838739256291369917e-01
2.257908365508089765e-01
3.044429595479178352e-01
2.886397470725590719e-01
6.879906321516148227e-01
5.629376090752623574e-01
2.803669449560466931e-01
2.600756541325121018e-01
2.549756020013189683e-01
2.866284197520238552e-01
2.473426574582421045e-01
2.451381795841095224e-01
6.819478730366040908e-01
2.453889723999058969e-01
2.637296234322151767e-01
2.923110986010790113e-01
3.089190567204381788e-01
2.977554644315671961e-01
3.273391594402758620e-01
2.704648642599787323e-01
2.609491675565931978e-01
2.776503042233613994e-01
4.952131646508047269e-01
5.040029950578871487e-01
2.457433405863111986e-01
4.961096607193921093e-01
4.962835195449997183e-01
2.468416494083424673e-01
