2.545906773046501814e-01
2.663228628824959587e-01
2.317059702699532653e-01
2.656969134844784364e-01
1.745002479777316706e-01
3.953577901633230640e-01
3.374907250540705173e-01
2.542453849229729945e-01
2.607783161737811661e-01
3.026026461921919042e-01
2.396310894950141601e-01
2.620751754532344435e-01
2.419712514409641801e-01
4.837763555025410556e-01
2.928006380041502377e-01
2.538934422749272724e-01
2.818352639423528094e-01
3.868378990305729181e-01
2.506367600271745544e-01
2.486797541563841862e-01
2.971554844354142855e-01
1.501378005928357018e+00
2.456696990883952270e-01
2.494736333623905344e-01
6.934444943654711757e-01
2.634645192014895554e-01
2.773663607327985781e-01
2.702894160378859212e-01
2.373781918903483390e-01
4.378926000735349766e-01
7.817821976463941169e-01
4.515370985056137987e-01
3.452707028771251352e-01
2.821543313119622698e-01
2.405760929756720901e-01
2.772285499611391590e-01
2.593708168096272026e-01
2.258727176109155410e-01
3.841587359231484200e-01
2.452587913108583428e-01
3.304622994230225208e-01
5.768871047898735949e-01
2.244637715089885244e-01
2.188643656868960174e-01
3.447071890265990257e-01
1.125780195288103469e+00
1.233867256876807650e+00
4.980245472670208340e-01
3.280589901878634973e-01
2.622299399416567756e-01
2.860787188471603515e-01
2.697360190497831156e-01
2.780696574453969672e-01
2.930504403789904178e-01
2.293169007594146047e-01
2.985549507339285147e-01
3.069441437517899662e-01
2.821172444978936600e-01
2.693154482871380484e-01
2.463404443922202758e-01
2.762147752695055525e-01
2.688665369952098483e-01
3.537683509347431809e-01
2.382101613457605349e-01
3.205914128051772227e-01
2.771200382221948311e-01
2.550195372502024327e-01
2.461576259149116930e-01
3.320744966351641958e-01
2.372994702641334497e-01
2.813813693296605689e-01
3.513907842640518475e-01
6.942674447956022066e-01
2.949132638186534594e-01
3.583948559511503373e-01
2.356117745127208618e-01
2.790316243680929786e-01
2.448335105663089484e-01
3.041654110691434654e-01
4.240400982594673129e-01
3.032722933311873814e-01
2.752367650732076565e-01
3.561653018855727160e-01
2.425214457206851526e-01
2.549183146183328641e-01
4.167934455111121927e-01
2.538359471453615623e-01
4.930261103312175708e-01
2.554789160465365527e-01
2.855047997668486159e-01
2.506129912650815750e-01
2.492413922184318897e-01
7.186121930070175079e-01
2.859086372685337718e-01
2.659681648416016841e-01
2.917286069618049149e-01
2.812403465962995397e-01
3.411551344560302401e-01
2.474289362725712593e-01
2.899802896621356818e-01
3.037886062388455155e-01
2.963618344283290296e-01
2.976581649197985180e-01
2.963618344283290296e-01
2.976581649197985180e-01
2.937369795099668002e-01
2.545113779280909205e-01
2.425404664132077837e-01
3.015316801972727223e-01
2.923147232170204557e-01
3.565900107498771177e-01
3.628377056222415464e-01
1.748394849365587922e-01
3.944048674105934960e-01
2.943257158808018081e-01
3.649932536500584690e-01
2.519847829117793370e-01
3.326670134979376470e-01
3.596058084737179250e-01
6.688105866973828029e-01
6.467354144324444221e-01
2.961241418020021388e-01
2.589946759386261288e-01
3.419393241300102138e-01
4.224326339401091035e-01
3.756465558087949130e-01
3.559222869447318804e-01
2.331913497996490336e-01
4.053534402688035998e-01
2.522483242031000050e-01
4.174104211297195999e-01
3.483652694270438777e-01
3.605349684687539913e-01
3.502722352902810088e-01
4.838714652230738378e-01
4.096892763125499770e-01
3.000667745678675113e-01
2.418454856037246248e-01
2.759128254205387432e-01
2.416525884275929070e-01
2.334730464962827545e-01
3.416198284534722740e-01
1.005932478116542628e+00
3.115477725746371163e-01
8.517635631477981084e-01
3.896753220875836532e-01
2.822421154029163270e-01
2.909041434507242396e-01
2.975433971005094769e-01
2.473157315640007736e-01
3.043363994787419147e-01
1.027934887088057359e+00
3.321836158360019220e-01
9.976597198475878336e-01
2.603625434214790202e-01
1.752993346702230171e-01
6.209477080755073652e-01
3.044279836068742862e-01
2.663570910192126218e-01
3.235853450286004240e-01
2.631186516792322627e-01
3.133483235732887340e-01
2.717583035743750264e-01
2.932224621474853743e-01
2.143266756585512633e-01
4.164375252336586231e-01
3.086458562592613863e-01
3.273813489127017085e-01
3.048715997198791494e-01
2.624398978574731256e-01
2.732737087714367519e-01
2.572243561679882218e-01
4.993546009794593288e-01
4.593683434645039476e-01
4.972993129465712592e-01
1.292397407812043042e+00
1.020179003685506514e+00
3.036845719171028524e-01
2.894580301994399973e-01
3.542990597572808209e-01
2.668530730722545319e-01
3.402172005423499401e-01
1.127619585251598888e+00
1.028185550745803534e+00
3.747080695325833433e-01
2.826871609381836903e-01
2.574167445225974959e-01
2.861011966826190189e-01
2.465803350603712751e-01
2.487860716422234109e-01
1.117961818603676383e+00
4.209169107328991632e-01
4.198753896371449357e-01
2.775748141784136203e-01
3.511047072822998660e-01
2.607855471580626805e-01
3.444545689441905201e-01
2.378975460928788310e-01
3.725681012614535659e-01
2.610608004791362680e-01
2.293706773142499822e-01
2.962330693919550950e-01
2.521333729680475533e-01
4.961963927309288036e-01
4.979645162360150090e-01
2.455639596464835039e-01
