2.505396718690949265e-01
2.551414871678029939e-01
2.766249506215781584e-01
3.417675649081711731e-01
1.744775894376468239e-01
2.315114352978351331e-01
3.077009788288579406e-01
2.535890551829357853e-01
2.740623411462909664e-01
3.018223090051649349e-01
2.425587730330732161e-01
2.610787101867815263e-01
2.501800769202895403e-01
4.652481000731246152e-01
2.910398574250567805e-01
2.309887271610150394e-01
3.196375472956082819e-01
2.896952062115951687e-01
3.553711238609289502e-01
2.546183294934851182e-01
2.873053122612888033e-01
3.798243084678858961e-01
2.475379938182104833e-01
2.469075604632313126e-01
5.681578967556527582e-01
2.591034743695217468e-01
3.024105001733645715e-01
3.248004676908824440e-01
2.423902361384951964e-01
2.670331108428765088e-01
6.371878050602631793e-01
6.213847832942698268e-01
2.981195619284989218e-01
2.646759430941056923e-01
2.410239510617324110e-01
2.751538878204956573e-01
2.586200897159665613e-01
3.029682593689009829e-01
2.863538615159717526e-01
2.840955535302730484e-01
3.241895888585363816e-01
4.801468746377124952e-01
2.237722733993010582e-01
2.216697781558230052e-01
2.793381303414406713e-01
5.646257554949963842e-01
4.167613816676180583e-01
3.400453718050040486e-01
4.187515732624043641e-01
2.845032668064936821e-01
2.569340925184901980e-01
2.657330068051632077e-01
3.026334230791570823e-01
2.949182944704500930e-01
2.402064034177229246e-01
2.777167998569733398e-01
3.383644739279298985e-01
2.552522175840956087e-01
2.589609763484390093e-01
2.836947449891180639e-01
2.862374843302166183e-01
2.982240959256569623e-01
2.137733004602452025e-01
2.840125045279504046e-01
2.908208733763911757e-01
3.233671015653462044e-01
3.341554123978811575e-01
2.554659779786765395e-01
3.337752083856352359e-01
3.375510708192712150e-01
2.987150203809816884e-01
2.174514882956325446e-01
6.512217533416725379e-01
2.330601306312346799e-01
3.297717211767701162e-01
2.889240446490689562e-01
2.224158593636852421e-01
2.392835599441090755e-01
2.428315595080999534e-01
4.448455224823553711e-01
4.307575186893200514e-01
2.953194487257501111e-01
3.412761807076736820e-01
3.730141595327524096e-01
2.586510704329232913e-01
4.169616775922664886e-01
2.785630530621773238e-01
2.674600228812801239e-01
2.585424153539017667e-01
2.841486151798681137e-01
2.468623405203495824e-01
2.458553426859755586e-01
3.241721542878785445e-01
2.966545524706044601e-01
2.516662343593752960e-01
2.952417492505653440e-01
2.888311667774072222e-01
2.244789107872648404e-01
2.457970596684076192e-01
3.393937761901113515e-01
3.429011901527448392e-01
2.770497059331845091e-01
2.404045507086695621e-01
2.770497059331845091e-01
2.404045507086695621e-01
2.072244747339614390e-01
2.582850864345228592e-01
2.773820204091889674e-01
2.820097014375219091e-01
2.951608169647583768e-01
2.168344708550537236e-01
3.005094848918593020e-01
1.759031381779975756e-01
3.675956144906186718e-01
2.819477242602008160e-01
3.395321560597968635e-01
2.482917215737802386e-01
3.870674308571207534e-01
3.707290627739661115e-01
5.607785233287567728e-01
4.884300560304208338e-01
2.964176132811285891e-01
2.230307602267545541e-01
3.857882269971637523e-01
2.752804284835239645e-01
4.167791923567901735e-01
4.988089773504072455e-01
2.678239371523623014e-01
5.109718389084169088e-01
2.648791941010923967e-01
3.920204347198349426e-01
3.811145008067732265e-01
3.873377783630600479e-01
4.244603710968924415e-01
4.252482182310626246e-01
4.402887920582723158e-01
2.527385306599679304e-01
2.750870339346668803e-01
2.933041743843001203e-01
2.640316566956377176e-01
2.946553565214443671e-01
2.173575533029810103e-01
5.792888056772628191e-01
2.598658311521196418e-01
5.863692657274970355e-01
2.667899120914303812e-01
3.181218284224381354e-01
3.083933386342703753e-01
2.693396618465295211e-01
2.368759036577750832e-01
2.610682964399498873e-01
4.728225896942351292e-01
3.482493372082521299e-01
3.451678993615501234e-01
3.646196589763308626e-01
1.736375505110624995e-01
8.885784198370214604e-01
2.646049134481475718e-01
2.748262781904455276e-01
2.910812897849130443e-01
2.857993692068807046e-01
3.134161004809440931e-01
3.038644330925571180e-01
3.356767477818802248e-01
2.182888408399851765e-01
2.897263481431435750e-01
3.894464248726500211e-01
3.716239477554065251e-01
3.609530753264260095e-01
2.591523749217933825e-01
2.625153676167527039e-01
2.517943505639390622e-01
4.578825828942955645e-01
4.699539829312464612e-01
4.742118081684875142e-01
2.570053980285578743e-01
5.031290094105305144e-01
2.460230639502570538e-01
2.900071146383103038e-01
2.131558273001150083e-01
2.731450022796079735e-01
2.435861188033122682e-01
7.078858333169438799e-01
8.051870058583869838e-01
3.140358284516464038e-01
3.580501893581502504e-01
2.569628529920366944e-01
2.822302084937841626e-01
2.482231519248853102e-01
2.440033512274662197e-01
8.960100289360786174e-01
2.763281876934381431e-01
2.982196307512013922e-01
2.929061360673024805e-01
3.001846629602148431e-01
2.620239783364647357e-01
3.125746603564751869e-01
2.609223953398911999e-01
2.794584015945070221e-01
2.772487771254670275e-01
4.702907049418822982e-01
4.664171804532125654e-01
2.464350509973112502e-01
4.952876627999791559e-01
4.969436324235403379e-01
2.486213228085853155e-01
