2.683154802083145274e-01
2.742373144371410554e-01
2.299845584833463685e-01
4.235984224363355533e-01
1.740448018744251701e-01
3.521990643187746239e-01
3.140137416436645235e-01
2.416934329042726703e-01
2.845985236964208576e-01
2.827994064630965365e-01
2.340340170943384646e-01
2.508644831179547285e-01
2.493721405426528870e-01
4.416166371932548906e-01
2.837586590592489078e-01
2.427900787034021624e-01
3.706446658165100105e-01
2.847182342019614065e-01
2.597776658406669714e-01
2.504816128642470829e-01
2.852223182330639317e-01
5.887031585248235777e-01
2.488154625551022014e-01
2.461279693597466511e-01
6.759328850101971042e-01
2.698654888129930485e-01
2.670033906469911900e-01
3.437020082565460100e-01
2.483316510060812887e-01
2.489366527336482615e-01
1.082391698940410540e+00
7.427861509108453220e-01
2.527704760463730382e-01
2.663469207106213266e-01
2.632791221096072443e-01
2.713371051827962455e-01
2.648271838263715483e-01
2.857278800329881574e-01
3.158544680920117309e-01
2.620209861731301881e-01
3.730210112557721946e-01
4.893173118024787271e-01
2.112419837094126340e-01
2.157906869223230051e-01
3.334430803760499162e-01
4.833579363632644066e-01
3.459122864176026879e-01
3.511552121249206238e-01
4.543705667656302571e-01
2.974770631723432368e-01
2.662388163278742170e-01
2.369637221967247076e-01
2.957481511264049012e-01
2.982665861391161632e-01
2.253195302726764826e-01
2.676415461704360621e-01
3.512082293269338518e-01
2.575880710235974314e-01
2.881204276000427500e-01
2.832919315395329152e-01
2.629288747661402414e-01
2.944561337189611772e-01
2.141485921566626260e-01
2.568573795446581487e-01
2.626566444966448866e-01
4.170962281051758813e-01
3.395457099317935601e-01
2.449049312723695360e-01
3.107497011322441494e-01
3.666825374933624371e-01
2.997507191454595321e-01
2.409310312730802706e-01
6.352720640616769110e-01
2.399559802096304650e-01
3.413618766187441755e-01
2.814026781099400742e-01
2.266035485259606241e-01
2.505298224331799495e-01
2.522255845204731117e-01
3.921642372331247128e-01
3.314750209078177745e-01
2.953608931648565861e-01
3.378725910576805269e-01
3.131189403790978210e-01
2.693276270800540884e-01
3.520707696451754742e-01
3.047063453796325372e-01
2.859430584122261143e-01
2.540965233812916835e-01
2.815961422129051317e-01
2.462630557245357454e-01
2.438915064019145096e-01
4.518740778189919705e-01
2.929491232772623577e-01
2.534524955815566361e-01
2.938021464142705486e-01
2.886763886369114185e-01
2.372260884555492666e-01
2.510479130820968963e-01
3.742047830943920905e-01
3.050978389706651694e-01
2.593438571050036279e-01
2.532326424534832032e-01
2.593438571050036279e-01
2.532326424534832032e-01
2.183396024489742404e-01
2.712157431751865411e-01
2.803525462467083007e-01
2.506166166034631826e-01
2.995478159249316263e-01
2.166246450792142508e-01
2.859135301639071369e-01
1.743648959199622650e-01
3.200816238608727993e-01
2.663885698388786527e-01
4.267831824995123036e-01
2.407695030991818808e-01
3.893159178974033852e-01
3.696483989248915414e-01
5.428337667544391731e-01
4.400048749556921268e-01
2.953228586470115213e-01
2.267867445287752581e-01
3.894830765114105087e-01
2.346653307195331051e-01
5.010290440619999952e-01
3.535106682428043601e-01
2.592856616139085912e-01
4.622840289951800075e-01
2.770279131114029569e-01
4.021792663143831659e-01
3.352979569425532658e-01
4.116965085291164894e-01
4.174893911308791283e-01
4.748124136104039938e-01
4.427800279611003309e-01
2.526740055865551171e-01
2.823708223769315628e-01
3.240301449887501017e-01
2.799590901180576963e-01
2.970508299525591589e-01
2.272352924128402119e-01
3.220355361941145134e-01
2.842959562704642784e-01
4.276229081881251504e-01
2.607217017452586050e-01
3.116192041364712617e-01
2.719326138179357644e-01
2.579847881029480594e-01
2.492085765449731372e-01
2.692127299847664745e-01
3.879712284941022049e-01
3.034053084517549514e-01
2.738800484958426873e-01
4.005090629991222562e-01
1.740026681649139428e-01
8.161954242929582160e-01
2.564448211956896206e-01
2.903132151400674155e-01
3.077153214630827804e-01
3.229118779570888109e-01
3.422296505402931399e-01
2.762556439710136535e-01
2.970600952896753078e-01
2.142344866251876812e-01
2.409114589216913294e-01
4.044422699096756335e-01
3.795902471092119645e-01
3.777356163872602757e-01
2.501876992810889710e-01
2.599631301287768093e-01
2.550582813023366535e-01
3.573345767238140791e-01
3.812241471808467952e-01
3.631788145052382011e-01
3.042507901429288286e-01
5.760398287536975248e-01
2.475421698597258247e-01
2.880403222025760268e-01
3.347123111600660561e-01
3.339391579534815579e-01
2.438369687854564927e-01
6.511755457776636780e-01
8.787208291524589709e-01
2.750403826365509508e-01
3.572537932871480693e-01
2.516444244901508975e-01
2.926500815966400770e-01
2.483520625213148092e-01
2.405799772155910732e-01
7.948736915909834222e-01
2.805524206389955477e-01
3.123503549914683486e-01
2.919909160550935301e-01
2.843014468964918384e-01
2.525253837954358205e-01
2.546074720874993980e-01
2.736792281214075473e-01
3.452560809113385809e-01
3.616664234774753517e-01
4.080120542217451907e-01
2.992507835502953850e-01
2.476548050150079450e-01
4.965159508820914946e-01
4.964000062297642124e-01
2.485133372842973087e-01
