2.531079919079128326e-01
2.485200580269565362e-01
2.789716410525513446e-01
2.687728005785496310e-01
1.743050050483891666e-01
2.560972785749939806e-01
2.707748830770291826e-01
2.685416778922607439e-01
3.017043950023476362e-01
3.052989743169473025e-01
2.523931307236602084e-01
2.451446521742975115e-01
2.644069110217237006e-01
2.729736962940730871e-01
2.834292784080444383e-01
2.230352361796826555e-01
2.727287146000044182e-01
3.872587614691031521e-01
3.567752597416224414e-01
2.476033412192185368e-01
2.874719573926785010e-01
8.584056637822317093e-01
2.446122645372816873e-01
2.505220765168876262e-01
6.676521908967490981e-01
2.603545160319322149e-01
2.955070370778399291e-01
2.696210773355056656e-01
2.207018984288156849e-01
3.327819214276416249e-01
8.418000057595985686e-01
8.163112483757747340e-01
2.923081625054931854e-01
2.963055634730171195e-01
2.535193900609604700e-01
2.890403845221736767e-01
2.668740119411837086e-01
2.947143302478226201e-01
3.076267655528223677e-01
3.017025557914886913e-01
3.450056827696404982e-01
4.921680142702556937e-01
2.168548813423663291e-01
2.111014498208904355e-01
2.676616260611062725e-01
6.037257136951467151e-01
7.379819811831491716e-01
3.520897753549366294e-01
5.063709440375583348e-01
2.707196106430959093e-01
2.801916131188048609e-01
2.565491002739435644e-01
2.650413088010043494e-01
2.958947010143938017e-01
2.276933888980759713e-01
2.849451937256919920e-01
3.145181796641053906e-01
2.525157116660291523e-01
2.827147573177335449e-01
3.104823478998927078e-01
2.677134031587413143e-01
2.992556961478707866e-01
2.045957947547878686e-01
3.019799152180898671e-01
2.746548448301689427e-01
2.923082974990524052e-01
3.621415049534216224e-01
2.621161018690632005e-01
3.337822697922749882e-01
3.681261610650035099e-01
2.942760022152020594e-01
2.235118297678697352e-01
7.596222808611940991e-01
2.232713592177463791e-01
3.342154372216483704e-01
2.850176283128509902e-01
2.174332985297915133e-01
2.434591586422666099e-01
2.462350962346002425e-01
4.463791390934965242e-01
4.310297468036108914e-01
2.947131640662712382e-01
3.457672087465269994e-01
3.678179999164182257e-01
2.652846167510382047e-01
4.158209709949695077e-01
2.755623567029316656e-01
2.400359408062471833e-01
2.557116455484398920e-01
2.828176488560033008e-01
2.475761718448019622e-01
2.457095706318285777e-01
3.164438225927310167e-01
2.690498525893377235e-01
2.559328245125564449e-01
2.702546627578517047e-01
2.949836668304977594e-01
2.188012611774810823e-01
2.503380896556314794e-01
4.128524311398744095e-01
2.863921494242159249e-01
3.206407639932952747e-01
2.669556754624371475e-01
3.206407639932952747e-01
2.669556754624371475e-01
2.236932452392839943e-01
2.578965304317816787e-01
3.706493483776699405e-01
2.902778988321402243e-01
2.976292344246092014e-01
2.173392043751678215e-01
3.032061544078495929e-01
1.747139046450132960e-01
3.586433181951958482e-01
2.438761240574616185e-01
2.783641152590871082e-01
2.542909658186544575e-01
3.817532144892448742e-01
3.735840274014988749e-01
4.499835637680824618e-01
4.554694947064281685e-01
2.977650659885831552e-01
2.301660762679851868e-01
3.823456047307972061e-01
2.832797558149989237e-01
4.764742620310973842e-01
5.639547206397480528e-01
2.437194858572700185e-01
5.116367775462257184e-01
2.641044842777751644e-01
4.412229508065076411e-01
3.766384853909222064e-01
3.599903034109473432e-01
4.275008125575527340e-01
4.031516628252221901e-01
4.798771658371416837e-01
2.408308133606274770e-01
2.574690385689142325e-01
3.138904202509351093e-01
3.024441587390143127e-01
2.986961935631610165e-01
2.159451164921042388e-01
3.219122161229731605e-01
3.274405633978053620e-01
3.015939549611509340e-01
3.024331716087080846e-01
2.965230915343128326e-01
2.832477626561348827e-01
2.693160157566891755e-01
2.483989558352524829e-01
2.701149593833035434e-01
3.258113177769513258e-01
2.823431531320352850e-01
3.490059108983054048e-01
3.322170794166136587e-01
1.726655312605226145e-01
3.307269017458597804e-01
2.542187561237131965e-01
2.570926975511946266e-01
2.723642604689217039e-01
2.854628096993966357e-01
3.453980429354852055e-01
3.769700342155544170e-01
4.100115824999632785e-01
2.421486179864507371e-01
2.322667940597442915e-01
3.753784224963138128e-01
3.640815308756570889e-01
3.982077683545683366e-01
2.801614106928832504e-01
2.490066868295261748e-01
2.489242077927869556e-01
4.439706309971990228e-01
4.190480197731587531e-01
4.768363773540837403e-01
2.464575174557975812e-01
3.080005567195961969e-01
2.347746031941227995e-01
2.910653671008014975e-01
3.497471893438471313e-01
2.601766589289214449e-01
3.641427534675517608e-01
3.601853690941029251e-01
3.279376507026239285e-01
3.747567233827741040e-01
2.872551405198944252e-01
2.556487808380827897e-01
2.827982773831725360e-01
2.496975992154350232e-01
2.461663898747822044e-01
1.160127557520792996e+00
4.259034926784283637e-01
4.227045522381674969e-01
2.857381254130501036e-01
3.099281949740701481e-01
2.543619694992034219e-01
3.606385582171464099e-01
2.491139357460302461e-01
2.891150062943780297e-01
2.622134006354518987e-01
2.396835731231569955e-01
3.525321891518545248e-01
2.486128225697711303e-01
4.951752632256617437e-01
4.954771769509448420e-01
2.485537810314961960e-01
