2.505834634626110113e-01
2.467900065140168353e-01
3.509799358386286317e-01
3.567389173903503519e-01
1.739947782309703150e-01
2.059442087983996417e-01
3.680681429418051764e-01
2.671657834980469270e-01
2.463769934224523950e-01
3.060267445886721838e-01
2.468755696268892241e-01
3.023324859418722310e-01
2.429732478386068539e-01
4.156075283883991500e-01
2.196027996111249159e-01
2.069000003017030520e-01
3.023623875595572441e-01
3.857288807021015398e-01
4.080276412799565544e-01
2.537836579101432899e-01
2.854320484867767793e-01
1.082657174745401907e+00
2.514650051536009845e-01
2.428591600011344720e-01
8.018571430579560788e-01
3.029189538366233725e-01
2.641232942104480563e-01
2.741030752305499973e-01
2.214888638729553272e-01
3.190332501585591563e-01
4.728691925609240232e-01
5.164463931109467554e-01
2.460171158209162878e-01
3.006244945210284070e-01
3.045525196609591423e-01
3.672950552606634167e-01
2.593572015684239007e-01
2.378153539010293416e-01
3.693764266483144376e-01
3.025094895225397540e-01
3.326989212684772768e-01
5.792187450079537836e-01
2.167869979395325719e-01
2.167978804602169185e-01
2.565780901664782565e-01
6.333082943459940051e-01
5.897765643959381743e-01
3.106138178701439156e-01
5.032633848131734533e-01
2.481718028599520787e-01
2.689475055221136612e-01
3.216788996360940289e-01
2.816372366575909947e-01
2.941744355598173710e-01
2.320950639515718117e-01
2.800553466818110904e-01
2.763749327224749308e-01
2.742668144702521960e-01
2.574333195543757058e-01
2.577735785057395090e-01
2.758879842674182847e-01
2.979064292975426853e-01
2.178929278600457431e-01
2.524656130190322534e-01
3.142845744064234337e-01
2.866619469368489881e-01
3.140524303543945073e-01
2.697597459233448958e-01
3.274118865439146764e-01
3.055936106815744790e-01
2.952697578531696121e-01
2.233070205249287621e-01
7.429240627535945718e-01
2.256184580112862159e-01
3.390546327858065534e-01
2.853392361012353495e-01
2.217246186510510864e-01
2.408588713631806821e-01
2.459565392419880703e-01
4.354877550279128151e-01
4.400812082657727387e-01
2.954151385301846955e-01
3.299662038860886049e-01
3.793869037207678874e-01
2.978259080932124658e-01
2.772421030504878536e-01
2.984176039930077073e-01
3.044767712198933607e-01
2.567908922766372615e-01
2.820624548541817989e-01
2.502570633513756526e-01
2.491476648167479657e-01
4.595749681051327640e-01
2.579195236924822776e-01
2.547221875265672231e-01
3.210848164426509666e-01
2.953442343846838236e-01
2.293116211334245980e-01
2.777410598762587446e-01
2.559897726899373338e-01
3.034092455468809235e-01
3.108926164460003583e-01
2.726724359595566471e-01
3.108926164460003583e-01
2.726724359595566471e-01
2.046830600876117234e-01
2.504498882978605234e-01
2.720930487310654344e-01
2.911832401045419405e-01
2.953328849313883731e-01
2.229732483471944249e-01
2.913140185207057087e-01
1.745748089435185668e-01
3.755532438130793071e-01
2.709873711211004399e-01
3.059183961305520505e-01
2.397011786559222202e-01
3.295865143605752889e-01
2.626231763891480053e-01
5.168778502303136291e-01
4.967836450073648269e-01
2.942610351751197006e-01
2.321768812404412519e-01
3.222939330295168103e-01
4.053191060821517699e-01
5.723066911060311623e-01
3.108453889381395663e-01
4.902188312557008709e-01
2.515470447163557499e-01
4.622025937269803042e-01
2.741923855296248824e-01
2.729271321729302424e-01
2.986499625378539746e-01
4.689839504541848947e-01
4.304537369742605368e-01
4.350191851599790049e-01
2.494711075997087246e-01
2.784345688488795156e-01
3.130639544528062701e-01
2.436756614347463934e-01
2.963867892945338811e-01
2.114909861052661766e-01
4.300115994092679750e-01
2.954381007929210434e-01
4.579300828448896188e-01
2.735654035425370001e-01
2.812098352721305594e-01
2.761040958444492266e-01
2.882295056333078476e-01
2.477042789074110074e-01
2.818811357516867178e-01
3.183476212407692629e-01
2.713462557787373886e-01
4.777965470566891137e-01
3.799530264285475578e-01
1.734118759724674885e-01
4.410034214291171928e-01
2.629364723216941480e-01
2.925121180579179914e-01
2.807931322459226164e-01
2.813341585403694167e-01
3.819476066072788334e-01
2.939517041274974929e-01
3.385269638679169191e-01
2.257920946558370501e-01
2.113768817155316504e-01
3.143389067455767405e-01
3.270948818278018866e-01
3.642680438276963972e-01
2.441943217992539050e-01
2.680018736708911220e-01
2.569024444455093037e-01
3.836706082548949626e-01
4.255232967271189715e-01
4.327642839346461656e-01
3.722329723144782165e-01
3.042151472541260726e-01
2.311255511950620067e-01
2.838355740663700555e-01
2.071323157035311335e-01
3.074090912023667577e-01
2.926170344668951318e-01
4.291517134579754811e-01
3.844199849851356876e-01
2.911418525301110449e-01
3.004878419044803572e-01
2.591654605271824230e-01
2.802885415415780068e-01
2.503527878971932852e-01
2.435607007233562826e-01
1.210728705259384252e+00
2.873085910876817528e-01
3.825879726010155690e-01
2.260723324036511273e-01
3.004778238671916846e-01
2.494011987290767340e-01
3.399894598478738761e-01
2.634462425726256107e-01
3.096920160450951087e-01
3.919331423248986757e-01
3.561606980466777150e-01
3.513795056117653970e-01
2.458146211686235705e-01
4.945230072216734163e-01
4.965430573907155809e-01
2.431393737346790596e-01
