2.516782910317078015e-01
2.640370128967964303e-01
3.590489767354266837e-01
3.371109186721191198e-01
1.734660951646576632e-01
2.279770037218101231e-01
2.739118882047508752e-01
2.663481744077748625e-01
2.986251221223031882e-01
2.767400733765915111e-01
2.534300976165120289e-01
2.613545399765179744e-01
2.780909495254199060e-01
4.798108850370145229e-01
2.907520841055577510e-01
2.334615722114040393e-01
3.244977498782729008e-01
3.147737174093386270e-01
3.533679244330903413e-01
2.560473139114049501e-01
2.846280069442979621e-01
4.502330269950503561e-01
2.477519657248418439e-01
2.470048241525731880e-01
7.031137108306895200e-01
2.466891734170124639e-01
3.190971491394005155e-01
3.010757842518358984e-01
2.383575683102588660e-01
3.177846223476494814e-01
5.145282619391877699e-01
5.035870511872214683e-01
2.704444421532964937e-01
2.728204555110441132e-01
2.697418142105290073e-01
2.830096273593005751e-01
2.611725268409622047e-01
3.238056468822256839e-01
3.032797912849469757e-01
2.941143857465693401e-01
3.493101561944371714e-01
4.779778404571604633e-01
2.191950463523978376e-01
2.199467861176775119e-01
2.613899733844934348e-01
5.452751491682906737e-01
3.851868908319466822e-01
3.124948678418945636e-01
5.030399854131372139e-01
2.753371176886763028e-01
2.660027605376141802e-01
2.606985820166481393e-01
2.804743222162877636e-01
2.938207123217446148e-01
2.398885234243683939e-01
2.952097803900970985e-01
3.371170592128213128e-01
2.490681234310297421e-01
2.590057394443366912e-01
3.033950706711777134e-01
2.847939976694596753e-01
2.977061866107394983e-01
2.135460465597241453e-01
3.002212799664821796e-01
2.841484093958235868e-01
3.095611460569832052e-01
3.138317549224212133e-01
2.441597494420276182e-01
3.296772402314585571e-01
2.780208383119549542e-01
2.967026878385591315e-01
2.126667257818855017e-01
5.526799546928261586e-01
2.344043207607369728e-01
3.317576776141643591e-01
2.854722705893527612e-01
2.227055223229417458e-01
2.407977981542111789e-01
2.394840452077039439e-01
4.387295412525591964e-01
4.383579966526696126e-01
2.937992739376324991e-01
3.329850550035988732e-01
3.746033840371541523e-01
2.675172378323859013e-01
3.806279250358149402e-01
2.890916350624388453e-01
2.585245190191494125e-01
2.537443371276771886e-01
2.878432819365177031e-01
2.472622325719819603e-01
2.465341119184730478e-01
3.237401784322527787e-01
2.584779298368082845e-01
2.708277967772816930e-01
2.758944608503398621e-01
2.845967043301078636e-01
2.250115744948676111e-01
2.462026781931133113e-01
3.711062687111981173e-01
2.686124140757110146e-01
3.554814505814920533e-01
2.841655525789281156e-01
3.554814505814920533e-01
2.841655525789281156e-01
2.178190855452164232e-01
2.416305340190294526e-01
2.558633373199845629e-01
3.124934105507473636e-01
2.954656389269420536e-01
2.171456109820298908e-01
3.436394442385348191e-01
1.748649463622344302e-01
3.858688456422431079e-01
3.067695358565517560e-01
2.939420802582952130e-01
2.477697568415263285e-01
3.825029496331373569e-01
3.608207213898654842e-01
5.636786980997851026e-01
5.863029556135134213e-01
2.973297696348077279e-01
2.283600197393464148e-01
3.663889701607861982e-01
2.627540149704850614e-01
4.747706177023062191e-01
4.612186489524688904e-01
2.496624722392055962e-01
4.519912446530930938e-01
2.732436559480078131e-01
3.287072093265719919e-01
3.814739516891599846e-01
3.658629488275259578e-01
4.097395385840801874e-01
4.201354850366337268e-01
4.265220543883601612e-01
2.991303706527622674e-01
2.500358041225406724e-01
2.756407915226518623e-01
2.744538942095735012e-01
2.991533956507879677e-01
2.059815079869529442e-01
4.139489593973656456e-01
2.541589938342804778e-01
3.627657121967530762e-01
3.507308068140589374e-01
3.306433487817007633e-01
2.831528017968621969e-01
2.581191174600879767e-01
2.399589937839611831e-01
2.664447545620878266e-01
4.928137050707808164e-01
3.481921603131309939e-01
5.157679460763446855e-01
3.075309953210259573e-01
1.747690594671498787e-01
7.570530273970160762e-01
2.487963353006476253e-01
2.872791526995782663e-01
2.798172798703675856e-01
2.641421192699857645e-01
3.679955944842439042e-01
2.923875290823793605e-01
3.385799145774668339e-01
2.248229574195841074e-01
2.950306292142317321e-01
3.493552984963451680e-01
3.864024451688105044e-01
3.893553084137548193e-01
2.592696021689301356e-01
2.583005897872589496e-01
2.594255521487748295e-01
4.628191859943736053e-01
4.593784869742920107e-01
5.021926217373204882e-01
2.545366030329136997e-01
3.798458475833922932e-01
2.449128909637870444e-01
2.767620742271473255e-01
2.141673041775805642e-01
2.653808839245314632e-01
2.598882089234006987e-01
8.623650884145904749e-01
7.716483737603961890e-01
3.460917724405012663e-01
3.359885414239038304e-01
2.587392596676377776e-01
2.785572818652433114e-01
2.476322276071157846e-01
2.408111014866514410e-01
8.257977299683492145e-01
2.616499165244412506e-01
3.047289011337510622e-01
2.943700297886543971e-01
2.705206429795124490e-01
3.007889373446249182e-01
3.186227196161974806e-01
2.772098224419476953e-01
2.534989286943813425e-01
2.861837904804237498e-01
4.979310436848104482e-01
4.878439407782218518e-01
2.474349173998063034e-01
4.961094389523509340e-01
4.971929150494131533e-01
2.470316281697565730e-01
