3.037042324252012260e-01
3.172438656703807647e-01
3.616541038280589593e-01
2.205836399322590180e-01
1.784880515457336891e-01
2.739372245076099333e-01
2.710367007137131634e-01
2.932647600350046790e-01
3.604190625199625853e-01
3.008895264526371682e-01
2.380721325292069479e-01
2.231164501469171668e-01
3.000781733625123016e-01
4.956522388958184422e-01
2.986547313942330972e-01
2.116534573226498128e-01
3.868243989022940865e-01
2.576592861278370616e-01
3.911893334038350489e-01
2.501852539244203699e-01
2.910195209294733631e-01
6.511259235176978244e-01
2.348919703978348261e-01
2.594655757479489289e-01
5.568756411008410900e-01
3.049498340431998633e-01
2.488648986066536450e-01
2.540218020061228432e-01
2.239061884319999141e-01
3.108651446485994896e-01
8.064822811544478665e-01
8.084889267682583425e-01
3.129244913276063578e-01
2.372473970251611219e-01
2.408287638457501656e-01
2.772612171329921771e-01
2.934213729424239858e-01
2.422510168510358386e-01
4.190798206886331978e-01
3.028005016190299936e-01
3.581316329668943199e-01
4.921539062942100196e-01
2.290704160140948353e-01
2.259160750665391570e-01
2.626461161568627301e-01
5.664056462213008514e-01
7.141440036161216254e-01
3.929210472894126838e-01
5.138472260487466636e-01
3.045025553878488722e-01
2.452118868472753510e-01
2.485524014447219598e-01
2.936416952014974657e-01
2.988255081961688764e-01
2.155665170164975664e-01
2.573915783880157959e-01
3.712011347848853671e-01
2.529952479342636451e-01
3.006203378784447211e-01
3.095630627522570344e-01
2.522894566751044954e-01
3.002117575252900572e-01
1.979105424340741326e-01
3.228444468126632216e-01
2.916882330504370624e-01
4.773606859821176163e-01
4.902627930374616749e-01
3.045124145146889116e-01
3.177937076650908521e-01
3.775927133610554320e-01
2.968498712966460285e-01
3.566348181003584084e-01
8.712434725578555028e-01
2.729496012514792680e-01
3.440251385734576228e-01
2.887713274918702888e-01
2.228077728956599501e-01
2.420354934250278089e-01
2.404309454365019250e-01
4.451148735062534501e-01
4.567717983086359568e-01
2.885647184606978111e-01
3.545648701947260450e-01
3.645108963527747270e-01
2.671341931264715752e-01
4.235303102156289801e-01
2.746544543995267373e-01
2.513168289712688352e-01
2.470170338011935807e-01
2.987838739596272997e-01
2.524829145528484364e-01
2.451696885777765733e-01
3.528020269752183968e-01
2.364316079427395689e-01
3.062651824717849136e-01
2.522031364474754400e-01
2.775651196173951618e-01
2.107656381172953730e-01
2.645392193121915425e-01
4.340139644019129217e-01
2.366228801467432918e-01
4.544051925967761973e-01
4.437239895210680074e-01
4.544051925967761973e-01
4.437239895210680074e-01
2.540374429651399701e-01
2.488619041936326326e-01
4.261003162209017203e-01
3.825250738817473906e-01
2.958342769832172925e-01
2.239481439868679369e-01
3.161423240395326295e-01
1.756702140478383078e-01
3.777149084917182931e-01
2.723406270643237703e-01
4.040362418682426626e-01
2.497060175836219309e-01
3.112429569548440522e-01
2.266362465443116925e-01
5.032090001351613440e-01
5.903768226127081853e-01
2.906353488350602032e-01
2.160786820906215044e-01
3.462396785192768389e-01
4.195206745514342139e-01
6.313991565211317658e-01
4.628901867724338204e-01
4.740438974905384351e-01
2.823899305471367915e-01
4.732948551225357736e-01
4.260239488925989804e-01
2.761942527217293719e-01
3.290602448504925670e-01
5.158703688588773817e-01
5.078859056226480151e-01
4.254023060997980665e-01
2.501026754672313612e-01
2.423040918299546875e-01
3.723596099992365072e-01
3.774314869057935340e-01
2.943749719735013759e-01
2.212841588538355386e-01
5.047666475690563148e-01
3.945676785084318849e-01
5.705156932086522525e-01
3.223728916587061399e-01
2.539595918748373538e-01
3.135118901520195234e-01
2.784991319790630637e-01
3.075904928396689941e-01
2.472861645018000765e-01
6.769763406667050898e-01
2.373397739759594560e-01
6.253479313490882818e-01
3.296599748329809842e-01
1.815399936998115527e-01
1.011800110298637145e+00
2.571068109573799165e-01
2.883864715439611315e-01
3.579974451535090085e-01
2.309018972344458465e-01
3.753104249668955394e-01
3.816522862748845668e-01
4.328958233497985364e-01
2.250835561014834507e-01
3.262609033212516829e-01
4.937207689875909855e-01
5.111712221808244472e-01
4.029873187418639979e-01
3.023164006438192053e-01
2.518903611198690107e-01
2.429958227144754790e-01
5.333695799142337268e-01
4.687365422155294059e-01
5.481147891523171500e-01
2.636737836995709516e-01
6.474802092662721442e-01
2.279784865521912174e-01
2.817119574092794565e-01
2.177382701449667446e-01
3.776385020634792644e-01
2.668884140210256994e-01
7.269398393632900968e-01
9.381008927930734043e-01
2.584772260662995258e-01
3.553950469085893626e-01
2.428377195014194412e-01
2.980947783124658357e-01
2.388220954558959996e-01
2.616224937525259975e-01
7.005189384885193160e-01
2.555054262003537691e-01
4.290207910181674245e-01
2.906288266055125358e-01
2.546458297050445685e-01
3.544472192154168866e-01
3.340301788959199047e-01
3.756156072870021068e-01
2.360576612022426413e-01
2.946874506947210759e-01
5.075728615991632608e-01
4.864550774999816252e-01
2.488411238546300863e-01
4.997922521913911176e-01
4.903455313019533524e-01
2.430545508576456570e-01
