2.465576059371658579e-01
2.552087023223461593e-01
2.252879857554583864e-01
4.099613249816203009e-01
1.751458650620875412e-01
4.082721587064560564e-01
3.075988447159812011e-01
2.677660638979420527e-01
2.570941682854325783e-01
3.034806326227794671e-01
2.434441792137981286e-01
2.811577711695949500e-01
2.608373134562567142e-01
2.807887442001329448e-01
2.927371790262954243e-01
2.188630973208068875e-01
3.454105617673121076e-01
2.753378090809683321e-01
2.891178570865732267e-01
2.542284567853868582e-01
2.869170064798151065e-01
1.042667824852277603e+00
2.495561083167367744e-01
2.451757776385560250e-01
7.396219717693908180e-01
3.055835211000853535e-01
2.415645119398190932e-01
3.188444659380308965e-01
2.452166552355416196e-01
2.229509258300609864e-01
7.940089630891354888e-01
8.277698145748777492e-01
2.368270694336893356e-01
2.902693751806344480e-01
3.019252894679739230e-01
3.638747542570103799e-01
2.489399734458387914e-01
2.715902876179708825e-01
4.113274294260713115e-01
2.479453620847842099e-01
3.890069156270693496e-01
4.844170463701301665e-01
2.279375925322448260e-01
2.346135466610474174e-01
3.858992207264546059e-01
9.396833880922487170e-01
8.933611260249763042e-01
3.049620081557257167e-01
4.528637049416696647e-01
2.644324679774109343e-01
2.593442287221721654e-01
2.787593078747596653e-01
2.943795042044999311e-01
2.947642258972978380e-01
2.357059360479705767e-01
2.884924792875029342e-01
3.130252681595558362e-01
2.737603262352185651e-01
2.560951686786558379e-01
2.616954599825742633e-01
2.821457612078734911e-01
2.922243326560041154e-01
2.222738821265718701e-01
2.509655567611375204e-01
3.031917724244226342e-01
3.099764421565806005e-01
2.687910040591454663e-01
2.440398259417576599e-01
3.207336068016848896e-01
2.480223870370054096e-01
2.934720221475429214e-01
2.605393853367226620e-01
1.024663099796691235e+00
2.508104543548505538e-01
2.732037402460681386e-01
2.674255094532555499e-01
2.287902993156755715e-01
2.859570198348385106e-01
2.401173292095599709e-01
3.057540878059785139e-01
3.250419531574413878e-01
2.685626328511213079e-01
3.533578972202675028e-01
2.777766869994736654e-01
2.764121483446910221e-01
3.466110830606657922e-01
3.403598373875579286e-01
3.603031639532374153e-01
2.561031307642629984e-01
2.853310352656532323e-01
2.487944660971608823e-01
2.458007541967675569e-01
5.877625472166687626e-01
2.425875917091969147e-01
2.414595336734660647e-01
3.656325385363443092e-01
2.960399620011595623e-01
3.019379930427228409e-01
3.373038231326543346e-01
3.905220902520240567e-01
3.063666562760509193e-01
4.365838548865912938e-01
3.066923022648581076e-01
4.365838548865912938e-01
3.066923022648581076e-01
2.446255621071127262e-01
2.417766392965564337e-01
3.472000879808633811e-01
2.610027429600441651e-01
2.910302774427697137e-01
2.283328724395287390e-01
3.638869338923850782e-01
1.752680982894063710e-01
3.608620920894040629e-01
2.418457022461351358e-01
3.212945809789658491e-01
2.481319842623657956e-01
3.702416968659301144e-01
3.716720681590045539e-01
6.613618135571662782e-01
6.512260973728841718e-01
2.960287776438831897e-01
2.293138131207410058e-01
3.708957963134646429e-01
2.373672648198171808e-01
4.478971650155210704e-01
4.652898369602786466e-01
2.500571301466834040e-01
4.766840448785327200e-01
2.644115638662806189e-01
3.712449919042577484e-01
3.677686342219700366e-01
3.658228192292508618e-01
4.192766470305388515e-01
4.062777677095928963e-01
4.204809375735137356e-01
2.480850115112887555e-01
2.416674467513964530e-01
3.796341715332051669e-01
3.780280214693885199e-01
2.951491459510354742e-01
2.288656792024385822e-01
1.108674599914498682e+00
3.864341729591057040e-01
1.234725739608747652e+00
3.350385707101415367e-01
2.931719240747234223e-01
2.603655266489232623e-01
2.730276621886438271e-01
2.487171670154194880e-01
2.795633625902506636e-01
1.196817990522756281e+00
2.525411385857886937e-01
1.102041688395280383e+00
2.799681522134940259e-01
1.740475703243729577e-01
6.080270115160840705e-01
2.419066099843227569e-01
2.832102588859503056e-01
2.772303064877126300e-01
2.873727740449497636e-01
3.798506945180394334e-01
3.685782731330347062e-01
3.362718527581983752e-01
2.208380920080736387e-01
2.617319985296066576e-01
4.218355203567036860e-01
4.275548121876189267e-01
4.404070480850268976e-01
2.514056257355090085e-01
2.615397932982542195e-01
2.484916640316734149e-01
4.422153168902821507e-01
3.605567097457115233e-01
3.577652879091698379e-01
6.224453854429718991e-01
6.682727203585537845e-01
3.039706446914397509e-01
2.918133364738336732e-01
2.551985021318020630e-01
3.132565110265015385e-01
3.187678893754521403e-01
8.030943914230461722e-01
7.773738015941812352e-01
3.868234815338494337e-01
2.862206343225589533e-01
2.543243227900350290e-01
2.877315330952323613e-01
2.455825770803603258e-01
2.463694593141330935e-01
1.128829800614955525e+00
2.871558371154840361e-01
2.822709978504391870e-01
2.962188145582723697e-01
2.702117903720853143e-01
2.936586318339538537e-01
3.039982904737693614e-01
2.681611283794215761e-01
2.671412103950134842e-01
2.569218185984744052e-01
4.891474999072433216e-01
4.777498133148218584e-01
2.476953351409702242e-01
4.960973378382830812e-01
4.959611456640309890e-01
2.472338433731308682e-01
