2.561440059388799262e-01
2.652101463856498809e-01
2.281360087154377381e-01
3.737065989278307021e-01
1.733104976044117784e-01
3.044427722796003155e-01
3.071156757479271415e-01
2.766670485267745949e-01
2.608689275408214714e-01
3.031914155796127108e-01
2.471170526098350473e-01
2.726811866023443054e-01
2.514072464812982521e-01
2.933035950316776330e-01
2.963697132308379945e-01
2.235685251508522098e-01
2.653168246982358647e-01
3.705619543035481578e-01
3.720614651419952845e-01
2.540973944951248065e-01
2.877292767624866077e-01
3.695334581736168800e-01
2.487351087455886844e-01
2.467584229840549537e-01
6.933196667421985815e-01
2.745127744213653465e-01
2.631145565184140334e-01
2.941636046325755149e-01
2.347272657177955357e-01
2.594329757176707107e-01
6.303989815271547892e-01
6.665749473246871393e-01
2.810198294492002868e-01
2.636928152933867286e-01
2.499841358173464090e-01
2.621308265973328333e-01
2.727339568841340989e-01
2.797952535317845268e-01
3.246738008328597380e-01
2.601989072727651786e-01
3.281336266626429521e-01
4.811101033834721541e-01
2.200031297627184079e-01
2.225495453640523313e-01
3.006253889750271635e-01
4.551259296763237594e-01
4.437898837106315497e-01
3.345288658395905168e-01
3.667980068286942896e-01
2.583581726612077523e-01
2.629121276370329774e-01
2.816266923423981772e-01
2.808669412489809281e-01
2.958840401069402493e-01
2.276819177553316698e-01
2.968264694696092221e-01
3.059542309975463725e-01
2.558134523823610840e-01
2.792598552586845195e-01
2.865545520667527879e-01
2.600577512391074042e-01
2.973361412412544036e-01
2.140559896298507847e-01
2.723356133226371156e-01
2.693499220343794631e-01
3.724446267199856275e-01
3.659656982322989638e-01
2.503580042534165884e-01
3.631344558483682872e-01
3.508475027659124779e-01
2.964071479678366816e-01
2.183666755874534293e-01
6.757086421640383644e-01
2.284253233419201723e-01
3.397044081246926583e-01
2.833825984143583665e-01
2.244175156238998603e-01
2.412043663591461884e-01
2.417698453084068666e-01
4.036428274777660308e-01
4.387428673791907152e-01
2.952458438778698957e-01
3.389790223446256245e-01
3.544340473789354129e-01
3.154521392442102834e-01
2.823163158707110432e-01
2.954639571945085752e-01
3.089065255051480774e-01
2.560984397746259300e-01
2.858064907558941492e-01
2.483733753097107644e-01
2.457203308354190541e-01
4.295494591543528307e-01
2.522300306420018345e-01
2.525947581211998583e-01
2.977791602529401560e-01
2.922218276269186732e-01
2.332644512093514644e-01
2.711247665342407243e-01
2.519889772630029001e-01
2.848372307654744584e-01
2.900229556197417846e-01
2.935877503114979192e-01
2.900229556197417846e-01
2.935877503114979192e-01
2.112040980966718717e-01
2.637451996205592564e-01
2.897049116470436503e-01
2.730305997392541428e-01
2.960913667099143165e-01
2.209970896469218848e-01
2.808452257558959886e-01
1.751149610397934597e-01
3.623193521646792536e-01
2.683276271961651527e-01
3.331422282983936833e-01
2.449054030878833055e-01
3.804947154767233664e-01
3.473626667862880768e-01
5.101920489337761211e-01
4.400738872494024956e-01
2.961203776032976243e-01
2.304191201189664806e-01
3.754940358461564820e-01
2.443752262679952103e-01
4.601071289361517436e-01
4.311052873565484056e-01
2.552376502420661275e-01
3.974783895833015057e-01
2.743817126935290118e-01
3.627851105895303907e-01
3.539680403942895848e-01
3.576241432777648721e-01
4.337725041851702157e-01
4.342061562358922044e-01
4.410931707560158399e-01
2.515804130862591137e-01
2.542862327603660488e-01
2.967326614521215156e-01
2.923287202302227161e-01
2.965701951115187751e-01
2.166745669971763266e-01
3.229694350851605167e-01
2.814095618184047631e-01
3.549242573800199252e-01
2.972679016284611730e-01
2.833042789596599831e-01
2.783972561200021567e-01
2.725900495717172300e-01
2.553998177816833026e-01
2.633649907454881367e-01
3.139843570771900239e-01
2.701775276304158591e-01
3.447357003006218945e-01
3.203178709382003553e-01
1.737022983861053194e-01
3.528684136519140702e-01
2.556847915421271988e-01
2.778452842559948621e-01
2.858846527831636619e-01
2.872309914249203122e-01
3.190437719544252926e-01
3.433188386580323659e-01
3.221974394427235544e-01
2.224515063920068092e-01
2.876883639915717716e-01
3.687400050540560748e-01
3.696671501161240547e-01
3.515994814567122706e-01
2.548905735486644009e-01
2.545120526876278877e-01
2.580899197215114071e-01
4.037878615358805323e-01
3.888871240418857456e-01
3.681503315387721353e-01
2.722903403397529121e-01
2.959231609512215089e-01
2.947620622889396413e-01
2.888903259851864358e-01
2.190362338431045275e-01
3.496760638047560210e-01
2.478841998571600092e-01
7.000425823414210269e-01
4.689007577457116049e-01
2.624000912741685787e-01
2.480611249786360273e-01
2.552587322990485519e-01
2.867925833257427559e-01
2.461742957576135427e-01
2.476365645662955139e-01
7.899593502148527513e-01
2.914536752784054885e-01
2.611999097815940751e-01
2.938517327033042803e-01
2.962381795261523343e-01
2.809383423595186446e-01
3.238946025993020839e-01
2.561348775525666976e-01
2.798491052498744414e-01
2.749140514632260057e-01
4.552404558455757089e-01
4.791457713750132963e-01
2.464988774403518157e-01
4.962727683732374162e-01
4.962650566612121228e-01
2.465106164081165840e-01
