2.509663144940601498e-01
2.601528130555780804e-01
2.255922837124300917e-01
4.046270064481005679e-01
1.737432905268924965e-01
3.661295967396112072e-01
3.421819984088362854e-01
2.822636252083692288e-01
2.552212045059173984e-01
3.034382620012248122e-01
2.461814423480336855e-01
2.899208918951989289e-01
2.475766345914146849e-01
2.913676651163909503e-01
2.981542096260441088e-01
2.290954022249502564e-01
2.587620515401237165e-01
3.985688602501304967e-01
3.749742406420405461e-01
2.558177950295324465e-01
2.868758058870332084e-01
6.386883050515272942e-01
2.482994982534399708e-01
2.468903993405422714e-01
7.273412619759324071e-01
2.529686106677327406e-01
3.107034465409129753e-01
3.444288946346580893e-01
2.265787543937916315e-01
3.569077168113617415e-01
5.169403428959841174e-01
5.800588377347296598e-01
2.958663806382324513e-01
2.892953707023496190e-01
2.405283795394145829e-01
2.490786872574161925e-01
2.835776048807092664e-01
3.167226286886900000e-01
2.597632877490544390e-01
2.903895287004576442e-01
3.142711811599858684e-01
4.811411121682301895e-01
2.155731476074539132e-01
2.179177419545213490e-01
2.731678398320182000e-01
6.648275482413552595e-01
7.167182970958010380e-01
3.088819893646542192e-01
3.925947422370860140e-01
2.826738043277073897e-01
2.574374432792809198e-01
2.565703826783564678e-01
2.886657133912980400e-01
2.977747290884744658e-01
2.223278311145219510e-01
2.707887006307821420e-01
3.340046174381322008e-01
2.467105794145602049e-01
2.915370370822374380e-01
2.990433608867895110e-01
2.565839816591524158e-01
2.963835382243265038e-01
2.128400338589544749e-01
3.099952390926011825e-01
2.768554649086080177e-01
3.748928121966620952e-01
4.266374258727781421e-01
2.733843989536257069e-01
3.064856819432629220e-01
2.746860060453735208e-01
2.957153208036272796e-01
2.196052183652364986e-01
7.964238905999231344e-01
2.279648463960326499e-01
3.302644341562478436e-01
2.839910349971105363e-01
2.187242390644642265e-01
2.411272180610876392e-01
2.475050760179097753e-01
4.426955408339783293e-01
3.353316115729315094e-01
2.929846720671957505e-01
3.477565445998286320e-01
3.287062576979129513e-01
2.587596005904324592e-01
4.160236572757849416e-01
2.680376279321786126e-01
2.520350029796570857e-01
2.545521676301844560e-01
2.888843825802554499e-01
2.487751959786470013e-01
2.471218837738719531e-01
3.257672592470868822e-01
2.726942132861290280e-01
2.532853953173865857e-01
2.790261441741687665e-01
2.902353867208988802e-01
2.186252856733163497e-01
2.518186048922532172e-01
3.630944914202028362e-01
2.864438249096696310e-01
3.336990601143394741e-01
2.435947963851441134e-01
3.336990601143394741e-01
2.435947963851441134e-01
2.220865342199508097e-01
2.751456471758370603e-01
3.063580593890932180e-01
2.646138332569947238e-01
2.960684956957497227e-01
2.200094667550578365e-01
2.810149497427859022e-01
1.746211584933225758e-01
3.266712180495069395e-01
2.660486762614411305e-01
3.222260391818690950e-01
2.488640284228869903e-01
3.281632255594159053e-01
2.730170119534612860e-01
4.758997778943113710e-01
4.157442802516134184e-01
2.960467187847475867e-01
2.221308634306458363e-01
3.171034064606915726e-01
3.096740643502487456e-01
4.932762224662879946e-01
3.614045641217668581e-01
2.957590220231944844e-01
2.973479111806043296e-01
3.217232352456086408e-01
2.913973696567666583e-01
3.287760356487521296e-01
3.059021510566307667e-01
4.275110292125648415e-01
4.044748834071107968e-01
3.875847520217054476e-01
2.452292467054569269e-01
2.778971380166692096e-01
3.093074642277388597e-01
2.631521781461395038e-01
2.962279632751451675e-01
2.130295468362154165e-01
4.109453005907658940e-01
3.075953439477518980e-01
4.456146359367712528e-01
2.722696195404054054e-01
3.158934039341121380e-01
3.134736061579588839e-01
2.697785453402417599e-01
2.438758272539448546e-01
2.520057111937551997e-01
2.959228092475824079e-01
3.713366438631868216e-01
3.425439309798400389e-01
3.951051053942051250e-01
1.727041327186030484e-01
3.020061886172272225e-01
2.474930236768441150e-01
2.760519429353822107e-01
2.790840060609677820e-01
2.894677065325214071e-01
3.717177954407127061e-01
3.325477382484797739e-01
3.697013069220663750e-01
2.369573428945852545e-01
2.291135281289228554e-01
3.420790875048908553e-01
4.137896494214715060e-01
3.266829726795201227e-01
2.559177804427598124e-01
2.536881993132536484e-01
2.542839935499260351e-01
3.313752046687630237e-01
3.465463739703181223e-01
4.157584989518710028e-01
2.522626470758696504e-01
2.883045998596415749e-01
2.356402310696922575e-01
2.864382412248398513e-01
2.275146794366109393e-01
2.668459978400146704e-01
3.346757049071790724e-01
5.410132433413835651e-01
3.431794025480255361e-01
3.437576252909295693e-01
2.732523701384200754e-01
2.551422468862747372e-01
2.868493781296462819e-01
2.496068303070784755e-01
2.444104662225085323e-01
8.125734831056692364e-01
2.991278637868570178e-01
2.330750158637960034e-01
2.931037376028105546e-01
2.980352652459947738e-01
2.996568074419508343e-01
3.228123640701937025e-01
2.460756205662698592e-01
2.988180917058584907e-01
2.774895826270463717e-01
5.035944001043983764e-01
4.909906342333294482e-01
2.487922294652009647e-01
4.955951016670828713e-01
4.975093302140686236e-01
2.474882845627812966e-01
