2.519176116113981401e-01
2.605653265852932998e-01
2.253446673023460911e-01
3.847434332202748219e-01
1.746623634389588009e-01
3.603149738883312803e-01
3.306735826127973343e-01
2.830135014793765946e-01
2.509940974439522909e-01
3.037287109508229332e-01
2.467469182531239480e-01
2.864743904474020830e-01
2.505958785843136472e-01
2.924827767249738586e-01
2.969943732146654303e-01
2.257238682655185458e-01
2.619392847654636869e-01
3.562795018170253902e-01
3.734416639273971938e-01
2.556293394696515509e-01
2.861647055109310389e-01
2.794015270785999427e-01
2.482953479136980890e-01
2.465680691795652524e-01
7.053322591476355319e-01
2.699300735613563429e-01
2.750608044589599177e-01
3.040331493015424602e-01
2.286103585168007823e-01
2.971235242561960921e-01
5.843737163189398620e-01
5.927254662733145718e-01
2.695853548836916747e-01
2.893770335449216691e-01
2.614527900713572994e-01
2.800149194958198029e-01
2.589184432662824942e-01
2.709488434377131383e-01
2.849432346944676397e-01
2.883638397303640022e-01
3.196364182240359897e-01
4.824769694258099206e-01
2.171656303976346458e-01
2.161042858270041667e-01
2.717473936595435346e-01
5.954015534501835294e-01
6.372732803643492705e-01
3.114083350064327793e-01
3.827502753279761749e-01
2.835150275080767779e-01
2.555469799241953388e-01
2.650355215791930230e-01
2.929872450626712643e-01
2.969387403343196064e-01
2.296300406944421502e-01
2.756583533259004959e-01
3.354420656169717629e-01
2.517267003909240963e-01
2.822934382336525494e-01
2.947300223290773014e-01
2.619792891096673904e-01
2.970269661491065083e-01
2.147795325004057121e-01
2.956998894916174070e-01
2.783169434354144101e-01
3.597725117815324114e-01
3.824302234131233269e-01
2.525147388208546784e-01
3.236295475449946224e-01
2.931378398957611986e-01
2.953748755722872543e-01
2.186409445668356100e-01
7.329418278459771674e-01
2.304630744749929516e-01
3.341068841637047648e-01
2.855115931287547926e-01
2.220152789265414095e-01
2.378621540810982316e-01
2.410099121961447044e-01
4.393053267787460081e-01
4.361793525823325912e-01
2.924504422882506227e-01
3.472599455079033448e-01
3.684413003611469173e-01
2.658705779955979343e-01
3.972351023726692909e-01
2.735923001851869873e-01
2.450032035087739979e-01
2.552281242404820238e-01
2.860659389923200235e-01
2.488434076507025361e-01
2.465450171295688608e-01
3.138721807645754591e-01
2.529988686259839747e-01
2.662929568271967806e-01
2.678918771235009322e-01
2.899141487043716547e-01
2.194179497770430143e-01
2.516368106874969923e-01
3.012664193565662285e-01
2.652268221685840643e-01
3.480198903969380364e-01
2.917981264011778042e-01
3.480198903969380364e-01
2.917981264011778042e-01
2.251451472417567157e-01
2.615493758790041756e-01
2.931078402905805680e-01
2.782343437917185192e-01
2.959541165218639303e-01
2.208808302115213285e-01
2.865277270418284949e-01
1.751636935372074266e-01
3.604542012821006502e-01
2.637534549914013482e-01
3.104000996406061086e-01
2.458728711806512646e-01
3.606292976182295384e-01
3.101925127041479935e-01
4.939150672038327139e-01
4.387692223750706000e-01
2.952718771532524267e-01
2.270723195144511708e-01
3.522964703480696569e-01
2.647926467306804255e-01
4.657747803226094940e-01
4.074169728144415026e-01
2.618836105663908120e-01
3.431515611749567651e-01
2.895812648257182209e-01
3.236562941230974322e-01
3.575900581330861971e-01
3.354904588559073919e-01
4.125010424238585993e-01
4.189675000137634830e-01
4.284998813622245550e-01
2.678225728262614291e-01
2.596980799152412978e-01
2.697425468219554756e-01
2.769412162270186717e-01
2.971312051020833511e-01
2.146723096142700293e-01
3.887718663646454464e-01
2.755568469686572319e-01
3.157614922260553181e-01
3.047165361174199449e-01
3.002028628761987950e-01
2.792429358823612096e-01
2.686376135167787838e-01
2.452566783437472586e-01
2.668095847816466804e-01
3.197289724673060274e-01
3.399346771562106184e-01
3.845397887195128872e-01
3.406574876224291448e-01
1.733270295251896631e-01
3.386560146613555311e-01
2.543884625713005998e-01
2.860098916899201926e-01
2.863727937318369943e-01
2.837021781281033328e-01
3.293214054817471537e-01
3.272453424698378299e-01
3.306536247515310389e-01
2.307979346214968919e-01
2.572491541402521786e-01
3.398683156284249551e-01
3.338583057916683638e-01
3.260029275617086220e-01
2.558351020045854241e-01
2.540443652344331893e-01
2.544654520558874422e-01
3.376565431969287823e-01
3.441725714582044016e-01
3.462758171399578089e-01
2.699383044394881859e-01
2.875992568423060836e-01
2.494244539884770961e-01
2.850415118346822929e-01
2.289457865963500927e-01
2.871251133037830972e-01
2.847636164032401607e-01
6.100664494903582646e-01
3.578928595509455191e-01
2.961875113802462378e-01
2.552760801630528653e-01
2.552347061132773098e-01
2.870981789368974302e-01
2.468190617301422862e-01
2.456361219958898279e-01
7.866096614114707064e-01
2.519844350676723188e-01
2.537425924697055968e-01
2.916809164305114166e-01
3.000549500413207671e-01
2.993850430144480157e-01
3.287372734823652554e-01
2.644645505484100045e-01
2.670644092107444245e-01
2.836153384020816959e-01
4.771138988030463324e-01
4.974599752208849202e-01
2.474106162737688408e-01
4.967464761572263354e-01
4.958229333306352071e-01
2.465502019813408940e-01
