2.486069202435277625e-01
2.585607331150748811e-01
2.285663660500358574e-01
3.292464912399155064e-01
1.720945091409157579e-01
4.165234609427168611e-01
2.439494833919463312e-01
2.550064423595042595e-01
2.966498967893285710e-01
3.017217639713737354e-01
2.474449063702691687e-01
2.411159532158529128e-01
3.029385345560511866e-01
4.592677888326065494e-01
2.963828184011134126e-01
2.137234635884902589e-01
2.630987180106301726e-01
4.123501871586632839e-01
2.679966712040892651e-01
2.556743132136314323e-01
2.852823540160082660e-01
1.282469502450974685e+00
2.490324671086347752e-01
2.469304249480744895e-01
7.032923925972821566e-01
2.573101888373678370e-01
2.741484773050374413e-01
2.563454506805752930e-01
2.239691977874287143e-01
3.115157562497802846e-01
9.604083813011127235e-01
6.653508866867765548e-01
2.926934396220249868e-01
2.457761166695351940e-01
2.603843282720316177e-01
3.412421922115257411e-01
2.402816778537822662e-01
3.136357524645529971e-01
4.582573373604285072e-01
2.547135277631076833e-01
4.051056332907730373e-01
4.893158582916454780e-01
3.570618803202416647e-01
2.266894148306614343e-01
3.561202519908704955e-01
1.376147946096055952e+00
1.304626569388191326e+00
3.229818450162515453e-01
3.276276674986984272e-01
2.970559298831035311e-01
2.455461911276225206e-01
2.632746255971181726e-01
3.244872371990893400e-01
2.959370489423752693e-01
2.188671092710536281e-01
2.564193268984903962e-01
3.617397580673192836e-01
2.685380093906784560e-01
2.650367643793775652e-01
2.716078562865675838e-01
2.712639532848080681e-01
2.851757624069797270e-01
3.551264467470831021e-01
2.474872786158605897e-01
2.942058251383770640e-01
3.069859304212058104e-01
2.811990910620673634e-01
2.760719219048680118e-01
3.303861547997004600e-01
3.556833400111644727e-01
2.954637855112494105e-01
2.158918053572904394e-01
1.417477520846946115e+00
2.954462913658674750e-01
2.638728541730534505e-01
2.474803638977047526e-01
2.371360791697349757e-01
2.492861650822771058e-01
3.042636741051882310e-01
4.145852950630033451e-01
3.174078614864818126e-01
2.977051948700214501e-01
2.150750442227575832e-01
3.161614585774033537e-01
2.614161489766888002e-01
4.116338508611442903e-01
2.847167814695389376e-01
4.950703252558861234e-01
2.567676113043320107e-01
2.866875268091853002e-01
2.459048383421062467e-01
2.444846094511501366e-01
7.085511109411871677e-01
2.469648783826701166e-01
2.987001044919452286e-01
2.666156356382411996e-01
2.933291624371134332e-01
2.152132972276407930e-01
3.238774988883723616e-01
4.295180879503998628e-01
2.812805338241871067e-01
4.194733526600888940e-01
4.745800675635736821e-01
4.194733526600888940e-01
4.745800675635736821e-01
4.368632108793826241e-01
2.470280567527813331e-01
2.594403130993032658e-01
2.950922268605231102e-01
2.281228288341017041e-01
3.536001266781962360e-01
3.933755393077917883e-01
1.760835262205736607e-01
3.744416297440144037e-01
2.714311108867956124e-01
3.304651946643107907e-01
2.394708383334678559e-01
3.811416437127574941e-01
3.826373326588525248e-01
6.573865658232848075e-01
6.119173933778577767e-01
2.975770149358363814e-01
3.126221154407257119e-01
3.846618597257173700e-01
4.398326591406933050e-01
2.862552643659104779e-01
4.419600231268313584e-01
2.457690262117184499e-01
4.006172115910504594e-01
2.854180066059972543e-01
3.446561015472384693e-01
3.802416531812472522e-01
3.503190388289978974e-01
5.194614484662495313e-01
5.286794639025959031e-01
5.186335872703327077e-01
2.441995433938060345e-01
2.409897816633290446e-01
3.858211080377992319e-01
3.760330773047401154e-01
2.934445877330915664e-01
2.244206324845682277e-01
1.150046261634465994e+00
3.895819929472880139e-01
9.769476278886027876e-01
3.324450577136398022e-01
3.705527033530894854e-01
3.761939042111069331e-01
2.707136022268746833e-01
2.393678635287486978e-01
2.472820039372993772e-01
1.090978115451819441e+00
2.647563295817472739e-01
1.220607466200881230e+00
2.885796443664352950e-01
1.732990923065262368e-01
1.352209642312134141e+00
2.532212177766476335e-01
3.150156420730555462e-01
2.640286593019507411e-01
3.043626493003857569e-01
3.167629313360716958e-01
3.804212766825869618e-01
3.395377477683241274e-01
2.227727987638910834e-01
2.675202012266607587e-01
4.093474346162849220e-01
3.621542556747536779e-01
3.714425486525408382e-01
2.464882930310930143e-01
2.607808496625139694e-01
2.583132023522656806e-01
3.372865854507938188e-01
4.613572177796451124e-01
3.482092513016952218e-01
1.291873407459599665e+00
1.488691408570850028e+00
3.032870650548522007e-01
2.952139361057399825e-01
2.313302639754109824e-01
2.858793657150602296e-01
3.207493667920781055e-01
1.474718312939712783e+00
1.377594161999710742e+00
3.849566418510505517e-01
2.765079637698795167e-01
2.573805434166896999e-01
2.849151330590579678e-01
2.477000476218972902e-01
2.469637460891764835e-01
8.051690471731969279e-01
3.155780300716333753e-01
4.201767555029843892e-01
2.881647722188922511e-01
3.679583817416838265e-01
2.407013185673802513e-01
2.951857105789798541e-01
2.502842434980085407e-01
3.628356037520650279e-01
2.736932556860010024e-01
2.682896702269264022e-01
3.260989120178674483e-01
2.482351378269995745e-01
4.950977339176007574e-01
4.959469338799114557e-01
2.461322556007883577e-01
