2.657932085955828083e-01
2.717258471113928597e-01
2.774361004910827488e-01
2.503936864301559151e-01
1.741516170740317337e-01
2.320723762815370406e-01
2.639756148889380039e-01
2.724715268149920377e-01
3.009753039827428589e-01
3.031848356983491422e-01
2.440555371619708702e-01
2.461773001577867714e-01
2.826408070641334147e-01
3.058024389265384668e-01
2.964268515367869394e-01
2.248415091842865809e-01
2.670567519592219052e-01
3.510082913378794744e-01
3.705311203717570612e-01
2.548902607746080240e-01
2.856432255145829324e-01
3.735034530961354737e-01
2.464315791835234026e-01
2.464421127596773120e-01
6.746429908397002517e-01
2.780876994236701205e-01
2.748644971322785069e-01
3.115708339323118858e-01
2.412836586437217545e-01
2.469082349066250848e-01
5.940194181887248348e-01
5.572809901081258177e-01
2.707262782168079474e-01
2.516988572185929751e-01
2.436965389192690123e-01
2.744538544574712247e-01
2.725081331196337886e-01
2.864579963477932312e-01
3.394006830701877808e-01
2.719228584586035335e-01
3.346573383547962188e-01
4.787680392766455184e-01
2.154158664517795418e-01
2.237224452063826252e-01
2.802853637958473421e-01
4.575665010939596322e-01
3.563579976980598696e-01
3.280729166682864184e-01
4.307297195284616187e-01
2.525290289218329876e-01
2.568164537743665155e-01
2.884523430963586432e-01
2.923909920202497625e-01
2.958123778676312599e-01
2.437379808735765929e-01
3.001004426786277324e-01
3.132515753600780273e-01
2.504433368853727360e-01
2.611328679909843409e-01
3.117093923741115491e-01
2.855295770352858642e-01
2.974905131130280989e-01
2.160655467963538967e-01
2.867002152684806626e-01
2.802369440966464564e-01
2.716914285511098370e-01
3.453267543836790465e-01
2.491900802347044031e-01
3.601751854195962554e-01
3.299935114108948908e-01
2.961460708809210973e-01
2.178122804223132092e-01
6.062183129655566161e-01
2.286015826272616014e-01
3.415452488117646235e-01
2.854067438783313149e-01
2.300523389121010842e-01
2.366816740733962976e-01
2.429982133239836362e-01
4.426013753612978441e-01
4.375554106879737115e-01
2.939956093083791466e-01
3.426110326246435966e-01
3.739851086453482298e-01
2.679532943701009584e-01
3.982211892713887202e-01
2.855551294759079983e-01
2.498428422743681210e-01
2.552352064874947035e-01
2.854833309754901682e-01
2.457964020418742790e-01
2.469518375974414925e-01
3.126709778916713645e-01
2.561061661178434812e-01
2.723204741597060607e-01
2.689788364004870314e-01
2.890042544859112161e-01
2.246151506653697449e-01
2.472676262144194725e-01
3.133514100935745894e-01
2.777464677712214725e-01
3.040055250261617936e-01
3.182769344080531027e-01
3.040055250261617936e-01
3.182769344080531027e-01
2.221506942171023735e-01
2.557162973408509399e-01
2.545450392304343668e-01
2.893537778444002506e-01
2.940262386946132511e-01
2.220958537258558019e-01
3.105889485267890882e-01
1.736311622021442513e-01
3.775793246972621309e-01
2.744691139815125802e-01
3.540062735803346516e-01
2.467149269271380341e-01
3.652557698602496017e-01
2.997793105121081547e-01
5.969392113049687421e-01
5.108254661207849434e-01
2.945086496571939216e-01
2.250783307555847546e-01
3.700066567888875557e-01
2.608691172353923005e-01
4.114552594422334897e-01
5.435424355054867540e-01
2.561248715045879032e-01
3.952112770531966413e-01
2.891690592433133200e-01
3.541124319350508753e-01
3.502858685032396169e-01
3.364384790738851883e-01
4.394926855828537038e-01
4.465192995735455805e-01
4.326341378189614839e-01
2.564618674363171036e-01
2.582240307659135481e-01
2.733196560326690561e-01
2.758224304325918586e-01
2.953133367075847504e-01
2.160027258199494482e-01
3.572878071209910078e-01
2.712233748374391351e-01
3.332805395803902226e-01
2.852715203047992976e-01
2.774765094862613468e-01
3.059971937029350442e-01
2.760830777921451373e-01
2.581889312914931733e-01
2.504844929898182304e-01
2.981291349472285912e-01
2.957954170973711161e-01
3.717159099276029499e-01
3.067685338212386981e-01
1.750732961874698346e-01
3.426147766894277469e-01
2.490894499054626954e-01
2.616325487661477767e-01
2.918924770882926900e-01
3.183084894860481739e-01
3.391156262132707377e-01
3.364462317066043706e-01
3.358067173423772700e-01
2.284083078395665323e-01
2.556894817072283277e-01
3.621840192447939311e-01
4.139853158843398440e-01
4.415918363004676106e-01
2.505405344834896741e-01
2.573971007854735649e-01
2.631517721425006284e-01
3.609977072506600493e-01
3.880551805480709215e-01
3.503270544857466917e-01
2.709866925658767078e-01
3.064072236846760999e-01
2.549062587703145866e-01
2.871774273177253867e-01
2.151526041136010980e-01
2.774719003909422721e-01
2.446197949593820475e-01
7.191641525830535508e-01
5.336680865483351965e-01
2.908462632398541303e-01
2.849420448791183391e-01
2.531848948936737953e-01
2.841112076848698598e-01
2.479946448011904059e-01
2.468432753837359050e-01
8.757277900785135349e-01
2.897979508153126771e-01
3.069059681458276012e-01
2.907377937297713766e-01
2.626719486382373958e-01
2.879212905364383346e-01
2.987044314401118839e-01
2.793846698025467812e-01
2.617252115881938956e-01
2.748680641503430944e-01
4.923172273476125738e-01
4.828377962786248312e-01
2.453750134777993586e-01
4.962300982625672541e-01
4.955849715448850112e-01
2.458162003572152698e-01
