2.405211109246806478e-01
3.839146045864714196e-01
2.220285631514751501e-01
2.534773436460425744e-01
1.743038802858429270e-01
3.834509242327266421e-01
2.614587212600130717e-01
2.877306224940661683e-01
3.697610092060218956e-01
3.033470636439725143e-01
2.785787869931484195e-01
2.371506457049632755e-01
2.454731045691306290e-01
2.414804899290366735e-01
2.911906187783473987e-01
2.384276099069646271e-01
3.586889338250148773e-01
3.032303432952889177e-01
2.353191049749145947e-01
2.584895137831917933e-01
2.823633040990929932e-01
1.348996343222765182e+00
2.483562123290877777e-01
2.467767934253471407e-01
7.491498897677680846e-01
2.519429560794332890e-01
3.093804545410345219e-01
2.444714078311331085e-01
3.611153899847068249e-01
2.133463599394474774e-01
8.849589373950301763e-01
4.635274763402866816e-01
3.236304788895301709e-01
2.772639810608499289e-01
2.344343804834727596e-01
2.492565523650377701e-01
3.009561059792255633e-01
2.452149385723506603e-01
4.486018473346830571e-01
2.588158856574397926e-01
3.957149394904103668e-01
5.512910890761374416e-01
2.209019801700842500e-01
2.144866255241192898e-01
3.586439364872473501e-01
1.365420475111653431e+00
1.524966330035251616e+00
3.111061976137467489e-01
4.577541368212268980e-01
2.533583783256072586e-01
3.077359625005376964e-01
3.020421984339897725e-01
2.503013070088979108e-01
2.892080197652579510e-01
2.277224857851462558e-01
2.695788238746565368e-01
2.717728065484208422e-01
3.030625987799455134e-01
2.457901275576824529e-01
2.568719625499650272e-01
2.995541443126190084e-01
2.996697441658716654e-01
2.142769915248692314e-01
2.554939762039208362e-01
3.711500292491439756e-01
3.844301335138911591e-01
2.661982785164265786e-01
2.417452853185796113e-01
3.818104003923061263e-01
3.782223347290262772e-01
2.937620859801663986e-01
2.571540070748515872e-01
8.567885591894036645e-01
2.777917201095680411e-01
2.139487575241922623e-01
2.655020677930366446e-01
2.721795340195761193e-01
2.442489939541627741e-01
3.046858755598461643e-01
2.606722113832586341e-01
5.192135761024957441e-01
2.956368115278681930e-01
3.371460944609780963e-01
3.351640676934735108e-01
3.856793819656129663e-01
2.480790191965075164e-01
2.751642358917172904e-01
5.150539840881315223e-01
2.593830079904149155e-01
2.792734388580295213e-01
2.502672729561365994e-01
2.434153755694116184e-01
5.564616885907873733e-01
3.041399666589195139e-01
2.554956612137040395e-01
3.043390187828487470e-01
2.869533284436648346e-01
3.496073602857336371e-01
2.405987997614605078e-01
2.808673758342660198e-01
3.591413164178366424e-01
3.569945920483134083e-01
2.618842414304254351e-01
3.569945920483134083e-01
2.618842414304254351e-01
3.336598129919332023e-01
2.495061803176718274e-01
3.843172080142338576e-01
4.295856026796273652e-01
2.926985664545869725e-01
2.360229831356642494e-01
3.207307321199023287e-01
1.710069094925763811e-01
4.083054201833033470e-01
3.669720441564091606e-01
3.268459737418497602e-01
2.492774843618560665e-01
3.670372404064787819e-01
3.739881938393471161e-01
5.838390584875463585e-01
4.317744984829826049e-01
2.926176402712719060e-01
2.212228823243795328e-01
3.682411364881968963e-01
2.584610608189537029e-01
4.239569642541474725e-01
5.835238716841411044e-01
2.078799372132578149e-01
4.888997437791474110e-01
2.469549492576721961e-01
3.812941548799254066e-01
3.817494355236429882e-01
2.808776831801058083e-01
4.464307640111688791e-01
3.917788189709113245e-01
3.764879688190153617e-01
3.045441679934293711e-01
2.472827197877775496e-01
2.570785236946346308e-01
3.083055067203695487e-01
2.980511032998593990e-01
2.355226814059958595e-01
1.277881174426882982e+00
2.750887976954045633e-01
1.236484572235717172e+00
3.846313618719854333e-01
3.005148670153462431e-01
2.523753471523117464e-01
2.685248895392847168e-01
2.492728399044625287e-01
3.039431499561119909e-01
1.042926079006284201e+00
4.201940166145661237e-01
1.079587370647894007e+00
3.335479608976764099e-01
1.752435710209466757e-01
1.348392120104676906e+00
2.499649759455850884e-01
2.332119243592215285e-01
2.926276089966347027e-01
3.586518743430158196e-01
4.311203322506957369e-01
3.868942763344192515e-01
3.902403056197699671e-01
2.080223004718400326e-01
2.852178025984051790e-01
3.783436899867632097e-01
4.732717112823301986e-01
4.820916935669586900e-01
2.411537502213987050e-01
3.019958669498573056e-01
2.392207402971129326e-01
5.133649978052037266e-01
5.092956428219547194e-01
4.358767260254988729e-01
1.236080774246847369e+00
1.339688303327127628e+00
3.017816739248945224e-01
2.962145256700790541e-01
2.850691368757017341e-01
3.607021777364203818e-01
3.288311708031103064e-01
1.225380723894602175e+00
1.505835598058238967e+00
2.584477659957799545e-01
2.908946738019959621e-01
2.565809913069269088e-01
2.787986058426729086e-01
2.453291192426824696e-01
2.382378976286601002e-01
1.589664361811630622e+00
4.201358802142920457e-01
2.787690782862485839e-01
2.936337007437102020e-01
2.332844202221610042e-01
3.753496035081077542e-01
2.631913208610853205e-01
3.596145827169510700e-01
2.587554292565859004e-01
3.770074910547721037e-01
3.041363697701122693e-01
4.907237776055601852e-01
2.444067241284635095e-01
4.988350320005277005e-01
4.971853200444590892e-01
2.536915127106577073e-01
