2.593926692483127794e-01
2.637469558294311955e-01
2.800672150048219566e-01
3.166946146200180223e-01
1.708083408867053787e-01
2.416071814011294394e-01
3.320398014671612219e-01
2.696349006724362285e-01
3.371548423561322450e-01
2.694613018299121254e-01
2.635447975339677562e-01
2.693293236668248269e-01
2.521085711936841278e-01
3.462452952592012800e-01
2.955770930136136787e-01
2.312924487076601088e-01
2.882138832908324177e-01
3.650841975703125186e-01
3.203566976393857901e-01
2.531909284024190798e-01
2.775404041049913673e-01
6.641440722060862889e-01
2.493798201410060977e-01
2.450686684283676364e-01
5.238966570328010830e-01
2.765788267728989114e-01
2.645727396820677368e-01
2.910517251440752906e-01
2.373551858975993523e-01
2.885618166264576900e-01
7.596090226072833573e-01
6.525521689962523464e-01
2.685838760417177951e-01
2.615438483858225083e-01
2.829074983148187061e-01
3.452871621936665636e-01
2.459165968799557622e-01
2.829647030881634051e-01
3.131736260009433948e-01
3.023997653357441973e-01
3.019142431065293120e-01
4.744282704996601319e-01
2.174326721826954911e-01
2.264886210146128398e-01
2.619229917056023482e-01
5.843592950856506540e-01
5.522972613895963390e-01
2.678555388535426296e-01
4.930095605735564934e-01
2.612216187898969699e-01
2.620474265045015794e-01
2.693040098226210932e-01
3.324815534987936028e-01
2.940825008353832870e-01
2.297494104344039167e-01
2.821139292252889952e-01
2.857239386719372387e-01
2.702418986428063441e-01
2.676759482333191942e-01
2.475543929696453205e-01
2.767357329283143264e-01
2.967659870990947968e-01
2.161717757584392663e-01
2.644125419403025590e-01
3.092061102988045707e-01
4.220952217391474859e-01
3.366895641653319671e-01
2.676599778847033595e-01
3.725603804436747879e-01
3.230367625930055664e-01
2.963470428747522756e-01
2.108887730992964338e-01
7.164154686936538008e-01
2.291091467542135940e-01
3.322641965975766665e-01
2.882362330310925813e-01
2.189541696155476169e-01
2.376901114334565857e-01
2.373756299050029939e-01
4.357260672437327509e-01
4.426786351985241841e-01
2.962498872950584672e-01
3.430102766149815685e-01
3.779379329532402410e-01
2.971268475868355519e-01
3.051409330792332897e-01
2.905257323299941796e-01
3.370522141735577959e-01
2.573241053682336910e-01
2.851244870115898777e-01
2.512661077814115629e-01
2.429285137421849372e-01
4.099028909827371336e-01
3.053275029640232230e-01
2.509376805344656347e-01
2.881924172851437760e-01
2.945417833071719560e-01
2.336770271801636434e-01
2.427321611551004343e-01
3.735399466799517176e-01
3.593354672752457346e-01
2.572704761247616712e-01
2.662929835752139707e-01
2.572704761247616712e-01
2.662929835752139707e-01
2.107110049310161604e-01
2.457724648401643508e-01
2.664914550316289654e-01
3.148496862981955413e-01
2.938744475262110578e-01
2.170772406334742777e-01
3.721500612228441085e-01
1.748785985406756116e-01
3.874400750591749376e-01
2.945272526144171454e-01
3.323350133036045428e-01
2.446074301076700541e-01
3.439107539783113898e-01
2.828547413229720586e-01
5.109464609511438216e-01
6.141497678541208982e-01
2.956945049040282658e-01
2.284077361742199164e-01
3.380163821220444342e-01
3.294331633576596530e-01
5.779777293493508772e-01
3.744078675008772339e-01
3.827055679044432113e-01
3.153422852484122352e-01
3.638024674194645369e-01
3.721682289158063095e-01
2.641405236104005239e-01
3.170018179548093062e-01
4.929734153715979450e-01
4.521416748334187163e-01
4.009172072940399567e-01
2.858428854233737160e-01
2.543645219641914590e-01
2.553268409456473931e-01
2.880849305673011118e-01
2.987849987471659641e-01
2.171837044553163176e-01
4.594612557988127510e-01
2.592323182681519622e-01
4.050805879749808658e-01
3.124281086808674557e-01
3.013493756365665521e-01
2.804748477234008108e-01
2.720740815201234120e-01
2.548547949361588683e-01
2.727663242395714227e-01
4.290933194894775426e-01
2.972477203099670451e-01
4.400693570551039158e-01
3.261095586695890169e-01
1.715846452999769400e-01
6.357797271504245229e-01
2.493126441744484556e-01
2.619348606393375745e-01
2.957541570153988109e-01
2.927438394144165623e-01
3.860381711535887939e-01
3.743812264459538408e-01
3.377723455528899299e-01
2.408867902740240152e-01
2.288263861768977947e-01
2.878821044253306316e-01
4.266457443175087905e-01
4.194308139252338474e-01
2.646044719137338741e-01
2.617815314555240747e-01
2.453207076493515160e-01
4.602946092539486611e-01
3.835293128545162467e-01
4.021864224182910563e-01
2.874128103301373804e-01
3.418888362161653371e-01
2.322249102761874684e-01
2.854395441265884514e-01
2.257481257939757957e-01
2.774002572154317670e-01
3.106915303597483913e-01
8.548394131712108157e-01
4.474850045002898846e-01
3.093328625297928625e-01
2.845382298895235418e-01
2.540791722063545643e-01
2.841097860464524283e-01
2.521701704560559976e-01
2.418410786305288940e-01
9.134300311124017302e-01
2.348768452112398042e-01
3.269533183951305322e-01
2.886609041138666343e-01
3.173106551645129558e-01
2.685690031209945761e-01
3.085414131820741757e-01
2.707411516208541591e-01
2.609712389207980432e-01
2.688439133204536535e-01
4.562650799369850629e-01
5.145395136571424555e-01
2.529573099054794327e-01
4.952741936695655434e-01
4.965280716910958070e-01
2.550465166737547196e-01
