2.482833267712623859e-01
2.590337709902869601e-01
2.257474173579749610e-01
3.291203874418481279e-01
1.757720205731369278e-01
3.750688659315355444e-01
3.143704084366726881e-01
2.683646287479214410e-01
2.582213067989083677e-01
3.038367394654616915e-01
2.483547801562976387e-01
2.765435565681001462e-01
2.508505628072312255e-01
4.410843605065765116e-01
2.933044722724826858e-01
2.328050416156369762e-01
3.577161675634166205e-01
2.683330442787077441e-01
3.321341384149964493e-01
2.563164782251921570e-01
2.824558182446677557e-01
6.525268207980359225e-01
2.495544142306331536e-01
2.469313671270620125e-01
6.367297821575587102e-01
2.451274248539946909e-01
3.140426708259916322e-01
3.427188157481517172e-01
2.436429597336853270e-01
3.058530553488375547e-01
7.018626029834121871e-01
7.314390766181320114e-01
3.126530417042672205e-01
2.721511795225536878e-01
2.398772742325143148e-01
2.877689390386563573e-01
2.537319168622076959e-01
3.396262277354782366e-01
2.619054517000775073e-01
2.683268109733668583e-01
3.126425320938123753e-01
4.797524797808713215e-01
2.194608912797134381e-01
2.211575468368664477e-01
2.868756078908525353e-01
4.085583936922719261e-01
5.185577718000530245e-01
3.174528885570364056e-01
3.330937866798677760e-01
2.740468475784803570e-01
2.632359130959515681e-01
2.586416237549727937e-01
2.769145304686645992e-01
2.977949245540295053e-01
2.189399852518827128e-01
2.590090583045894790e-01
2.956556694022918208e-01
2.629983499806458069e-01
2.646174880543152863e-01
2.783891115106841285e-01
2.735985802303803061e-01
2.973102937755732755e-01
2.164200033158043546e-01
2.865089877680764285e-01
2.949639008676741003e-01
3.281111331337824288e-01
3.115217856094757987e-01
2.603267489619738861e-01
3.113986375506421211e-01
2.807674920350363701e-01
2.932120903439666137e-01
2.174478100081955745e-01
9.114987894269326318e-01
2.289914280724879014e-01
3.401902860472278411e-01
2.848743529958490117e-01
2.250295799782539574e-01
2.475057760607105306e-01
2.407490668264972988e-01
3.727706275293534155e-01
3.543924194907452363e-01
2.940219615122645069e-01
3.333718785086169367e-01
3.224344943872761160e-01
3.043471332752381020e-01
2.963962220999154518e-01
2.930554920276481345e-01
3.054392294678526798e-01
2.550450597971172795e-01
2.848375771695081382e-01
2.486515479962227715e-01
2.460631492151746647e-01
4.028245369463765435e-01
2.800699941463326015e-01
2.484502849863584051e-01
3.081603021731084135e-01
2.912656579917457522e-01
2.248192614581057958e-01
2.526068424368270726e-01
2.979143375167681573e-01
3.353202812659080156e-01
2.962778248267864956e-01
2.470351903169191454e-01
2.962778248267864956e-01
2.470351903169191454e-01
2.150546341760730118e-01
2.526440171419251923e-01
3.122804008520628782e-01
3.024575156144811428e-01
2.943698254519413471e-01
2.225131113585180620e-01
3.051582418338934510e-01
1.751446764948531021e-01
3.697614190776175036e-01
2.577239791704377114e-01
2.730447084693834459e-01
2.460040192445503704e-01
3.409247651592714479e-01
2.585855726166563784e-01
4.405553340838788134e-01
4.706344117345844791e-01
2.954060630652809438e-01
2.210042741025565749e-01
3.266753909995790961e-01
3.281614338721606794e-01
5.194265413023986255e-01
3.418682389620972262e-01
3.209139561264338081e-01
3.090226886108474180e-01
3.202990248541971452e-01
3.033272912446973724e-01
3.023066131100817233e-01
2.896780124016811730e-01
4.050093742088754500e-01
4.354694855483171034e-01
4.131754268170630406e-01
2.492603426242892828e-01
2.865189019897249612e-01
2.928655271259211768e-01
2.614933173976032310e-01
2.962210334985724836e-01
2.158408376880773250e-01
3.618541558141446512e-01
2.664042289487441040e-01
4.326224583072147412e-01
2.599902815482774132e-01
2.919725125638165109e-01
2.771894497848303440e-01
2.689756611389569341e-01
2.459084200224206651e-01
2.697106852188588255e-01
3.494510585589246654e-01
3.902417211789809270e-01
2.710651934942740482e-01
3.378726785630438156e-01
1.740252723812182600e-01
8.228204420293366850e-01
2.506637831256828264e-01
3.028312635308590406e-01
3.001088121151588295e-01
2.722842371106747872e-01
3.323223447232069305e-01
3.067846106374346182e-01
3.369678153254846986e-01
2.191625486011929136e-01
2.861847720690632868e-01
3.876673058632874036e-01
4.122613063326411864e-01
4.001104082671387285e-01
2.630617811264083783e-01
2.514080992058174147e-01
2.557800638395002490e-01
3.353203720020939693e-01
3.451068103410204202e-01
4.061687606712457432e-01
2.261104494500389139e-01
5.644104457457157498e-01
2.478465166341498327e-01
2.947015962051290905e-01
2.282820866293563955e-01
3.350929541469553352e-01
2.419479514038849755e-01
7.622317067670718593e-01
8.062944387496872034e-01
2.643252289864262417e-01
3.429332970892379762e-01
2.528706836074324227e-01
2.852460559028840437e-01
2.472579144665205120e-01
2.468070594784947391e-01
8.325767637256926701e-01
3.040416578705796846e-01
2.667363851049409096e-01
2.907540678769665599e-01
2.996005390786032896e-01
2.717163024864925336e-01
3.190352334004503687e-01
2.539999638096835932e-01
2.923490429914063493e-01
2.819908762580065065e-01
3.762440437483012823e-01
4.400664057759827164e-01
2.469534186445662971e-01
4.958896306652524344e-01
4.961425630955962895e-01
2.473362654065333621e-01
