2.530601768661048800e-01
2.372047270678173669e-01
3.603495763692022846e-01
3.241544621272790527e-01
1.761458377738220060e-01
2.148354310148994084e-01
3.217331274639848027e-01
2.824082468184596628e-01
2.546534738106779883e-01
3.031291710920123728e-01
2.525162687423773700e-01
2.723096231657791688e-01
2.522999772040349087e-01
4.945045326594089130e-01
2.952407838552632557e-01
2.264013835562773413e-01
3.270721502956044358e-01
2.676393248981513984e-01
3.717383319448944734e-01
2.540661183804853729e-01
2.837330704091025613e-01
4.133203730325751279e-01
2.499057818866375347e-01
2.491549730187763989e-01
6.067384738219387952e-01
2.405835324937218300e-01
3.532998776215848236e-01
2.934959665717639110e-01
2.377877961116501293e-01
3.914244124175802475e-01
5.683152153166304288e-01
5.878641563831571437e-01
2.635338316973064865e-01
2.858187725598966833e-01
2.691311345875144201e-01
2.911692074300715749e-01
2.609384337539683019e-01
3.656752684598834069e-01
3.056545305865202011e-01
2.537273567444927602e-01
3.084895389695027079e-01
4.748590692423034776e-01
2.196722579679647736e-01
2.188614109260038909e-01
2.909357508318174412e-01
3.893263883280054238e-01
4.552819432970990343e-01
3.558347602445919300e-01
3.129918853266931977e-01
2.712971939976525082e-01
2.685720337232249677e-01
2.571247689381104817e-01
2.676542149762775602e-01
2.990115232452293936e-01
2.229070361823127233e-01
2.826458227240084553e-01
3.180253895621358295e-01
2.543037564184500998e-01
3.041605914605990391e-01
3.142455988446581916e-01
2.471074909869308833e-01
2.957190777078083643e-01
2.070934035616239233e-01
2.675552018345450644e-01
2.499550238861142637e-01
4.515122982140598040e-01
4.539100790720170253e-01
2.609050311007360401e-01
3.426808070328707934e-01
3.765220918263654237e-01
2.972496791151553741e-01
2.188307842897977695e-01
8.145704974726121206e-01
2.320685454917854884e-01
3.407497008457283094e-01
2.876474321900375219e-01
2.212996620938995074e-01
2.361539065754996447e-01
2.371776192640437098e-01
4.433230314912879888e-01
4.315790106361189205e-01
2.970306385380503400e-01
3.401659310447494033e-01
3.828044496958016851e-01
2.620861591324616935e-01
4.145272966990668495e-01
3.058369098631418259e-01
2.824043705756625888e-01
2.529681562208596635e-01
2.902300816848333298e-01
2.497324758222284891e-01
2.419424252042794432e-01
3.573954204233850684e-01
2.798128832677775901e-01
2.379388297658789619e-01
3.101052987731379162e-01
2.912076827476221541e-01
2.308627396396816245e-01
2.551481797435340981e-01
2.734500506928911889e-01
3.530916585538489416e-01
2.898992108503500864e-01
2.448361655545616966e-01
2.898992108503500864e-01
2.448361655545616966e-01
2.048005994908785321e-01
2.476577248087861172e-01
2.718363878474316375e-01
3.029202803120212284e-01
2.936723504228933579e-01
2.125905942066420584e-01
3.570344018345808501e-01
1.746334347284962674e-01
3.832672072451226986e-01
3.062046825148948548e-01
3.106693968793340366e-01
2.518464762598774942e-01
3.879839812260378329e-01
3.803977781945738768e-01
5.266373617236821403e-01
6.121143927077574709e-01
3.000687395596933760e-01
2.206497847402947299e-01
3.838612739346525804e-01
2.511050172188299401e-01
4.819330263085385146e-01
4.894356931077352701e-01
2.585870217426645135e-01
5.006250901877861148e-01
2.611964848244262005e-01
3.711406408648348920e-01
3.862966063916192239e-01
3.626773226836287334e-01
4.424865159089916844e-01
4.058207077907701188e-01
4.292399128623815563e-01
2.781007202546534884e-01
2.583529525748941569e-01
2.534003916962822567e-01
2.866035856454979269e-01
2.998599257739666402e-01
2.202648263794422523e-01
6.685752174896499866e-01
2.459037576137608205e-01
5.800299737980865178e-01
2.842498259455051302e-01
3.159793512897942636e-01
2.770043747011270985e-01
2.664577690978693347e-01
2.453855458624082386e-01
2.772165628304120721e-01
5.397475342506030671e-01
4.184576645569901276e-01
5.766021082223604655e-01
3.177971071759875255e-01
1.729463347804783280e-01
8.754015278529645450e-01
2.474224837833940982e-01
2.740573430270061284e-01
2.707967329678480639e-01
2.814849389439830762e-01
3.780338828243439697e-01
3.976002869749427071e-01
4.077930390803669036e-01
2.245219409793530185e-01
2.525418703838895884e-01
4.271919817262515573e-01
4.465041999495308889e-01
4.291421620558799055e-01
2.755147635162174535e-01
2.437920441172487518e-01
2.543394745264654921e-01
4.456357321762964285e-01
4.173787080286784357e-01
4.833388410183571682e-01
2.673058314123603618e-01
5.219980795080574332e-01
2.757775041288319517e-01
2.887438188851230714e-01
2.153767490030404075e-01
2.963569207715581744e-01
2.473960532711101667e-01
7.137400540412668359e-01
8.993444640179412142e-01
3.025851559772375632e-01
2.593882081146522967e-01
2.463658387226170254e-01
2.926830016561514647e-01
2.478577044590854761e-01
2.542541637797194332e-01
8.547757355218303932e-01
3.769027105591310489e-01
2.712066089995944229e-01
2.928904952731744005e-01
3.209937658049882292e-01
2.528647205049573965e-01
3.117195080295773746e-01
2.439300074516183026e-01
3.377800630310926477e-01
2.905228258534791608e-01
4.901799155697179056e-01
4.919355209907206872e-01
2.526983268179013309e-01
4.968332375386030897e-01
4.980516727787150932e-01
2.435310631547633886e-01
