3.787060379981994629e-01
5.186421275138854980e-01
4.185708165168762207e-01
3.786929547786712646e-01
3.350902199745178223e-01
5.143300294876098633e-01
4.495690762996673584e-01
5.561420321464538574e-01
3.033491075038909912e-01
2.552720308303833008e-01
3.748182356357574463e-01
4.462346136569976807e-01
4.522203505039215088e-01
4.552270770072937012e-01
4.052174091339111328e-01
4.640457332134246826e-01
4.761818945407867432e-01
3.880122601985931396e-01
3.699334859848022461e-01
4.275739192962646484e-01
2.853775322437286377e-01
2.365797907114028931e-01
3.529741466045379639e-01
2.586924433708190918e-01
5.694570541381835938e-01
6.476613879203796387e-01
6.195720434188842773e-01
3.763304650783538818e-01
3.853690028190612793e-01
4.273277223110198975e-01
