5.253127813339233398e-01
4.148477911949157715e-01
3.890201747417449951e-01
3.674063682556152344e-01
4.282805919647216797e-01
5.094103813171386719e-01
4.461447298526763916e-01
5.550342798233032227e-01
2.555593848228454590e-01
3.755251169204711914e-01
3.152322471141815186e-01
4.478118121623992920e-01
4.504185318946838379e-01
4.548920989036560059e-01
4.612575769424438477e-01
4.797804057598114014e-01
4.008947610855102539e-01
3.729938268661499023e-01
4.290999472141265869e-01
3.802669942378997803e-01
2.824002206325531006e-01
2.363750338554382324e-01
3.525556623935699463e-01
2.934881448745727539e-01
6.392332911491394043e-01
6.480868458747863770e-01
5.707443356513977051e-01
2.781957983970642090e-01
3.859640657901763916e-01
3.452213108539581299e-01
