2.590265274047851562e-01
3.148443400859832764e-01
2.549616694450378418e-01
2.880440652370452881e-01
1.245441198348999023e+00
2.975285947322845459e-01
2.893200516700744629e-01
2.974829077720642090e-01
2.277252972126007080e-01
2.951806187629699707e-01
2.326615154743194580e-01
3.301830887794494629e-01
2.905775904655456543e-01
2.163929492235183716e-01
2.241860330104827881e-01
3.571781516075134277e-01
2.807249426841735840e-01
3.523561358451843262e-01
3.941932916641235352e-01
3.098607063293457031e-01
2.997569143772125244e-01
3.261490762233734131e-01
4.128737449645996094e-01
2.624970376491546631e-01
1.745823472738265991e-01
3.818300366401672363e-01
3.717146217823028564e-01
3.048464357852935791e-01
2.835165858268737793e-01
2.950801253318786621e-01
2.394387722015380859e-01
2.327770888805389404e-01
1.139027357101440430e+00
9.563387036323547363e-01
2.694247663021087646e-01
3.164745271205902100e-01
3.685385584831237793e-01
2.905403971672058105e-01
2.437097728252410889e-01
2.962083220481872559e-01
2.548750042915344238e-01
3.625045716762542725e-01
3.681078553199768066e-01
2.484020292758941650e-01
2.473051100969314575e-01
4.956905841827392578e-01
4.961643815040588379e-01
2.530751228332519531e-01
