3.583713173866271973e-01
3.642375767230987549e-01
2.525193691253662109e-01
3.008005619049072266e-01
1.258592128753662109e+00
2.991872429847717285e-01
3.575374186038970947e-01
2.921130061149597168e-01
2.199477106332778931e-01
2.929727137088775635e-01
2.357732057571411133e-01
2.584743797779083252e-01
2.702554762363433838e-01
2.313179820775985718e-01
2.429691404104232788e-01
3.336915075778961182e-01
3.842512667179107666e-01
3.406244516372680664e-01
2.605186998844146729e-01
3.226546347141265869e-01
2.973263859748840332e-01
3.643816709518432617e-01
4.350425601005554199e-01
3.669128119945526123e-01
1.752968877553939819e-01
3.984105885028839111e-01
3.725600838661193848e-01
3.544827401638031006e-01
2.581782341003417969e-01
2.989147007465362549e-01
2.383065670728683472e-01
2.268479913473129272e-01
1.117363452911376953e+00
1.022141933441162109e+00
2.413089424371719360e-01
3.379482030868530273e-01
2.503876984119415283e-01
3.376166820526123047e-01
2.445731163024902344e-01
2.932882606983184814e-01
3.852597177028656006e-01
2.215603888034820557e-01
2.951508462429046631e-01
3.379260301589965820e-01
2.470101118087768555e-01
4.974475204944610596e-01
4.934400022029876709e-01
2.576140463352203369e-01
