2.677540779113769531e-01
3.847531676292419434e-01
2.497695982456207275e-01
2.861000001430511475e-01
1.256837606430053711e+00
2.986740469932556152e-01
2.365435063838958740e-01
2.944090664386749268e-01
2.273853719234466553e-01
3.027491271495819092e-01
2.509074211120605469e-01
2.694205045700073242e-01
2.633908390998840332e-01
2.615913152694702148e-01
2.974070310592651367e-01
2.039108276367187500e-01
2.800867557525634766e-01
3.729877471923828125e-01
4.041953384876251221e-01
2.504815161228179932e-01
2.316271066665649414e-01
3.626317381858825684e-01
4.269108772277832031e-01
2.227246761322021484e-01
1.763855516910552979e-01
3.874101638793945312e-01
3.516934514045715332e-01
3.364706635475158691e-01
2.374547719955444336e-01
2.971090674400329590e-01
2.207419723272323608e-01
2.401454448699951172e-01
1.167596578598022461e+00
1.194408893585205078e+00
2.918934822082519531e-01
3.684837520122528076e-01
2.569601237773895264e-01
2.314978390932083130e-01
2.502406239509582520e-01
2.976953983306884766e-01
3.694141209125518799e-01
2.410586774349212646e-01
2.463132143020629883e-01
3.565461635589599609e-01
2.362365871667861938e-01
4.997336864471435547e-01
4.896246790885925293e-01
2.384175807237625122e-01
