2.317155152559280396e-01
3.841877281665802002e-01
2.584290802478790283e-01
2.853578031063079834e-01
1.450734972953796387e+00
2.861520946025848389e-01
2.294985949993133545e-01
2.952587306499481201e-01
2.322684824466705322e-01
2.963034212589263916e-01
3.105172216892242432e-01
2.658442854881286621e-01
2.514314353466033936e-01
3.071430921554565430e-01
2.747500240802764893e-01
3.442949950695037842e-01
3.009127974510192871e-01
3.429232239723205566e-01
3.663568794727325439e-01
3.124787211418151855e-01
2.890594005584716797e-01
3.494783639907836914e-01
3.050168156623840332e-01
2.333723306655883789e-01
1.753325462341308594e-01
3.734706640243530273e-01
3.885341584682464600e-01
2.760478854179382324e-01
3.158136606216430664e-01
2.899991273880004883e-01
2.137041985988616943e-01
2.268362045288085938e-01
9.905050992965698242e-01
1.149352550506591797e+00
3.453559279441833496e-01
3.600946366786956787e-01
2.661576867103576660e-01
3.158605694770812988e-01
2.472025156021118164e-01
2.951813936233520508e-01
3.384339213371276855e-01
2.820215821266174316e-01
2.678657472133636475e-01
3.477837443351745605e-01
2.483358532190322876e-01
4.980923831462860107e-01
4.949920773506164551e-01
2.479141801595687866e-01
