2.301175445318222046e-01
3.113672137260437012e-01
2.568519711494445801e-01
2.899685800075531006e-01
7.586635947227478027e-01
2.961452901363372803e-01
2.173919081687927246e-01
2.951704859733581543e-01
2.370918542146682739e-01
2.964254915714263916e-01
2.710691690444946289e-01
2.461245357990264893e-01
2.451428920030593872e-01
3.497596979141235352e-01
2.954479455947875977e-01
3.497164547443389893e-01
2.678173780441284180e-01
3.665689229965209961e-01
4.099226295948028564e-01
2.863865196704864502e-01
2.932537496089935303e-01
2.380276769399642944e-01
2.367055714130401611e-01
2.232192605733871460e-01
1.759891360998153687e-01
3.804107308387756348e-01
3.733280301094055176e-01
2.990502119064331055e-01
2.825718522071838379e-01
2.974718213081359863e-01
2.341670989990234375e-01
2.132428735494613647e-01
2.971898615360260010e-01
3.247130811214447021e-01
2.392338216304779053e-01
3.574863076210021973e-01
2.693915367126464844e-01
4.173032641410827637e-01
2.487828135490417480e-01
2.883888781070709229e-01
3.069258034229278564e-01
3.080897331237792969e-01
3.211334943771362305e-01
2.950703203678131104e-01
2.489174157381057739e-01
4.961252510547637939e-01
4.968274533748626709e-01
2.507919371128082275e-01
