2.158257514238357544e-01
2.553407549858093262e-01
2.575839757919311523e-01
2.846304178237915039e-01
7.110036611557006836e-01
2.912443578243255615e-01
2.822971940040588379e-01
2.923892736434936523e-01
2.138448357582092285e-01
2.985518872737884521e-01
2.326623499393463135e-01
2.502651214599609375e-01
2.842590808868408203e-01
2.352671325206756592e-01
3.018923997879028320e-01
2.286275327205657959e-01
3.819746375083923340e-01
2.732638120651245117e-01
2.662077546119689941e-01
4.183547496795654297e-01
2.137562334537506104e-01
3.460945487022399902e-01
4.008448123931884766e-01
3.484228849411010742e-01
1.781494021415710449e-01
3.659580349922180176e-01
3.998621106147766113e-01
2.428432106971740723e-01
3.484484851360321045e-01
2.922921776771545410e-01
2.215569615364074707e-01
2.249890565872192383e-01
9.200322628021240234e-01
5.983265638351440430e-01
2.179701626300811768e-01
3.785642087459564209e-01
2.694506049156188965e-01
3.510204851627349854e-01
2.602878212928771973e-01
2.926577329635620117e-01
3.219049572944641113e-01
3.067227005958557129e-01
2.263118028640747070e-01
3.892003297805786133e-01
2.471660971641540527e-01
4.993388056755065918e-01
4.929970502853393555e-01
2.400272190570831299e-01
