2.312682569026947021e-01
2.619217336177825928e-01
2.564391195774078369e-01
2.817960679531097412e-01
2.700721919536590576e-01
2.829240560531616211e-01
3.333662152290344238e-01
3.018758594989776611e-01
2.336856871843338013e-01
2.913468778133392334e-01
2.338076531887054443e-01
2.137732654809951782e-01
2.944435775279998779e-01
3.310000002384185791e-01
2.811512053012847900e-01
3.497399091720581055e-01
3.812544941902160645e-01
2.867245972156524658e-01
2.752417325973510742e-01
4.163772761821746826e-01
2.956907451152801514e-01
3.511039912700653076e-01
3.236757218837738037e-01
2.455768585205078125e-01
1.697556972503662109e-01
4.247928857803344727e-01
3.805654048919677734e-01
3.628911972045898438e-01
2.697573006153106689e-01
2.955621480941772461e-01
2.551333308219909668e-01
2.875760793685913086e-01
1.198696851730346680e+00
1.015213847160339355e+00
2.069275379180908203e-01
3.774824738502502441e-01
2.673481106758117676e-01
4.009650945663452148e-01
2.480503916740417480e-01
2.853366732597351074e-01
3.788746595382690430e-01
2.595187723636627197e-01
2.592778503894805908e-01
3.798355162143707275e-01
2.320021688938140869e-01
4.910203814506530762e-01
5.009121894836425781e-01
2.433988898992538452e-01
