2.492328584194183350e-01
2.641930878162384033e-01
2.501579225063323975e-01
2.964456379413604736e-01
1.207382798194885254e+00
2.994344830513000488e-01
2.174511551856994629e-01
2.971144616603851318e-01
2.104756385087966919e-01
3.009817898273468018e-01
2.178668975830078125e-01
2.085425555706024170e-01
2.313504219055175781e-01
3.289391994476318359e-01
3.004347085952758789e-01
3.326799869537353516e-01
3.738368451595306396e-01
2.529367506504058838e-01
3.011262118816375732e-01
4.371795952320098877e-01
2.974037528038024902e-01
2.073523998260498047e-01
2.006614506244659424e-01
2.274401187896728516e-01
1.745766550302505493e-01
3.793376386165618896e-01
3.411774039268493652e-01
3.157118856906890869e-01
2.176717817783355713e-01
2.998983263969421387e-01
2.164024114608764648e-01
2.148045599460601807e-01
2.958615124225616455e-01
2.828886806964874268e-01
2.855766117572784424e-01
2.826216816902160645e-01
3.848921954631805420e-01
5.066301226615905762e-01
2.407716661691665649e-01
2.943756580352783203e-01
2.507269680500030518e-01
3.666129112243652344e-01
3.558384776115417480e-01
2.378318756818771362e-01
2.397081702947616577e-01
4.865069985389709473e-01
4.922093152999877930e-01
2.351361811161041260e-01
