2.309380769729614258e-01
3.729045093059539795e-01
2.571026682853698730e-01
2.896302044391632080e-01
7.754337787628173828e-01
2.947447597980499268e-01
2.181258201599121094e-01
2.962255477905273438e-01
3.519958853721618652e-01
2.929608225822448730e-01
2.205326110124588013e-01
2.261116504669189453e-01
2.623907029628753662e-01
3.318884372711181641e-01
2.843052148818969727e-01
3.514338731765747070e-01
2.743019759654998779e-01
3.668712973594665527e-01
4.065814614295959473e-01
2.888395786285400391e-01
2.960341572761535645e-01
2.402629703283309937e-01
2.746670544147491455e-01
2.217903584241867065e-01
1.754905879497528076e-01
3.708295524120330811e-01
3.883283138275146484e-01
2.756926119327545166e-01
3.204562366008758545e-01
2.957040369510650635e-01
2.173655927181243896e-01
2.243447601795196533e-01
2.939678728580474854e-01
2.667678594589233398e-01
2.260849028825759888e-01
3.331350386142730713e-01
3.173948228359222412e-01
4.250393807888031006e-01
2.469705343246459961e-01
2.936069667339324951e-01
3.036503493785858154e-01
3.174165487289428711e-01
3.340493738651275635e-01
2.814550995826721191e-01
2.488200515508651733e-01
4.976090490818023682e-01
4.960778653621673584e-01
2.487858831882476807e-01
