2.124570608139038086e-01
3.823035657405853271e-01
2.605378925800323486e-01
2.862673997879028320e-01
7.576550245285034180e-01
2.884458601474761963e-01
2.165109962224960327e-01
2.889204025268554688e-01
2.394347637891769409e-01
3.006343543529510498e-01
2.390188276767730713e-01
2.262697666883468628e-01
2.357732206583023071e-01
3.063821196556091309e-01
2.754451334476470947e-01
3.487836122512817383e-01
3.745263814926147461e-01
2.713429629802703857e-01
2.524361312389373779e-01
3.888097405433654785e-01
2.974878847599029541e-01
3.463423550128936768e-01
2.822233140468597412e-01
2.505773305892944336e-01
1.744534373283386230e-01
4.078994989395141602e-01
3.579692840576171875e-01
3.556515276432037354e-01
2.366178631782531738e-01
2.908092141151428223e-01
2.598499655723571777e-01
2.237990200519561768e-01
4.354859590530395508e-01
5.412190556526184082e-01
2.613522708415985107e-01
3.739652633666992188e-01
2.681063711643218994e-01
2.948151826858520508e-01
2.398124784231185913e-01
2.800018489360809326e-01
3.860090672969818115e-01
2.354867756366729736e-01
2.614479362964630127e-01
3.549338281154632568e-01
2.448285222053527832e-01
4.936902225017547607e-01
4.955099225044250488e-01
2.469595074653625488e-01
