2.501857876777648926e-01
2.663629949092864990e-01
2.547873854637145996e-01
2.887871563434600830e-01
9.721695780754089355e-01
2.973471879959106445e-01
3.552557229995727539e-01
2.939859926700592041e-01
2.188489139080047607e-01
2.964651882648468018e-01
2.317246198654174805e-01
3.362705409526824951e-01
2.961309850215911865e-01
2.288827747106552124e-01
2.919859588146209717e-01
2.536304593086242676e-01
2.844021618366241455e-01
3.847133219242095947e-01
3.925583362579345703e-01
2.576005756855010986e-01
2.594455182552337646e-01
3.528097569942474365e-01
4.185732007026672363e-01
2.777475714683532715e-01
1.753102242946624756e-01
3.701301217079162598e-01
3.893502950668334961e-01
2.723026573657989502e-01
3.150752782821655273e-01
2.752313017845153809e-01
3.195245265960693359e-01
2.177239805459976196e-01
1.072467207908630371e+00
9.550676941871643066e-01
2.143143862485885620e-01
3.758271634578704834e-01
2.644234895706176758e-01
4.411870837211608887e-01
2.533593773841857910e-01
2.943314313888549805e-01
3.252277970314025879e-01
2.921973466873168945e-01
2.960022389888763428e-01
3.174987435340881348e-01
2.487691491842269897e-01
4.965713322162628174e-01
4.967163801193237305e-01
2.480167597532272339e-01
