2.306230813264846802e-01
3.867932558059692383e-01
2.500619590282440186e-01
2.738339006900787354e-01
1.016481518745422363e+00
2.807525992393493652e-01
2.382456809282302856e-01
2.961688935756683350e-01
2.322821617126464844e-01
2.901051938533782959e-01
2.507110238075256348e-01
2.408941686153411865e-01
2.154112309217453003e-01
3.198452591896057129e-01
2.804317772388458252e-01
3.404614329338073730e-01
3.796696066856384277e-01
2.876821160316467285e-01
2.655221223831176758e-01
4.210510551929473877e-01
2.967507243156433105e-01
3.668419122695922852e-01
2.764778733253479004e-01
2.270946949720382690e-01
1.802970021963119507e-01
3.552801907062530518e-01
3.726150989532470703e-01
2.488111704587936401e-01
3.429999947547912598e-01
2.885654270648956299e-01
2.317110449075698853e-01
2.106798440217971802e-01
3.292081654071807861e-01
4.034550786018371582e-01
3.352327644824981689e-01
2.419008463621139526e-01
3.718776404857635498e-01
4.070896804332733154e-01
2.296105623245239258e-01
3.024334907531738281e-01
2.806082665920257568e-01
3.505553007125854492e-01
3.657581210136413574e-01
2.404849380254745483e-01
2.574684917926788330e-01
4.944795668125152588e-01
4.987424015998840332e-01
2.570875585079193115e-01
