2.091817706823348999e-01
3.717700541019439697e-01
2.669307291507720947e-01
2.675369083881378174e-01
1.427340030670166016e+00
2.781096994876861572e-01
3.457325994968414307e-01
2.941938340663909912e-01
3.387122750282287598e-01
2.849087715148925781e-01
3.377306759357452393e-01
2.210701107978820801e-01
2.907043099403381348e-01
3.415406346321105957e-01
2.961790263652801514e-01
2.453120648860931396e-01
2.458332926034927368e-01
3.742646872997283936e-01
4.346676766872406006e-01
2.910051643848419189e-01
2.602844834327697754e-01
3.575499951839447021e-01
4.447988569736480713e-01
3.740976154804229736e-01
1.818158328533172607e-01
4.063127040863037109e-01
3.526102900505065918e-01
3.368575572967529297e-01
2.149860709905624390e-01
2.838397920131683350e-01
2.256412804126739502e-01
2.454159855842590332e-01
7.126198410987854004e-01
6.439456343650817871e-01
2.284622490406036377e-01
3.755822479724884033e-01
2.697647213935852051e-01
3.622126579284667969e-01
2.686615288257598877e-01
2.867507934570312500e-01
3.746838867664337158e-01
2.612317204475402832e-01
2.430102974176406860e-01
3.729101717472076416e-01
2.377772033214569092e-01
4.974072575569152832e-01
4.923342466354370117e-01
2.398937344551086426e-01
