2.663937807083129883e-01
3.879606723785400391e-01
2.550346255302429199e-01
2.880582213401794434e-01
1.253615856170654297e+00
2.945272028446197510e-01
2.728198766708374023e-01
2.958852946758270264e-01
2.222978174686431885e-01
2.899966835975646973e-01
2.250892221927642822e-01
2.571703195571899414e-01
2.675015330314636230e-01
2.619127333164215088e-01
2.301525473594665527e-01
3.403735458850860596e-01
2.991104722023010254e-01
3.818792104721069336e-01
3.749936521053314209e-01
2.576678097248077393e-01
2.943896651268005371e-01
3.505098223686218262e-01
4.253773689270019531e-01
3.550310730934143066e-01
1.752030998468399048e-01
3.750952184200286865e-01
3.869561851024627686e-01
2.814364135265350342e-01
3.105564415454864502e-01
2.956002354621887207e-01
2.268136292695999146e-01
2.338761091232299805e-01
1.073213577270507812e+00
8.782172799110412598e-01
2.432821691036224365e-01
3.357185125350952148e-01
3.074086010456085205e-01
3.358732759952545166e-01
2.482763975858688354e-01
2.947767078876495361e-01
3.020488321781158447e-01
3.131738901138305664e-01
3.208828866481781006e-01
2.960641086101531982e-01
2.498136162757873535e-01
4.958148896694183350e-01
4.975412786006927490e-01
2.499315738677978516e-01
