3.781335651874542236e-01
3.778994977474212646e-01
2.573188543319702148e-01
3.037976324558258057e-01
1.122535705566406250e+00
2.868187725543975830e-01
2.117852866649627686e-01
2.964203357696533203e-01
2.593723237514495850e-01
2.976894676685333252e-01
2.339808046817779541e-01
2.818403542041778564e-01
2.884528040885925293e-01
2.087797820568084717e-01
3.004896342754364014e-01
3.395777046680450439e-01
2.544719874858856201e-01
3.680000007152557373e-01
4.340046048164367676e-01
2.759492695331573486e-01
3.030544817447662354e-01
3.482829928398132324e-01
2.131314575672149658e-01
2.421838045120239258e-01
1.811795383691787720e-01
4.044577479362487793e-01
3.635945916175842285e-01
3.470879197120666504e-01
2.424602955579757690e-01
2.987608015537261963e-01
2.198044508695602417e-01
2.354272753000259399e-01
5.539740920066833496e-01
6.984229683876037598e-01
2.364297062158584595e-01
3.832088410854339600e-01
3.061846196651458740e-01
5.032901763916015625e-01
2.508166730403900146e-01
2.902602553367614746e-01
2.451448738574981689e-01
3.743487894535064697e-01
3.787400722503662109e-01
2.477196604013442993e-01
2.423509806394577026e-01
4.973218441009521484e-01
5.043114423751831055e-01
2.442232817411422729e-01
