2.647149562835693359e-01
3.856047093868255615e-01
2.507169842720031738e-01
2.725637853145599365e-01
9.878512024879455566e-01
3.111318349838256836e-01
3.578169941902160645e-01
3.074166774749755859e-01
2.802873551845550537e-01
2.939932048320770264e-01
2.569397091865539551e-01
2.017672061920166016e-01
2.508964240550994873e-01
3.236062824726104736e-01
2.982163727283477783e-01
2.669700384140014648e-01
3.608559370040893555e-01
2.509222924709320068e-01
2.958192229270935059e-01
4.244926571846008301e-01
2.867507636547088623e-01
3.442499041557312012e-01
4.591383337974548340e-01
3.487592339515686035e-01
1.804134547710418701e-01
3.470028936862945557e-01
3.832219243049621582e-01
2.167256325483322144e-01
3.109244704246520996e-01
2.966378331184387207e-01
2.207714319229125977e-01
2.338311523199081421e-01
1.115740299224853516e+00
1.009002566337585449e+00
2.277410924434661865e-01
2.656708955764770508e-01
3.719691038131713867e-01
6.445851325988769531e-01
2.489055991172790527e-01
2.740237116813659668e-01
3.649808168411254883e-01
2.307509630918502808e-01
2.573888003826141357e-01
3.430043756961822510e-01
2.588126957416534424e-01
4.927605986595153809e-01
4.980532526969909668e-01
2.540630102157592773e-01
