2.501639127731323242e-01
3.829285800457000732e-01
2.567872703075408936e-01
2.870905995368957520e-01
1.000397920608520508e+00
2.959090471267700195e-01
2.505980432033538818e-01
2.976039350032806396e-01
2.200272083282470703e-01
2.961972653865814209e-01
2.303462475538253784e-01
2.681477963924407959e-01
2.906298637390136719e-01
2.818608582019805908e-01
2.620598971843719482e-01
3.332322239875793457e-01
2.773652672767639160e-01
3.821894526481628418e-01
3.994953334331512451e-01
2.675638794898986816e-01
2.886142432689666748e-01
3.533909618854522705e-01
3.645845949649810791e-01
2.826066315174102783e-01
1.743570715188980103e-01
3.715914785861968994e-01
3.752978444099426270e-01
2.817154526710510254e-01
2.950974404811859131e-01
2.894569933414459229e-01
2.227420806884765625e-01
2.259757816791534424e-01
1.070069551467895508e+00
8.922860026359558105e-01
2.315760850906372070e-01
3.030552268028259277e-01
3.615897595882415771e-01
3.062092065811157227e-01
2.473490536212921143e-01
2.928979992866516113e-01
3.690052628517150879e-01
2.438276261091232300e-01
2.585739493370056152e-01
3.611883223056793213e-01
2.487961351871490479e-01
4.936539232730865479e-01
4.957025945186614990e-01
2.520830929279327393e-01
