2.301325798034667969e-01
3.843488097190856934e-01
2.576315701007843018e-01
2.648320496082305908e-01
3.337154984474182129e-01
2.909587621688842773e-01
2.229910492897033691e-01
2.964877784252166748e-01
2.152417153120040894e-01
2.792185842990875244e-01
2.184147238731384277e-01
2.282739877700805664e-01
2.160116285085678101e-01
3.542823791503906250e-01
2.933308482170104980e-01
3.573807775974273682e-01
3.702404499053955078e-01
2.703960239887237549e-01
2.395099699497222900e-01
3.977575600147247314e-01
2.859545946121215820e-01
2.075981497764587402e-01
2.205583751201629639e-01
2.161897420883178711e-01
1.790781766176223755e-01
3.510925471782684326e-01
4.079644978046417236e-01
2.272685468196868896e-01
3.499971330165863037e-01
2.949051260948181152e-01
2.775914669036865234e-01
2.224792093038558960e-01
2.704330086708068848e-01
2.730952203273773193e-01
2.232778817415237427e-01
3.643487691879272461e-01
2.475985139608383179e-01
5.273604989051818848e-01
2.503617703914642334e-01
2.964405715465545654e-01
3.157483637332916260e-01
3.166117966175079346e-01
4.001262485980987549e-01
2.383044511079788208e-01
2.329506278038024902e-01
4.947544634342193604e-01
4.970654249191284180e-01
2.334994673728942871e-01
