2.355653196573257446e-01
3.383563458919525146e-01
2.401437163352966309e-01
2.807294130325317383e-01
5.038273930549621582e-01
2.917087674140930176e-01
2.205515950918197632e-01
3.016769886016845703e-01
1.922550350427627563e-01
2.952829599380493164e-01
2.729707062244415283e-01
2.293425202369689941e-01
2.334973216056823730e-01
3.455459177494049072e-01
2.966783046722412109e-01
3.091682195663452148e-01
2.604880034923553467e-01
3.786845505237579346e-01
4.461782872676849365e-01
3.010665178298950195e-01
2.990067005157470703e-01
2.302650660276412964e-01
2.554936408996582031e-01
2.175086289644241333e-01
1.674036830663681030e-01
4.184232652187347412e-01
3.628677427768707275e-01
3.648534715175628662e-01
2.445996850728988647e-01
2.897895872592926025e-01
2.532864212989807129e-01
2.080240398645401001e-01
3.797341287136077881e-01
4.586774706840515137e-01
2.194219827651977539e-01
2.608946561813354492e-01
3.703147470951080322e-01
5.833953022956848145e-01
2.291593551635742188e-01
2.843396067619323730e-01
2.623165845870971680e-01
3.509686291217803955e-01
3.744128942489624023e-01
2.375247329473495483e-01
2.508485913276672363e-01
4.908095300197601318e-01
4.989198148250579834e-01
2.479395121335983276e-01
