2.323244214057922363e-01
3.507558405399322510e-01
2.611177861690521240e-01
2.789760231971740723e-01
1.075679659843444824e+00
2.908436655998229980e-01
3.665060400962829590e-01
2.802683115005493164e-01
3.558636307716369629e-01
2.840811312198638916e-01
2.090423107147216797e-01
2.561805844306945801e-01
2.629528343677520752e-01
2.396035045385360718e-01
3.003863394260406494e-01
2.405832409858703613e-01
3.748083114624023438e-01
2.607500553131103516e-01
2.758436799049377441e-01
4.194573462009429932e-01
2.676309645175933838e-01
3.556153774261474609e-01
4.564622640609741211e-01
3.599700927734375000e-01
1.729256808757781982e-01
4.079517126083374023e-01
3.566689491271972656e-01
3.321135044097900391e-01
2.216477394104003906e-01
2.932786941528320312e-01
3.167273104190826416e-01
2.472341954708099365e-01
4.428755640983581543e-01
5.532157421112060547e-01
2.286278307437896729e-01
3.894448578357696533e-01
2.957300245761871338e-01
4.426694512367248535e-01
2.394680082798004150e-01
3.005525469779968262e-01
3.747425675392150879e-01
2.293284833431243896e-01
2.528974115848541260e-01
3.533334136009216309e-01
2.513633370399475098e-01
4.979999661445617676e-01
4.976136088371276855e-01
2.569491565227508545e-01
