2.257188856601715088e-01
3.570364117622375488e-01
2.657329440116882324e-01
2.796443700790405273e-01
7.496052384376525879e-01
2.928890883922576904e-01
2.263559401035308838e-01
2.909106612205505371e-01
2.175890803337097168e-01
2.847560644149780273e-01
2.250177115201950073e-01
2.390941977500915527e-01
2.205017656087875366e-01
3.442296385765075684e-01
3.006476759910583496e-01
3.161740303039550781e-01
3.896690905094146729e-01
2.978070080280303955e-01
2.340961694717407227e-01
3.785631358623504639e-01
2.916058897972106934e-01
2.487851083278656006e-01
1.864644140005111694e-01
2.148976773023605347e-01
1.760511398315429688e-01
4.020025134086608887e-01
3.614609241485595703e-01
3.714243173599243164e-01
2.620801627635955811e-01
2.981828451156616211e-01
2.493371218442916870e-01
2.438462823629379272e-01
2.901602983474731445e-01
2.945131659507751465e-01
2.284928560256958008e-01
3.535491824150085449e-01
3.746638894081115723e-01
4.958275854587554932e-01
2.411016672849655151e-01
2.897326350212097168e-01
2.614192366600036621e-01
3.471181094646453857e-01
3.710782229900360107e-01
2.364487200975418091e-01
2.461077123880386353e-01
4.898632764816284180e-01
5.029374361038208008e-01
2.535133659839630127e-01
