2.330475151538848877e-01
2.932772934436798096e-01
2.560036778450012207e-01
2.873400449752807617e-01
1.032098174095153809e+00
2.973782122135162354e-01
2.199345231056213379e-01
2.966008782386779785e-01
2.335939407348632812e-01
2.953516840934753418e-01
2.570788860321044922e-01
2.368654012680053711e-01
2.418067455291748047e-01
3.458574116230010986e-01
2.937054336071014404e-01
3.455131351947784424e-01
2.900402247905731201e-01
3.501005768775939941e-01
3.826721012592315674e-01
3.079540729522705078e-01
2.948836386203765869e-01
2.454188168048858643e-01
2.348886430263519287e-01
2.235357761383056641e-01
1.756209433078765869e-01
3.747608661651611328e-01
3.790143430233001709e-01
2.818638384342193604e-01
2.919920384883880615e-01
2.959843873977661133e-01
2.351859360933303833e-01
2.166967242956161499e-01
2.925588190555572510e-01
2.723069787025451660e-01
2.264240086078643799e-01
3.285005092620849609e-01
3.160574734210968018e-01
4.867357909679412842e-01
2.476824969053268433e-01
2.933865785598754883e-01
3.139079809188842773e-01
3.063148558139801025e-01
3.041295409202575684e-01
3.109400868415832520e-01
2.482689917087554932e-01
4.964723587036132812e-01
4.963359832763671875e-01
2.480675578117370605e-01
