2.117947489023208618e-01
3.823049068450927734e-01
2.638276219367980957e-01
2.795335352420806885e-01
1.346661925315856934e+00
2.538917064666748047e-01
2.396434843540191650e-01
2.940765321254730225e-01
2.053144127130508423e-01
2.886987924575805664e-01
2.210814356803894043e-01
2.379096597433090210e-01
2.584299147129058838e-01
3.065648674964904785e-01
2.131384462118148804e-01
3.315976560115814209e-01
4.003074169158935547e-01
2.858689129352569580e-01
2.814498543739318848e-01
4.273184239864349365e-01
2.950152456760406494e-01
3.568038940429687500e-01
3.579176068305969238e-01
3.573989570140838623e-01
1.741206496953964233e-01
3.580348789691925049e-01
4.143186807632446289e-01
2.580561637878417969e-01
3.713031113147735596e-01
3.096271753311157227e-01
2.061189264059066772e-01
2.271849513053894043e-01
9.440466761589050293e-01
1.063635945320129395e+00
3.351432681083679199e-01
3.574815094470977783e-01
2.528794705867767334e-01
2.514637410640716553e-01
2.470162361860275269e-01
2.952829301357269287e-01
2.377393543720245361e-01
3.737191855907440186e-01
3.573052287101745605e-01
2.632584273815155029e-01
2.414580732583999634e-01
5.032236576080322266e-01
4.951090812683105469e-01
2.527548074722290039e-01
