2.357197403907775879e-01
3.427097499370574951e-01
2.553915381431579590e-01
2.869541943073272705e-01
7.297155261039733887e-01
2.983006238937377930e-01
2.199856936931610107e-01
2.961090803146362305e-01
2.220536321401596069e-01
2.929879724979400635e-01
2.488746047019958496e-01
2.325977981090545654e-01
2.375823855400085449e-01
3.222932517528533936e-01
2.887834608554840088e-01
3.453172743320465088e-01
3.667704761028289795e-01
2.977711260318756104e-01
2.831680178642272949e-01
3.799875378608703613e-01
2.894980609416961670e-01
3.462458848953247070e-01
2.860579192638397217e-01
2.251441925764083862e-01
1.750932782888412476e-01
3.794432878494262695e-01
3.782194256782531738e-01
2.924170792102813721e-01
2.914634943008422852e-01
2.965939939022064209e-01
2.351740002632141113e-01
2.176871597766876221e-01
2.967229485511779785e-01
2.698642909526824951e-01
2.242638766765594482e-01
3.493090569972991943e-01
2.881553471088409424e-01
4.541554749011993408e-01
2.472100257873535156e-01
2.938016951084136963e-01
3.384328782558441162e-01
2.825201749801635742e-01
2.542898952960968018e-01
3.607772588729858398e-01
2.487899810075759888e-01
4.962968528270721436e-01
4.968362748622894287e-01
2.479397803544998169e-01
