2.175619041581636215e-01
3.159010070042270191e-01
2.560176399442827821e-01
2.852746161655090873e-01
4.440281094017748953e-01
2.912813996164032582e-01
2.173444904789351984e-01
2.960047940710627823e-01
2.210024435262348264e-01
2.956943684934274508e-01
2.219083485078412743e-01
2.282967067457200017e-01
2.310328742912867162e-01
3.440873092282440981e-01
2.945619759025427942e-01
3.391497364151676019e-01
2.724999121912388689e-01
3.111227611965223794e-01
3.112821700968308458e-01
2.868428627735559178e-01
2.928979813967793056e-01
2.328978626277564412e-01
2.099687568244891500e-01
2.157927239816161968e-01
1.752252615858000129e-01
3.730333062053406423e-01
3.716192303999384383e-01
2.524663465863585810e-01
2.572649751670282869e-01
2.955111505952647821e-01
2.379249780972328976e-01
2.098510829605201855e-01
3.076773358821408566e-01
2.399752583213312918e-01
2.187888815947746646e-01
2.982685183252460903e-01
2.819466106255786308e-01
4.438982804709748486e-01
2.469179114996531421e-01
2.912148513386256243e-01
2.814226749351201318e-01
2.910894500172606092e-01
2.703221606525171850e-01
2.588306780180819611e-01
2.470342955110029493e-01
4.962444868016305244e-01
4.963268176713920288e-01
2.474456375413881526e-01
