2.638716541758440726e-01
3.869453707525261077e-01
2.549199030461000159e-01
2.873309210957814552e-01
6.248552158626237141e-01
2.971207309820585452e-01
3.528298978153589505e-01
2.915869680708375045e-01
2.141135740938670817e-01
2.973265942044303056e-01
2.178788810895609385e-01
2.244621620725097411e-01
2.554747666878740553e-01
2.891807022512004055e-01
2.943908230691427153e-01
2.944784305147120085e-01
3.860991445701176250e-01
2.853439615416409336e-01
2.458412304893272116e-01
3.934382989102765960e-01
2.847228935679946837e-01
3.517418562009702043e-01
2.933325607265875878e-01
3.602482438724338154e-01
1.759143428834574474e-01
3.840745803711133610e-01
3.638463107051727596e-01
2.892945634400470034e-01
2.475980742814010704e-01
2.979837932731507211e-01
2.095339855648326310e-01
2.212334626817910599e-01
8.723706276622523736e-01
7.652317120844948084e-01
2.154429358197931244e-01
2.842918652870321528e-01
3.600621908619552891e-01
3.299933200686568369e-01
2.452487437578373675e-01
2.940814370317438309e-01
2.571385007966129344e-01
2.969526988935240475e-01
2.778248151995097448e-01
2.614901720742596192e-01
2.464019807208865376e-01
4.966205231847495849e-01
4.968121743296380899e-01
2.464567002426047704e-01
