3.473341432381749638e-01
2.577498253477264467e-01
2.487750507638072373e-01
2.958834782334849312e-01
1.096157905923451192e+00
3.012540929246108612e-01
2.219323952512621545e-01
2.903102068584695883e-01
2.421012373382141203e-01
3.070065072284676733e-01
2.350915073090372454e-01
2.151696987604405364e-01
2.817907046894043699e-01
3.482197822257969699e-01
2.960895303426224756e-01
2.404121324808851934e-01
3.362171917630792373e-01
2.317326208651235009e-01
3.445765968064458673e-01
4.349287137319017282e-01
2.937703448647618898e-01
3.547309342195407167e-01
4.168489310268747583e-01
3.547055422956701953e-01
1.729364249735493575e-01
3.616904913299253121e-01
4.191718701793443747e-01
2.515134524675459726e-01
3.735960712184372978e-01
2.880850732993842089e-01
2.573577141893871323e-01
2.541673182144603138e-01
1.129803293330196023e+00
1.287737131776978572e+00
2.192601106217401952e-01
2.565190478079288905e-01
3.728552483965958397e-01
3.622747954025534178e-01
2.643444840545507990e-01
2.904943843272417836e-01
3.488122843926005912e-01
2.598191485699339887e-01
2.300108665070167702e-01
3.794640924634410939e-01
2.545937880225615513e-01
5.023086660812895454e-01
5.025077487657616526e-01
2.677947275600245924e-01
