2.703812133028712927e-01
2.416547388283831754e-01
2.686894232878583311e-01
2.846225494543199730e-01
8.654276673043692636e-01
3.027110662823724319e-01
2.218490569921967304e-01
2.923371775257401217e-01
2.006838302048310207e-01
2.941938377401062121e-01
3.467837878736945156e-01
2.188195737465222779e-01
2.960777283870298371e-01
3.373455094962226619e-01
2.974996005820646494e-01
3.622113481439178662e-01
3.783359237773358252e-01
2.580736887722065998e-01
2.480101126604605521e-01
4.084666691613924039e-01
2.822569920089407214e-01
2.250200214836933776e-01
2.556931677409461923e-01
2.418036473169387357e-01
1.776654117957236767e-01
3.573933239187165323e-01
4.090990121153323944e-01
2.182178020278892627e-01
3.405481266273971963e-01
2.976541781821778754e-01
2.375226455779238799e-01
2.047388399898119049e-01
6.086329122720838258e-01
8.922427903431494611e-01
2.196656638553264318e-01
2.860157463642753473e-01
3.895600133771018880e-01
3.722620338809958240e-01
2.479939780387898363e-01
2.985179950904191526e-01
3.543712778782092121e-01
2.459044879854241084e-01
2.247242786559954519e-01
3.542500135555553542e-01
2.572430370125055599e-01
4.903019703310474431e-01
5.019770867906161449e-01
2.625966370977502184e-01
