2.519742264891937644e-01
2.497698943147735606e-01
2.498899854908086249e-01
3.105882120971944493e-01
1.096676340556350882e+00
2.911940805940224086e-01
3.477829985891635611e-01
2.803373342116848299e-01
2.147952603023277895e-01
2.993943935847234727e-01
2.164000847275430461e-01
3.204512931020228605e-01
3.021655388579630452e-01
2.070700670642247887e-01
3.022895804793864216e-01
2.958259899409195759e-01
3.057875298924663809e-01
3.950759426764049453e-01
3.755010652656645687e-01
2.479717885041940739e-01
2.913005657513850211e-01
3.467765732113526900e-01
4.420791851762886915e-01
2.109099304555680787e-01
1.795382795070207815e-01
3.521718390996642634e-01
3.772612189998735821e-01
2.118419545254877079e-01
3.037005355331393597e-01
2.537755378566030062e-01
3.764757827203529250e-01
2.222003639723258428e-01
1.203586710155380768e+00
9.482515523011982861e-01
2.002648271809137903e-01
3.735706208587036281e-01
2.536316214788999490e-01
4.517975470733824328e-01
2.599269160287631109e-01
3.056239476530056010e-01
2.563474163704093645e-01
3.641579460272036384e-01
3.617319748863222495e-01
2.378634072856415926e-01
2.600884417323955367e-01
5.042410468440697846e-01
4.984676848802591098e-01
2.492127887646586881e-01
