2.287884120857584525e-01
3.088280170737212060e-01
2.542308856776788195e-01
2.854922731109723610e-01
3.686716717862276171e-01
2.978871634413397529e-01
2.171105759010022729e-01
2.971451195879458718e-01
2.211781419358822276e-01
2.965203032321932497e-01
2.217216917926864705e-01
2.273457231948158019e-01
2.311892460776724667e-01
3.407910753821598027e-01
2.941785909570595048e-01
3.452049287555083446e-01
3.167556562687305344e-01
2.742126980076114995e-01
2.722492892675613674e-01
3.340918777622042257e-01
2.906180180460207207e-01
2.246799807878404054e-01
2.090562501597787448e-01
2.192616087887597764e-01
1.750597928020106442e-01
3.829654612680316039e-01
3.660561976226688885e-01
2.718075918358634491e-01
2.474864294408924137e-01
2.960177925493306939e-01
2.269029994407815443e-01
2.155945454391441918e-01
2.908201281720780851e-01
2.513416879642900170e-01
2.155368599082274073e-01
2.801170387922641281e-01
2.994911135460368579e-01
4.357009085932966874e-01
2.480824122888047045e-01
2.924108527312916372e-01
2.706054381818651100e-01
2.842364360671183476e-01
2.707612027983277159e-01
2.613990446142738233e-01
2.476606093026441358e-01
4.964186220949020623e-01
4.960834284807342232e-01
2.482658123862447885e-01
