2.380125815209219453e-01
2.759184860785041105e-01
2.402019955345828794e-01
3.041792214159756425e-01
6.747511029994037735e-01
2.958124587479913359e-01
2.303518967437454268e-01
3.013221011702536534e-01
2.053630801816604678e-01
3.003431568545423813e-01
1.949179162714199387e-01
2.231479869241244085e-01
2.237364811151498489e-01
3.453824554157747806e-01
2.971767482232527402e-01
3.536693466355565474e-01
3.961389338896511014e-01
3.048901858116771502e-01
2.412425860021623902e-01
4.029367264576368401e-01
2.881734963204253264e-01
2.568268201429270148e-01
2.322369374555051935e-01
2.416175179428727282e-01
1.739224188062585275e-01
3.442572054865091213e-01
3.927721980964771764e-01
2.120377415912092500e-01
3.124787777124980459e-01
3.008122760210106827e-01
2.323811491437640930e-01
2.139462688953687464e-01
4.093506932351205219e-01
5.125632311427279486e-01
2.800339430086770665e-01
3.614692077662987058e-01
2.423448097480213337e-01
2.708468430558617079e-01
2.558866746077594345e-01
2.860821495329980424e-01
3.744062193111062919e-01
2.290567764196717038e-01
2.488553836792891938e-01
3.613171261549830149e-01
2.332487985969735611e-01
4.919085491810127331e-01
4.970604434758326140e-01
2.510339021811259785e-01
