2.217485840899239558e-01
2.510707357188469713e-01
2.562342307078816495e-01
2.732731401450947950e-01
4.989680265465134545e-01
2.944913747226725609e-01
2.268613114484852866e-01
2.951427870846606294e-01
2.059147165875277186e-01
2.921246741661988611e-01
2.303988270124139037e-01
2.229925772620226787e-01
2.235519187371805827e-01
3.191178475921845337e-01
2.841958234613328194e-01
3.532859227533941548e-01
3.825485183150926782e-01
2.716578127512266905e-01
2.612921869310522727e-01
4.126699208913684469e-01
2.869329338818546460e-01
3.576404745408863217e-01
2.588219884568940810e-01
2.319662377514606633e-01
1.781606429113769818e-01
3.789116652635629023e-01
3.755614013690798947e-01
2.708440386262667143e-01
2.656012153836266321e-01
2.981037545959246415e-01
2.221247911801981778e-01
2.188508464807463472e-01
3.267366510598254115e-01
3.047186490281721949e-01
3.488703455588420543e-01
2.647229044098219908e-01
3.717936629975006624e-01
2.906122156054595784e-01
2.492704367636780494e-01
2.946152133531202977e-01
2.565217840178654618e-01
3.530618157786766242e-01
3.714485341073763824e-01
2.389969548131701538e-01
2.480181698223640763e-01
4.968717574815825766e-01
4.972123981996660613e-01
2.478219515559750286e-01
