2.114828217459254478e-01
3.841809659229626916e-01
2.726829945315983883e-01
2.757716169256808070e-01
8.949274445057239236e-01
2.919280810555818229e-01
2.199386221279402975e-01
2.995647448687346892e-01
2.260995505805044048e-01
2.997415968538741926e-01
2.330021417226689484e-01
2.456705561443475183e-01
2.330343436412641855e-01
3.555123533679772074e-01
2.906354978098935060e-01
3.488266151540165283e-01
2.667471178341201399e-01
3.700824665339467745e-01
4.254949966431040842e-01
2.813058786787130394e-01
3.037449383810802983e-01
2.045581033331859977e-01
2.365523423757399102e-01
2.259491230573423826e-01
1.778932352287503904e-01
4.034625295069450557e-01
3.531840770959659981e-01
3.414849935673372472e-01
2.253641475687844231e-01
2.922978415948659370e-01
2.127792237684008325e-01
2.211447649424994055e-01
3.779999907325984343e-01
3.483174134523643883e-01
3.585763870105486140e-01
2.772742498376020159e-01
3.839140527283504967e-01
2.937226897378995005e-01
2.480161485967247448e-01
2.896153324858867228e-01
3.503498425818570294e-01
3.003548379370152843e-01
2.350680702763029706e-01
3.899038742780447930e-01
2.456358985788461846e-01
4.846741512277800146e-01
4.968440824724877358e-01
2.377183445302621934e-01
