2.293414255797674994e-01
2.625087605621770348e-01
2.555271996006596713e-01
2.851809736089879754e-01
2.074394397481615082e-01
2.974746310813378702e-01
2.179366781907084161e-01
2.964957760425143696e-01
2.240898390123764738e-01
2.956713209504756024e-01
2.192612200162703251e-01
2.274466987165642273e-01
2.306319566818587630e-01
3.422710140853884031e-01
2.950833678093949808e-01
3.399775400781716028e-01
2.832777381468890576e-01
2.946480992380593467e-01
2.929312011456922105e-01
2.977871249043568813e-01
2.921034862865203308e-01
2.306597536677650884e-01
2.069632983024712880e-01
2.184385115032248803e-01
1.753262469028598891e-01
3.730938715665422789e-01
3.715286694853934257e-01
2.539624956060747007e-01
2.573467315544840650e-01
2.960467944624235459e-01
2.231999813857820369e-01
2.154108957458388818e-01
2.960161889566219617e-01
2.355975007292484547e-01
2.268566205419887127e-01
3.084789575383602989e-01
2.679834396244547556e-01
4.890426419474457331e-01
2.467219934135011783e-01
2.915680562700408429e-01
2.767617808669484702e-01
2.755726702484491697e-01
2.687762564610460814e-01
2.686031019126932096e-01
2.476203612346103144e-01
4.962782469342389979e-01
4.963371959919503085e-01
2.475195690560188788e-01
