2.778092639579566869e-01
3.997074088805875336e-01
2.566885648035506784e-01
2.843185082265981545e-01
1.358757607358900943e+00
2.938485716509083301e-01
2.229663734639994455e-01
2.897257505170182101e-01
2.235285639321500650e-01
2.951135635785739897e-01
2.434050454928534113e-01
2.533199181015166612e-01
2.780755432488630219e-01
2.641230555693432902e-01
2.680746618503302425e-01
3.680720635677117714e-01
3.868346225526883009e-01
2.988930022420534516e-01
2.561835334050437951e-01
4.037747101504434721e-01
2.866688655371472660e-01
2.322885998711481659e-01
3.472823185514707922e-01
3.524273340387749087e-01
1.736058903324292080e-01
4.088105579439649806e-01
3.548999732971714893e-01
3.406009640936575322e-01
2.223173238311742794e-01
3.019701844459830586e-01
2.121084636288774750e-01
2.552136478607499592e-01
9.946829615122533275e-01
1.078318585615075875e+00
2.553507692490553649e-01
2.844503229517778564e-01
3.855567602389484150e-01
3.122338915133801573e-01
2.437785860189972398e-01
2.946421805748153933e-01
3.884147382445911068e-01
2.475480144330854948e-01
2.772057060183489297e-01
3.567086143508311213e-01
2.454485753296553052e-01
5.025246748019381871e-01
4.967302943213903199e-01
2.474206684475596663e-01
