2.431063906682397469e-01
3.806117957742070623e-01
2.558106340422872660e-01
2.803281466162108604e-01
6.876969166734641092e-01
2.949728723007303266e-01
2.151710014257892933e-01
2.900087639539789541e-01
2.172521412249577011e-01
2.940485696439125718e-01
2.202052099213483716e-01
2.865115613103966230e-01
2.936183939480154215e-01
2.181421865096324630e-01
2.952538238263822112e-01
3.518124282606209796e-01
2.499627669506786498e-01
3.636855948143823958e-01
4.335866135352162143e-01
2.881072932123208696e-01
2.919555171338650279e-01
3.572553280447415269e-01
2.257128941134892985e-01
2.402424402763155553e-01
1.762110012747237497e-01
3.671555788114391206e-01
3.902766191671634965e-01
2.626655924382401142e-01
3.096838747078167198e-01
2.959863489466954545e-01
2.399917651972713062e-01
2.301564640077879698e-01
9.750215458690130177e-01
9.181299684641164305e-01
2.520913943219491027e-01
2.835151604857084617e-01
3.825335336344845016e-01
2.969978351573290265e-01
2.514287083062419215e-01
2.874011274460394616e-01
2.861045436242953266e-01
2.646958588532491996e-01
2.684885829900212073e-01
2.797346694960679003e-01
2.487153665635611355e-01
4.965135587850270094e-01
4.953222990461539355e-01
2.460031352337060384e-01
