2.080529047869961734e-01
3.930458111925905773e-01
2.478406719243579637e-01
3.032969236094348320e-01
7.865520164508758016e-01
2.939830092629369118e-01
2.165756094923858843e-01
3.102434869907582660e-01
2.272377773844316551e-01
2.934365563640183860e-01
2.347785547654068772e-01
2.556324917107904993e-01
2.209910146930622876e-01
3.575612012048954846e-01
3.002682922565309553e-01
3.284143768774151484e-01
3.828747244069115041e-01
2.690222856989529232e-01
2.819609931474999498e-01
4.212433995303692669e-01
3.051000476962806851e-01
2.251599436009922850e-01
2.167048758739618108e-01
2.221891141479946652e-01
1.700294477801572168e-01
4.114183215622277956e-01
3.446592995686623695e-01
3.424427499489917093e-01
2.181009196143443574e-01
3.032111745163337813e-01
2.076270599470603495e-01
2.186915876603055253e-01
3.072848650432261075e-01
2.505234781861050419e-01
2.286722508764193751e-01
2.561308740965443920e-01
3.409017895451537661e-01
5.244454745868203371e-01
2.467610408460191029e-01
2.991421557649025509e-01
2.847402395439748157e-01
3.542203309199236649e-01
3.864117288541933926e-01
2.540452491509712085e-01
2.459146220135490779e-01
4.956016806319447632e-01
5.023922900818622583e-01
2.360530175980662393e-01
