2.214176757359175018e-01
3.825195147788816308e-01
2.542640659639480161e-01
2.862750201306720199e-01
1.128602838076525838e+00
2.755552882164674089e-01
2.182186105784266472e-01
2.932294202755306722e-01
2.174719526413160520e-01
2.966320888591489902e-01
2.262264482676270283e-01
2.403037016372233381e-01
2.957927219928649376e-01
2.562886089165378745e-01
2.347359708017160984e-01
3.501089552271575145e-01
3.559903108749338241e-01
2.582179619332971576e-01
2.785006311459727879e-01
4.153652061526577621e-01
2.835969060177638279e-01
3.489686520935823544e-01
3.264579944106550391e-01
2.277423243303783873e-01
1.758979722644317956e-01
3.795721936990705814e-01
3.728477419607665877e-01
2.717670072664657988e-01
2.627292337634858921e-01
2.889567444913871408e-01
2.117121165445761677e-01
2.207274564676757478e-01
1.011073583064307835e+00
1.042723387214284037e+00
3.071467267533394274e-01
2.951945209084845811e-01
3.873704211983681200e-01
3.480477119121651031e-01
2.455691503871890169e-01
2.729206551597427310e-01
3.116335444802064147e-01
2.649979864004480823e-01
2.437642432662630310e-01
3.087386892965134355e-01
2.495971127974248305e-01
4.959568113824559532e-01
4.967365681800054444e-01
2.463703777454949173e-01
