2.505294388569537789e-01
3.932238491266251135e-01
2.643596226740025368e-01
2.852139461161949385e-01
1.307125572421487414e+00
2.950271358462490667e-01
2.162614303343083633e-01
2.954217201042061425e-01
2.180000084930231730e-01
2.884112288586315187e-01
1.995720422146476936e-01
2.140537324143746145e-01
2.430411734596609474e-01
3.376521754963248689e-01
2.928377992296775090e-01
3.583322175450979197e-01
3.817971061307923186e-01
2.801964007852268401e-01
2.406947895536441784e-01
3.957183664579020377e-01
3.041052801826251706e-01
2.313114994587403273e-01
2.122781274462986201e-01
2.101118685766548422e-01
1.771045181495023713e-01
3.961388715992307241e-01
3.687750407759927129e-01
3.460202823680798567e-01
2.530869546951227123e-01
2.883504588775199773e-01
2.214068750551283493e-01
2.043942207416742929e-01
2.709040660840204562e-01
2.424912609273950637e-01
1.963008049504370855e-01
2.618892776675043610e-01
3.709689681994884358e-01
4.687920839577525700e-01
2.501460015202179865e-01
2.936664808407592475e-01
2.426952709623702853e-01
3.745717712314122205e-01
3.595511322360970263e-01
2.588010714599986994e-01
2.584956589080336098e-01
4.967384071872426587e-01
4.923951644743860823e-01
2.470020364412046643e-01
