2.266153809747002423e-01
3.883646583161383115e-01
2.566799590383003205e-01
2.810308807323302349e-01
1.319260311191476687e+00
2.953101159298226475e-01
2.664882834989238947e-01
2.947704275701732990e-01
2.198297649377973506e-01
3.018477378844959813e-01
2.548917515512393872e-01
3.498449595285454405e-01
2.668201746208636038e-01
2.776103736895386143e-01
2.916768648939309094e-01
2.661244005136037538e-01
3.029858301333831494e-01
2.982289044939781530e-01
3.536243830733885041e-01
2.695842802542230965e-01
2.886761116741105582e-01
3.482400005807797516e-01
4.290495703797784777e-01
2.375412928308475724e-01
1.766283639833938213e-01
3.654412065597942294e-01
3.877114016412852027e-01
2.435124486005120492e-01
2.914271614411881317e-01
2.887362226627520623e-01
2.170278906590140389e-01
2.181276707882444377e-01
1.153614294207701896e+00
9.531825088679422020e-01
2.216285069198687674e-01
3.546583137410121433e-01
2.537727422212646688e-01
3.835044135555057965e-01
2.482109678179501566e-01
2.922995749495430062e-01
2.961776080378594744e-01
2.572868456617903865e-01
2.494114748613463217e-01
2.889233275951851310e-01
2.513446973167213216e-01
4.935325317776352860e-01
4.972059005675157906e-01
2.470594127988804956e-01
