2.185726602590220002e-01
2.504755265112832419e-01
2.596170605345004545e-01
2.907112524305032197e-01
1.405562286108220427e+00
2.994077803183075592e-01
2.125958634050387763e-01
3.073922701470683250e-01
2.331180112983845532e-01
2.999966736459369065e-01
3.370371189215951579e-01
2.485578335985367537e-01
2.509920591723099337e-01
3.567912862917775318e-01
2.863738821216347263e-01
3.522400259451134441e-01
3.937841680249692389e-01
2.862970206437972509e-01
2.498999993809276621e-01
4.153938022249270001e-01
3.007557319718250910e-01
2.005517468129183467e-01
2.760199353351155405e-01
2.434193960551695457e-01
1.784404662852640544e-01
3.350239099462656855e-01
4.043402366046329743e-01
2.415119414615021776e-01
3.636124730678452210e-01
2.829240260677958752e-01
2.418201711913536278e-01
2.318102870140672789e-01
2.993359552469038731e-01
2.499540445976411451e-01
3.456891759258222119e-01
2.688958645878563591e-01
3.645846542741599805e-01
2.691634901754941800e-01
2.431502213145960989e-01
2.960912270429973403e-01
2.424232073010041122e-01
3.686203956594427122e-01
3.664205684664732510e-01
2.549941228124555925e-01
2.501699340654126025e-01
4.975149034984607810e-01
4.940050862771055984e-01
2.476388975682968507e-01
