2.253071670234460255e-01
3.847786280376367940e-01
2.554039886162302042e-01
2.860959176778065660e-01
1.382736946864262961e+00
2.763522874231522652e-01
2.149466590422261236e-01
2.931389066855381587e-01
2.154938253582128482e-01
2.941360283436331713e-01
2.256886774678323604e-01
3.334790594339429037e-01
2.941204824109436844e-01
2.213624364017997004e-01
2.922592907983902477e-01
3.394340209044879875e-01
3.879771816671265250e-01
2.907231698787282603e-01
2.483857365669868422e-01
3.819183368393264111e-01
2.932441855720553936e-01
3.524075905918087614e-01
2.589465428587288121e-01
2.296521152392420606e-01
1.754849354534035177e-01
3.717405713519303934e-01
3.745641137556731115e-01
2.596991550717596131e-01
2.628747459854361979e-01
2.952244443573522892e-01
2.167284920303186035e-01
2.208622910791458172e-01
7.955107674249100036e-01
6.849696859434987184e-01
3.066061466069736619e-01
2.924217466780414942e-01
2.827585888535036895e-01
2.831847442552808958e-01
2.444536571180120355e-01
2.950497660084597240e-01
2.939188555661875202e-01
2.646585133638515441e-01
2.568782247785874051e-01
2.877110766748847137e-01
2.469700889922147036e-01
4.955352494806288810e-01
4.959840946310007381e-01
2.471030872658386279e-01
