2.233745906736341602e-01
3.834102173221500265e-01
2.542558320341467004e-01
2.847451581581930680e-01
1.108052856990648705e+00
2.837146550467984363e-01
2.016779920516139357e-01
2.973230781510621257e-01
2.095399794670630145e-01
2.980637548469269316e-01
2.328712207929598266e-01
2.791433627461630262e-01
2.772977072616914507e-01
2.589591141722800693e-01
2.073909647365625997e-01
3.560056377375349079e-01
3.112458868539536572e-01
3.912135037156327932e-01
3.511894038480500857e-01
2.551234657668527972e-01
3.034155627355982765e-01
3.404188729405588365e-01
4.147175261881703157e-01
3.681575960306100459e-01
1.736317875222430918e-01
4.143247873666650594e-01
3.535039414330653496e-01
3.608559975988459567e-01
2.523668417315431123e-01
2.874595795868350456e-01
2.300630504670341248e-01
2.319237449797736661e-01
1.058760996961445988e+00
6.882416674768019327e-01
2.297150631928426556e-01
2.655560369549311295e-01
3.714111128963665243e-01
3.502256864503053291e-01
2.664181320543214659e-01
2.924548087146931485e-01
3.015450201454919488e-01
3.265596946809846690e-01
3.769695142154740330e-01
2.328325645820893408e-01
2.453935300801648178e-01
4.927362788303301100e-01
4.877468987750649965e-01
2.430967100074633569e-01
