2.287465931431882926e-01
3.522158251095862669e-01
2.576626229487409270e-01
2.706492542503333154e-01
5.587173150254950427e-01
2.843712268628343365e-01
2.281600385567346123e-01
2.986118173795767605e-01
2.174534505343615476e-01
2.881562113448757345e-01
1.922134001864366226e-01
3.512108287150387809e-01
2.249222081626746916e-01
2.605723745255418278e-01
2.420599740053523685e-01
3.671253353807495956e-01
3.832727669864085529e-01
2.761629834302858910e-01
2.830176368512787866e-01
4.213893412653834103e-01
2.976138295579401905e-01
2.681976580383078623e-01
3.492764271277173371e-01
2.408713254448510421e-01
1.764879508978450806e-01
4.121468100588059902e-01
3.682309117213539706e-01
3.452897382659720904e-01
2.335936586005473714e-01
2.953743337983003592e-01
2.368142756077570577e-01
2.094779313823253997e-01
2.988461276554611468e-01
3.065632328048242261e-01
2.036393865048878871e-01
3.640687181955342688e-01
2.662066822194920079e-01
4.075512853391941026e-01
2.192031150361477276e-01
2.984895441443291553e-01
3.550957755913735636e-01
2.826110726971216014e-01
3.657294199101691623e-01
2.596729092188140298e-01
2.393825328219160442e-01
5.023365624239773952e-01
4.876781682246329463e-01
2.422808394070305738e-01
