2.272596515363404235e-01
3.260201396376370409e-01
2.554376174119296072e-01
2.856242153648029802e-01
2.451331938817578882e-01
2.969113695464233316e-01
2.173609464663101010e-01
2.966768225098426193e-01
2.227142813786597286e-01
2.951555466918182047e-01
2.241098445020911767e-01
2.278745761885156706e-01
2.343795916858639194e-01
3.386435503022793836e-01
2.930534958195527007e-01
3.424006889533162123e-01
2.879459157816548487e-01
2.941768762204169940e-01
2.856826327953793099e-01
3.005363933933838938e-01
2.925514118293565113e-01
2.366864998260573838e-01
2.129842679390628879e-01
2.197762254741524035e-01
1.752544051309215256e-01
3.651170733101719024e-01
3.772115661386181706e-01
2.418260234757346749e-01
2.681789129370356073e-01
2.959354653917337652e-01
2.347725008592725648e-01
2.139082771073047284e-01
2.854135505894151992e-01
2.683476183237868962e-01
2.227476485546182328e-01
2.966491348107578307e-01
2.874104774398071327e-01
3.481396600154635368e-01
2.465580785534865205e-01
2.926500502474905785e-01
2.994454613124398201e-01
2.982886677929647012e-01
2.566224303676334362e-01
2.750602675287666110e-01
2.469647985705129278e-01
4.960637794733531725e-01
4.960812791441684966e-01
2.464429551241673899e-01
