2.248777448882985086e-01
2.779028707412406485e-01
2.390167862794033704e-01
2.777498649948395570e-01
8.276355907512932264e-01
2.955436105358108523e-01
2.470749020473553548e-01
2.765375075299874585e-01
2.277476945232482231e-01
2.920016904701892568e-01
2.132369735001671263e-01
3.060996504808741747e-01
3.006676113869398148e-01
2.163423170752582780e-01
2.917481670203905253e-01
2.679421577894982032e-01
2.684269250458494183e-01
3.759907189560005025e-01
3.933624943570726007e-01
2.639886452726331045e-01
2.691969861815257103e-01
3.516731884839126576e-01
4.299814442329585318e-01
2.101165944558683607e-01
1.803468917140048089e-01
3.599972115459639799e-01
4.272587263621045461e-01
2.258340122474604139e-01
3.588244644329651178e-01
2.980621177463412264e-01
2.203497303837542443e-01
2.350574436036092785e-01
8.389434243084421539e-01
1.028465865885374253e+00
2.512966703822669401e-01
3.715023701390483546e-01
2.640776644070353951e-01
2.976609214196598852e-01
2.471052835169803841e-01
2.941530651341108249e-01
2.494654506529712656e-01
3.821858462264929313e-01
3.577792956806050695e-01
2.583079629261506582e-01
2.345741082177820735e-01
4.948879141857391861e-01
4.931541347239143391e-01
2.369599204732824593e-01
