2.091817729461730446e-01
3.717700520864283265e-01
2.669307315454340079e-01
2.675369085009393078e-01
1.427340034942118807e+00
2.781096988641778567e-01
3.457326008097478254e-01
2.941938377401062121e-01
3.387122727807040934e-01
2.849087710910420679e-01
3.377306758529045050e-01
2.210701125196621319e-01
2.907043089854848272e-01
3.415406331836443043e-01
2.961790287130642296e-01
2.453120658300526336e-01
2.458332915202518787e-01
3.742646899794142001e-01
4.346676746842116912e-01
2.910051632898308371e-01
2.602844824552204006e-01
3.575499944813653186e-01
4.447988643943171505e-01
3.740976175614987298e-01
1.818158320879194878e-01
4.063127033995810322e-01
3.526102877727697593e-01
3.368575540084051689e-01
2.149860716234129610e-01
2.838397906348283373e-01
2.256412828301879447e-01
2.454159863791069984e-01
7.126198360714028901e-01
6.439456350834250609e-01
2.284622502940926725e-01
3.755822448600534824e-01
2.697647226187585567e-01
3.622126586807680737e-01
2.686615295444673146e-01
2.867507944022703037e-01
3.746838885323841017e-01
2.612317223525674192e-01
2.430102961654136140e-01
3.729101697421473571e-01
2.377772059540770033e-01
4.974072585577848926e-01
4.923342433519130035e-01
2.398937341559035930e-01
