2.129272242425620798e-01
3.790013183143490227e-01
2.547979950284331441e-01
2.761123505092425434e-01
9.700245345451824486e-01
2.619885489935986911e-01
3.491861846540371683e-01
2.810160523328281146e-01
3.546801199932372861e-01
3.001116505457619987e-01
2.195108080236666537e-01
2.330407798666940811e-01
2.519126834549162974e-01
3.335910448496172687e-01
2.990869834577974951e-01
2.346465433152758739e-01
2.489055973896302787e-01
3.700608297578519279e-01
4.365649820495785538e-01
3.026582291832478067e-01
3.002082700581034658e-01
1.814414570972698870e-01
4.499311450845719929e-01
2.757988903547828330e-01
1.739281421330360899e-01
3.591545538644310698e-01
3.972367051340325306e-01
2.405888897903982471e-01
3.389188936692619780e-01
2.918595373070562160e-01
2.047926045474963985e-01
2.376341677130618113e-01
6.862725031674571374e-01
5.694577092018635600e-01
2.142825287318172733e-01
2.779154520546398000e-01
3.818834700026009776e-01
5.952864843498905101e-01
2.610383326480260613e-01
2.978355560526514401e-01
2.835084171609280612e-01
3.381804280079184211e-01
3.907365246846351003e-01
2.394034267987388276e-01
2.360360325351972544e-01
4.981666483644318077e-01
4.979437907998945922e-01
2.514935432641688950e-01
