2.375415712468624541e-01
3.967682110702918097e-01
2.526658483819654855e-01
2.828002877248352864e-01
9.250965165757408792e-01
3.044437821518460319e-01
2.150465380226777301e-01
2.947049148843342570e-01
2.540669140347847632e-01
2.917893546707501229e-01
1.997923855752584132e-01
2.148930405825917045e-01
2.194743760521367937e-01
3.384833932708380955e-01
2.993092264975815153e-01
3.455560835123050456e-01
2.497718634897456713e-01
3.728981028909157946e-01
4.271920012417274037e-01
2.777228665490111270e-01
2.903859610591499885e-01
2.359894373415823698e-01
1.870908890097862098e-01
2.347807595251355794e-01
1.756587764676273977e-01
3.384627102356860262e-01
3.958623406966300662e-01
2.016754741182762156e-01
3.214016264210594054e-01
2.976407370167019617e-01
2.227756958305622537e-01
2.225511086956716011e-01
3.001683033651669774e-01
4.398954804757930770e-01
1.883772621868766428e-01
3.738061806703560919e-01
2.648867968775383552e-01
4.030161821484274931e-01
2.568151350365924235e-01
2.872403552549603889e-01
3.796379535563125240e-01
2.202022066542743961e-01
2.686280287533885369e-01
3.480502936436869477e-01
2.585130635650362829e-01
4.947372958059558234e-01
4.944198433733314468e-01
2.444524024077420754e-01
