2.467397588047131329e-01
3.934542036311882152e-01
2.509806767665693217e-01
2.882378005848426072e-01
5.839901854771436529e-01
2.842228855459656423e-01
2.824636529025363885e-01
2.752611038681481159e-01
3.512376674478585037e-01
2.977211038673612808e-01
3.577054176836352850e-01
3.535155437898498954e-01
2.888481677439052597e-01
2.402159634191899096e-01
2.909895401914258106e-01
2.118981541425418169e-01
3.707612393279452467e-01
2.531320478528829021e-01
2.666147999833397009e-01
4.220500553668348753e-01
2.796659330913993657e-01
2.143429283542630237e-01
4.287302690252143278e-01
3.611102910462602456e-01
1.669994780707622362e-01
3.685093321708974856e-01
3.649723008260516988e-01
2.905037776721829390e-01
2.507234811973736988e-01
2.855248804464639578e-01
2.496490667730947854e-01
2.135001768908799669e-01
4.857298955489552372e-01
6.044237659646579663e-01
2.490409150349517653e-01
3.496501702362272423e-01
2.457078091925577190e-01
2.738147131511468046e-01
2.352701710764810716e-01
2.930177730922004509e-01
3.752404140169887659e-01
2.466899419041140018e-01
2.477468355098280950e-01
3.643005364834326354e-01
2.442521006343296164e-01
4.910637233529632772e-01
4.922729789116676025e-01
2.521814989428224907e-01
