2.142199117867835678e-01
2.720071817342900045e-01
2.568105479885834930e-01
2.895854135855296940e-01
1.227872390028178051e+00
3.007512402862346779e-01
3.563328004699943818e-01
2.920670003168089890e-01
2.565179693930922933e-01
2.899624713682052990e-01
3.395806887924300854e-01
2.169864238148949132e-01
2.430343670794172239e-01
3.401944095918708610e-01
3.013129190738966234e-01
2.171054161220666578e-01
2.613506977882268933e-01
3.792692771921263306e-01
4.193828264177473231e-01
2.692120452058130997e-01
2.628744448783869592e-01
3.558799008709033762e-01
4.257408581514312007e-01
3.614797686165231450e-01
1.780399309854904522e-01
4.085256159133458520e-01
3.565364762015303390e-01
3.554026677491609054e-01
2.324989135246615102e-01
2.875976735343849788e-01
2.234512901108373917e-01
2.132892332151341275e-01
1.015144938408275133e+00
1.345901387355574519e+00
2.567886787752046707e-01
3.694236417864643629e-01
2.652139554595708826e-01
2.626565529894980267e-01
2.467949973927620055e-01
2.931461314359495307e-01
3.646124050748449363e-01
2.523242781775429933e-01
2.459828334468658062e-01
3.745367260841276358e-01
2.468176305400875403e-01
4.995126528373587393e-01
4.961489534587598671e-01
2.436433917110324143e-01
