2.576917125026224609e-01
3.764319390263115017e-01
2.458841048754387970e-01
2.862970527195440318e-01
1.066110250877394305e+00
3.044076221765747992e-01
3.453838867737438756e-01
3.065370851369317862e-01
2.194766558033283133e-01
2.999250004945684389e-01
2.072896810692493319e-01
2.181880019797320103e-01
2.493411459528807606e-01
3.166749493694658857e-01
2.952660368501585086e-01
2.520892909794694159e-01
3.790356201538340741e-01
2.951745653925331725e-01
2.199023056381016195e-01
3.755117046858977847e-01
2.624138003326302315e-01
3.587561851944383040e-01
4.394485680565015095e-01
3.642815076460781953e-01
1.734272834401118513e-01
3.987831782225523258e-01
3.494481717408541854e-01
3.461343915658212089e-01
2.274137461349679257e-01
3.020877561461597360e-01
1.976714577277730034e-01
2.511573135994518147e-01
1.144916780168804715e+00
1.046997192814351996e+00
1.986554858809399249e-01
2.635242065672410150e-01
3.663468365610718647e-01
4.830683753679387848e-01
2.433228510133558231e-01
2.958800772976877269e-01
3.615148647329348153e-01
2.760960147894643280e-01
2.352615440954674286e-01
3.802157612250701146e-01
2.551705552549847766e-01
4.950555874863161177e-01
4.948748065993420764e-01
2.387404578617339790e-01
