2.277630611011462747e-01
3.130144420368813907e-01
2.550745529621804009e-01
2.861179493032364185e-01
1.541606913184837002e-01
2.983234176906803814e-01
2.174414392658204354e-01
2.967639387573374754e-01
2.192855870572691379e-01
2.958550002761081710e-01
2.222119690784928325e-01
2.251820535005593649e-01
2.320126515421628566e-01
3.377857208342344153e-01
2.931459842336834876e-01
3.465303307072329364e-01
3.213657764451364196e-01
2.734379270519692873e-01
2.698983532989965295e-01
3.439866056755871981e-01
2.900403967610060141e-01
2.227125088315557444e-01
2.138835597466297034e-01
2.173534699765867773e-01
1.755107145052650919e-01
3.846796129252711416e-01
3.653547528341658523e-01
2.729853481762354317e-01
2.463791916727556541e-01
2.961385111931387759e-01
2.252535785694227688e-01
2.149526475229898148e-01
2.921111729314431193e-01
2.593222733532751789e-01
2.250964681585382043e-01
2.944437525304032799e-01
2.887652892407282512e-01
3.894065796094118848e-01
2.468121071618048779e-01
2.924528672319567923e-01
2.991571250169757779e-01
2.915936931043204838e-01
2.582991772483662629e-01
2.704825738622601561e-01
2.467604581782788520e-01
4.962016456999296943e-01
4.960587717838065847e-01
2.465790773660180568e-01
