3.526783603490914465e-01
2.642139508250108682e-01
2.569201886546652047e-01
2.676210095378702136e-01
9.686676292177686109e-01
3.043993936354018048e-01
3.599583189133117589e-01
2.913434551748848023e-01
2.331458640055567300e-01
2.900448430689397950e-01
2.608678056881838514e-01
3.589011128808739515e-01
2.741350224452702711e-01
2.340299036653028242e-01
2.324241853380691891e-01
3.312340345786646822e-01
2.838133582748799677e-01
3.895458881815353491e-01
3.882962783671061180e-01
2.469331933031872484e-01
2.964894774628807350e-01
3.570111993562490871e-01
4.438164252273336108e-01
2.905890960514132537e-01
1.667243389020748590e-01
4.172073899814942033e-01
3.709138055909545484e-01
3.713044209789110317e-01
2.619656632168359534e-01
2.989013191124703650e-01
2.593183833174046438e-01
2.311319998091137806e-01
1.041807294519087268e+00
7.629716955759437980e-01
2.216235543495624349e-01
2.378087506152397890e-01
3.547449995962319025e-01
6.045072708556077368e-01
2.423613064835020425e-01
2.940289122849397696e-01
3.606923816056496479e-01
2.706159954396020750e-01
2.286547421502877209e-01
3.724795560108098980e-01
2.486544269112410666e-01
5.047227120557546964e-01
4.930152609496696869e-01
2.645411189914553818e-01
