2.409308298260871839e-01
2.418627625388520552e-01
2.526646700851534200e-01
2.874572662293899961e-01
1.411709592856689843e+00
2.976741165009437751e-01
2.164638234597545674e-01
2.947427047259173483e-01
2.219088662362287412e-01
2.960661728766642020e-01
2.248491594051427733e-01
2.323886202217549934e-01
2.339879807651999988e-01
3.450461440865732476e-01
2.801509933980551037e-01
3.603272929492823407e-01
2.863138723634032212e-01
3.855467337940842731e-01
3.631897587442481368e-01
2.474709786116363330e-01
2.870286002730848551e-01
2.279847628748340738e-01
2.312002642606947878e-01
2.156047995651008409e-01
1.769736850299358788e-01
4.052442533329628227e-01
3.479335414908936719e-01
3.509215467995515647e-01
2.262818411432188648e-01
2.939720190631434638e-01
2.137156279228588918e-01
3.509382374757386569e-01
6.388623387102152495e-01
5.284639974525020545e-01
2.431215519232445277e-01
2.731715513002148099e-01
3.816449327561860505e-01
3.543727004406636572e-01
2.543586588175835161e-01
2.955769560213828973e-01
3.710258701960971739e-01
2.356142372820676234e-01
2.646297523256452844e-01
3.465251492181862791e-01
2.526374475104456452e-01
4.922386935796277951e-01
4.982761316198868196e-01
2.576241060550458761e-01
