2.238794272754436598e-01
3.251892023431299794e-01
2.462356705078354302e-01
2.993727362217988297e-01
5.018705744380699274e-01
2.913795421643623484e-01
2.352424261644092685e-01
2.884198447423104161e-01
2.136937237415046931e-01
2.978069780947557033e-01
2.054482838016566670e-01
2.023388290994363181e-01
2.420867516985891754e-01
3.298681665591377543e-01
2.909484500505519211e-01
3.553041224920896468e-01
3.790448594182732056e-01
2.904651756666690177e-01
2.490101026229359082e-01
4.057204118991006303e-01
2.950152788886859501e-01
2.126052669142836082e-01
2.584685089609522479e-01
2.267399582576970496e-01
1.838314680172371263e-01
4.158293299891441253e-01
3.654654614138966306e-01
3.382218503151978584e-01
2.238280616733301642e-01
3.025838779576602300e-01
2.205017064619889944e-01
3.479827928842250118e-01
6.714841674390102932e-01
4.935848745021563233e-01
2.754650715477262035e-01
3.551295409197257613e-01
2.567099927469027598e-01
3.059803878571953906e-01
2.600884744918274261e-01
2.941785123437066773e-01
3.645339606996877979e-01
2.634027313605244447e-01
2.598634644563697083e-01
3.779669727823047332e-01
2.571945204211247282e-01
4.989780186757209468e-01
4.892954512668913902e-01
2.474227102110856946e-01
