2.463440519408761076e-01
3.041875872917985113e-01
2.553083274885599718e-01
2.862722129057557741e-01
5.008488880622717909e-01
2.983182366750404824e-01
2.172725640038696282e-01
2.962016770916580666e-01
2.247404420903923450e-01
2.962413741207322593e-01
2.180878782831655316e-01
2.199252949458261053e-01
2.306070862656529608e-01
3.351393079367558925e-01
2.933653268153856297e-01
3.341876428517442377e-01
2.932887938194425059e-01
2.809581041760411124e-01
2.813871105479384127e-01
3.184684919915108936e-01
2.897700500306124582e-01
2.251200002641714770e-01
2.113794428251058455e-01
2.158306469658895221e-01
1.760739195896319498e-01
3.713539366899127891e-01
3.730105990030872509e-01
2.499496540267934219e-01
2.572048387361428046e-01
2.959693212417565666e-01
2.151273156991084512e-01
2.097566339032217453e-01
6.102694114759085187e-01
7.022782000035576733e-01
2.508591940451154745e-01
2.940675944501423000e-01
3.265012837262183942e-01
3.062562945793084190e-01
2.452389952391669514e-01
2.793093259459242250e-01
2.985820278740470846e-01
2.624348479246590427e-01
2.462761829261305158e-01
3.184647267254273606e-01
2.483898782150539553e-01
4.961843394763437720e-01
4.957894150442316294e-01
2.462303359737167130e-01
