2.184288285442521627e-01
3.154616034582676809e-01
2.579200992044185514e-01
2.846096965690947389e-01
6.900855020636097459e-01
2.966486889981327923e-01
2.152270466409745009e-01
2.959012077283054154e-01
2.265919991568991210e-01
2.924595185814361509e-01
2.347128114400195420e-01
2.348042054967977299e-01
2.348607752778592850e-01
3.460385297227025481e-01
2.917457553475900078e-01
3.512245970088074265e-01
2.665597667747315325e-01
3.414541841171200853e-01
3.245536798678518853e-01
2.732604753934025354e-01
2.948838231453796421e-01
2.556436357582215213e-01
2.251941197286602969e-01
2.186593014957824710e-01
1.756059938687741517e-01
3.772233381423795717e-01
3.617707103786747536e-01
2.725800508664434907e-01
2.391220815567823565e-01
2.959122354266634503e-01
2.257962494213766047e-01
2.138452267600234047e-01
3.022277660676916944e-01
2.409350695202623627e-01
3.226537474163757580e-01
2.616513902403544978e-01
3.624368402021673763e-01
3.256578291302890116e-01
2.458486330574921330e-01
2.857134281012181920e-01
2.578478709039137562e-01
3.241911222048850516e-01
3.289096005979391668e-01
2.449383403465110187e-01
2.481035860779195190e-01
4.969427345653603667e-01
4.966061491482948731e-01
2.467749859484063002e-01
