2.279546899069647137e-01
3.832998123173967375e-01
2.544643707451036407e-01
2.849441010949347874e-01
6.426979016656778620e-01
2.888145065830801106e-01
2.336827962490817256e-01
2.812902224740643220e-01
3.540735683962741853e-01
2.934071390798514978e-01
3.524307230987970274e-01
3.566856247840385907e-01
2.955027459717843863e-01
2.606406982181733722e-01
2.958847267782170887e-01
2.100783967634745342e-01
3.791626520672764511e-01
2.683712994389697015e-01
2.548603955361500861e-01
4.091053267228473289e-01
2.932257445160812437e-01
2.185555811425727024e-01
4.165369182026065764e-01
3.481928369005766188e-01
1.749171931846470740e-01
3.729148850741494936e-01
3.788925935725692140e-01
2.599663505567161859e-01
2.694325175814920592e-01
2.920119675647802060e-01
2.528434181834734451e-01
2.116517338084385469e-01
6.767475875944162222e-01
3.645072257211375288e-01
2.272144076930717460e-01
2.572556630802793065e-01
3.431714898948113324e-01
4.158022013622934554e-01
2.473356920195603492e-01
2.934803368689508085e-01
2.987451020636894827e-01
2.559883003876408658e-01
2.584704823370307381e-01
2.914275959196913068e-01
2.480851986338370729e-01
4.961867672296743637e-01
4.961316584352757353e-01
2.468235127389487860e-01
