3.654818829612559439e-01
3.763323133194980130e-01
2.552684834180504181e-01
2.851192646183968171e-01
1.363438369469453182e+00
2.953404489180986303e-01
2.575208837478159540e-01
3.083001682536064547e-01
2.064218953842497373e-01
3.013452841910144731e-01
2.395224406713919729e-01
2.467124003742888205e-01
2.912834303142440295e-01
2.303627875357619204e-01
2.897947431843476696e-01
3.643556243960965890e-01
2.481572168785473043e-01
3.676384379644727640e-01
4.445087327444199321e-01
3.067539944117315676e-01
2.940629140842411227e-01
3.486961413695830458e-01
2.931041115633951644e-01
2.468461098926886532e-01
1.774091131571573776e-01
3.591225744848516865e-01
3.925570873999116306e-01
2.298935199965952692e-01
3.352626558261010414e-01
3.015974485331281429e-01
2.281797683382654207e-01
2.057984777507601282e-01
2.918495815572240137e-01
4.817985295647785327e-01
2.906699479936259989e-01
2.747180189003555761e-01
3.751239480909514534e-01
3.209283041890862997e-01
2.364529664716450708e-01
2.912885560860780654e-01
3.661502294032072946e-01
2.673592852573579703e-01
2.290000023662909778e-01
3.796577447649699955e-01
2.327445461994416265e-01
5.008043642502810755e-01
5.006575595482288810e-01
2.463270279466911461e-01
