2.723984420299530029e-01
3.923151195049285889e-01
2.497349083423614502e-01
2.959020733833312988e-01
1.105081796646118164e+00
3.036387562751770020e-01
3.595812320709228516e-01
2.952747344970703125e-01
2.789052128791809082e-01
2.902082204818725586e-01
2.511210739612579346e-01
2.942562699317932129e-01
2.872543931007385254e-01
2.143432348966598511e-01
2.929728031158447266e-01
2.360339909791946411e-01
3.832184970378875732e-01
2.988853454589843750e-01
2.601835727691650391e-01
3.903492093086242676e-01
2.158307284116744995e-01
3.475084602832794189e-01
4.390783011913299561e-01
3.406915366649627686e-01
1.752833425998687744e-01
3.997463285923004150e-01
3.535419106483459473e-01
3.489027023315429688e-01
2.309401333332061768e-01
2.951914072036743164e-01
2.311118841171264648e-01
2.012650966644287109e-01
6.159788370132446289e-01
6.226128339767456055e-01
2.125169187784194946e-01
2.724011838436126709e-01
3.823732137680053711e-01
5.993733406066894531e-01
2.509346902370452881e-01
2.923058867454528809e-01
2.811892628669738770e-01
3.566743135452270508e-01
3.878119289875030518e-01
2.466223239898681641e-01
2.429224699735641479e-01
5.013307929039001465e-01
4.939733743667602539e-01
2.447353005409240723e-01
