2.336046546697616577e-01
2.714436352252960205e-01
2.574203014373779297e-01
2.886972725391387939e-01
1.025191426277160645e+00
2.985124289989471436e-01
2.213013768196105957e-01
2.970012426376342773e-01
2.277233600616455078e-01
2.968178987503051758e-01
2.262689173221588135e-01
2.281137257814407349e-01
2.297679483890533447e-01
3.427466452121734619e-01
2.975016534328460693e-01
3.421821296215057373e-01
3.536164164543151855e-01
2.940986454486846924e-01
2.960840761661529541e-01
3.795542120933532715e-01
2.958132624626159668e-01
2.354596108198165894e-01
2.252268642187118530e-01
2.192627042531967163e-01
1.756626516580581665e-01
3.723374903202056885e-01
3.808969259262084961e-01
2.707118988037109375e-01
2.951793968677520752e-01
2.944598793983459473e-01
2.245653867721557617e-01
2.136686146259307861e-01
3.028064370155334473e-01
2.376207411289215088e-01
2.412756830453872681e-01
3.719413578510284424e-01
2.685987949371337891e-01
5.468633174896240234e-01
2.486875057220458984e-01
2.871784567832946777e-01
2.612285315990447998e-01
3.527678549289703369e-01
3.605014979839324951e-01
2.524462044239044189e-01
2.498327195644378662e-01
4.957762658596038818e-01
4.974510073661804199e-01
2.502840757369995117e-01
