2.206439822912216187e-01
3.933244943618774414e-01
2.488675564527511597e-01
2.882302999496459961e-01
6.432839035987854004e-01
2.925615906715393066e-01
2.293519228696823120e-01
2.945270240306854248e-01
2.193614989519119263e-01
2.931531965732574463e-01
2.172306925058364868e-01
2.197491675615310669e-01
2.307797521352767944e-01
3.374183475971221924e-01
2.951776087284088135e-01
3.360622227191925049e-01
3.653826713562011719e-01
3.103504478931427002e-01
2.909770905971527100e-01
3.750986158847808838e-01
2.937074005603790283e-01
2.476188987493515015e-01
2.551609575748443604e-01
2.217163890600204468e-01
1.735163331031799316e-01
3.594702184200286865e-01
3.987409174442291260e-01
2.493230551481246948e-01
3.385877907276153564e-01
2.978285253047943115e-01
2.489949315786361694e-01
2.261203527450561523e-01
3.117001950740814209e-01
2.210070341825485229e-01
2.369059324264526367e-01
2.683077156543731689e-01
3.783369064331054688e-01
4.316864311695098877e-01
2.511925101280212402e-01
2.919158637523651123e-01
2.793802022933959961e-01
3.333303630352020264e-01
3.254676163196563721e-01
2.849046289920806885e-01
2.524882853031158447e-01
4.954340159893035889e-01
4.967929422855377197e-01
2.499370723962783813e-01
