2.210218161344528198e-01
2.966860830783843994e-01
2.571497559547424316e-01
2.880597710609436035e-01
7.602700591087341309e-01
2.967541813850402832e-01
2.210992425680160522e-01
2.966173589229583740e-01
2.292023301124572754e-01
2.967046201229095459e-01
2.244245558977127075e-01
2.330678403377532959e-01
2.322671562433242798e-01
3.448066711425781250e-01
2.949445843696594238e-01
3.416284024715423584e-01
3.009057343006134033e-01
3.400309085845947266e-01
3.698678910732269287e-01
3.222435116767883301e-01
2.940098941326141357e-01
2.327364981174468994e-01
2.226383090019226074e-01
2.185965329408645630e-01
1.756705641746520996e-01
3.878943324089050293e-01
3.703811466693878174e-01
3.122209310531616211e-01
2.705957293510437012e-01
2.958676218986511230e-01
2.388073652982711792e-01
2.159722596406936646e-01
3.046978116035461426e-01
2.599262893199920654e-01
3.384377062320709229e-01
2.701924443244934082e-01
3.660097122192382812e-01
3.894172012805938721e-01
2.474987804889678955e-01
2.826358973979949951e-01
2.919575273990631104e-01
3.235843777656555176e-01
3.141386508941650391e-01
3.026569783687591553e-01
2.483941763639450073e-01
4.963883459568023682e-01
4.962951242923736572e-01
2.493124455213546753e-01
