2.313238382339477539e-01
3.745753765106201172e-01
2.587532401084899902e-01
2.847397327423095703e-01
7.927075028419494629e-01
2.982740402221679688e-01
2.183578610420227051e-01
2.969766855239868164e-01
2.243282645940780640e-01
2.964602410793304443e-01
2.281977534294128418e-01
2.334458976984024048e-01
2.314547300338745117e-01
3.462787568569183350e-01
2.973069846630096436e-01
3.387158215045928955e-01
2.779517471790313721e-01
3.577329218387603760e-01
3.995969891548156738e-01
2.972799241542816162e-01
2.939636111259460449e-01
2.372440844774246216e-01
2.169250696897506714e-01
2.158793210983276367e-01
1.758487224578857422e-01
3.844013214111328125e-01
3.695835173130035400e-01
3.076246380805969238e-01
2.735352516174316406e-01
2.963859736919403076e-01
2.367293387651443481e-01
2.150688469409942627e-01
2.991303503513336182e-01
2.596751749515533447e-01
2.196399271488189697e-01
3.054115772247314453e-01
3.356257379055023193e-01
4.082593321800231934e-01
2.483762502670288086e-01
2.942635416984558105e-01
2.901414036750793457e-01
3.267429769039154053e-01
3.241162896156311035e-01
2.925339639186859131e-01
2.481204867362976074e-01
4.967582523822784424e-01
4.958864450454711914e-01
2.486669570207595825e-01
