3.546699881553649902e-01
3.203952312469482422e-01
2.556613981723785400e-01
2.876394987106323242e-01
1.145357131958007812e+00
2.980208992958068848e-01
3.554940819740295410e-01
2.962949872016906738e-01
2.317970842123031616e-01
2.867271900177001953e-01
2.220381051301956177e-01
2.561263144016265869e-01
2.700912654399871826e-01
2.526977956295013428e-01
2.287770658731460571e-01
3.450495898723602295e-01
3.604913651943206787e-01
3.429251015186309814e-01
2.944071292877197266e-01
3.257406949996948242e-01
2.938023507595062256e-01
3.502427637577056885e-01
4.166848063468933105e-01
3.600209951400756836e-01
1.751499027013778687e-01
3.809124529361724854e-01
3.758150339126586914e-01
3.016560971736907959e-01
2.849450111389160156e-01
2.949999868869781494e-01
2.264298051595687866e-01
2.335410416126251221e-01
1.148568630218505859e+00
1.017847895622253418e+00
2.549333870410919189e-01
3.458159565925598145e-01
2.547541856765747070e-01
3.432298302650451660e-01
2.481419593095779419e-01
2.964058816432952881e-01
3.726722002029418945e-01
2.403317093849182129e-01
2.586438059806823730e-01
3.597711920738220215e-01
2.497139424085617065e-01
4.963511526584625244e-01
4.967819750308990479e-01
2.497003972530364990e-01
