2.371544539928436279e-01
3.141608834266662598e-01
2.556623220443725586e-01
2.837883830070495605e-01
9.172751307487487793e-01
2.904822826385498047e-01
2.390568703413009644e-01
2.742947936058044434e-01
3.545727133750915527e-01
2.809658646583557129e-01
3.563259243965148926e-01
3.273861408233642578e-01
2.682375609874725342e-01
2.252453267574310303e-01
2.944144010543823242e-01
2.232986390590667725e-01
2.729404866695404053e-01
3.836643695831298828e-01
4.145944714546203613e-01
2.666608393192291260e-01
2.390853762626647949e-01
3.474828898906707764e-01
4.120214581489562988e-01
3.512728214263916016e-01
1.768499314785003662e-01
3.925567269325256348e-01
3.704023659229278564e-01
3.236334621906280518e-01
2.725498676300048828e-01
2.970383763313293457e-01
2.210516929626464844e-01
2.171518206596374512e-01
6.778942346572875977e-01
3.896730542182922363e-01
2.473298758268356323e-01
3.635043799877166748e-01
2.632336318492889404e-01
3.127520084381103516e-01
2.484927773475646973e-01
2.866715192794799805e-01
3.724892735481262207e-01
2.353621423244476318e-01
2.663145661354064941e-01
3.496323227882385254e-01
2.461323589086532593e-01
4.974969029426574707e-01
4.967722892761230469e-01
2.491940259933471680e-01
