2.288023084402084351e-01
3.701801300048828125e-01
2.578594386577606201e-01
2.866229116916656494e-01
5.311869978904724121e-01
2.982365489006042480e-01
2.200234234333038330e-01
2.982454299926757812e-01
2.238921672105789185e-01
2.958845496177673340e-01
2.218643575906753540e-01
2.306297868490219116e-01
2.321169674396514893e-01
3.410513699054718018e-01
2.939395904541015625e-01
3.481576740741729736e-01
3.724083304405212402e-01
2.711892127990722656e-01
2.764482498168945312e-01
4.083938002586364746e-01
2.895445227622985840e-01
2.247276753187179565e-01
2.238615751266479492e-01
2.171071618795394897e-01
1.754920482635498047e-01
3.914369940757751465e-01
3.706651628017425537e-01
3.171243667602539062e-01
2.684905230998992920e-01
2.975680232048034668e-01
2.377631664276123047e-01
2.214816510677337646e-01
2.952230274677276611e-01
2.813673317432403564e-01
2.209942042827606201e-01
3.609169423580169678e-01
2.780447006225585938e-01
3.960648179054260254e-01
2.467399388551712036e-01
2.948133051395416260e-01
3.026154935359954834e-01
3.181814551353454590e-01
3.262586593627929688e-01
2.872140705585479736e-01
2.488312274217605591e-01
4.957242906093597412e-01
4.961254894733428955e-01
2.482881844043731689e-01
