2.321375459432601929e-01
3.724279701709747314e-01
2.578231990337371826e-01
2.863069474697113037e-01
4.926354289054870605e-01
2.937836050987243652e-01
2.115857601165771484e-01
2.972893416881561279e-01
3.536740243434906006e-01
2.981159687042236328e-01
2.164698541164398193e-01
2.267468124628067017e-01
2.964927852153778076e-01
3.358360826969146729e-01
2.895992994308471680e-01
3.518604934215545654e-01
2.652546167373657227e-01
3.786142170429229736e-01
4.153851568698883057e-01
2.677903473377227783e-01
2.956507503986358643e-01
2.697456181049346924e-01
2.659059762954711914e-01
2.193801254034042358e-01
1.751084923744201660e-01
3.747635781764984131e-01
3.737716376781463623e-01
2.817629575729370117e-01
2.753758728504180908e-01
2.954671978950500488e-01
2.205068022012710571e-01
2.250796407461166382e-01
2.849458456039428711e-01
2.899373769760131836e-01
2.190574258565902710e-01
3.787555694580078125e-01
2.635821104049682617e-01
3.820374608039855957e-01
2.435156702995300293e-01
2.973956167697906494e-01
3.460465669631958008e-01
2.721198499202728271e-01
2.370108515024185181e-01
3.725567162036895752e-01
2.491115033626556396e-01
4.966863393783569336e-01
4.972601830959320068e-01
2.494047135114669800e-01
