2.244993597269058228e-01
3.684432804584503174e-01
2.565773725509643555e-01
2.869497239589691162e-01
9.042400121688842773e-01
2.977231442928314209e-01
2.213194072246551514e-01
2.977441549301147461e-01
2.248584479093551636e-01
2.956868708133697510e-01
2.257439345121383667e-01
2.355987727642059326e-01
2.341824620962142944e-01
3.465068340301513672e-01
2.945775687694549561e-01
3.454555571079254150e-01
2.813920080661773682e-01
3.561288118362426758e-01
3.960519134998321533e-01
3.000540435314178467e-01
2.928839921951293945e-01
2.341785132884979248e-01
2.180364429950714111e-01
2.192047685384750366e-01
1.755487769842147827e-01
3.877719342708587646e-01
3.695894479751586914e-01
3.103264272212982178e-01
2.696691751480102539e-01
2.965393662452697754e-01
2.421978116035461426e-01
2.206330895423889160e-01
3.016389608383178711e-01
2.703970670700073242e-01
3.015675246715545654e-01
2.974270582199096680e-01
3.645468056201934814e-01
4.220455884933471680e-01
2.491507828235626221e-01
2.616376578807830811e-01
3.313178420066833496e-01
2.832207083702087402e-01
2.843025922775268555e-01
3.324088752269744873e-01
2.485937923192977905e-01
4.971574544906616211e-01
4.969687759876251221e-01
2.486318647861480713e-01
