2.314747869968414307e-01
2.692559957504272461e-01
2.591185867786407471e-01
2.842186987400054932e-01
9.836181998252868652e-01
2.973672151565551758e-01
2.227730005979537964e-01
2.967338263988494873e-01
2.222702950239181519e-01
2.975575923919677734e-01
2.228183150291442871e-01
2.276379317045211792e-01
2.327874153852462769e-01
3.397949039936065674e-01
2.949594259262084961e-01
3.354180455207824707e-01
3.111215531826019287e-01
3.159688711166381836e-01
3.596630096435546875e-01
3.529860973358154297e-01
2.925857603549957275e-01
2.271862328052520752e-01
2.415076196193695068e-01
2.190056443214416504e-01
1.754191219806671143e-01
3.856461048126220703e-01
3.681662976741790771e-01
3.110266029834747314e-01
2.671570777893066406e-01
2.961556613445281982e-01
2.357353568077087402e-01
2.200645953416824341e-01
2.955019176006317139e-01
2.519120275974273682e-01
2.269906401634216309e-01
2.810161113739013672e-01
3.577875494956970215e-01
4.469895958900451660e-01
2.493971139192581177e-01
2.932645976543426514e-01
3.029074668884277344e-01
3.209099471569061279e-01
3.267885148525238037e-01
2.914062440395355225e-01
2.472850382328033447e-01
4.960075616836547852e-01
4.957596659660339355e-01
2.462198883295059204e-01
