2.539839446544647217e-01
2.526026964187622070e-01
2.571195363998413086e-01
2.870689034461975098e-01
1.001730203628540039e+00
2.970969974994659424e-01
2.330784052610397339e-01
2.939656674861907959e-01
2.274246662855148315e-01
2.940489649772644043e-01
2.315598130226135254e-01
2.250071018934249878e-01
2.275465726852416992e-01
3.408668935298919678e-01
2.950053513050079346e-01
3.416072130203247070e-01
3.816100060939788818e-01
2.741551101207733154e-01
2.659493684768676758e-01
4.124114811420440674e-01
2.926807701587677002e-01
2.453431487083435059e-01
2.412192076444625854e-01
2.215221673250198364e-01
1.763905882835388184e-01
3.730020523071289062e-01
3.891721665859222412e-01
2.796870470046997070e-01
3.213931918144226074e-01
2.980121374130249023e-01
2.257310748100280762e-01
2.219555974006652832e-01
5.915159583091735840e-01
8.584814667701721191e-01
2.779557704925537109e-01
3.078197538852691650e-01
3.894081115722656250e-01
3.219801485538482666e-01
2.461397647857666016e-01
2.671775519847869873e-01
2.643817365169525146e-01
3.562276363372802734e-01
3.594386279582977295e-01
2.598974108695983887e-01
2.473611235618591309e-01
4.968442022800445557e-01
4.976418316364288330e-01
2.462863922119140625e-01
