2.313162386417388916e-01
2.631699442863464355e-01
2.560683488845825195e-01
2.870269417762756348e-01
9.013897180557250977e-01
2.972649931907653809e-01
2.243258655071258545e-01
2.962236404418945312e-01
2.278063446283340454e-01
2.950093746185302734e-01
2.332054823637008667e-01
2.301069796085357666e-01
2.366416007280349731e-01
3.430145680904388428e-01
2.952239811420440674e-01
3.400796651840209961e-01
2.954746484756469727e-01
3.436044156551361084e-01
3.754818439483642578e-01
3.156759440898895264e-01
2.949986755847930908e-01
2.488209456205368042e-01
2.219500243663787842e-01
2.246708869934082031e-01
1.755748242139816284e-01
3.783434033393859863e-01
3.772408366203308105e-01
2.897602021694183350e-01
2.872614860534667969e-01
2.958689332008361816e-01
2.311108857393264771e-01
2.180690914392471313e-01
2.957272231578826904e-01
2.444372028112411499e-01
2.236314415931701660e-01
3.669131994247436523e-01
2.663643658161163330e-01
4.472690224647521973e-01
2.472274899482727051e-01
2.926419079303741455e-01
3.133647143840789795e-01
2.995601594448089600e-01
2.982398867607116699e-01
3.177921772003173828e-01
2.497233450412750244e-01
4.968782365322113037e-01
4.968232214450836182e-01
2.497510164976119995e-01
