2.318430095911026001e-01
2.523653507232666016e-01
2.584627866744995117e-01
2.844402492046356201e-01
7.053277492523193359e-01
2.984647452831268311e-01
2.213639318943023682e-01
2.950393855571746826e-01
2.285776734352111816e-01
2.942838370800018311e-01
2.309224158525466919e-01
2.472737431526184082e-01
2.354241758584976196e-01
3.351461589336395264e-01
2.891239225864410400e-01
3.491241931915283203e-01
3.502673804759979248e-01
3.018171191215515137e-01
3.083823323249816895e-01
3.761397302150726318e-01
2.897255718708038330e-01
2.285767644643783569e-01
2.380981296300888062e-01
2.200195193290710449e-01
1.760948449373245239e-01
4.007908105850219727e-01
3.602704703807830811e-01
3.367546498775482178e-01
2.494216114282608032e-01
2.958778142929077148e-01
2.309331297874450684e-01
2.110911011695861816e-01
3.257561326026916504e-01
3.090602457523345947e-01
3.550924956798553467e-01
2.955586612224578857e-01
3.386429548263549805e-01
4.977271854877471924e-01
2.488014250993728638e-01
2.949575185775756836e-01
3.354513645172119141e-01
2.774221599102020264e-01
2.993049919605255127e-01
3.207947015762329102e-01
2.496065199375152588e-01
4.976491034030914307e-01
4.980325996875762939e-01
2.523485422134399414e-01
