2.302114516496658325e-01
2.759430110454559326e-01
2.573561072349548340e-01
2.892216742038726807e-01
7.580410242080688477e-01
2.979795038700103760e-01
2.204243242740631104e-01
2.974738478660583496e-01
2.245660275220870972e-01
2.963105142116546631e-01
2.256843149662017822e-01
2.283852100372314453e-01
2.307054102420806885e-01
3.417227864265441895e-01
2.957230210304260254e-01
3.453229963779449463e-01
3.512017130851745605e-01
2.907988429069519043e-01
3.017655611038208008e-01
3.819800317287445068e-01
2.925511896610260010e-01
2.248668372631072998e-01
2.238469123840332031e-01
2.186894863843917847e-01
1.761002242565155029e-01
3.930620551109313965e-01
3.711697161197662354e-01
3.192974925041198730e-01
2.744902968406677246e-01
2.940041422843933105e-01
2.331377565860748291e-01
2.149743288755416870e-01
3.082227706909179688e-01
2.599328458309173584e-01
2.924549877643585205e-01
2.707346081733703613e-01
3.699982166290283203e-01
3.414674997329711914e-01
2.472207993268966675e-01
2.900517582893371582e-01
3.204416632652282715e-01
2.999657988548278809e-01
2.823904156684875488e-01
3.337385654449462891e-01
2.492332160472869873e-01
4.971819818019866943e-01
4.960070550441741943e-01
2.491883337497711182e-01
