2.553696334362030029e-01
3.820277154445648193e-01
2.570379376411437988e-01
2.919616699218750000e-01
8.300971984863281250e-01
2.996970713138580322e-01
3.544948697090148926e-01
2.888327240943908691e-01
2.178806215524673462e-01
2.903692126274108887e-01
2.527232766151428223e-01
2.646162211894989014e-01
2.791271209716796875e-01
2.487760186195373535e-01
2.954709529876708984e-01
2.141866981983184814e-01
2.661943435668945312e-01
3.774959743022918701e-01
4.104800820350646973e-01
2.610578835010528564e-01
2.274021208286285400e-01
3.434208035469055176e-01
4.187498986721038818e-01
3.381431996822357178e-01
1.802887171506881714e-01
4.039639830589294434e-01
3.574441373348236084e-01
3.556611239910125732e-01
2.410528957843780518e-01
2.960466742515563965e-01
2.247049361467361450e-01
2.168015539646148682e-01
5.569352507591247559e-01
5.872991681098937988e-01
2.020994275808334351e-01
3.760892450809478760e-01
2.604236900806427002e-01
4.211989045143127441e-01
2.428611516952514648e-01
2.931818962097167969e-01
3.048474788665771484e-01
3.076037168502807617e-01
3.029091954231262207e-01
3.019442260265350342e-01
2.509381473064422607e-01
4.958779513835906982e-01
4.953805804252624512e-01
2.563439011573791504e-01
