2.270988374948501587e-01
3.551648557186126709e-01
2.563053071498870850e-01
2.884406745433807373e-01
5.558390021324157715e-01
2.986209988594055176e-01
2.215452939271926880e-01
2.951440811157226562e-01
2.263745069503784180e-01
2.965644001960754395e-01
2.383939474821090698e-01
2.314209938049316406e-01
2.392378002405166626e-01
3.421689271926879883e-01
2.941872179508209229e-01
3.451445102691650391e-01
3.292975723743438721e-01
3.175630867481231689e-01
3.297894895076751709e-01
3.514063358306884766e-01
2.928891479969024658e-01
2.465189844369888306e-01
2.189957052469253540e-01
2.221851795911788940e-01
1.757187843322753906e-01
3.643167316913604736e-01
3.878642320632934570e-01
2.569363713264465332e-01
3.144620060920715332e-01
2.967789471149444580e-01
2.366095781326293945e-01
2.177160084247589111e-01
2.986298501491546631e-01
2.853345870971679688e-01
2.251629829406738281e-01
3.236545920372009277e-01
3.128109872341156006e-01
4.850207567214965820e-01
2.479753047227859497e-01
2.928729951381683350e-01
3.128677010536193848e-01
3.112429678440093994e-01
3.182524144649505615e-01
2.989956438541412354e-01
2.474536597728729248e-01
4.956127703189849854e-01
4.961749911308288574e-01
2.466635406017303467e-01
