2.231540679931640625e-01
3.856942057609558105e-01
2.556308805942535400e-01
2.897565364837646484e-01
1.418721318244934082e+00
2.760128974914550781e-01
2.189927995204925537e-01
2.940490841865539551e-01
2.140684127807617188e-01
2.947556972503662109e-01
2.324758470058441162e-01
3.420942127704620361e-01
2.948215305805206299e-01
2.248013764619827271e-01
2.932415902614593506e-01
3.444654345512390137e-01
3.873567283153533936e-01
2.935735583305358887e-01
2.485443651676177979e-01
3.869695663452148438e-01
2.940047383308410645e-01
3.560752570629119873e-01
3.067295551300048828e-01
2.357583940029144287e-01
1.746766865253448486e-01
3.935688734054565430e-01
3.634411692619323730e-01
3.298156261444091797e-01
2.598058283329010010e-01
2.952048182487487793e-01
2.179773747920989990e-01
2.278737276792526245e-01
1.015398144721984863e+00
1.076442599296569824e+00
3.071764111518859863e-01
3.539974987506866455e-01
2.621125280857086182e-01
2.606388330459594727e-01
2.464343607425689697e-01
2.954182624816894531e-01
3.613800406455993652e-01
2.540085613727569580e-01
2.637447118759155273e-01
3.526497185230255127e-01
2.480968534946441650e-01
4.960392117500305176e-01
4.957060515880584717e-01
2.489806562662124634e-01
