2.316776216030120850e-01
3.022066056728363037e-01
2.554987967014312744e-01
2.868265807628631592e-01
9.864264130592346191e-01
2.971364855766296387e-01
2.191014885902404785e-01
2.972429394721984863e-01
2.334322184324264526e-01
2.961069047451019287e-01
2.275375127792358398e-01
2.380264252424240112e-01
2.331923842430114746e-01
3.465999066829681396e-01
2.963437139987945557e-01
3.495420515537261963e-01
3.731572031974792480e-01
2.758311629295349121e-01
2.739176750183105469e-01
4.049962460994720459e-01
2.918443083763122559e-01
2.300726175308227539e-01
2.173660248517990112e-01
2.194906026124954224e-01
1.760872155427932739e-01
3.708909153938293457e-01
3.818647861480712891e-01
2.719851732254028320e-01
3.015205860137939453e-01
2.961022257804870605e-01
2.319292277097702026e-01
2.167937606573104858e-01
2.980484962463378906e-01
2.712526917457580566e-01
2.210529297590255737e-01
2.837694287300109863e-01
3.674163222312927246e-01
3.863941729068756104e-01
2.490588873624801636e-01
2.942606210708618164e-01
3.190302848815917969e-01
2.981546819210052490e-01
2.915925979614257812e-01
3.243430554866790771e-01
2.479470670223236084e-01
4.972754120826721191e-01
4.959559440612792969e-01
2.487652599811553955e-01
