2.275321036577224731e-01
3.851146697998046875e-01
2.567994594573974609e-01
2.837211787700653076e-01
1.320047497749328613e+00
2.771076858043670654e-01
2.200249880552291870e-01
2.917939722537994385e-01
2.191475927829742432e-01
2.974353730678558350e-01
2.259034514427185059e-01
3.343686461448669434e-01
2.933513820171356201e-01
2.242787182331085205e-01
2.955015599727630615e-01
3.371840715408325195e-01
3.831939697265625000e-01
2.924045920372009277e-01
2.560150623321533203e-01
3.849604427814483643e-01
2.929634749889373779e-01
3.545906245708465576e-01
3.223211467266082764e-01
2.285110801458358765e-01
1.752182692289352417e-01
3.873032927513122559e-01
3.773980736732482910e-01
3.033189475536346436e-01
2.873918116092681885e-01
2.934329211711883545e-01
2.184442728757858276e-01
2.298030555248260498e-01
1.050872325897216797e+00
1.175280213356018066e+00
3.210103213787078857e-01
3.547290563583374023e-01
3.473016619682312012e-01
4.261071383953094482e-01
2.465211153030395508e-01
2.945820093154907227e-01
2.805074155330657959e-01
3.412011861801147461e-01
3.520973324775695801e-01
2.659219801425933838e-01
2.455646544694900513e-01
4.976099133491516113e-01
4.951962828636169434e-01
2.452173978090286255e-01
