2.346626967191696167e-01
2.770936787128448486e-01
2.560955286026000977e-01
2.842939198017120361e-01
7.966886162757873535e-01
2.966713011264801025e-01
2.231637686491012573e-01
2.971996665000915527e-01
2.253743708133697510e-01
2.977047860622406006e-01
2.223968356847763062e-01
2.412046790122985840e-01
2.309608310461044312e-01
3.491128385066986084e-01
2.950315773487091064e-01
3.503755033016204834e-01
3.690944612026214600e-01
2.822223901748657227e-01
2.808597981929779053e-01
3.943147957324981689e-01
2.920717597007751465e-01
2.375336289405822754e-01
2.109608054161071777e-01
2.200308293104171753e-01
1.756739765405654907e-01
3.856322467327117920e-01
3.709310889244079590e-01
3.068522512912750244e-01
2.728507816791534424e-01
2.958739399909973145e-01
2.345668524503707886e-01
2.200469374656677246e-01
2.932202517986297607e-01
2.496421784162521362e-01
2.239322662353515625e-01
3.734593689441680908e-01
2.643787264823913574e-01
4.854156076908111572e-01
2.499100565910339355e-01
2.923299074172973633e-01
2.951661050319671631e-01
3.172088265419006348e-01
3.145166635513305664e-01
3.018476963043212891e-01
2.481426000595092773e-01
4.962474107742309570e-01
4.971550703048706055e-01
2.493060827255249023e-01
