2.617320418357849121e-01
2.511032521724700928e-01
2.588708102703094482e-01
2.903121113777160645e-01
7.311282157897949219e-01
2.986672520637512207e-01
3.569886684417724609e-01
2.982497215270996094e-01
2.515144944190979004e-01
2.953694462776184082e-01
2.413540631532669067e-01
3.107111752033233643e-01
2.930201888084411621e-01
2.105292081832885742e-01
2.988955378532409668e-01
2.225452661514282227e-01
2.772977352142333984e-01
3.822973668575286865e-01
4.106555581092834473e-01
2.632705569267272949e-01
2.268932610750198364e-01
3.481208086013793945e-01
4.285539984703063965e-01
3.030639588832855225e-01
1.765482723712921143e-01
3.889674544334411621e-01
3.713476955890655518e-01
3.200426399707794189e-01
2.762018740177154541e-01
2.976609766483306885e-01
2.481231987476348877e-01
2.088635414838790894e-01
7.220379114151000977e-01
8.840430974960327148e-01
2.165093123912811279e-01
2.604697048664093018e-01
3.698034882545471191e-01
5.962395668029785156e-01
2.464299201965332031e-01
2.944758832454681396e-01
2.630086541175842285e-01
3.561326861381530762e-01
3.733439147472381592e-01
2.397212684154510498e-01
2.508969902992248535e-01
4.960501194000244141e-01
4.962417483329772949e-01
2.487383186817169189e-01
