2.238816171884536743e-01
2.718552649021148682e-01
2.565410435199737549e-01
2.872337102890014648e-01
7.848986983299255371e-01
2.975040674209594727e-01
2.214617729187011719e-01
2.966760098934173584e-01
2.288732081651687622e-01
2.973363101482391357e-01
2.458578795194625854e-01
2.360606193542480469e-01
2.356902658939361572e-01
3.455637991428375244e-01
2.936683297157287598e-01
3.481555283069610596e-01
2.916022837162017822e-01
3.494819998741149902e-01
3.827853798866271973e-01
3.091923892498016357e-01
2.931681275367736816e-01
2.307790368795394897e-01
2.374972254037857056e-01
2.202199101448059082e-01
1.761226952075958252e-01
3.894948065280914307e-01
3.701900839805603027e-01
3.162809014320373535e-01
2.716386318206787109e-01
2.969169020652770996e-01
2.338895648717880249e-01
2.143851816654205322e-01
3.118553459644317627e-01
2.568708062171936035e-01
3.517695963382720947e-01
2.606899738311767578e-01
3.705238103866577148e-01
2.987494468688964844e-01
2.468023896217346191e-01
2.852413058280944824e-01
3.031722605228424072e-01
3.138739466667175293e-01
3.152645826339721680e-01
2.997680902481079102e-01
2.484749704599380493e-01
4.966910183429718018e-01
4.969098567962646484e-01
2.485031038522720337e-01
