2.335213571786880493e-01
3.610815405845642090e-01
2.581186592578887939e-01
2.874977886676788330e-01
1.120743393898010254e+00
2.975636124610900879e-01
2.207589298486709595e-01
2.973801195621490479e-01
2.309525012969970703e-01
2.951421141624450684e-01
2.380704283714294434e-01
2.299600690603256226e-01
2.377130687236785889e-01
3.358727693557739258e-01
2.946096360683441162e-01
3.503613471984863281e-01
3.572952449321746826e-01
2.837561368942260742e-01
2.988002598285675049e-01
3.970149457454681396e-01
2.905766665935516357e-01
2.305910587310791016e-01
2.283185124397277832e-01
2.231175899505615234e-01
1.765886992216110229e-01
3.737463057041168213e-01
3.809290826320648193e-01
2.752348482608795166e-01
2.941831946372985840e-01
2.949409186840057373e-01
2.442038655281066895e-01
2.151064127683639526e-01
2.890337407588958740e-01
2.764996290206909180e-01
2.166051268577575684e-01
2.825132906436920166e-01
3.742520809173583984e-01
3.872677683830261230e-01
2.481112778186798096e-01
2.924236655235290527e-01
2.929133474826812744e-01
3.278775513172149658e-01
3.357964754104614258e-01
2.811336517333984375e-01
2.485104203224182129e-01
4.955461919307708740e-01
4.950902163982391357e-01
2.472411245107650757e-01
