2.281174361705780029e-01
3.827903866767883301e-01
2.589818239212036133e-01
2.822670638561248779e-01
1.209413528442382812e+00
2.762058079242706299e-01
2.240625917911529541e-01
2.928615510463714600e-01
2.243625372648239136e-01
2.944199144840240479e-01
2.334010303020477295e-01
3.164446651935577393e-01
2.894986867904663086e-01
2.304151952266693115e-01
2.951780855655670166e-01
3.429880738258361816e-01
3.867910206317901611e-01
2.961377799510955811e-01
2.568890750408172607e-01
3.902970552444458008e-01
2.921088337898254395e-01
3.565957546234130859e-01
3.167522847652435303e-01
2.363961488008499146e-01
1.754389852285385132e-01
3.816867172718048096e-01
3.746234774589538574e-01
2.974808514118194580e-01
2.885875105857849121e-01
2.941566705703735352e-01
2.294736355543136597e-01
2.243859320878982544e-01
8.904741406440734863e-01
1.090005397796630859e+00
3.109369575977325439e-01
2.952653467655181885e-01
3.865482211112976074e-01
3.608033657073974609e-01
2.496241629123687744e-01
2.843972742557525635e-01
2.936882376670837402e-01
3.200078308582305908e-01
3.336411118507385254e-01
2.763341367244720459e-01
2.520203888416290283e-01
4.983606338500976562e-01
4.979348182678222656e-01
2.491671144962310791e-01
