2.273224145174026489e-01
3.657334744930267334e-01
2.560395896434783936e-01
2.888764739036560059e-01
4.848984777927398682e-01
2.994207143783569336e-01
2.199826538562774658e-01
2.902036309242248535e-01
3.487038612365722656e-01
2.794340252876281738e-01
2.427056431770324707e-01
2.396776974201202393e-01
2.420026063919067383e-01
3.533375859260559082e-01
2.891582250595092773e-01
3.559207618236541748e-01
3.778096735477447510e-01
2.523233592510223389e-01
2.620934844017028809e-01
4.094370305538177490e-01
3.007897138595581055e-01
2.452723532915115356e-01
2.677693367004394531e-01
2.151703238487243652e-01
1.729200035333633423e-01
3.628330230712890625e-01
4.010696411132812500e-01
2.358662635087966919e-01
3.403955698013305664e-01
2.963443398475646973e-01
2.031635344028472900e-01
2.158674299716949463e-01
3.088008761405944824e-01
2.779474258422851562e-01
2.450658380985260010e-01
3.712599873542785645e-01
2.518918514251708984e-01
3.789192438125610352e-01
2.379569411277770996e-01
2.919185161590576172e-01
3.480452895164489746e-01
2.702241539955139160e-01
2.200995832681655884e-01
3.717943429946899414e-01
2.556188106536865234e-01
5.003793835639953613e-01
5.004885196685791016e-01
2.532427310943603516e-01
