2.802634537220001221e-01
3.902246356010437012e-01
2.547070384025573730e-01
2.903112173080444336e-01
6.559833884239196777e-01
2.963840365409851074e-01
3.544759452342987061e-01
2.929804325103759766e-01
2.223743498325347900e-01
2.983713746070861816e-01
2.208105474710464478e-01
2.262700945138931274e-01
2.528988122940063477e-01
2.915825247764587402e-01
2.947127521038055420e-01
3.503142297267913818e-01
3.866861462593078613e-01
2.846780121326446533e-01
2.490245699882507324e-01
3.950502276420593262e-01
2.953131496906280518e-01
3.564653396606445312e-01
2.822165191173553467e-01
3.622564077377319336e-01
1.753554046154022217e-01
3.833453059196472168e-01
3.685528635978698730e-01
3.078092336654663086e-01
2.745829522609710693e-01
2.938955426216125488e-01
2.164204716682434082e-01
2.163050323724746704e-01
9.466060996055603027e-01
8.094324469566345215e-01
2.187830060720443726e-01
3.043348789215087891e-01
3.872930705547332764e-01
3.287424147129058838e-01
2.467721402645111084e-01
2.964707314968109131e-01
2.431337684392929077e-01
3.751711547374725342e-01
3.542416691780090332e-01
2.596244215965270996e-01
2.465540468692779541e-01
4.953148961067199707e-01
4.955727756023406982e-01
2.465176582336425781e-01
