2.506187260150909424e-01
2.450860142707824707e-01
2.555882632732391357e-01
2.948422133922576904e-01
1.426389336585998535e+00
3.002235889434814453e-01
2.192941457033157349e-01
2.964201867580413818e-01
2.189781218767166138e-01
3.003298938274383545e-01
2.326878756284713745e-01
2.134588211774826050e-01
2.277130335569381714e-01
3.292191326618194580e-01
2.925360202789306641e-01
3.554137051105499268e-01
3.604644238948822021e-01
2.583021819591522217e-01
2.976593077182769775e-01
4.277112185955047607e-01
2.859899103641510010e-01
2.267826050519943237e-01
2.668255567550659180e-01
2.188550382852554321e-01
1.758967787027359009e-01
4.034299850463867188e-01
3.530145883560180664e-01
3.431007862091064453e-01
2.265597730875015259e-01
2.970836162567138672e-01
2.017204761505126953e-01
2.161987870931625366e-01
5.962592363357543945e-01
7.175394892692565918e-01
2.514082491397857666e-01
3.583904206752777100e-01
2.522144317626953125e-01
2.974205613136291504e-01
2.511935234069824219e-01
2.827808558940887451e-01
2.379044443368911743e-01
3.791871964931488037e-01
3.311707675457000732e-01
2.853806316852569580e-01
2.536346018314361572e-01
4.950549304485321045e-01
4.962656795978546143e-01
2.440211921930313110e-01
