2.367055416107177734e-01
3.817167878150939941e-01
2.534982562065124512e-01
2.866314947605133057e-01
1.394362926483154297e+00
2.806216776371002197e-01
2.258133590221405029e-01
2.928349971771240234e-01
2.254580110311508179e-01
2.973989248275756836e-01
2.233078181743621826e-01
3.566623926162719727e-01
2.927851676940917969e-01
2.545899450778961182e-01
2.203152775764465332e-01
3.561631143093109131e-01
3.863117098808288574e-01
2.758808732032775879e-01
2.541535794734954834e-01
4.012843370437622070e-01
2.926447391510009766e-01
3.529245853424072266e-01
4.003460109233856201e-01
2.334802448749542236e-01
1.761989593505859375e-01
3.897871375083923340e-01
3.838169872760772705e-01
3.241022229194641113e-01
3.009342551231384277e-01
2.983451485633850098e-01
2.263266742229461670e-01
2.368372827768325806e-01
9.252944588661193848e-01
1.144785523414611816e+00
3.511694073677062988e-01
3.843432366847991943e-01
2.791255116462707520e-01
3.733059465885162354e-01
2.446701526641845703e-01
2.882333695888519287e-01
3.497461378574371338e-01
2.740641832351684570e-01
2.277982532978057861e-01
3.796238005161285400e-01
2.457374483346939087e-01
4.985779225826263428e-01
4.984728395938873291e-01
2.488069236278533936e-01
