2.594303488731384277e-01
3.800078928470611572e-01
2.635078430175781250e-01
2.869203090667724609e-01
1.454525470733642578e+00
3.038200438022613525e-01
2.327286899089813232e-01
2.915621399879455566e-01
2.290497124195098877e-01
2.939969301223754883e-01
2.271894216537475586e-01
2.780261337757110596e-01
2.903102636337280273e-01
2.273283302783966064e-01
2.334084510803222656e-01
3.473416864871978760e-01
3.043116629123687744e-01
3.972186148166656494e-01
3.697387576103210449e-01
2.283298075199127197e-01
2.972525954246520996e-01
3.592751026153564453e-01
4.144778847694396973e-01
3.712918162345886230e-01
1.734730899333953857e-01
3.615489006042480469e-01
4.030177593231201172e-01
2.568508386611938477e-01
3.647962212562561035e-01
2.932069301605224609e-01
2.397064268589019775e-01
2.194402217864990234e-01
1.134161233901977539e+00
8.607349991798400879e-01
2.764789462089538574e-01
2.534399628639221191e-01
3.629201352596282959e-01
3.083060383796691895e-01
2.415796816349029541e-01
2.941108644008636475e-01
2.639759778976440430e-01
3.548945784568786621e-01
3.746423125267028809e-01
2.345272898674011230e-01
2.518058419227600098e-01
4.974170923233032227e-01
4.945672452449798584e-01
2.507955133914947510e-01
