2.222481966018676758e-01
3.719337582588195801e-01
2.566745579242706299e-01
2.881660759449005127e-01
7.640153169631958008e-01
2.981053888797760010e-01
2.186365723609924316e-01
2.968969047069549561e-01
2.336333394050598145e-01
2.949666082859039307e-01
2.279483824968338013e-01
2.329445332288742065e-01
2.314055413007736206e-01
3.464021682739257812e-01
2.968085706233978271e-01
3.387034833431243896e-01
2.799359261989593506e-01
3.579352200031280518e-01
3.965109884738922119e-01
2.980387210845947266e-01
2.953062355518341064e-01
2.520951926708221436e-01
2.223648875951766968e-01
2.252523154020309448e-01
1.758536100387573242e-01
3.742244541645050049e-01
3.777941763401031494e-01
2.818752229213714600e-01
2.891612350940704346e-01
2.945961952209472656e-01
2.290744483470916748e-01
2.179584652185440063e-01
3.083375990390777588e-01
2.530081272125244141e-01
3.481946885585784912e-01
2.694298326969146729e-01
3.682884275913238525e-01
3.058876991271972656e-01
2.482503801584243774e-01
2.882305979728698730e-01
3.273518681526184082e-01
2.879249155521392822e-01
3.009156584739685059e-01
3.179098069667816162e-01
2.486105710268020630e-01
4.965863823890686035e-01
4.968822300434112549e-01
2.489237636327743530e-01
