3.483921587467193604e-01
2.778862416744232178e-01
2.551901042461395264e-01
2.879251539707183838e-01
9.721929430961608887e-01
2.978231310844421387e-01
3.564482629299163818e-01
2.958876490592956543e-01
2.327989637851715088e-01
2.890166342258453369e-01
2.215993255376815796e-01
2.582141757011413574e-01
2.720797061920166016e-01
2.515491247177124023e-01
2.274200618267059326e-01
3.404769599437713623e-01
2.937883734703063965e-01
3.863702118396759033e-01
3.840812146663665771e-01
2.518654167652130127e-01
2.936521768569946289e-01
3.527655005455017090e-01
4.251276850700378418e-01
3.598555326461791992e-01
1.752483397722244263e-01
3.712082207202911377e-01
3.825649321079254150e-01
2.757750451564788818e-01
3.036513030529022217e-01
2.955699861049652100e-01
2.287590205669403076e-01
2.361637055873870850e-01
1.100692868232727051e+00
9.831104874610900879e-01
2.551321089267730713e-01
3.391098678112030029e-01
2.535609602928161621e-01
3.576456010341644287e-01
2.468908280134201050e-01
2.963906824588775635e-01
3.725735247135162354e-01
2.430518865585327148e-01
2.597892880439758301e-01
3.589986860752105713e-01
2.484123855829238892e-01
4.962893724441528320e-01
4.965813755989074707e-01
2.473341077566146851e-01
