2.328208386898040771e-01
3.262495100498199463e-01
2.562974095344543457e-01
2.880381345748901367e-01
7.514374852180480957e-01
2.986357808113098145e-01
2.180454283952713013e-01
2.971692383289337158e-01
2.245035469532012939e-01
2.968511283397674561e-01
2.324388772249221802e-01
2.289787977933883667e-01
2.341782301664352417e-01
3.394036293029785156e-01
2.946155369281768799e-01
3.475221097469329834e-01
3.605895638465881348e-01
2.863087952136993408e-01
2.907509505748748779e-01
3.916095197200775146e-01
2.908608913421630859e-01
2.237676829099655151e-01
2.298955917358398438e-01
2.182790935039520264e-01
1.762312203645706177e-01
3.969093263149261475e-01
3.644605875015258789e-01
3.303246796131134033e-01
2.566552758216857910e-01
2.973265647888183594e-01
2.296072989702224731e-01
2.191916853189468384e-01
2.977728247642517090e-01
2.600117027759552002e-01
2.206502258777618408e-01
3.477545976638793945e-01
2.964878678321838379e-01
4.779496490955352783e-01
2.481932491064071655e-01
2.940601706504821777e-01
3.307535052299499512e-01
2.898457050323486328e-01
2.748957276344299316e-01
3.407711386680603027e-01
2.475744932889938354e-01
4.961131215095520020e-01
4.962870776653289795e-01
2.478297054767608643e-01
