2.272672774387319572e-01
2.884941083796420114e-01
2.557389053071718044e-01
2.856331260113230130e-01
5.407267868386219645e-01
2.978072498160867498e-01
2.185191221732762090e-01
2.966012174019294068e-01
2.230000558815224410e-01
2.966713073727680894e-01
2.187667293135260871e-01
2.275249853083033957e-01
2.295521453626168107e-01
3.429801572416946165e-01
2.957232607873211405e-01
3.388727182110169989e-01
2.661866679027857785e-01
3.297793672289376921e-01
3.358797781091452661e-01
2.776303176692984653e-01
2.912228797477911524e-01
2.268639490952615023e-01
2.023020254794551942e-01
2.155605172962693494e-01
1.754455754715894267e-01
3.748813752631975915e-01
3.704696490406242937e-01
2.550920641813131939e-01
2.550566839876135528e-01
2.956598527119663200e-01
2.348510592618069936e-01
2.132410791499435299e-01
2.963837088270682152e-01
2.487871061417621654e-01
2.284971220194327579e-01
2.721234336457998282e-01
3.299214115062039654e-01
3.961870657943427632e-01
2.468407869096061191e-01
2.937657474752905506e-01
3.008691742316710327e-01
3.001409033972325946e-01
2.713419098003997387e-01
2.622121806864650129e-01
2.465055516668654967e-01
4.960766433784968288e-01
4.960190661531106993e-01
2.466556616782117906e-01
