3.571121644119007454e-01
3.854241411808245199e-01
2.566396489010271953e-01
2.816049240696381628e-01
8.413144352938756176e-01
2.984007697306832463e-01
2.228531417951094828e-01
2.907532429384739325e-01
2.157618924337242894e-01
2.978581738089898789e-01
2.309283453842532197e-01
2.868482235410039771e-01
2.885071381698149362e-01
2.210438616969750136e-01
2.957091674416904570e-01
3.494088695199151218e-01
2.529100238056419814e-01
3.648644903679741369e-01
4.279744636610502417e-01
2.861301308052595083e-01
2.962118675546442370e-01
3.535499777337168248e-01
2.322095748786079938e-01
2.465930847167779882e-01
1.748333012682425358e-01
3.720899920613068290e-01
3.649952941149813834e-01
2.702653104206882984e-01
2.503853290527229825e-01
2.950276023753225507e-01
2.380508126178280670e-01
2.259982696227643417e-01
3.366630476177770448e-01
4.891447682773974459e-01
2.890434770637369533e-01
2.914075184271932573e-01
3.855639413699193940e-01
3.297427859424862939e-01
2.486522694680334544e-01
2.909568764043251599e-01
3.532535764655500565e-01
2.583994261868315934e-01
2.346684222793518904e-01
3.715044720983332049e-01
2.465007348202594983e-01
4.955781157791733782e-01
4.965794285178232736e-01
2.487988271517960481e-01
