2.276138275446305814e-01
3.286430375549395655e-01
2.601980587309274950e-01
2.842195615772437622e-01
8.226980846236729983e-01
2.947814490179497815e-01
2.265859581987995641e-01
2.659462046787324230e-01
3.401086871726362593e-01
2.908217008142762738e-01
3.596921451290270855e-01
3.156837106028993478e-01
2.635024647049346025e-01
2.105713030446567102e-01
2.911539363021629634e-01
2.096982938296480525e-01
2.787478416127511238e-01
3.912415693546175688e-01
3.895407859356488367e-01
2.426129376428652895e-01
2.467105629767835928e-01
3.533276908507733682e-01
4.213158184777942572e-01
3.548948389983007656e-01
1.778952866478191452e-01
3.506589037268742493e-01
3.982396049242608593e-01
2.229862038097291110e-01
3.409580432928880911e-01
2.944656920822643076e-01
3.563900998529442865e-01
2.375976929768157109e-01
1.079286136143186914e+00
1.000061018581557271e+00
3.470717323016253020e-01
2.588061232319555094e-01
3.764135735949343808e-01
1.823229890134128173e-01
2.420821396093293110e-01
2.999597145469068415e-01
3.837704972325054475e-01
2.555765548560246514e-01
2.636391167819551740e-01
3.713438434742610816e-01
2.384455075676491509e-01
4.980436443176833317e-01
4.954933680076147318e-01
2.436454189323214725e-01
