2.129118268223220700e-01
3.725362900016657708e-01
2.524321506612380306e-01
2.899253654518825218e-01
6.325781676083855887e-01
2.986249933182841265e-01
2.168041025155302559e-01
2.961320626789496480e-01
2.334648087107265013e-01
2.946217896193109032e-01
2.170905487543615675e-01
2.301543688007343103e-01
2.298468399878323409e-01
3.392502675187932248e-01
2.963593365381050337e-01
3.460980073278284164e-01
3.808936528257335086e-01
2.695592307441061486e-01
2.593990401185095607e-01
4.113513499844160259e-01
2.848465310922444482e-01
2.287723371704007969e-01
2.051779662703823726e-01
2.183464457229640776e-01
1.735521205637459707e-01
3.787743416232433602e-01
3.700075013866593321e-01
2.623698561376787142e-01
2.598465090560334589e-01
2.953748759679861169e-01
2.217363165966300120e-01
2.133522115248799866e-01
2.987309087283782638e-01
2.493539377363498677e-01
3.281192528121305019e-01
2.606421964989321105e-01
3.725482640766035747e-01
3.069337898293053590e-01
2.439329710079651825e-01
2.834878744612435164e-01
2.541988505777917906e-01
2.851011654597038203e-01
2.778846404378290669e-01
2.930203970546285674e-01
2.465964703520628909e-01
4.968228540033511886e-01
4.952671112949490473e-01
2.502667599642035556e-01
