2.273181641319884927e-01
3.825995339497921255e-01
2.565155344528124437e-01
2.850174391730658230e-01
1.047750244436708167e+00
2.758516624274753304e-01
2.157722012344610862e-01
2.882947164511583393e-01
2.145340986341175982e-01
2.957191885394440667e-01
2.341095046364621013e-01
2.510472192506781330e-01
2.776090767541800619e-01
2.329868157080382252e-01
2.938785432376788131e-01
3.472435794995841207e-01
3.119178899226309754e-01
2.884337813512298787e-01
2.640312940676750042e-01
3.340488832264943975e-01
2.958391475734652443e-01
3.542888646802020980e-01
2.352777050592236574e-01
2.355896351416221224e-01
1.752467314571562740e-01
3.738250519549374817e-01
3.751596081775722680e-01
2.613086433856282587e-01
2.640071814251380711e-01
2.957464639083534630e-01
2.285580103794443152e-01
2.257376660561090098e-01
6.507170741380349233e-01
6.103393610303570194e-01
3.268409829737575767e-01
2.954397157292649734e-01
3.656712300085533385e-01
3.522015977367816686e-01
2.459921291671545995e-01
2.764520437997232682e-01
2.717928246709253037e-01
2.916238646725197170e-01
2.777798696417839164e-01
2.548874233112582433e-01
2.469766784621143518e-01
4.962434309036271585e-01
4.961934651485070957e-01
2.467814260553415351e-01
