3.571455600431866495e-01
3.821640227698526182e-01
2.608882950499156750e-01
2.873011199500003499e-01
1.379568656099820378e+00
2.963614468547407510e-01
2.696625947330857365e-01
2.976309699423649313e-01
2.172511628170383791e-01
2.925754213693192995e-01
2.148012011778234198e-01
2.665490049011882134e-01
2.976002843355275984e-01
2.396100109387220845e-01
2.274623353826298600e-01
3.525657977894988693e-01
3.847990223314363134e-01
2.807580268725616834e-01
2.557709661829355441e-01
3.977889709091244064e-01
2.926670502196181967e-01
3.233572507581045641e-01
3.240900940142547593e-01
2.388966563248281771e-01
1.742664277041020560e-01
3.848786560458436479e-01
3.754008717236395620e-01
3.079396333750376580e-01
2.572735492210450059e-01
2.934312037168251286e-01
2.169231953601306329e-01
2.372725956684974824e-01
1.059209638585462132e+00
9.753816861318713727e-01
2.586947814731063722e-01
3.610667332389502215e-01
2.574044976909238280e-01
2.570283242289210235e-01
2.533475538161247820e-01
2.926820319667033932e-01
2.466640346768353698e-01
3.721559560718529225e-01
3.636982538607646531e-01
2.569828030108068928e-01
2.458117907744746533e-01
4.955208079594993209e-01
4.965078908502527089e-01
2.505423988438839067e-01
