2.663707052377747853e-01
3.845455838683636829e-01
2.558504026948361654e-01
2.865569492009799046e-01
1.145204821948915042e+00
2.929610992026311922e-01
2.212107195212018040e-01
3.009302507590919107e-01
2.144770286599421150e-01
2.912585245976361259e-01
2.205347918019495979e-01
2.212138389928991478e-01
2.979802068287097927e-01
3.371671528763901526e-01
2.978102516333742122e-01
3.551350714172503142e-01
3.802261165389019815e-01
2.696568061526487536e-01
2.642639300090052767e-01
4.168665720995980983e-01
3.008260244946980855e-01
3.012667674438474497e-01
2.495506743916960091e-01
2.504844634735907682e-01
1.724759746097832558e-01
3.929585787240536532e-01
3.542334431539050366e-01
3.143513769905797450e-01
2.335107007471690088e-01
2.973781547645145129e-01
2.345685286044056350e-01
2.265399556877126241e-01
8.838392924135329842e-01
9.007286285305756701e-01
2.176550251349149145e-01
3.818344657137128784e-01
2.760248939569615589e-01
4.108672974004904388e-01
2.475856561958719448e-01
2.850205033763770768e-01
2.529935602047402865e-01
3.139693008757573067e-01
3.284636280940423925e-01
2.468040897315777193e-01
2.461259236937326234e-01
4.963248492371534759e-01
4.956098491014301333e-01
2.512697231310639379e-01
