2.267048379921812740e-01
2.615092408424158354e-01
2.571141593747522380e-01
2.838045355569984163e-01
7.588922997311944307e-01
2.974216949344321015e-01
2.194863268172604909e-01
2.949617133061844809e-01
2.221669038433474463e-01
2.995932550443975440e-01
2.156199405173112038e-01
2.337423823359029706e-01
2.307835569435030820e-01
3.466291741857953079e-01
2.950736271475536410e-01
3.413724637156604347e-01
3.806026935683363144e-01
2.668528130236654250e-01
2.564549588317738826e-01
4.097714749343938645e-01
2.905635039661255692e-01
2.247466547570005913e-01
2.168855417375010197e-01
2.210311942227543847e-01
1.759326529776955861e-01
3.824290673093697634e-01
3.676945185952059658e-01
2.676066498408490868e-01
2.434673799263768479e-01
2.948113559987173837e-01
2.298205792752006371e-01
2.114148527254038901e-01
3.073125651013215442e-01
2.338781507542266880e-01
2.425872194546641603e-01
2.662775166160192275e-01
3.228649471548852290e-01
2.991400844861262787e-01
2.437958742422178249e-01
2.921091876120228692e-01
3.090871838269365068e-01
2.554586529874618983e-01
2.563061871516155166e-01
2.964102147053356839e-01
2.461119520302705310e-01
4.961303987655039105e-01
4.982372625376524922e-01
2.474971727325738502e-01
