2.259950214568102189e-01
2.548452140321425530e-01
2.581006788998058687e-01
2.854270564417606959e-01
4.072358273551109353e-01
2.966908733676223431e-01
2.182962482508591651e-01
2.972643052359392746e-01
2.262514837251496380e-01
2.953462709724715141e-01
2.103847793819264567e-01
2.266302571194219739e-01
2.310743543522352228e-01
3.448593638268591111e-01
2.964015556208881574e-01
3.418379579892716902e-01
3.797665577413733562e-01
2.664409958021120572e-01
2.556734638197669662e-01
4.078811274651823471e-01
2.939258027418774066e-01
2.479487571908102483e-01
2.126477846114334658e-01
2.222977930910984001e-01
1.752447207327994805e-01
3.531227543343500863e-01
3.886704244480398418e-01
2.290056247689106483e-01
3.205998353082921692e-01
2.960150254572134210e-01
2.264225863907936565e-01
2.152148421090057107e-01
3.070203731886438359e-01
2.535186130525913795e-01
3.572750361452423640e-01
3.739402095650090629e-01
2.598981815747546387e-01
2.992806764503754269e-01
2.458753706346114842e-01
2.787374772377175236e-01
3.730756701710399859e-01
2.440069091445450089e-01
2.533440717641393669e-01
3.622040946089969404e-01
2.455170166411201893e-01
4.970552191412196397e-01
4.951864867684055427e-01
2.480749423753600136e-01
