3.572584340400449809e-01
3.830431211114161960e-01
2.567101559199695959e-01
2.871365891171670515e-01
9.454285447773055351e-01
2.971512235119401768e-01
2.236645396703993982e-01
2.912156215366936696e-01
2.169933392595782551e-01
2.951560022089326774e-01
2.310792937426416893e-01
2.681739603896217128e-01
2.825750641201922875e-01
2.230735805394711557e-01
2.970399760887333929e-01
3.500519360218681264e-01
2.554335746380714256e-01
3.695084357251374740e-01
4.254241281606724878e-01
2.784336406353780102e-01
2.956011662748299629e-01
3.543573787362306327e-01
2.231867204328201737e-01
2.353519891792160978e-01
1.746090896948140070e-01
3.645887320910299878e-01
3.767042912024713419e-01
2.450267549423515157e-01
2.675559585793957362e-01
2.962798146697709356e-01
2.357489180743091162e-01
2.321146659770697007e-01
3.410112701296125759e-01
4.861474178379535105e-01
2.822768868970899625e-01
2.882191234096509458e-01
3.853809534352836685e-01
3.154603528985788774e-01
2.455662619643313727e-01
2.886012998141121444e-01
3.263725523643313808e-01
2.623647368892155773e-01
2.423492793037430870e-01
3.172694171744750991e-01
2.481930639279883166e-01
4.956709772021992144e-01
4.960918534029389315e-01
2.478992095856933364e-01
