2.280530816533737903e-01
2.756972384900078787e-01
2.555107542994049519e-01
2.856944846483032707e-01
4.683446509159981397e-01
2.970377195422203576e-01
2.164378471308919527e-01
2.964485116230569650e-01
2.210121351177015137e-01
2.951444501696464662e-01
2.189668235683277231e-01
2.241046270755145675e-01
2.296132083071020791e-01
3.409225967798832357e-01
2.968923705187125894e-01
3.311242338624124648e-01
2.767735944833423223e-01
3.099914876912140960e-01
3.126281480274266111e-01
2.800961156190643897e-01
2.933329919054582513e-01
2.278741239132387186e-01
2.081805869263450293e-01
2.164132082195539541e-01
1.754571803860061063e-01
3.941361388909541130e-01
3.580042921164854897e-01
3.031552505663190344e-01
2.371876018777382966e-01
2.948410471655237286e-01
2.183515872223053822e-01
2.154497076390284871e-01
3.011116626009650021e-01
2.516260136415410797e-01
2.162320604811929503e-01
3.610311373961330172e-01
2.660927403588279616e-01
3.452894319552359259e-01
2.462047697461151041e-01
2.936062207160015647e-01
2.647161777411008443e-01
3.039892518910430330e-01
2.956509933029311532e-01
2.497134716490483075e-01
2.457844883052615892e-01
4.958763265754811411e-01
4.954970519547322594e-01
2.487738786166261706e-01
