2.329824904205688996e-01
2.734656896620814015e-01
2.575115338894792272e-01
2.846256911688597735e-01
7.877168300724434191e-01
2.962601261957928944e-01
2.171128314856172470e-01
2.969690670163078194e-01
2.242286639412544302e-01
2.978238765644080077e-01
2.249119263463804919e-01
2.253586293661632156e-01
2.288070883812831358e-01
3.395876110628031075e-01
2.924536486041411365e-01
3.369435100919755954e-01
2.762869668121863409e-01
3.034555683788983660e-01
2.848005774332967865e-01
2.997312714028720904e-01
2.929527180684227683e-01
2.251035313494135492e-01
2.113138573628844108e-01
2.161710474907326263e-01
1.755833152765241545e-01
3.807597181940922115e-01
3.686985429671834069e-01
2.712487868973299521e-01
2.499009111480118284e-01
2.963091729038958566e-01
2.358829820783279185e-01
2.144323768052640300e-01
2.821403354882727754e-01
2.425549775576045508e-01
2.164414553385799189e-01
3.356314142292695646e-01
2.850507216534151067e-01
4.352003656130960518e-01
2.444860885939806328e-01
2.933209966542915104e-01
3.196707147206674926e-01
2.618029810887140263e-01
2.433421536731188439e-01
3.102857200808216698e-01
2.479553699409087764e-01
4.955547512706276470e-01
4.950457058627326656e-01
2.468074655986303434e-01
