2.333156579486320992e-01
3.028429784883305831e-01
2.552235350577208850e-01
2.857981984661920327e-01
6.078977780021379562e-01
2.958567472439009860e-01
2.174946951124625272e-01
2.960846965143115739e-01
2.292929551936193910e-01
2.963592856814533660e-01
2.367715362484680841e-01
2.306837058558859344e-01
2.383499787469110509e-01
3.445248969878710321e-01
2.938725943158520537e-01
3.437700084382450672e-01
2.765528387078655670e-01
3.138317949987439182e-01
3.039974888587744783e-01
2.840629287020934313e-01
2.940994485427222971e-01
2.298594989635814323e-01
2.183267959068065645e-01
2.211467033656101255e-01
1.757741983346281789e-01
3.748969274941683638e-01
3.711435390534889578e-01
2.574004129834972510e-01
2.544844363908527751e-01
2.952421128268917228e-01
2.342522500161890453e-01
2.147761848085309733e-01
2.853420037940854748e-01
2.675126258977481575e-01
2.192265354526272969e-01
2.769995362323031673e-01
3.279110637433085840e-01
3.343702509908999532e-01
2.464715676049509252e-01
2.918548815233331095e-01
2.735719488266788457e-01
3.050781558447568376e-01
2.834109263407840196e-01
2.466089164766677999e-01
2.491882114982962304e-01
4.960963234334921368e-01
4.965100991880154191e-01
2.466371756895124057e-01
