2.741794943235846826e-01
3.863765543161988836e-01
2.555617051626423164e-01
2.854431890698718166e-01
8.467876477251260470e-01
2.964673900144952912e-01
2.850009589406596877e-01
2.956727976361157584e-01
2.231879274695418580e-01
2.887185386919318142e-01
2.200252682463636200e-01
2.516447551730504051e-01
2.685452764115482949e-01
2.501242582391615676e-01
2.245408534752380003e-01
3.339973346829775980e-01
3.051824152428443404e-01
3.657156776553087685e-01
3.247851462041873583e-01
2.538836530879491904e-01
2.925384084004645224e-01
3.498412418004797075e-01
4.218000361332007175e-01
3.582750456409042883e-01
1.740311515929082731e-01
3.761881428622730339e-01
3.807705954152476591e-01
2.619146692116464115e-01
2.735375416903446655e-01
2.955440043656526461e-01
2.252439712938731908e-01
2.413165700313362472e-01
3.528858100147153620e-01
4.608595357397447523e-01
2.291292867339500827e-01
3.567299583232534377e-01
2.519342299944082320e-01
3.558357753445970939e-01
2.461035529132970801e-01
2.818008738048451978e-01
3.638077084699213870e-01
2.502241685277913352e-01
2.423610664799710768e-01
3.697211777420716938e-01
2.480178607923480272e-01
4.976812914701040369e-01
4.963738109246376151e-01
2.469445938310020905e-01
