2.275947270603711770e-01
2.974273152883150084e-01
2.560863724549637954e-01
2.857643846114512609e-01
3.235894629091090602e-01
2.969588957023306941e-01
2.157493706958748536e-01
2.971475830368572324e-01
2.213046052691681753e-01
2.950797546333923660e-01
2.200608677009033010e-01
2.258177253977093901e-01
2.322515207193390219e-01
3.388544022857017946e-01
2.945528166961547401e-01
3.444778096586284533e-01
3.368248358042819635e-01
2.678614248970881406e-01
2.667933733451759437e-01
3.656937063089802376e-01
2.903261013857476036e-01
2.239757837088358627e-01
2.027463558949849087e-01
2.175097198632886253e-01
1.754999812842171769e-01
3.774413362853672460e-01
3.674692698359002252e-01
2.591264599361972620e-01
2.481437883809465006e-01
2.955574478484645495e-01
2.355232389143444849e-01
2.134925492902114696e-01
2.843232165746350515e-01
2.756045987391986807e-01
2.237710373945552556e-01
3.281992581551360644e-01
2.662788129602127185e-01
4.310112078006853586e-01
2.458482765289388416e-01
2.920854901539864379e-01
3.015208605442191159e-01
3.015994069444916659e-01
2.567804920249147083e-01
2.732586884946339723e-01
2.469871652742532675e-01
4.965195357316611324e-01
4.961653164009051098e-01
2.473301494412901425e-01
