2.189677902403771026e-01
2.661323568440884801e-01
2.547824543914767315e-01
2.878229509913869943e-01
3.605402958717147666e-01
2.969608397781703379e-01
2.169065381432744855e-01
2.954665256486271319e-01
2.363256931620048018e-01
2.949010472866352983e-01
2.188287144225132819e-01
2.268724317814174718e-01
2.304330970736088169e-01
3.413857768394681913e-01
2.960509252979616757e-01
3.426120474877210609e-01
3.401111908835051101e-01
2.690015153768970935e-01
2.651722531155330520e-01
3.618351422491229430e-01
2.902157917032778811e-01
2.222883433856620572e-01
2.027498639510114387e-01
2.184371761294182090e-01
1.755951239136354647e-01
3.702150903652610681e-01
3.746362338834297590e-01
2.512814240889242323e-01
2.607058057698852793e-01
2.939919312879004099e-01
2.273662290393164420e-01
2.112054034751999210e-01
3.013584880166962909e-01
2.456339272665138129e-01
3.039025746603577494e-01
2.639803041665592098e-01
3.382704150224559170e-01
3.256676022578118834e-01
2.460290948845993420e-01
2.815606016967742709e-01
2.694781015454711937e-01
2.785012839215554314e-01
2.751334826350148033e-01
2.662942384939133711e-01
2.479913230893477649e-01
4.966553397369870559e-01
4.966322264157182476e-01
2.472141866068118810e-01
