2.301068209413811294e-01
2.604742141035874536e-01
2.560405716973733203e-01
2.846321789556924275e-01
4.614167018623167027e-01
2.978129960628558837e-01
2.183800018613163141e-01
2.956393844907805324e-01
2.287386856781639388e-01
2.954791144814769566e-01
2.368094328843384777e-01
2.304757552253593744e-01
2.396162659929715888e-01
3.439567599606352943e-01
2.924622374401784075e-01
3.479984473904605413e-01
3.249373273257483707e-01
2.810265848356436336e-01
2.643797919047002898e-01
3.367936887913894339e-01
2.935820574642144520e-01
2.318013791883021257e-01
2.222992134859307078e-01
2.205462063709626719e-01
1.749212209189635048e-01
3.711172802684480909e-01
3.744945353126924448e-01
2.528128256028130960e-01
2.628889266135042702e-01
2.964170773063620201e-01
2.211633448870023999e-01
2.173479559915425519e-01
3.006936917164783618e-01
2.442400441929680754e-01
2.411529267928067544e-01
2.624004954813203283e-01
3.348671764090736525e-01
5.708860479450363901e-01
2.478464066908079300e-01
2.924047872680983762e-01
2.784347125669948131e-01
2.720057267118529687e-01
2.556796860571642349e-01
2.943952157291275240e-01
2.472498501158270356e-01
4.967063541879439548e-01
4.956805260098836596e-01
2.470980870289357922e-01
