2.332542237423058107e-01
3.808763261298167557e-01
2.545826657123362313e-01
2.861920841643317837e-01
1.239522978229858685e+00
2.900543182591657221e-01
2.329534488342495935e-01
2.956416522011013903e-01
2.229769838566958706e-01
2.906664623520326951e-01
2.226871339884499146e-01
3.106946411402278230e-01
2.933526781391103677e-01
2.241233509959049963e-01
2.236004315352167482e-01
3.475334080446376150e-01
3.807793892153233939e-01
2.723820206099652474e-01
2.544860148917504339e-01
4.041963985412235782e-01
2.968866621231943670e-01
3.124681220005892102e-01
3.985285589441542320e-01
2.605921571373913670e-01
1.750741884708308105e-01
4.010116051121730418e-01
3.574613361948894008e-01
3.345324545639083436e-01
2.391609487218188113e-01
2.947305640733645649e-01
2.277194001297380144e-01
2.316891624607677058e-01
9.530585029445415302e-01
1.142065472065767917e+00
3.537496635822067192e-01
3.773448456060428113e-01
2.810187179978620442e-01
2.977438316337403523e-01
2.466101341194095464e-01
2.896284756427190965e-01
3.560667061217984708e-01
2.557049806343697496e-01
2.393130941220025232e-01
3.718409609806280214e-01
2.479445230362723740e-01
4.957456160519114752e-01
4.968283391413478300e-01
2.465069258920471185e-01
