2.167975133550383848e-01
2.559871464352375114e-01
2.535842813562372289e-01
2.864177410538591428e-01
4.619774582470850821e-01
2.969813796693059893e-01
2.189092298661584890e-01
2.957695455813100782e-01
2.209220028588562701e-01
2.956495040441968203e-01
2.266717087165009137e-01
2.211101800209553103e-01
2.328107309984859263e-01
3.412682923392629797e-01
2.945751671752962486e-01
3.338470676559954775e-01
3.289142520529966252e-01
2.728385488099721590e-01
2.652731826456777298e-01
3.680740768135554730e-01
2.965689060185086046e-01
2.351768013470026675e-01
2.333776741316769821e-01
2.214467533883459904e-01
1.755984744456566549e-01
3.572675604728712817e-01
3.861574977405414777e-01
2.293344669771659461e-01
2.926312038140548299e-01
2.948915028741085353e-01
2.396685207712548338e-01
2.119271084048413301e-01
3.030010954957395031e-01
2.490720309848193925e-01
3.116628242850007502e-01
2.601129576773551499e-01
3.349346859298437118e-01
3.931567872100473204e-01
2.487735634416835817e-01
2.799955177215524560e-01
2.797820184816685041e-01
2.682096318714109473e-01
2.647077561218405539e-01
2.692319895635193472e-01
2.479101067794899915e-01
4.960633758566713736e-01
4.961421493593655141e-01
2.470437867207176119e-01
