2.199239012706808438e-01
2.741596339105791258e-01
2.589258141559721005e-01
2.822721254374800370e-01
9.881170772036765859e-01
2.995670510939750786e-01
2.125492835601433261e-01
2.964141213867945157e-01
2.312662862603465652e-01
2.954427649409085976e-01
2.136812598214248293e-01
2.266975384716264363e-01
2.284553304908522597e-01
3.478227349826003012e-01
2.960664297879418982e-01
3.384228595178199184e-01
2.606939237342443261e-01
3.529000925962370028e-01
3.648405548960320655e-01
2.771062075781922651e-01
2.964979211853138175e-01
2.441225169167971221e-01
1.938716552622383738e-01
2.162672585474882114e-01
1.748492485011540198e-01
3.617388856805264785e-01
3.844116567911867177e-01
2.324943698003372472e-01
2.924502004137821687e-01
2.967622003620118409e-01
2.326765019427882442e-01
2.134604876380251093e-01
2.893892247939279794e-01
2.396518955632093995e-01
3.267055287152036969e-01
3.677788535944778170e-01
2.660624460171544525e-01
3.538866756749839970e-01
2.470761936341662190e-01
2.855295850101858268e-01
2.482196575193190424e-01
3.529102236753283162e-01
3.659816842093367995e-01
2.378151842944292160e-01
2.496997222563895336e-01
4.964155243981866472e-01
4.969747202630235838e-01
2.487673064703979919e-01
