2.163761479074722549e-01
3.289519129179440116e-01
2.548102625317447689e-01
2.867809430981719254e-01
6.830635148275596702e-01
2.922169945090967169e-01
2.157934160018916969e-01
2.984102963478874049e-01
2.237744552229527506e-01
2.960427311983169218e-01
2.192480755703805073e-01
2.274464438016564338e-01
2.326788262353969017e-01
3.450303246458112372e-01
2.958678917321072022e-01
3.403580339342834882e-01
3.311756178595564037e-01
2.717896319651866843e-01
2.684287635651634862e-01
3.625299720493724842e-01
2.890936612641963888e-01
2.249341251005437248e-01
2.094010948123623539e-01
2.169276789692175245e-01
1.760115228934580889e-01
3.909527108624339387e-01
3.599698400076896676e-01
2.924069594964631147e-01
2.404032899854897654e-01
2.955080902538965715e-01
2.280887328763774591e-01
2.132759734839811405e-01
3.045074079109296727e-01
2.418351727713900223e-01
2.171804287775539188e-01
3.104494185211908452e-01
2.744250786861758828e-01
5.261276902954369339e-01
2.459179770728135428e-01
2.881736160597193064e-01
2.898591420779434991e-01
2.853468755297722259e-01
2.584059115192118283e-01
2.628027829339649180e-01
2.498445366695825898e-01
4.961092868107617737e-01
4.971201007123360327e-01
2.485980075678206613e-01
