2.427083855742723784e-01
3.854387190401027952e-01
2.552175510370978118e-01
2.882054403767307926e-01
1.162149730134138803e+00
2.925392879724477702e-01
2.469499219395182021e-01
2.965143064759308555e-01
2.221961885213367127e-01
2.944340696615739272e-01
2.234088509156793023e-01
3.313126223084747468e-01
2.915624841036655868e-01
2.246283539133395180e-01
2.255090130822625383e-01
3.454989955720526584e-01
3.419417855396949535e-01
2.502629454887076998e-01
3.197461514234202218e-01
4.320893017179225359e-01
2.977015057528649145e-01
2.900592441662055432e-01
4.234059795601209930e-01
2.376718540467357144e-01
1.738904029284862873e-01
3.648211839235901977e-01
3.886679174468071207e-01
2.457678215870623406e-01
2.979618852132335793e-01
2.952092424347938504e-01
2.216243673148508009e-01
2.303934709522189872e-01
4.164703955061558882e-01
7.556120203802045854e-01
3.245186869131994611e-01
3.465443659660580877e-01
2.528408781475467992e-01
2.771155948369434796e-01
2.466339848090964848e-01
2.906514103859957898e-01
3.499115345564979274e-01
2.573842827400376065e-01
2.362150003240588991e-01
3.729989346615457113e-01
2.481160104077376471e-01
4.961209062239783640e-01
4.966425729701688385e-01
2.490724299465646996e-01
