2.263146306606782787e-01
2.505512538815046764e-01
2.575179613851975025e-01
2.834051848759117642e-01
5.519032110074068020e-01
2.980343225651057582e-01
2.192062733434746447e-01
2.945898085907170394e-01
2.233393841565548543e-01
2.940139538894606663e-01
2.179776694201433218e-01
2.357712946595996173e-01
2.318128263090122043e-01
3.015370253573237402e-01
2.789887859860749053e-01
3.476391437211877045e-01
3.151469227848067156e-01
2.787075205726473048e-01
2.803557270287069247e-01
3.142086051726842300e-01
2.888774598219616685e-01
2.240492937087086300e-01
2.128915394691459628e-01
2.187063036058486398e-01
1.759007001623276167e-01
3.962352074550322678e-01
3.570251816804034251e-01
3.023504332803144123e-01
2.326668908607309461e-01
2.954877361073379172e-01
2.249860610171227904e-01
2.081748716584092829e-01
3.213998012570566387e-01
2.863889039398848646e-01
3.536628919880606126e-01
2.714082430975445215e-01
3.004986252788559575e-01
4.380301070108367223e-01
2.477664853715683402e-01
2.944135345499028222e-01
2.848600542077262543e-01
2.435461290879500917e-01
2.801753971514729380e-01
2.957348215340711572e-01
2.486236799233700889e-01
4.975299420967653763e-01
4.978544192802460966e-01
2.514523810477623522e-01
