2.306126593149654125e-01
3.079263833635003111e-01
2.496675531752788335e-01
2.873342914747494814e-01
4.608691401414096167e-01
2.967883633051686121e-01
2.158310534680618897e-01
2.981825712018790764e-01
2.326101189832516514e-01
2.954060220835498796e-01
2.438754911819988047e-01
2.177706033132123520e-01
2.393869408916511066e-01
3.310222058180191107e-01
2.929244425787942419e-01
3.378639141110885147e-01
2.488370755903342446e-01
3.434297181218072814e-01
4.340081834761187474e-01
3.200420377362155899e-01
2.967661662258657129e-01
2.458541225910191308e-01
2.351180619394193372e-01
2.065713736359481578e-01
1.746307121582438837e-01
3.688578904776875222e-01
3.742522145438192394e-01
2.419915921056755015e-01
2.855779990806208146e-01
2.967418650661783341e-01
2.164470911282344312e-01
2.237679743579084335e-01
2.892853585128404847e-01
2.624033916547804934e-01
2.236069821697133919e-01
2.909012210744499338e-01
2.650031751730539953e-01
3.999020383123128020e-01
2.440702934015049619e-01
2.964616839013537453e-01
2.528797645418199846e-01
3.569583227257459024e-01
3.758545860482734313e-01
2.441543147701317473e-01
2.437827932120894270e-01
4.974039001444326424e-01
4.921966040326190006e-01
2.471900832958158767e-01
