2.305637121304918435e-01
2.766377267103414250e-01
2.548153968501326028e-01
2.856923692065572173e-01
3.534220588528694251e-01
2.964609427471549541e-01
2.188997338590573105e-01
2.962707166789494972e-01
2.239410236800555010e-01
2.970261831854262291e-01
2.191617432999670712e-01
2.285145931770648786e-01
2.308231202836928952e-01
3.421860937429792582e-01
2.951168107465338974e-01
3.456150484031123571e-01
3.426076395329654689e-01
2.699258810110591322e-01
2.644769074441691847e-01
3.610878549480002198e-01
2.902939744415126699e-01
2.231316409701274706e-01
2.071670349469541261e-01
2.170413198294014190e-01
1.751877558992312733e-01
3.877255243027484810e-01
3.635196073756024604e-01
2.800976485763358448e-01
2.441835811025572234e-01
2.960088861293138640e-01
2.289083144329895625e-01
2.162231370682194120e-01
2.920993235439095503e-01
2.548091150895394064e-01
2.177522447423620722e-01
2.713036861595955473e-01
3.191486954930943254e-01
4.632517022973939858e-01
2.479405616521350442e-01
2.941333655177165163e-01
2.720072141164761037e-01
2.932723600142865261e-01
2.823057930915163216e-01
2.529759235763085479e-01
2.474377474863336535e-01
4.960247697215174889e-01
4.962938405140780440e-01
2.468899948431865221e-01
