1.242856733333332926e+02
1.156354688888889228e+02
1.200353111111111133e+02
1.069749755555556021e+02
1.188528711111110994e+02
1.188833622222221749e+02
1.176316555555555396e+02
1.191730622222222280e+02
1.175796911111110461e+02
1.193685088888889112e+02
1.164356244444444570e+02
1.175020133333333661e+02
1.205118311111110927e+02
1.204556200000000246e+02
1.164263333333333179e+02
1.186773466666666792e+02
1.183590266666666935e+02
1.200952533333332894e+02
1.155291555555554766e+02
1.186278911111110830e+02
1.239187622222221705e+02
1.053788488888888111e+02
1.163200422222221988e+02
1.073602333333333547e+02
1.180343511111111354e+02
1.177712133333333497e+02
1.184205844444445432e+02
1.207433799999999735e+02
1.189499999999999034e+02
1.208429777777777616e+02
1.203172422222222337e+02
1.182497511111111095e+02
1.189622822222222283e+02
1.138462177777777242e+02
1.178955200000000474e+02
1.181767577777777802e+02
1.133368111111111318e+02
1.217757022222221934e+02
1.189563377777777475e+02
1.190641399999999805e+02
1.184830755555554731e+02
1.192466088888888436e+02
1.165764644444444826e+02
1.191404977777777958e+02
1.213284266666667008e+02
1.211698111111111444e+02
1.124080644444444914e+02
1.216909688888888752e+02
1.168424955555555584e+02
1.193004755555555505e+02
1.193325444444444656e+02
1.218087266666667006e+02
1.123515200000000220e+02
1.244810777777777986e+02
1.177047888888888991e+02
1.202617288888888680e+02
1.190400288888888696e+02
1.198408466666667067e+02
1.174518022222222555e+02
1.082467688888888659e+02
1.179085444444444306e+02
1.162206866666666514e+02
1.203974866666666799e+02
1.208473111111111109e+02
1.133037911111110958e+02
1.242257177777778168e+02
1.191360088888888811e+02
1.066629311111111207e+02
1.214130755555556078e+02
1.172937822222222195e+02
1.190244911111110753e+02
1.198025266666666795e+02
1.210743044444444507e+02
1.174752022222222649e+02
1.192245066666666418e+02
1.188413066666666822e+02
1.198819755555555560e+02
1.164070733333333152e+02
1.201750399999999388e+02
1.220309333333332944e+02
1.172815288888888432e+02
1.207018200000000689e+02
1.191620666666666182e+02
1.194628600000000205e+02
1.214891177777777926e+02
1.168596688888889048e+02
1.144568111111111079e+02
1.202089533333332980e+02
1.175921355555554868e+02
1.077900377777777550e+02
1.173969666666667138e+02
1.187531311111111023e+02
1.084449466666667092e+02
1.219397444444444574e+02
1.154612266666667182e+02
1.221790644444443785e+02
1.166340577777778122e+02
1.071140444444444171e+02
1.218170822222222398e+02
1.167374844444443482e+02
1.172100000000000222e+02
1.197410266666667411e+02
1.207390688888888093e+02
1.179576844444444390e+02
1.175139577777777760e+02
1.191924933333333314e+02
1.175624333333333738e+02
1.188476777777777897e+02
1.258605822222222912e+02
1.212255088888888679e+02
1.219542155555555922e+02
1.075721888888888884e+02
1.190142511111110935e+02
1.212744511111110057e+02
