4.278077185153961182e-01
4.728310704231262207e-01
3.197785019874572754e-01
3.792507052421569824e-01
2.617327272891998291e-01
4.626301825046539307e-01
5.620899796485900879e-01
5.313130021095275879e-01
3.684244751930236816e-01
2.482552379369735718e-01
2.779842019081115723e-01
4.481355547904968262e-01
4.473378956317901611e-01
4.367287456989288330e-01
4.816754460334777832e-01
4.638875722885131836e-01
4.342339634895324707e-01
2.518700659275054932e-01
2.696624994277954102e-01
3.661664724349975586e-01
2.369754910469055176e-01
3.534621298313140869e-01
2.886590659618377686e-01
2.991909384727478027e-01
5.628893971443176270e-01
6.229919791221618652e-01
6.251152157783508301e-01
3.786342442035675049e-01
3.799303174018859863e-01
4.297547638416290283e-01
