4.184788465499877930e-01
3.181235194206237793e-01
3.248191475868225098e-01
3.818695247173309326e-01
2.661227285861968994e-01
5.157789587974548340e-01
5.657191872596740723e-01
4.717649519443511963e-01
3.703856170177459717e-01
2.817459106445312500e-01
2.519287765026092529e-01
2.955078184604644775e-01
3.841777443885803223e-01
2.358076423406600952e-01
4.804337918758392334e-01
4.343830645084381104e-01
4.658062756061553955e-01
3.693169951438903809e-01
3.207543194293975830e-01
2.485642284154891968e-01
3.609628975391387939e-01
3.960108757019042969e-01
3.700180649757385254e-01
2.374887615442276001e-01
5.327867269515991211e-01
5.059334635734558105e-01
5.111070275306701660e-01
3.750330507755279541e-01
4.288936853408813477e-01
3.809842467308044434e-01
