8.3158
8.3875
8.6436
8.4904
8.0883
8.1900
8.1041
7.8106
7.8394
8.2304
8.1954
7.8608
8.4031
7.9987
7.5041
7.0652
7.5226
7.7053
8.0010
7.9365
8.3339
8.0863
8.2768
8.3312
8.1923
7.9165
8.0041
7.9856
7.9169
8.0194
8.0960
8.1766
7.9849
7.9482
8.1173
8.6119
7.9056
7.9599
8.1897
7.9532
8.0814
8.1196
7.9374
7.9268
7.9671
8.4726
7.9817
8.3400
8.0425
8.0145
8.1621
7.9209
7.8878
8.3420
8.3677
7.9131
8.0074
8.1499
8.4110
8.2904
8.0972
8.2430
8.0277
8.1643
8.1073
8.1064
8.1150
8.2167
7.9292
7.7222
7.9946
7.8969
7.8821
8.3491
7.9992
8.0520
7.8632
8.0614
8.1270
7.9821
7.8822
7.9094
8.1471
7.9519
8.1434
8.1335
8.1282
7.9341
8.2483
8.5139
8.0282
8.2177
7.9507
8.1542
8.2776
7.8896
8.1009
8.1548
8.0645
8.1503
8.2068
8.1314
8.0068
7.9239
8.0488
7.8203
7.8875
8.0264
8.1574
8.0198
8.1583
8.2343
7.9884
8.1330
