123.5412
116.0254
120.3093
106.3155
118.4351
118.8205
117.7693
119.2392
117.3905
118.8684
117.1724
117.3237
120.6583
120.4996
116.0485
119.0487
118.1857
120.0941
115.5538
118.3609
123.8556
105.3837
116.5439
107.3956
118.1029
117.7991
118.5565
120.8529
118.9116
120.9982
120.3156
118.0555
119.1685
113.8535
117.8959
118.0928
113.2414
121.9557
118.8586
119.1576
118.4620
119.3827
116.4274
119.1738
121.3694
121.5319
111.8545
121.6835
116.8599
119.2683
119.2934
121.8543
112.2651
125.6365
117.7473
120.3555
119.0327
119.9306
117.4415
108.2272
118.0149
116.9384
120.6870
120.6666
112.8038
124.2473
119.1720
106.6767
121.4700
117.5215
119.1876
119.3306
119.3242
116.9993
118.5086
118.7501
119.9009
116.2613
120.2137
122.0445
117.4460
121.0296
119.5891
119.7800
121.1227
116.8605
114.5224
120.2099
117.5710
107.7449
117.0985
118.8321
108.5342
121.8475
115.5234
122.1682
116.6534
107.1109
121.8839
116.7254
117.2042
119.6659
120.7310
117.9410
117.5429
119.1228
117.4842
119.4007
125.7438
121.2753
121.6974
107.9353
119.4219
121.7518
