2.543942034244537354e-01
2.895370423793792725e-01
2.312299907207489014e-01
3.823366463184356689e-01
1.751210987567901611e-01
3.843616247177124023e-01
2.959311604499816895e-01
2.847148180007934570e-01
3.141435086727142334e-01
3.046688139438629150e-01
2.537841498851776123e-01
2.577689588069915771e-01
2.733837366104125977e-01
4.871249794960021973e-01
2.947484552860260010e-01
2.585940957069396973e-01
2.830083370208740234e-01
3.979817032814025879e-01
2.684059739112854004e-01
2.549831569194793701e-01
2.882381975650787354e-01
1.265746116638183594e+00
2.511560022830963135e-01
2.479047477245330811e-01
7.428150773048400879e-01
3.040688037872314453e-01
3.069952130317687988e-01
3.766115307807922363e-01
2.178537547588348389e-01
2.842059433460235596e-01
9.175550937652587891e-01
9.130929708480834961e-01
2.633209526538848877e-01
2.919434309005737305e-01
2.486676871776580811e-01
3.121388256549835205e-01
2.987980246543884277e-01
2.500926554203033447e-01
2.504689693450927734e-01
2.484269589185714722e-01
4.024652838706970215e-01
5.656466484069824219e-01
3.525237739086151123e-01
2.310580462217330933e-01
3.801793456077575684e-01
7.697337865829467773e-01
7.775506973266601562e-01
3.542904853820800781e-01
3.760311305522918701e-01
2.715084552764892578e-01
2.896750271320343018e-01
3.293474316596984863e-01
2.950451672077178955e-01
2.980737090110778809e-01
3.374036252498626709e-01
2.944564819335937500e-01
3.159082531929016113e-01
2.926761507987976074e-01
2.565958797931671143e-01
2.634392678737640381e-01
2.991864085197448730e-01
2.249599993228912354e-01
2.503980100154876709e-01
3.539602458477020264e-01
4.004730284214019775e-01
3.734431266784667969e-01
3.306916654109954834e-01
2.902714312076568604e-01
3.098729252815246582e-01
3.544135987758636475e-01
2.989796996116638184e-01
3.562848567962646484e-01
1.213694691658020020e+00
2.288265824317932129e-01
3.588196337223052979e-01
2.872474491596221924e-01
2.818365693092346191e-01
2.368664294481277466e-01
2.435871362686157227e-01
4.424747228622436523e-01
4.381451010704040527e-01
2.909975051879882812e-01
3.453738689422607422e-01
3.637516796588897705e-01
2.682696282863616943e-01
4.159069359302520752e-01
2.705596387386322021e-01
2.549543380737304688e-01
2.549144923686981201e-01
2.881510853767395020e-01
2.480328232049942017e-01
2.475327253341674805e-01
3.855786323547363281e-01
2.948779761791229248e-01
2.580131888389587402e-01
3.032637238502502441e-01
2.953164577484130859e-01
2.691990137100219727e-01
2.490266710519790649e-01
4.411233067512512207e-01
3.548467159271240234e-01
4.423278570175170898e-01
3.170509934425354004e-01
4.423278570175170898e-01
3.170509934425354004e-01
2.659932672977447510e-01
2.479747533798217773e-01
2.749510407447814941e-01
3.142072260379791260e-01
2.818904221057891846e-01
3.553107976913452148e-01
3.467816412448883057e-01
1.758537143468856812e-01
3.682020604610443115e-01
2.663619220256805420e-01
3.241278529167175293e-01
2.423180937767028809e-01
3.850721716880798340e-01
3.883996009826660156e-01
6.338108777999877930e-01
6.451177000999450684e-01
2.871325910091400146e-01
3.403191864490509033e-01
3.642675280570983887e-01
4.187356829643249512e-01
3.978896141052246094e-01
4.712530076503753662e-01
2.768429517745971680e-01
3.594507277011871338e-01
3.286223113536834717e-01
3.155896067619323730e-01
2.959704697132110596e-01
3.443235456943511963e-01
5.123527050018310547e-01
5.059250593185424805e-01
5.351523160934448242e-01
2.918694019317626953e-01
2.665905356407165527e-01
2.946309745311737061e-01
3.574142158031463623e-01
2.979154884815216064e-01
3.041397929191589355e-01
1.040765762329101562e+00
2.660523951053619385e-01
1.054902672767639160e+00
3.467897772789001465e-01
3.644416034221649170e-01
2.987004518508911133e-01
2.809577584266662598e-01
2.597944438457489014e-01
2.887083888053894043e-01
9.671999812126159668e-01
3.537086248397827148e-01
9.770125746726989746e-01
4.239146411418914795e-01
1.748475879430770874e-01
1.120675802230834961e+00
2.516105473041534424e-01
3.044739067554473877e-01
3.142565488815307617e-01
2.999652028083801270e-01
3.813738524913787842e-01
3.804755806922912598e-01
3.815024495124816895e-01
2.895866036415100098e-01
4.481684267520904541e-01
5.383191704750061035e-01
5.444040298461914062e-01
5.455016493797302246e-01
2.656095027923583984e-01
2.697838246822357178e-01
2.639712393283843994e-01
5.139476656913757324e-01
5.038419961929321289e-01
5.014216303825378418e-01
1.011932134628295898e+00
1.016582489013671875e+00
2.476689070463180542e-01
2.967971861362457275e-01
2.142351418733596802e-01
2.581661939620971680e-01
2.460579723119735718e-01
1.155571937561035156e+00
1.138182163238525391e+00
3.109473586082458496e-01
3.635690808296203613e-01
2.555315494537353516e-01
2.879207134246826172e-01
2.471349835395812988e-01
2.471074312925338745e-01
1.278886556625366211e+00
3.082062304019927979e-01
4.111782908439636230e-01
2.970798015594482422e-01
3.663009107112884521e-01
2.466081082820892334e-01
2.484813332557678223e-01
2.486169636249542236e-01
3.646785020828247070e-01
3.645293116569519043e-01
4.964166581630706787e-01
2.861374318599700928e-01
2.489599585533142090e-01
4.954347908496856689e-01
4.965625703334808350e-01
2.488298118114471436e-01
