2.540723085403442383e-01
2.620928585529327393e-01
2.313930392265319824e-01
4.291224479675292969e-01
1.730125695466995239e-01
4.122560620307922363e-01
3.660793602466583252e-01
2.833466529846191406e-01
2.577854990959167480e-01
3.028280138969421387e-01
2.516583204269409180e-01
3.007529079914093018e-01
2.538090944290161133e-01
3.581953346729278564e-01
2.971075475215911865e-01
2.314907759428024292e-01
2.718541026115417480e-01
4.035020172595977783e-01
3.703177571296691895e-01
2.575443983078002930e-01
2.890022397041320801e-01
9.380837678909301758e-01
2.503674328327178955e-01
2.474561631679534912e-01
7.071656584739685059e-01
2.860594391822814941e-01
2.747611701488494873e-01
2.907796204090118408e-01
2.322849482297897339e-01
3.172249495983123779e-01
7.429101467132568359e-01
7.543791532516479492e-01
2.829634547233581543e-01
2.824573814868927002e-01
2.690197229385375977e-01
3.026279807090759277e-01
2.771502435207366943e-01
2.755166292190551758e-01
4.277597963809967041e-01
2.873290479183197021e-01
3.493324518203735352e-01
4.882546961307525635e-01
2.176035344600677490e-01
2.248126417398452759e-01
2.942424416542053223e-01
6.396827101707458496e-01
5.334142446517944336e-01
3.484288752079010010e-01
4.908400177955627441e-01
2.932120561599731445e-01
2.669612467288970947e-01
2.936914563179016113e-01
3.324756920337677002e-01
2.983505427837371826e-01
2.331598401069641113e-01
2.782792448997497559e-01
3.582719266414642334e-01
2.505264878273010254e-01
2.908736765384674072e-01
3.160691559314727783e-01
2.747107148170471191e-01
2.986784279346466064e-01
2.146086841821670532e-01
3.063102960586547852e-01
2.736997902393341064e-01
4.221906661987304688e-01
4.451828598976135254e-01
2.565927505493164062e-01
3.377645611763000488e-01
3.198122382164001465e-01
2.975448966026306152e-01
2.309415340423583984e-01
7.375151515007019043e-01
2.319949716329574585e-01
3.345809280872344971e-01
2.868296802043914795e-01
2.221695482730865479e-01
2.407053411006927490e-01
2.414113134145736694e-01
4.451141953468322754e-01
4.352755844593048096e-01
2.960471510887145996e-01
3.329500555992126465e-01
3.703220486640930176e-01
3.760442435741424561e-01
2.695247232913970947e-01
2.873446643352508545e-01
4.482597112655639648e-01
2.544469535350799561e-01
2.880889177322387695e-01
2.489404082298278809e-01
2.499790191650390625e-01
7.115637660026550293e-01
2.927453517913818359e-01
2.524408102035522461e-01
3.191094100475311279e-01
2.972295582294464111e-01
2.314539104700088501e-01
2.668916583061218262e-01
3.790038526058197021e-01
3.543186187744140625e-01
3.006700277328491211e-01
3.032085895538330078e-01
3.006700277328491211e-01
3.032085895538330078e-01
2.434569895267486572e-01
2.614771127700805664e-01
2.641004323959350586e-01
3.000786602497100830e-01
2.979052364826202393e-01
2.199170440435409546e-01
3.493950963020324707e-01
1.771046370267868042e-01
3.833819925785064697e-01
2.989629805088043213e-01
4.137519001960754395e-01
2.920149564743041992e-01
3.221376240253448486e-01
3.599001765251159668e-01
6.464374065399169922e-01
5.921916365623474121e-01
2.948619127273559570e-01
2.234475761651992798e-01
2.893778383731842041e-01
3.794925510883331299e-01
4.863475561141967773e-01
5.520393848419189453e-01
3.116904497146606445e-01
4.988694190979003906e-01
3.482570052146911621e-01
4.446216821670532227e-01
4.617218375205993652e-01
4.541085958480834961e-01
3.688868284225463867e-01
3.761512339115142822e-01
3.634279668331146240e-01
3.022226989269256592e-01
2.498187124729156494e-01
2.621504068374633789e-01
3.129709661006927490e-01
2.996632456779479980e-01
2.134952396154403687e-01
4.577502012252807617e-01
2.693080604076385498e-01
3.496445119380950928e-01
3.798989653587341309e-01
3.372804820537567139e-01
2.977182567119598389e-01
2.840871214866638184e-01
2.458122819662094116e-01
2.840441465377807617e-01
5.482342243194580078e-01
3.998225033283233643e-01
6.035541892051696777e-01
3.269017934799194336e-01
1.743745952844619751e-01
5.627520680427551270e-01
2.645592093467712402e-01
3.038056194782257080e-01
3.025361895561218262e-01
3.303138613700866699e-01
3.674607872962951660e-01
3.721711933612823486e-01
3.512404859066009521e-01
2.271810173988342285e-01
3.351483047008514404e-01
4.066962897777557373e-01
4.341337084770202637e-01
4.379931986331939697e-01
2.559290528297424316e-01
2.644453346729278564e-01
2.742004394531250000e-01
4.837964475154876709e-01
4.887847304344177246e-01
4.752351641654968262e-01
2.785570621490478516e-01
3.613162040710449219e-01
2.973859608173370361e-01
2.884666621685028076e-01
2.292708456516265869e-01
2.963736951351165771e-01
2.449919134378433228e-01
7.781375646591186523e-01
5.942324399948120117e-01
3.530596196651458740e-01
2.577326893806457520e-01
2.577294111251831055e-01
2.912185788154602051e-01
2.503145635128021240e-01
2.482003569602966309e-01
7.766892910003662109e-01
4.531615078449249268e-01
2.518301606178283691e-01
2.927863895893096924e-01
3.413985967636108398e-01
2.794848680496215820e-01
3.368844985961914062e-01
2.425407022237777710e-01
3.725769817829132080e-01
2.892888188362121582e-01
4.984017014503479004e-01
4.975437521934509277e-01
2.460105717182159424e-01
4.978840649127960205e-01
4.958856701850891113e-01
2.498165518045425415e-01
