2.929072380065917969e-01
3.156549334526062012e-01
2.376704514026641846e-01
3.901669979095458984e-01
1.750023216009140015e-01
2.953883409500122070e-01
3.455088436603546143e-01
2.796204686164855957e-01
2.843756675720214844e-01
2.998645305633544922e-01
2.433854341506958008e-01
2.878577411174774170e-01
2.649637162685394287e-01
2.648505866527557373e-01
2.961888015270233154e-01
2.333204746246337891e-01
3.571343719959259033e-01
3.056407868862152100e-01
2.713275849819183350e-01
2.544002830982208252e-01
2.891632318496704102e-01
8.495731353759765625e-01
2.496357858180999756e-01
2.476840615272521973e-01
7.590919137001037598e-01
2.556323409080505371e-01
3.483824729919433594e-01
3.507639467716217041e-01
3.378685414791107178e-01
4.198788106441497803e-01
1.081707239151000977e+00
1.069208383560180664e+00
3.238941431045532227e-01
2.763828933238983154e-01
2.521322369575500488e-01
2.905041575431823730e-01
2.805583477020263672e-01
3.228276669979095459e-01
2.780309617519378662e-01
2.522537708282470703e-01
3.888962268829345703e-01
5.447853207588195801e-01
2.220590859651565552e-01
2.197381258010864258e-01
3.749906122684478760e-01
3.717913627624511719e-01
3.548306226730346680e-01
3.720787167549133301e-01
4.597351253032684326e-01
2.524093389511108398e-01
2.993537783622741699e-01
3.116303682327270508e-01
2.601802349090576172e-01
2.959285080432891846e-01
2.223723977804183960e-01
2.816039621829986572e-01
2.674937248229980469e-01
2.780037522315979004e-01
2.689154744148254395e-01
2.865893840789794922e-01
2.930479347705841064e-01
2.964492142200469971e-01
2.155274003744125366e-01
2.717201113700866699e-01
3.211297094821929932e-01
3.970022797584533691e-01
3.531197309494018555e-01
2.891535162925720215e-01
3.186656236648559570e-01
3.439140617847442627e-01
2.966697812080383301e-01
2.340726703405380249e-01
7.431035041809082031e-01
2.327203303575515747e-01
3.344115614891052246e-01
2.858506739139556885e-01
2.252313196659088135e-01
2.402723878622055054e-01
2.427781224250793457e-01
4.402033388614654541e-01
4.421905279159545898e-01
2.944688200950622559e-01
3.389577567577362061e-01
3.673318028450012207e-01
2.950028479099273682e-01
3.799484074115753174e-01
2.809410393238067627e-01
3.028745055198669434e-01
2.553022801876068115e-01
2.884209156036376953e-01
2.500812709331512451e-01
2.482548505067825317e-01
4.706580638885498047e-01
2.761380374431610107e-01
2.556529343128204346e-01
3.258149623870849609e-01
2.956112027168273926e-01
2.364588826894760132e-01
2.972929477691650391e-01
3.416499793529510498e-01
3.339385390281677246e-01
3.205703794956207275e-01
3.183071911334991455e-01
3.205703794956207275e-01
3.183071911334991455e-01
2.473143041133880615e-01
2.485743165016174316e-01
3.156608045101165771e-01
3.483807146549224854e-01
2.960648536682128906e-01
2.253829985857009888e-01
3.557152450084686279e-01
1.751760393381118774e-01
3.741893172264099121e-01
2.807182669639587402e-01
3.400229215621948242e-01
2.650858759880065918e-01
3.534834980964660645e-01
3.589011430740356445e-01
5.724318623542785645e-01
6.083288788795471191e-01
2.974962890148162842e-01
2.305523157119750977e-01
3.435262739658355713e-01
3.164904713630676270e-01
4.836224913597106934e-01
5.543754100799560547e-01
2.885446846485137939e-01
4.877232909202575684e-01
3.171566426753997803e-01
4.185831844806671143e-01
4.224614202976226807e-01
4.190042912960052490e-01
4.212326705455780029e-01
4.143972098827362061e-01
4.070473015308380127e-01
2.847928702831268311e-01
2.662304043769836426e-01
2.799577713012695312e-01
3.021708130836486816e-01
2.920460700988769531e-01
2.633673250675201416e-01
9.505068659782409668e-01
2.535454332828521729e-01
9.279322624206542969e-01
3.275990188121795654e-01
3.198966383934020996e-01
3.068914413452148438e-01
2.759186029434204102e-01
2.607392966747283936e-01
2.737782895565032959e-01
9.269068837165832520e-01
3.773227632045745850e-01
9.546115994453430176e-01
3.322739005088806152e-01
1.736579090356826782e-01
1.057984352111816406e+00
2.614326179027557373e-01
3.193661272525787354e-01
3.218468427658081055e-01
3.216581642627716064e-01
3.583781719207763672e-01
3.677826821804046631e-01
3.595559000968933105e-01
2.324758917093276978e-01
3.251384794712066650e-01
4.272682070732116699e-01
4.246545433998107910e-01
4.249944984912872314e-01
2.630056738853454590e-01
2.635578215122222900e-01
2.695202529430389404e-01
4.476704001426696777e-01
4.603139758110046387e-01
4.500971138477325439e-01
5.578685998916625977e-01
7.690501213073730469e-01
2.535578310489654541e-01
2.856469154357910156e-01
2.157571762800216675e-01
2.782007753849029541e-01
2.427200376987457275e-01
1.012661337852478027e+00
9.725401997566223145e-01
3.819171190261840820e-01
3.586024343967437744e-01
2.553551197052001953e-01
2.895411550998687744e-01
2.481290698051452637e-01
2.482515871524810791e-01
8.095123767852783203e-01
3.279763460159301758e-01
3.662331104278564453e-01
2.919760644435882568e-01
3.142383992671966553e-01
3.037413060665130615e-01
2.633932232856750488e-01
3.155749738216400146e-01
3.027258217334747314e-01
2.680534124374389648e-01
4.758144021034240723e-01
4.737266004085540771e-01
2.478413432836532593e-01
4.965564608573913574e-01
4.967000186443328857e-01
2.481147795915603638e-01
