2.814844846725463867e-01
2.806653082370758057e-01
2.410924583673477173e-01
3.956328928470611572e-01
1.744074672460556030e-01
3.127817809581756592e-01
2.758225500583648682e-01
2.697883248329162598e-01
3.156201541423797607e-01
2.991876006126403809e-01
2.558303475379943848e-01
2.458937168121337891e-01
2.907539904117584229e-01
4.659968018531799316e-01
2.878306806087493896e-01
2.214095443487167358e-01
2.644347250461578369e-01
4.194757938385009766e-01
2.494640201330184937e-01
2.574827671051025391e-01
2.861462533473968506e-01
9.863616824150085449e-01
2.500150799751281738e-01
2.475040405988693237e-01
7.251188158988952637e-01
2.693984806537628174e-01
3.126713037490844727e-01
2.865674793720245361e-01
3.556983768939971924e-01
3.178197145462036133e-01
7.745193839073181152e-01
1.098971366882324219e+00
3.465738594532012939e-01
2.819780707359313965e-01
2.527814805507659912e-01
3.210629522800445557e-01
2.821016609668731689e-01
3.110598027706146240e-01
4.665038883686065674e-01
2.386463284492492676e-01
4.018825888633728027e-01
4.591960608959197998e-01
2.534290254116058350e-01
2.301665395498275757e-01
3.973692655563354492e-01
1.053424835205078125e+00
1.000478506088256836e+00
3.933598697185516357e-01
4.013516604900360107e-01
2.914095818996429443e-01
2.634266912937164307e-01
2.688851058483123779e-01
3.032125532627105713e-01
2.848527431488037109e-01
3.441906273365020752e-01
2.475959360599517822e-01
3.374767899513244629e-01
2.673520147800445557e-01
2.526354789733886719e-01
3.233159184455871582e-01
3.410117030143737793e-01
2.977690100669860840e-01
3.455786705017089844e-01
3.141942918300628662e-01
3.287999629974365234e-01
3.191698193550109863e-01
3.354527056217193604e-01
3.018540740013122559e-01
3.011055290699005127e-01
3.555373251438140869e-01
2.975637018680572510e-01
2.198406308889389038e-01
1.258740663528442383e+00
2.356767058372497559e-01
3.320659995079040527e-01
2.948700785636901855e-01
3.254092335700988770e-01
3.011159896850585938e-01
2.422643154859542847e-01
3.015254437923431396e-01
4.711764454841613770e-01
2.238176614046096802e-01
3.572134971618652344e-01
3.610088229179382324e-01
2.744235098361968994e-01
4.066446423530578613e-01
3.993135988712310791e-01
4.220770895481109619e-01
2.556298673152923584e-01
2.891037464141845703e-01
2.497652620077133179e-01
2.471132725477218628e-01
6.947605609893798828e-01
3.029381632804870605e-01
2.506805956363677979e-01
3.194366991519927979e-01
2.986066043376922607e-01
2.255604863166809082e-01
2.703413367271423340e-01
3.953841626644134521e-01
3.780844211578369141e-01
2.860606610774993896e-01
3.410214781761169434e-01
2.860606610774993896e-01
3.410214781761169434e-01
3.888623118400573730e-01
2.526006102561950684e-01
3.301008343696594238e-01
3.424694836139678955e-01
2.905489206314086914e-01
2.610459923744201660e-01
2.916217744350433350e-01
1.754184961318969727e-01
3.692897260189056396e-01
2.711235284805297852e-01
3.248255252838134766e-01
2.958262562751770020e-01
3.164631724357604980e-01
3.605784475803375244e-01
5.655773282051086426e-01
5.541002154350280762e-01
2.928632497787475586e-01
2.237277477979660034e-01
2.761315405368804932e-01
3.953654170036315918e-01
4.423822164535522461e-01
5.664380788803100586e-01
2.718423306941986084e-01
5.030485391616821289e-01
3.191438913345336914e-01
4.541899561882019043e-01
4.483426809310913086e-01
4.566520154476165771e-01
3.652911484241485596e-01
3.362953960895538330e-01
3.678539693355560303e-01
3.032973706722259521e-01
2.453658431768417358e-01
3.244429826736450195e-01
3.746186494827270508e-01
2.875557541847229004e-01
3.160988390445709229e-01
1.084724545478820801e+00
2.636894881725311279e-01
1.017346620559692383e+00
3.661325275897979736e-01
4.092152714729309082e-01
3.624445796012878418e-01
2.940912246704101562e-01
2.563229501247406006e-01
2.433574646711349487e-01
9.610861539840698242e-01
2.415765821933746338e-01
1.030334830284118652e+00
3.650642633438110352e-01
1.742533296346664429e-01
1.228869557380676270e+00
2.554070651531219482e-01
3.157858550548553467e-01
3.152841925621032715e-01
2.950083017349243164e-01
3.782267868518829346e-01
3.828193247318267822e-01
3.829983174800872803e-01
3.494537174701690674e-01
3.804686665534973145e-01
5.052885413169860840e-01
5.160390138626098633e-01
4.849995672702789307e-01
2.687557041645050049e-01
2.615943253040313721e-01
2.671881616115570068e-01
3.684158325195312500e-01
3.702830076217651367e-01
3.774403035640716553e-01
7.019459009170532227e-01
8.714927434921264648e-01
2.371812909841537476e-01
2.956264913082122803e-01
3.132351934909820557e-01
3.014431893825531006e-01
3.806125223636627197e-01
9.601083397865295410e-01
9.252184033393859863e-01
3.852139413356781006e-01
3.260955810546875000e-01
2.540024816989898682e-01
2.886013984680175781e-01
2.475168406963348389e-01
2.490110099315643311e-01
7.901703715324401855e-01
2.355818450450897217e-01
4.566363692283630371e-01
2.953295707702636719e-01
2.913421988487243652e-01
3.357110321521759033e-01
3.175583183765411377e-01
3.786109089851379395e-01
2.374538928270339966e-01
2.731661796569824219e-01
4.986474812030792236e-01
4.953425824642181396e-01
2.471494376659393311e-01
4.957189261913299561e-01
4.961560070514678955e-01
2.478019297122955322e-01
