2.447708249092102051e-01
2.550713419914245605e-01
3.699585795402526855e-01
3.854421675205230713e-01
1.753937005996704102e-01
2.420728206634521484e-01
3.634554743766784668e-01
2.667070329189300537e-01
2.457789927721023560e-01
3.050829768180847168e-01
2.488886117935180664e-01
3.133544921875000000e-01
2.508735358715057373e-01
5.017808675765991211e-01
2.971832454204559326e-01
2.324412316083908081e-01
3.910070955753326416e-01
2.477408647537231445e-01
3.762934803962707520e-01
2.467008680105209351e-01
2.952429354190826416e-01
8.405579328536987305e-01
2.541125118732452393e-01
2.435383796691894531e-01
5.819156169891357422e-01
3.000202775001525879e-01
2.582123279571533203e-01
3.359848260879516602e-01
2.406219542026519775e-01
2.466731667518615723e-01
1.109403133392333984e+00
1.003261089324951172e+00
2.397502362728118896e-01
2.990108430385589600e-01
2.987300157546997070e-01
3.621137738227844238e-01
2.408062368631362915e-01
2.739951908588409424e-01
3.937067389488220215e-01
2.648968398571014404e-01
4.019322991371154785e-01
5.040212273597717285e-01
2.304435372352600098e-01
2.145630717277526855e-01
3.726360797882080078e-01
9.787629842758178711e-01
1.117436528205871582e+00
3.341409564018249512e-01
4.709302186965942383e-01
2.442155182361602783e-01
3.063578009605407715e-01
3.432912826538085938e-01
2.686122655868530273e-01
2.936418652534484863e-01
2.306396812200546265e-01
3.435523509979248047e-01
2.820466756820678711e-01
2.542840242385864258e-01
2.487418502569198608e-01
3.693349659442901611e-01
3.713784217834472656e-01
2.992059290409088135e-01
2.295749187469482422e-01
3.814865648746490479e-01
3.138888478279113770e-01
2.137953341007232666e-01
2.839394807815551758e-01
3.081717491149902344e-01
3.228085339069366455e-01
3.871001899242401123e-01
3.004927635192871094e-01
2.190847545862197876e-01
9.729042053222656250e-01
2.255554497241973877e-01
2.893844842910766602e-01
2.876872420310974121e-01
2.327342033386230469e-01
3.012134134769439697e-01
2.453889250755310059e-01
4.052136540412902832e-01
3.339192867279052734e-01
2.994149327278137207e-01
3.112326860427856445e-01
2.555115520954132080e-01
3.798481822013854980e-01
2.577264308929443359e-01
3.758932948112487793e-01
2.931891679763793945e-01
2.606804370880126953e-01
2.860949039459228516e-01
2.547453045845031738e-01
2.442274838685989380e-01
6.892334222793579102e-01
2.535392940044403076e-01
2.977764606475830078e-01
3.240119218826293945e-01
2.974606752395629883e-01
3.556711673736572266e-01
2.589105665683746338e-01
4.072810709476470947e-01
2.516099214553833008e-01
2.947975099086761475e-01
4.547554850578308105e-01
2.947975099086761475e-01
4.547554850578308105e-01
2.817550599575042725e-01
2.424727082252502441e-01
3.877592086791992188e-01
3.822678625583648682e-01
2.965865433216094971e-01
2.354224324226379395e-01
3.558870553970336914e-01
1.771149933338165283e-01
2.399684190750122070e-01
3.553971350193023682e-01
2.819073200225830078e-01
2.983612120151519775e-01
2.712957561016082764e-01
3.356266617774963379e-01
4.342275261878967285e-01
5.770506858825683594e-01
2.909911870956420898e-01
2.089059054851531982e-01
3.035095930099487305e-01
4.097014069557189941e-01
5.373612046241760254e-01
6.092582941055297852e-01
3.912649750709533691e-01
4.644958376884460449e-01
3.074280023574829102e-01
4.784023761749267578e-01
5.261207818984985352e-01
4.664946794509887695e-01
3.046270012855529785e-01
4.309651851654052734e-01
2.962708473205566406e-01
3.026473522186279297e-01
2.469987571239471436e-01
2.648378014564514160e-01
3.213220238685607910e-01
2.962377965450286865e-01
2.609958946704864502e-01
1.094385862350463867e+00
2.684183120727539062e-01
1.011695623397827148e+00
3.800916969776153564e-01
3.097943067550659180e-01
2.403164058923721313e-01
2.901100516319274902e-01
2.290669977664947510e-01
3.002298772335052490e-01
1.187869429588317871e+00
3.904699087142944336e-01
1.269512295722961426e+00
2.889467477798461914e-01
1.775384843349456787e-01
8.897036314010620117e-01
2.374711781740188599e-01
3.306779265403747559e-01
3.641631305217742920e-01
2.479227632284164429e-01
3.923853933811187744e-01
3.725795149803161621e-01
4.137715697288513184e-01
2.037411630153656006e-01
2.671687304973602295e-01
4.885077476501464844e-01
4.680436253547668457e-01
3.959154188632965088e-01
3.068226873874664307e-01
2.706072926521301270e-01
2.295066118240356445e-01
4.997426867485046387e-01
4.137063026428222656e-01
4.666576981544494629e-01
5.252035856246948242e-01
7.369251251220703125e-01
3.106659054756164551e-01
2.928501367568969727e-01
2.681633830070495605e-01
3.617386519908905029e-01
3.116473555564880371e-01
1.027609586715698242e+00
1.137450218200683594e+00
2.590596675872802734e-01
3.034984469413757324e-01
2.545078992843627930e-01
2.784534990787506104e-01
2.529496848583221436e-01
2.400297075510025024e-01
1.338951826095581055e+00
4.170632064342498779e-01
2.695049941539764404e-01
2.921512722969055176e-01
2.537551224231719971e-01
3.765151500701904297e-01
2.532485127449035645e-01
3.716785907745361328e-01
2.562476098537445068e-01
3.739148378372192383e-01
2.942050099372863770e-01
4.842259287834167480e-01
2.379535734653472900e-01
4.990675449371337891e-01
4.924481511116027832e-01
2.549518942832946777e-01
