2.584948241710662842e-01
2.645375728607177734e-01
2.302426248788833618e-01
4.309651851654052734e-01
1.715667992830276489e-01
4.097730219364166260e-01
3.339470326900482178e-01
2.769455611705780029e-01
2.606436014175415039e-01
3.061964213848114014e-01
2.543612420558929443e-01
2.868339121341705322e-01
2.762555778026580811e-01
5.002825856208801270e-01
2.829202413558959961e-01
2.260336428880691528e-01
2.832007408142089844e-01
4.010169506072998047e-01
2.512898147106170654e-01
2.576948106288909912e-01
2.887173593044281006e-01
8.472378849983215332e-01
2.444601058959960938e-01
2.524668872356414795e-01
7.384081482887268066e-01
2.518734633922576904e-01
3.045257627964019775e-01
2.320624142885208130e-01
3.053807318210601807e-01
4.203433692455291748e-01
8.502364158630371094e-01
8.184385299682617188e-01
3.827999532222747803e-01
2.928940355777740479e-01
2.461490482091903687e-01
3.187020719051361084e-01
2.515293657779693604e-01
2.821705639362335205e-01
4.897705316543579102e-01
3.034158945083618164e-01
2.964721024036407471e-01
5.706750750541687012e-01
2.162706851959228516e-01
2.297757267951965332e-01
2.723093330860137939e-01
1.118970751762390137e+00
1.139831066131591797e+00
2.783540487289428711e-01
4.902376234531402588e-01
2.390496134757995605e-01
2.437118887901306152e-01
3.815102279186248779e-01
3.806619644165039062e-01
2.981486618518829346e-01
2.467809170484542847e-01
3.832769095897674561e-01
3.175353705883026123e-01
2.405839413404464722e-01
2.832564115524291992e-01
3.358355760574340820e-01
2.984066307544708252e-01
2.977917194366455078e-01
2.120344489812850952e-01
3.373081982135772705e-01
2.886567413806915283e-01
3.998917043209075928e-01
4.401257336139678955e-01
2.473651617765426636e-01
3.996906578540802002e-01
3.748174011707305908e-01
2.952785789966583252e-01
3.109723031520843506e-01
9.438555240631103516e-01
2.796564698219299316e-01
2.654896974563598633e-01
2.853361070156097412e-01
2.520420849323272705e-01
2.495221346616744995e-01
2.992745041847229004e-01
4.489985704421997070e-01
2.505103647708892822e-01
2.803532183170318604e-01
3.487392663955688477e-01
2.389886528253555298e-01
2.499421089887619019e-01
4.267941415309906006e-01
2.597374618053436279e-01
5.049760937690734863e-01
2.547115981578826904e-01
2.947186529636383057e-01
2.414853721857070923e-01
2.511477172374725342e-01
6.697389483451843262e-01
2.669189274311065674e-01
2.919535934925079346e-01
2.617930471897125244e-01
3.003131151199340820e-01
3.275662660598754883e-01
2.712892293930053711e-01
4.173258244991302490e-01
2.975358366966247559e-01
3.807847499847412109e-01
4.090900719165802002e-01
3.807847499847412109e-01
4.090900719165802002e-01
2.819114327430725098e-01
2.447404861450195312e-01
3.620706498622894287e-01
2.478532791137695312e-01
2.915861904621124268e-01
2.226321250200271606e-01
3.672460615634918213e-01
1.730470657348632812e-01
2.875776886940002441e-01
3.731652796268463135e-01
4.253067970275878906e-01
2.478183358907699585e-01
3.839330971240997314e-01
3.768962323665618896e-01
6.651837825775146484e-01
7.004788517951965332e-01
2.987852990627288818e-01
2.240194231271743774e-01
3.811508715152740479e-01
2.617606222629547119e-01
4.968148767948150635e-01
5.166371464729309082e-01
2.396000027656555176e-01
4.876174926757812500e-01
3.059220612049102783e-01
3.679684102535247803e-01
3.757644593715667725e-01
3.778801858425140381e-01
4.625856578350067139e-01
4.644391834735870361e-01
4.519788026809692383e-01
3.062956929206848145e-01
2.598410546779632568e-01
3.109520971775054932e-01
3.808110952377319336e-01
2.965560853481292725e-01
2.327505499124526978e-01
1.161931872367858887e+00
2.835066020488739014e-01
1.243771076202392578e+00
3.877927064895629883e-01
3.784569501876831055e-01
3.110904395580291748e-01
2.970984280109405518e-01
2.551892101764678955e-01
3.038774430751800537e-01
1.271630883216857910e+00
3.542616665363311768e-01
1.347343802452087402e+00
4.650959968566894531e-01
1.743350625038146973e-01
8.998015522956848145e-01
2.813872396945953369e-01
3.517503738403320312e-01
3.159330189228057861e-01
2.522998154163360596e-01
3.669736087322235107e-01
3.099186122417449951e-01
3.426750898361206055e-01
2.310600131750106812e-01
3.413265645503997803e-01
4.319268763065338135e-01
3.206978738307952881e-01
3.334083855152130127e-01
2.457466274499893188e-01
2.744406163692474365e-01
2.660561800003051758e-01
4.714781045913696289e-01
4.366329908370971680e-01
5.035041570663452148e-01
1.085763335227966309e+00
1.090939879417419434e+00
2.408446520566940308e-01
2.953401505947113037e-01
2.348907440900802612e-01
2.781323492527008057e-01
3.804025352001190186e-01
1.010657191276550293e+00
1.053630471229553223e+00
3.810009062290191650e-01
3.012793958187103271e-01
2.594874501228332520e-01
2.814855575561523438e-01
2.517743408679962158e-01
2.495292872190475464e-01
8.082487583160400391e-01
3.363473117351531982e-01
3.559552133083343506e-01
2.990395426750183105e-01
3.249087035655975342e-01
2.912166416645050049e-01
2.722350955009460449e-01
2.849190235137939453e-01
3.298162519931793213e-01
3.785122632980346680e-01
4.664661884307861328e-01
3.942847251892089844e-01
2.488298565149307251e-01
4.976314008235931396e-01
4.981309175491333008e-01
2.544551193714141846e-01
