2.591570615768432617e-01
2.649191021919250488e-01
2.323688864707946777e-01
4.176448285579681396e-01
1.716870367527008057e-01
3.904656767845153809e-01
3.673603832721710205e-01
2.564519643783569336e-01
2.480135560035705566e-01
3.032562136650085449e-01
2.463166713714599609e-01
3.026032149791717529e-01
2.515456378459930420e-01
4.807717502117156982e-01
2.908614575862884521e-01
2.287224233150482178e-01
2.830355167388916016e-01
4.007430970668792725e-01
2.843824028968811035e-01
2.555129826068878174e-01
2.913572788238525391e-01
9.980270266532897949e-01
2.436066120862960815e-01
2.444887161254882812e-01
7.072277069091796875e-01
3.024369180202484131e-01
2.491288036108016968e-01
3.022052943706512451e-01
2.309860289096832275e-01
2.760679721832275391e-01
9.596381783485412598e-01
9.442338943481445312e-01
2.450817525386810303e-01
2.951329946517944336e-01
3.036818206310272217e-01
3.685014843940734863e-01
2.460660636425018311e-01
2.764326632022857666e-01
4.360871911048889160e-01
2.407427132129669189e-01
2.957327067852020264e-01
5.014692544937133789e-01
2.295933067798614502e-01
2.171448171138763428e-01
3.407687544822692871e-01
5.742971301078796387e-01
4.426959156990051270e-01
4.841595888137817383e-01
3.166019320487976074e-01
2.551545500755310059e-01
2.427024245262145996e-01
3.398404121398925781e-01
3.661478459835052490e-01
2.982630133628845215e-01
2.266772091388702393e-01
3.544721007347106934e-01
3.438602089881896973e-01
2.727000117301940918e-01
2.718181312084197998e-01
2.822449207305908203e-01
2.799310386180877686e-01
2.953227758407592773e-01
2.108495384454727173e-01
2.601238489151000977e-01
3.040329217910766602e-01
4.109667539596557617e-01
3.625802397727966309e-01
2.693617343902587891e-01
3.449978530406951904e-01
3.554574251174926758e-01
3.004784584045410156e-01
2.340065091848373413e-01
7.133431434631347656e-01
2.325283288955688477e-01
3.360258638858795166e-01
2.904071211814880371e-01
2.154043167829513550e-01
2.409906089305877686e-01
2.410556375980377197e-01
4.380545020103454590e-01
4.296121597290039062e-01
2.967831194400787354e-01
3.325812220573425293e-01
3.732060790061950684e-01
3.687366843223571777e-01
2.743420004844665527e-01
2.948565781116485596e-01
4.365341961383819580e-01
2.567741870880126953e-01
2.918890416622161865e-01
2.508518695831298828e-01
2.453056424856185913e-01
7.262730002403259277e-01
3.059076070785522461e-01
2.508972287178039551e-01
3.224671483039855957e-01
3.009630441665649414e-01
2.545511424541473389e-01
2.570357024669647217e-01
3.627681732177734375e-01
3.712967038154602051e-01
2.481057792901992798e-01
2.837787270545959473e-01
2.481057792901992798e-01
2.837787270545959473e-01
2.402194440364837646e-01
2.635733485221862793e-01
2.525334060192108154e-01
2.993946671485900879e-01
2.949296236038208008e-01
2.253784239292144775e-01
3.736218810081481934e-01
1.752474009990692139e-01
3.713845610618591309e-01
2.783430218696594238e-01
4.292225837707519531e-01
2.990714013576507568e-01
2.820239961147308350e-01
3.387763500213623047e-01
6.767574548721313477e-01
6.374241113662719727e-01
2.960075438022613525e-01
2.206891030073165894e-01
2.586534619331359863e-01
4.340510368347167969e-01
4.258428215980529785e-01
5.498018860816955566e-01
3.228965699672698975e-01
4.896995425224304199e-01
3.294587731361389160e-01
4.620082676410675049e-01
4.712328910827636719e-01
4.708945155143737793e-01
3.696301877498626709e-01
3.649024963378906250e-01
3.989573121070861816e-01
2.646556794643402100e-01
2.673485577106475830e-01
3.355334699153900146e-01
3.119067847728729248e-01
2.862817049026489258e-01
3.368667364120483398e-01
9.187564849853515625e-01
3.022317290306091309e-01
9.236509203910827637e-01
3.035499453544616699e-01
2.888523042201995850e-01
3.080305457115173340e-01
2.828021347522735596e-01
2.745909690856933594e-01
2.695707082748413086e-01
9.781386852264404297e-01
3.323791623115539551e-01
9.516796469688415527e-01
3.493286371231079102e-01
1.737569868564605713e-01
7.595911026000976562e-01
2.776639461517333984e-01
3.192970752716064453e-01
2.712288498878479004e-01
3.240744471549987793e-01
3.868781626224517822e-01
3.223223090171813965e-01
3.482188880443572998e-01
2.634626924991607666e-01
4.361953437328338623e-01
4.818235039710998535e-01
4.756293296813964844e-01
4.669091105461120605e-01
2.515904903411865234e-01
2.871224880218505859e-01
2.519916594028472900e-01
5.181123614311218262e-01
4.581821560859680176e-01
4.735068082809448242e-01
6.103644371032714844e-01
8.953100442886352539e-01
2.694462835788726807e-01
2.934980690479278564e-01
2.322426140308380127e-01
2.842249274253845215e-01
3.115865588188171387e-01
7.807197570800781250e-01
9.410940408706665039e-01
3.761399984359741211e-01
3.372322320938110352e-01
2.580118179321289062e-01
2.886631190776824951e-01
2.492606341838836670e-01
2.472030520439147949e-01
9.364079236984252930e-01
2.704737782478332520e-01
4.299720525741577148e-01
2.940684556961059570e-01
3.752826154232025146e-01
2.405410557985305786e-01
2.677423655986785889e-01
2.608845531940460205e-01
3.616155683994293213e-01
3.750594854354858398e-01
4.804069995880126953e-01
3.202332854270935059e-01
2.502513229846954346e-01
4.955089688301086426e-01
4.951641857624053955e-01
2.502391040325164795e-01
