2.749203443527221680e-01
2.732865512371063232e-01
2.414059191942214966e-01
4.036738276481628418e-01
1.759381592273712158e-01
3.293741941452026367e-01
2.912461459636688232e-01
2.694975435733795166e-01
3.065818250179290771e-01
3.026611208915710449e-01
2.467784583568572998e-01
2.591933608055114746e-01
2.852070033550262451e-01
4.579422473907470703e-01
2.860755920410156250e-01
2.218374460935592651e-01
2.610143423080444336e-01
4.215632677078247070e-01
2.494861930608749390e-01
2.557118535041809082e-01
2.890760302543640137e-01
8.754540681838989258e-01
2.496480345726013184e-01
2.481126487255096436e-01
7.237799763679504395e-01
2.643329799175262451e-01
3.336623013019561768e-01
2.971188127994537354e-01
3.558117747306823730e-01
3.131119310855865479e-01
8.106116056442260742e-01
1.135245203971862793e+00
3.442160189151763916e-01
2.772251963615417480e-01
2.609034478664398193e-01
3.422549962997436523e-01
2.859477102756500244e-01
3.142838180065155029e-01
4.784407913684844971e-01
2.383486181497573853e-01
4.021194279193878174e-01
4.578648805618286133e-01
2.527229785919189453e-01
2.316060066223144531e-01
3.982325792312622070e-01
1.048733830451965332e+00
1.107534646987915039e+00
3.959406018257141113e-01
4.038678407669067383e-01
2.925266027450561523e-01
2.587202489376068115e-01
2.756780683994293213e-01
3.139596879482269287e-01
2.859980762004852295e-01
3.451142609119415283e-01
2.561554610729217529e-01
3.408540785312652588e-01
2.932306826114654541e-01
2.568548321723937988e-01
2.716345489025115967e-01
3.081731796264648438e-01
2.981686592102050781e-01
3.517667949199676514e-01
2.602975368499755859e-01
3.503894507884979248e-01
3.815352618694305420e-01
3.212087452411651611e-01
3.019656836986541748e-01
3.063726425170898438e-01
3.617113232612609863e-01
2.971441149711608887e-01
2.213002890348434448e-01
1.128829121589660645e+00
2.367238849401473999e-01
3.368337154388427734e-01
2.948978245258331299e-01
3.244969248771667480e-01
2.491760700941085815e-01
2.920697331428527832e-01
2.757544219493865967e-01
4.945683479309082031e-01
2.226912379264831543e-01
3.569663166999816895e-01
3.141579329967498779e-01
3.618763685226440430e-01
2.864718735218048096e-01
3.595084249973297119e-01
4.578422904014587402e-01
2.551142573356628418e-01
2.886363267898559570e-01
2.497592419385910034e-01
2.484802007675170898e-01
5.880784392356872559e-01
2.970117032527923584e-01
2.601811289787292480e-01
3.016467392444610596e-01
2.979560196399688721e-01
2.291103303432464600e-01
2.693444192409515381e-01
3.977165818214416504e-01
3.647934198379516602e-01
2.950343787670135498e-01
3.449515104293823242e-01
2.950343787670135498e-01
3.449515104293823242e-01
3.974958062171936035e-01
2.716327607631683350e-01
2.700894176959991455e-01
2.817436158657073975e-01
2.909990251064300537e-01
2.436678707599639893e-01
3.188637495040893555e-01
1.756818443536758423e-01
3.767559230327606201e-01
2.851518690586090088e-01
4.026502370834350586e-01
2.898412346839904785e-01
2.933973968029022217e-01
3.316490650177001953e-01
6.441094875335693359e-01
5.870360136032104492e-01
2.959913313388824463e-01
2.253704816102981567e-01
2.914109528064727783e-01
3.824918270111083984e-01
4.738051891326904297e-01
6.139926910400390625e-01
3.339373767375946045e-01
4.720500111579895020e-01
2.733350992202758789e-01
4.556901156902313232e-01
4.483036100864410400e-01
4.467303156852722168e-01
3.741779625415802002e-01
3.560279905796051025e-01
3.741650283336639404e-01
2.992726564407348633e-01
2.543062269687652588e-01
3.172636032104492188e-01
3.666579425334930420e-01
2.847503423690795898e-01
3.262102603912353516e-01
1.104577541351318359e+00
2.548222243785858154e-01
1.056837677955627441e+00
3.539616763591766357e-01
3.911288380622863770e-01
3.456115126609802246e-01
2.912715971469879150e-01
2.641628980636596680e-01
2.455800920724868774e-01
1.026286005973815918e+00
2.696008980274200439e-01
1.098431706428527832e+00
3.659602403640747070e-01
1.743148118257522583e-01
1.039152860641479492e+00
2.583336532115936279e-01
3.201672136783599854e-01
3.048427700996398926e-01
3.089623153209686279e-01
3.791086077690124512e-01
3.718537986278533936e-01
3.754113614559173584e-01
3.508040904998779297e-01
3.756446242332458496e-01
4.973777234554290771e-01
5.011732578277587891e-01
4.951329827308654785e-01
2.635190486907958984e-01
2.677827179431915283e-01
2.646933495998382568e-01
3.858872652053833008e-01
3.855095207691192627e-01
3.804501295089721680e-01
6.902288794517517090e-01
8.125730156898498535e-01
2.371088862419128418e-01
2.964028120040893555e-01
3.146223425865173340e-01
3.055311739444732666e-01
3.852427899837493896e-01
8.372715711593627930e-01
9.018102884292602539e-01
3.868126571178436279e-01
3.327783644199371338e-01
2.556552588939666748e-01
2.875656783580780029e-01
2.476873546838760376e-01
2.476413100957870483e-01
7.837316989898681641e-01
2.553465962409973145e-01
4.399925470352172852e-01
2.954772412776947021e-01
2.719794213771820068e-01
3.518547713756561279e-01
3.198311328887939453e-01
3.764963150024414062e-01
2.385698407888412476e-01
2.750147581100463867e-01
5.078433752059936523e-01
4.800784289836883545e-01
2.488209754228591919e-01
4.964837133884429932e-01
4.962128698825836182e-01
2.487704157829284668e-01
