2.698565721511840820e-01
2.722759544849395752e-01
2.351887673139572144e-01
4.161402881145477295e-01
1.730597615242004395e-01
3.667670190334320068e-01
3.128799796104431152e-01
2.662274539470672607e-01
3.818762004375457764e-01
3.034957945346832275e-01
2.544041574001312256e-01
2.392842769622802734e-01
2.482014596462249756e-01
4.644675254821777344e-01
2.960559129714965820e-01
2.330936938524246216e-01
3.692674934864044189e-01
2.793649435043334961e-01
3.249616920948028564e-01
2.543835639953613281e-01
2.844462990760803223e-01
1.264325022697448730e+00
2.491358369588851929e-01
2.535329759120941162e-01
7.015612125396728516e-01
3.048482537269592285e-01
2.424102723598480225e-01
3.355236351490020752e-01
2.127984166145324707e-01
3.148858249187469482e-01
8.489373922348022461e-01
8.476570248603820801e-01
3.725944459438323975e-01
2.890636026859283447e-01
2.389657348394393921e-01
2.823606133460998535e-01
2.579631805419921875e-01
2.750150859355926514e-01
3.576684296131134033e-01
2.509410679340362549e-01
3.982061147689819336e-01
5.155770778656005859e-01
3.513831794261932373e-01
2.177075296640396118e-01
3.636153638362884521e-01
7.857164144515991211e-01
8.953937292098999023e-01
3.405688107013702393e-01
3.395515680313110352e-01
3.034111261367797852e-01
2.454652339220046997e-01
2.926008105278015137e-01
3.530100286006927490e-01
2.962665557861328125e-01
3.449340760707855225e-01
2.682617902755737305e-01
3.772053718566894531e-01
2.995177805423736572e-01
2.419354468584060669e-01
2.546932399272918701e-01
3.161018192768096924e-01
2.239721417427062988e-01
2.823312580585479736e-01
3.648674190044403076e-01
4.032226800918579102e-01
3.271820247173309326e-01
2.905549108982086182e-01
2.432825714349746704e-01
3.934648334980010986e-01
3.753150999546051025e-01
2.996299862861633301e-01
3.512835204601287842e-01
1.072529077529907227e+00
2.256395816802978516e-01
3.531067371368408203e-01
2.880997359752655029e-01
3.038209676742553711e-01
3.012767136096954346e-01
2.411693036556243896e-01
2.514585852622985840e-01
5.183818936347961426e-01
2.783889472484588623e-01
3.466290235519409180e-01
2.663096487522125244e-01
3.203639686107635498e-01
3.465357124805450439e-01
3.576484322547912598e-01
3.208370804786682129e-01
2.553728818893432617e-01
2.857980728149414062e-01
2.539066076278686523e-01
2.507147192955017090e-01
6.439012885093688965e-01
3.033109903335571289e-01
2.521987259387969971e-01
3.300684094429016113e-01
2.986324131488800049e-01
2.663791775703430176e-01
2.523899972438812256e-01
4.324508607387542725e-01
3.711940646171569824e-01
4.465552270412445068e-01
3.136577606201171875e-01
4.465552270412445068e-01
3.136577606201171875e-01
3.021236360073089600e-01
2.518419325351715088e-01
3.072335720062255859e-01
3.696669638156890869e-01
2.821750044822692871e-01
3.553919792175292969e-01
3.602556884288787842e-01
1.739758998155593872e-01
3.531861603260040283e-01
2.293970733880996704e-01
2.383400946855545044e-01
2.450538724660873413e-01
3.873197734355926514e-01
3.729900121688842773e-01
6.740527749061584473e-01
6.757489442825317383e-01
2.868990600109100342e-01
3.450987637042999268e-01
3.629183173179626465e-01
4.068125486373901367e-01
4.475606679916381836e-01
5.283102393150329590e-01
2.202797830104827881e-01
3.432480692863464355e-01
3.102663457393646240e-01
3.017366230487823486e-01
3.162778317928314209e-01
3.333375453948974609e-01
5.106743574142456055e-01
5.220603346824645996e-01
5.223292708396911621e-01
3.038359582424163818e-01
2.542701959609985352e-01
2.759446501731872559e-01
3.453407287597656250e-01
2.976209819316864014e-01
3.113044798374176025e-01
1.262620210647583008e+00
2.614454329013824463e-01
1.208121538162231445e+00
3.733626306056976318e-01
3.153961598873138428e-01
2.602492868900299072e-01
2.818813025951385498e-01
2.907778322696685791e-01
2.642790377140045166e-01
1.186628580093383789e+00
3.694695234298706055e-01
1.275952219963073730e+00
3.570428490638732910e-01
1.765207201242446899e-01
9.928205609321594238e-01
2.600823640823364258e-01
3.091300725936889648e-01
2.508453130722045898e-01
3.329935371875762939e-01
4.086477458477020264e-01
3.694176971912384033e-01
3.711685240268707275e-01
2.639917731285095215e-01
4.431048631668090820e-01
5.393429994583129883e-01
4.953056573867797852e-01
5.466751456260681152e-01
2.389208227396011353e-01
2.938310503959655762e-01
2.655785679817199707e-01
5.693472027778625488e-01
5.257498025894165039e-01
4.736714661121368408e-01
8.382148146629333496e-01
8.097469210624694824e-01
2.500912547111511230e-01
2.938625216484069824e-01
2.286729812622070312e-01
3.770159482955932617e-01
2.461466342210769653e-01
8.295421004295349121e-01
9.235784411430358887e-01
3.477195501327514648e-01
3.655729293823242188e-01
2.551969289779663086e-01
2.865242660045623779e-01
2.433564662933349609e-01
2.524845898151397705e-01
1.245854139328002930e+00
3.018861114978790283e-01
4.112977087497711182e-01
2.967408895492553711e-01
3.664584159851074219e-01
2.457481771707534790e-01
2.736420333385467529e-01
2.480900883674621582e-01
3.615902662277221680e-01
3.780978024005889893e-01
5.179618597030639648e-01
3.381726443767547607e-01
2.473192065954208374e-01
4.960911571979522705e-01
4.972194731235504150e-01
2.540038824081420898e-01
