2.531914114952087402e-01
2.622638344764709473e-01
2.286972999572753906e-01
4.171797931194305420e-01
1.759889274835586548e-01
3.975057601928710938e-01
3.364629745483398438e-01
2.761893868446350098e-01
2.594778835773468018e-01
3.041269481182098389e-01
2.482530474662780762e-01
2.890232801437377930e-01
2.662492990493774414e-01
4.694172441959381104e-01
2.967277467250823975e-01
2.175567895174026489e-01
2.674807310104370117e-01
4.161049425601959229e-01
2.710662782192230225e-01
2.576805651187896729e-01
2.868459820747375488e-01
9.944283962249755859e-01
2.488033771514892578e-01
2.485180944204330444e-01
6.762424111366271973e-01
3.047578036785125732e-01
2.461830824613571167e-01
3.158243596553802490e-01
2.420412153005599976e-01
2.411617636680603027e-01
1.021971702575683594e+00
1.022731184959411621e+00
2.435611933469772339e-01
2.898385822772979736e-01
3.030280470848083496e-01
3.647297322750091553e-01
2.484832406044006348e-01
2.830531299114227295e-01
4.267401993274688721e-01
2.446348667144775391e-01
2.921765148639678955e-01
4.819906949996948242e-01
2.304890155792236328e-01
2.257615178823471069e-01
3.257166147232055664e-01
6.906802058219909668e-01
5.957825183868408203e-01
4.703481495380401611e-01
2.947969734668731689e-01
2.530662119388580322e-01
2.950029373168945312e-01
3.144361078739166260e-01
2.684395313262939453e-01
2.957434952259063721e-01
2.303437888622283936e-01
3.223809599876403809e-01
2.979148328304290771e-01
2.558557689189910889e-01
2.785020470619201660e-01
3.148617744445800781e-01
2.933667004108428955e-01
2.987882196903228760e-01
2.170356959104537964e-01
3.042218983173370361e-01
2.969270050525665283e-01
3.964634835720062256e-01
4.053656756877899170e-01
3.018354177474975586e-01
2.741729021072387695e-01
3.151146173477172852e-01
2.981472611427307129e-01
2.235254645347595215e-01
7.609689235687255859e-01
2.327907681465148926e-01
3.322655260562896729e-01
2.846616506576538086e-01
2.216528058052062988e-01
2.410237491130828857e-01
2.433846592903137207e-01
4.418422877788543701e-01
4.397509396076202393e-01
2.960555553436279297e-01
3.325433731079101562e-01
3.710970580577850342e-01
3.768887519836425781e-01
2.717460989952087402e-01
2.886338233947753906e-01
4.486197829246520996e-01
2.559039890766143799e-01
2.871717214584350586e-01
2.498084753751754761e-01
2.474629282951354980e-01
7.039769291877746582e-01
2.902513146400451660e-01
2.538364231586456299e-01
3.148647844791412354e-01
2.956295013427734375e-01
2.295705974102020264e-01
2.718433141708374023e-01
3.763535320758819580e-01
3.487431704998016357e-01
3.059218823909759521e-01
3.002972602844238281e-01
3.059218823909759521e-01
3.002972602844238281e-01
2.408219426870346069e-01
2.733147442340850830e-01
2.848162055015563965e-01
2.847798764705657959e-01
2.978424131870269775e-01
2.192358970642089844e-01
3.278573751449584961e-01
1.753224730491638184e-01
3.677505850791931152e-01
2.658553123474121094e-01
4.241807758808135986e-01
3.030149042606353760e-01
3.283715844154357910e-01
3.798009753227233887e-01
6.174744963645935059e-01
5.575879216194152832e-01
2.975853681564331055e-01
2.226903140544891357e-01
2.598522901535034180e-01
4.363862574100494385e-01
4.389241635799407959e-01
5.167038440704345703e-01
2.676149606704711914e-01
5.241229534149169922e-01
3.887504637241363525e-01
4.686357080936431885e-01
4.581119716167449951e-01
4.664677381515502930e-01
4.465259313583374023e-01
4.032577276229858398e-01
4.078404009342193604e-01
3.010470569133758545e-01
2.519760131835937500e-01
2.596406042575836182e-01
3.100703656673431396e-01
2.923839092254638672e-01
3.218897879123687744e-01
8.980168104171752930e-01
2.514304220676422119e-01
8.191281557083129883e-01
3.603838682174682617e-01
3.155063390731811523e-01
2.723760604858398438e-01
2.757984399795532227e-01
2.521448433399200439e-01
2.940319776535034180e-01
8.526633381843566895e-01
3.634215593338012695e-01
9.013031721115112305e-01
2.662712931632995605e-01
1.738037467002868652e-01
8.410322666168212891e-01
2.637674808502197266e-01
3.119165301322937012e-01
3.086315989494323730e-01
3.063364923000335693e-01
3.762383460998535156e-01
3.690874576568603516e-01
3.671813905239105225e-01
2.696405947208404541e-01
4.415753185749053955e-01
5.053753852844238281e-01
4.879368543624877930e-01
4.947620928287506104e-01
2.657013535499572754e-01
2.693154811859130859e-01
2.625995278358459473e-01
4.956402778625488281e-01
4.754267930984497070e-01
4.817156195640563965e-01
5.854830741882324219e-01
8.722393512725830078e-01
3.014798462390899658e-01
2.935814857482910156e-01
2.464644312858581543e-01
3.082109987735748291e-01
2.822135090827941895e-01
6.895242333412170410e-01
8.147094249725341797e-01
3.873698413372039795e-01
2.666454911231994629e-01
2.543398141860961914e-01
2.889649569988250732e-01
2.458297163248062134e-01
2.484806925058364868e-01
6.860148906707763672e-01
4.248990416526794434e-01
2.868562340736389160e-01
2.963927090167999268e-01
3.553370237350463867e-01
2.615291774272918701e-01
2.944622933864593506e-01
2.467640191316604614e-01
3.667377829551696777e-01
2.633544206619262695e-01
4.610202610492706299e-01
4.899102449417114258e-01
2.474619001150131226e-01
4.967805147171020508e-01
4.962193071842193604e-01
2.496364861726760864e-01
