2.501071393489837646e-01
2.654521465301513672e-01
2.293749898672103882e-01
4.172815382480621338e-01
1.752638667821884155e-01
4.057102203369140625e-01
3.222741186618804932e-01
2.849575281143188477e-01
2.712186574935913086e-01
3.026625216007232666e-01
2.483189553022384644e-01
2.840061783790588379e-01
2.713329493999481201e-01
4.372653365135192871e-01
2.979363501071929932e-01
2.272987663745880127e-01
3.484177589416503906e-01
3.068609237670898438e-01
3.760971724987030029e-01
2.558662295341491699e-01
2.896263599395751953e-01
5.814353823661804199e-01
2.492568045854568481e-01
2.454458475112915039e-01
5.981640815734863281e-01
2.887531518936157227e-01
2.815345823764801025e-01
2.995272576808929443e-01
2.267876714468002319e-01
3.297499120235443115e-01
7.719915509223937988e-01
6.664642095565795898e-01
2.797459363937377930e-01
2.868810296058654785e-01
2.858760654926300049e-01
3.467465937137603760e-01
2.587273120880126953e-01
2.810843884944915771e-01
4.094233512878417969e-01
3.038185536861419678e-01
3.389497697353363037e-01
4.892084300518035889e-01
2.201710790395736694e-01
2.170446813106536865e-01
2.718143761157989502e-01
6.649085879325866699e-01
7.089190483093261719e-01
3.379349112510681152e-01
5.114931464195251465e-01
2.637114226818084717e-01
2.671937942504882812e-01
3.153885006904602051e-01
3.133111596107482910e-01
2.967041432857513428e-01
2.291888147592544556e-01
3.235640227794647217e-01
3.236155807971954346e-01
2.877812385559082031e-01
2.673218250274658203e-01
2.731302678585052490e-01
2.967030405998229980e-01
2.981657087802886963e-01
2.201498746871948242e-01
2.737381458282470703e-01
3.401778340339660645e-01
4.152081608772277832e-01
3.610396385192871094e-01
2.909795641899108887e-01
3.001224696636199951e-01
3.266866505146026611e-01
2.960486412048339844e-01
2.248451560735702515e-01
7.924808859825134277e-01
2.329979985952377319e-01
3.274262547492980957e-01
2.882851362228393555e-01
2.189680337905883789e-01
2.427711188793182373e-01
2.417434602975845337e-01
4.389016926288604736e-01
4.450555145740509033e-01
2.936144173145294189e-01
3.396086692810058594e-01
3.635688722133636475e-01
2.821517586708068848e-01
3.995009362697601318e-01
2.797391712665557861e-01
2.637878358364105225e-01
2.550619244575500488e-01
2.900810837745666504e-01
2.486797571182250977e-01
2.491275370121002197e-01
4.123858213424682617e-01
2.963005602359771729e-01
2.588942646980285645e-01
3.050529062747955322e-01
2.948469817638397217e-01
2.294068038463592529e-01
2.596139609813690186e-01
3.911702036857604980e-01
3.524773120880126953e-01
3.001734912395477295e-01
3.026933968067169189e-01
3.001734912395477295e-01
3.026933968067169189e-01
2.563934028148651123e-01
2.572739124298095703e-01
3.361663520336151123e-01
3.354503512382507324e-01
2.955571115016937256e-01
2.252241224050521851e-01
3.203761279582977295e-01
1.754201054573059082e-01
3.667124211788177490e-01
2.687127590179443359e-01
3.288803100585937500e-01
2.924589514732360840e-01
3.171112537384033203e-01
3.419321179389953613e-01
4.958445429801940918e-01
5.327838659286499023e-01
2.963576614856719971e-01
2.227137535810470581e-01
2.862618565559387207e-01
3.886334896087646484e-01
4.816474318504333496e-01
5.478209257125854492e-01
3.603583276271820068e-01
4.826409220695495605e-01
3.571761548519134521e-01
4.579336345195770264e-01
4.472929239273071289e-01
4.572384059429168701e-01
3.499675095081329346e-01
3.466797769069671631e-01
3.576170802116394043e-01
2.788976132869720459e-01
2.712261378765106201e-01
2.824924290180206299e-01
2.923586666584014893e-01
2.976138293743133545e-01
2.182047218084335327e-01
6.262725591659545898e-01
2.955816686153411865e-01
5.691111087799072266e-01
3.392760157585144043e-01
3.173601329326629639e-01
2.971867024898529053e-01
2.804078459739685059e-01
2.578428685665130615e-01
2.747254669666290283e-01
5.608866214752197266e-01
4.194693267345428467e-01
5.981984138488769531e-01
3.891707360744476318e-01
1.732911914587020874e-01
8.215019106864929199e-01
2.512065172195434570e-01
3.401558399200439453e-01
3.131568431854248047e-01
3.249294757843017578e-01
3.895927071571350098e-01
3.672171235084533691e-01
3.803642094135284424e-01
2.379376739263534546e-01
2.974777519702911377e-01
4.563825428485870361e-01
4.385893344879150391e-01
4.719525873661041260e-01
2.602973580360412598e-01
2.739827632904052734e-01
2.559848725795745850e-01
4.330915510654449463e-01
4.425656199455261230e-01
4.318596720695495605e-01
2.532054483890533447e-01
5.671990513801574707e-01
2.571462392807006836e-01
2.893527150154113770e-01
2.289568036794662476e-01
3.544908463954925537e-01
2.435491979122161865e-01
7.772758007049560547e-01
8.395701646804809570e-01
2.913144826889038086e-01
3.485859632492065430e-01
2.547990083694458008e-01
2.861019372940063477e-01
2.477390319108963013e-01
2.492031753063201904e-01
9.272701740264892578e-01
3.543149828910827637e-01
3.488021194934844971e-01
2.906939983367919922e-01
3.323990702629089355e-01
2.855271100997924805e-01
2.919898033142089844e-01
2.906652390956878662e-01
3.245986998081207275e-01
2.713277041912078857e-01
4.876930415630340576e-01
4.859174787998199463e-01
2.480144947767257690e-01
4.965457320213317871e-01
4.960710108280181885e-01
2.492790520191192627e-01
