2.417983859777450562e-01
2.519672214984893799e-01
3.626958429813385010e-01
3.749715089797973633e-01
1.785292625427246094e-01
2.223205119371414185e-01
2.837788462638854980e-01
2.892670929431915283e-01
2.870069444179534912e-01
3.027650415897369385e-01
2.521436512470245361e-01
2.651153802871704102e-01
2.874969542026519775e-01
4.828495085239410400e-01
2.956805527210235596e-01
2.380294799804687500e-01
3.151028156280517578e-01
3.607300221920013428e-01
3.451596200466156006e-01
2.550281584262847900e-01
2.829240262508392334e-01
9.764395356178283691e-01
2.549753487110137939e-01
2.459156066179275513e-01
6.869215369224548340e-01
2.844633758068084717e-01
2.995488345623016357e-01
3.111998438835144043e-01
3.536516129970550537e-01
3.148660659790039062e-01
1.416267752647399902e+00
1.490738511085510254e+00
3.943646848201751709e-01
2.906252443790435791e-01
2.306669801473617554e-01
3.303954899311065674e-01
2.453184574842453003e-01
2.560290694236755371e-01
4.011887609958648682e-01
2.392985820770263672e-01
3.156683444976806641e-01
5.288714170455932617e-01
2.385030984878540039e-01
2.116230726242065430e-01
3.667485415935516357e-01
8.911330103874206543e-01
9.212741255760192871e-01
4.985978901386260986e-01
3.299042284488677979e-01
3.029939830303192139e-01
2.553406655788421631e-01
2.503100037574768066e-01
2.974111437797546387e-01
2.833001613616943359e-01
3.539393842220306396e-01
2.374836057424545288e-01
3.564488589763641357e-01
2.891504764556884766e-01
2.714697420597076416e-01
2.953529059886932373e-01
2.988640367984771729e-01
2.760686874389648438e-01
3.544448614120483398e-01
2.353217452764511108e-01
3.260951042175292969e-01
3.840240538120269775e-01
3.043570816516876221e-01
2.364365458488464355e-01
3.773058652877807617e-01
3.707453310489654541e-01
2.980639040470123291e-01
3.352295458316802979e-01
1.098925709724426270e+00
2.813568115234375000e-01
3.560094833374023438e-01
2.261414080858230591e-01
2.774653136730194092e-01
2.437469214200973511e-01
2.441127896308898926e-01
4.517903029918670654e-01
4.287355244159698486e-01
2.750175297260284424e-01
3.514941036701202393e-01
3.565325438976287842e-01
2.742961347103118896e-01
4.127770960330963135e-01
2.446402758359909058e-01
2.510583102703094482e-01
2.501939833164215088e-01
2.917439341545104980e-01
2.469865530729293823e-01
2.492115348577499390e-01
3.337295949459075928e-01
2.462783604860305786e-01
2.984715402126312256e-01
2.469888180494308472e-01
2.931768000125885010e-01
3.513912856578826904e-01
2.523987591266632080e-01
3.868100345134735107e-01
2.529293298721313477e-01
2.721544206142425537e-01
4.474430084228515625e-01
2.721544206142425537e-01
4.474430084228515625e-01
2.854855954647064209e-01
2.998302280902862549e-01
2.877689898014068604e-01
2.544952034950256348e-01
2.834591567516326904e-01
3.637294769287109375e-01
2.784107327461242676e-01
1.734960228204727173e-01
3.631126582622528076e-01
2.680918574333190918e-01
4.373320341110229492e-01
2.538288235664367676e-01
3.420004546642303467e-01
2.619339525699615479e-01
5.551880598068237305e-01
4.296894371509552002e-01
2.822900712490081787e-01
3.405489623546600342e-01
2.265190482139587402e-01
4.240078926086425781e-01
5.230922698974609375e-01
6.555448770523071289e-01
4.538435637950897217e-01
5.134634375572204590e-01
4.433646202087402344e-01
3.190698027610778809e-01
3.167790174484252930e-01
3.212619721889495850e-01
3.789575994014739990e-01
3.661057651042938232e-01
3.656350374221801758e-01
2.521424293518066406e-01
2.341605871915817261e-01
3.625002801418304443e-01
3.717508316040039062e-01
2.929619252681732178e-01
3.277109563350677490e-01
9.538507461547851562e-01
3.566575944423675537e-01
8.548424839973449707e-01
3.238633573055267334e-01
3.037453293800354004e-01
3.438965082168579102e-01
2.479131221771240234e-01
2.830175459384918213e-01
2.486653774976730347e-01
7.626805305480957031e-01
2.582680881023406982e-01
8.626148104667663574e-01
2.959966659545898438e-01
1.742797642946243286e-01
1.140902042388916016e+00
2.635305225849151611e-01
3.197491168975830078e-01
2.919729650020599365e-01
3.104234039783477783e-01
3.544077873229980469e-01
3.810391724109649658e-01
4.027635753154754639e-01
3.395543098449707031e-01
3.721809685230255127e-01
5.192865729331970215e-01
4.544494450092315674e-01
5.070253014564514160e-01
2.876014411449432373e-01
2.499553710222244263e-01
2.654144465923309326e-01
4.115061759948730469e-01
4.117272794246673584e-01
4.355619847774505615e-01
9.144062995910644531e-01
8.572559952735900879e-01
2.873659431934356689e-01
2.952677309513092041e-01
2.285929918289184570e-01
3.395259380340576172e-01
2.625721096992492676e-01
8.337846398353576660e-01
9.080066680908203125e-01
3.018807172775268555e-01
3.125199973583221436e-01
2.525742352008819580e-01
2.836076915264129639e-01
2.476197928190231323e-01
2.472326159477233887e-01
1.063316226005554199e+00
3.761915862560272217e-01
3.352548182010650635e-01
2.936992645263671875e-01
2.819606065750122070e-01
3.334214985370635986e-01
2.736115455627441406e-01
3.241312801837921143e-01
2.912369668483734131e-01
3.791539967060089111e-01
3.796933591365814209e-01
4.200015068054199219e-01
2.466665655374526978e-01
4.970072805881500244e-01
4.976474940776824951e-01
2.477563768625259399e-01
