2.522738575935363770e-01
2.741919457912445068e-01
2.316108644008636475e-01
4.064392447471618652e-01
1.751391887664794922e-01
4.005093872547149658e-01
3.481903076171875000e-01
2.610879838466644287e-01
2.695404291152954102e-01
3.038807511329650879e-01
2.495425343513488770e-01
2.907499969005584717e-01
2.592038512229919434e-01
4.447191953659057617e-01
2.939320802688598633e-01
2.298099547624588013e-01
3.720731139183044434e-01
2.797161638736724854e-01
3.396396040916442871e-01
2.546977996826171875e-01
2.890169918537139893e-01
5.939798355102539062e-01
2.500469982624053955e-01
2.473764717578887939e-01
6.690945625305175781e-01
2.623154819011688232e-01
3.310255110263824463e-01
3.528532683849334717e-01
2.501819133758544922e-01
3.340896666049957275e-01
7.173162698745727539e-01
7.080104947090148926e-01
3.264259397983551025e-01
2.747192978858947754e-01
2.600513994693756104e-01
3.112595677375793457e-01
2.561218142509460449e-01
3.538154661655426025e-01
3.256735801696777344e-01
2.819375395774841309e-01
3.529365062713623047e-01
4.809291064739227295e-01
2.226820588111877441e-01
2.262445092201232910e-01
3.004770874977111816e-01
6.075814366340637207e-01
6.035168766975402832e-01
3.524332046508789062e-01
4.742917418479919434e-01
2.608451247215270996e-01
2.893078327178955078e-01
3.134975731372833252e-01
2.841619253158569336e-01
2.966528832912445068e-01
2.332836985588073730e-01
3.145127594470977783e-01
3.047533035278320312e-01
2.607120275497436523e-01
2.867813706398010254e-01
3.061282932758331299e-01
2.800860702991485596e-01
2.977613508701324463e-01
2.172886431217193604e-01
2.961177527904510498e-01
2.937519550323486328e-01
4.211442172527313232e-01
4.203316867351531982e-01
2.868588268756866455e-01
3.162440061569213867e-01
3.295359313488006592e-01
2.964997291564941406e-01
2.301013469696044922e-01
7.538191676139831543e-01
2.328738272190093994e-01
3.336754143238067627e-01
2.844980657100677490e-01
2.238160669803619385e-01
2.426251471042633057e-01
2.426062226295471191e-01
4.402262568473815918e-01
4.422571361064910889e-01
2.936805188655853271e-01
3.411794900894165039e-01
3.643227815628051758e-01
2.786729335784912109e-01
4.021908044815063477e-01
2.782093882560729980e-01
2.778644263744354248e-01
2.549824118614196777e-01
2.883539199829101562e-01
2.500569224357604980e-01
2.480700910091400146e-01
3.976321816444396973e-01
2.647019624710083008e-01
2.724956274032592773e-01
3.038387894630432129e-01
2.958511412143707275e-01
2.261479645967483521e-01
2.939118444919586182e-01
3.724102973937988281e-01
3.019125461578369141e-01
3.713324964046478271e-01
3.664126992225646973e-01
3.713324964046478271e-01
3.664126992225646973e-01
2.493494898080825806e-01
2.661122679710388184e-01
3.186802566051483154e-01
3.141079843044281006e-01
2.972400486469268799e-01
2.212984412908554077e-01
3.197615146636962891e-01
1.749835759401321411e-01
3.744912743568420410e-01
2.790156304836273193e-01
3.750160038471221924e-01
2.464852631092071533e-01
3.811304867267608643e-01
3.663992285728454590e-01
5.544098019599914551e-01
5.343796610832214355e-01
2.967557311058044434e-01
2.335650771856307983e-01
3.790560960769653320e-01
2.762244939804077148e-01
4.962300360202789307e-01
5.249943733215332031e-01
2.779551446437835693e-01
4.799310564994812012e-01
3.116338849067687988e-01
4.044917523860931396e-01
4.003615975379943848e-01
3.872630894184112549e-01
4.602544903755187988e-01
4.526425600051879883e-01
4.584874212741851807e-01
2.917104959487915039e-01
2.572489380836486816e-01
2.726679444313049316e-01
3.052138686180114746e-01
2.973985373973846436e-01
2.184543013572692871e-01
4.955896139144897461e-01
2.638019919395446777e-01
3.856705129146575928e-01
3.504196107387542725e-01
3.200773894786834717e-01
2.860854566097259521e-01
2.657462656497955322e-01
2.512394189834594727e-01
2.879366874694824219e-01
3.522919714450836182e-01
3.860663771629333496e-01
4.544251859188079834e-01
3.188388645648956299e-01
1.739819049835205078e-01
8.699631690979003906e-01
2.506718635559082031e-01
3.078398704528808594e-01
3.121000230312347412e-01
3.022246360778808594e-01
3.901732265949249268e-01
3.882828056812286377e-01
3.879002630710601807e-01
2.290908247232437134e-01
2.783498466014862061e-01
4.483880698680877686e-01
4.470578432083129883e-01
4.419575035572052002e-01
2.650150954723358154e-01
2.665254473686218262e-01
2.645027637481689453e-01
4.652442634105682373e-01
4.663074016571044922e-01
4.633105993270874023e-01
2.630368769168853760e-01
6.203652620315551758e-01
2.379319965839385986e-01
2.917107939720153809e-01
2.828221619129180908e-01
2.679731249809265137e-01
2.606935799121856689e-01
1.001527309417724609e+00
9.560493826866149902e-01
3.496515452861785889e-01
3.586479425430297852e-01
2.554831802845001221e-01
2.880937755107879639e-01
2.483971118927001953e-01
2.474229633808135986e-01
9.408069849014282227e-01
4.125951826572418213e-01
3.982441723346710205e-01
2.928513288497924805e-01
3.049124479293823242e-01
3.093902170658111572e-01
3.574423789978027344e-01
3.042807281017303467e-01
3.106459081172943115e-01
3.251907825469970703e-01
3.937824070453643799e-01
3.788441121578216553e-01
2.484669685363769531e-01
4.963433444499969482e-01
4.966505765914916992e-01
2.482520341873168945e-01
