2.699570059776306152e-01
2.900890707969665527e-01
2.259615361690521240e-01
3.919305205345153809e-01
1.756354272365570068e-01
3.363021612167358398e-01
3.396515250205993652e-01
2.604587078094482422e-01
3.092176318168640137e-01
3.020629286766052246e-01
2.507690489292144775e-01
2.633898854255676270e-01
2.523772716522216797e-01
5.037761926651000977e-01
2.912212610244750977e-01
2.514632940292358398e-01
2.861674427986145020e-01
3.888436555862426758e-01
2.435277998447418213e-01
2.552902400493621826e-01
2.894716858863830566e-01
6.587374210357666016e-01
2.489293217658996582e-01
2.527891397476196289e-01
7.114611864089965820e-01
2.445109486579895020e-01
3.794475197792053223e-01
3.745704889297485352e-01
2.510449886322021484e-01
4.559100866317749023e-01
8.665853142738342285e-01
9.277150630950927734e-01
2.807970046997070312e-01
2.863144874572753906e-01
2.757339179515838623e-01
3.126286864280700684e-01
2.778933048248291016e-01
3.620845675468444824e-01
2.127653062343597412e-01
2.998669147491455078e-01
3.053909540176391602e-01
5.621192455291748047e-01
2.122926563024520874e-01
2.135889828205108643e-01
2.836153507232666016e-01
7.173113822937011719e-01
6.528890728950500488e-01
3.847000002861022949e-01
4.788169264793395996e-01
2.575072944164276123e-01
3.064440786838531494e-01
3.115684390068054199e-01
2.453662902116775513e-01
2.959965467453002930e-01
2.380411326885223389e-01
2.928597331047058105e-01
2.778468728065490723e-01
2.728877663612365723e-01
2.727720141410827637e-01
2.935045659542083740e-01
2.797142863273620605e-01
2.990084886550903320e-01
2.158478051424026489e-01
2.988690137863159180e-01
3.282033205032348633e-01
4.394497871398925781e-01
4.008314013481140137e-01
3.049065768718719482e-01
3.142167031764984131e-01
3.861158490180969238e-01
2.955548167228698730e-01
2.185188829898834229e-01
6.397241353988647461e-01
2.340883314609527588e-01
3.360710740089416504e-01
2.815823554992675781e-01
2.231514453887939453e-01
2.425414919853210449e-01
2.441557943820953369e-01
4.387366771697998047e-01
4.432612657546997070e-01
2.920061945915222168e-01
3.372039496898651123e-01
3.710540533065795898e-01
2.508312761783599854e-01
4.181180000305175781e-01
2.891843616962432861e-01
2.734669148921966553e-01
2.565361857414245605e-01
2.889339327812194824e-01
2.487850040197372437e-01
2.509385943412780762e-01
3.433387279510498047e-01
2.778368890285491943e-01
2.385669350624084473e-01
3.468554317951202393e-01
2.956955432891845703e-01
2.203978300094604492e-01
3.152260184288024902e-01
3.425515890121459961e-01
3.388124108314514160e-01
3.459791243076324463e-01
2.805113196372985840e-01
3.459791243076324463e-01
2.805113196372985840e-01
2.326663136482238770e-01
2.780128419399261475e-01
2.985402345657348633e-01
2.702702581882476807e-01
2.963449060916900635e-01
2.227145135402679443e-01
3.115538954734802246e-01
1.762468069791793823e-01
3.740194141864776611e-01
2.733085453510284424e-01
4.353940486907958984e-01
3.006390929222106934e-01
3.053513765335083008e-01
3.148908615112304688e-01
5.973716974258422852e-01
5.314877033233642578e-01
2.983416020870208740e-01
2.247239947319030762e-01
2.906711697578430176e-01
4.068905115127563477e-01
4.166362285614013672e-01
6.138550043106079102e-01
3.932973742485046387e-01
5.022375583648681641e-01
2.915127575397491455e-01
4.632176458835601807e-01
4.983875453472137451e-01
4.809898436069488525e-01
3.096922039985656738e-01
3.903561830520629883e-01
3.639601469039916992e-01
2.776760458946228027e-01
2.774000763893127441e-01
2.777085602283477783e-01
2.836574316024780273e-01
2.941367626190185547e-01
2.521366477012634277e-01
8.201056718826293945e-01
2.474369108676910400e-01
7.645832300186157227e-01
3.213083744049072266e-01
3.537132740020751953e-01
3.132262229919433594e-01
2.583475112915039062e-01
2.483596205711364746e-01
2.681635916233062744e-01
6.498304605484008789e-01
4.100418090820312500e-01
6.825471520423889160e-01
3.886538743972778320e-01
1.737659871578216553e-01
9.113593697547912598e-01
2.391567528247833252e-01
2.625787854194641113e-01
3.171120584011077881e-01
3.522661924362182617e-01
4.052620232105255127e-01
3.756648004055023193e-01
3.987446725368499756e-01
2.389499694108963013e-01
2.526114583015441895e-01
4.249404966831207275e-01
4.919808506965637207e-01
4.815469980239868164e-01
2.670680284500122070e-01
2.798769772052764893e-01
2.470876872539520264e-01
4.625254869461059570e-01
4.338689744472503662e-01
4.108761548995971680e-01
5.879316329956054688e-01
7.778609991073608398e-01
2.567282021045684814e-01
2.817890644073486328e-01
2.166289091110229492e-01
2.625707387924194336e-01
2.354660332202911377e-01
1.128751516342163086e+00
1.144386053085327148e+00
3.687537014484405518e-01
3.522195219993591309e-01
2.525883316993713379e-01
2.938598394393920898e-01
2.467340379953384399e-01
2.514840364456176758e-01
8.123468160629272461e-01
3.434753715991973877e-01
3.594154715538024902e-01
2.925209403038024902e-01
3.151391744613647461e-01
3.029663860797882080e-01
3.272838592529296875e-01
3.039969205856323242e-01
3.074175715446472168e-01
2.759739458560943604e-01
4.846428334712982178e-01
5.067409873008728027e-01
2.495778203010559082e-01
4.984607100486755371e-01
4.960702657699584961e-01
2.456717789173126221e-01
