2.580495178699493408e-01
2.639114260673522949e-01
2.339124977588653564e-01
4.184192121028900146e-01
1.735168099403381348e-01
3.739890754222869873e-01
2.681690156459808350e-01
2.373603433370590210e-01
3.124624788761138916e-01
3.048219680786132812e-01
2.465491443872451782e-01
2.488846182823181152e-01
3.044920861721038818e-01
4.690392315387725830e-01
2.961825132369995117e-01
2.456495910882949829e-01
3.162533044815063477e-01
3.490320444107055664e-01
3.541329205036163330e-01
2.478663623332977295e-01
2.968533635139465332e-01
6.968331933021545410e-01
2.490753233432769775e-01
2.489179521799087524e-01
7.880594730377197266e-01
2.447291761636734009e-01
3.826155662536621094e-01
3.818512856960296631e-01
2.483974397182464600e-01
3.827566802501678467e-01
9.991612434387207031e-01
1.103926181793212891e+00
3.784169256687164307e-01
2.715454995632171631e-01
2.336413711309432983e-01
2.931892275810241699e-01
2.564125955104827881e-01
3.877120018005371094e-01
2.387371361255645752e-01
2.488830089569091797e-01
4.005967676639556885e-01
4.996734261512756348e-01
2.351754009723663330e-01
2.111198306083679199e-01
3.807490170001983643e-01
2.769408524036407471e-01
4.210598766803741455e-01
3.724113702774047852e-01
4.452835023403167725e-01
2.496027052402496338e-01
3.046011328697204590e-01
3.120973408222198486e-01
2.658838331699371338e-01
2.894814312458038330e-01
2.268897145986557007e-01
3.184091448783874512e-01
2.769202589988708496e-01
3.045411109924316406e-01
2.463775128126144409e-01
2.583368420600891113e-01
3.324966430664062500e-01
2.909027934074401855e-01
2.229289859533309937e-01
2.554760873317718506e-01
3.659985065460205078e-01
3.537775874137878418e-01
2.634342312812805176e-01
3.046283721923828125e-01
2.750940918922424316e-01
3.234152495861053467e-01
2.955626249313354492e-01
2.150710523128509521e-01
7.894885540008544922e-01
2.361176013946533203e-01
3.233048617839813232e-01
2.837761640548706055e-01
2.153424769639968872e-01
2.404713034629821777e-01
2.420342862606048584e-01
4.429032206535339355e-01
4.447370171546936035e-01
2.939627468585968018e-01
3.462558984756469727e-01
3.626945316791534424e-01
2.606218457221984863e-01
4.216150343418121338e-01
2.831871509552001953e-01
2.614023089408874512e-01
2.555866241455078125e-01
2.927410304546356201e-01
2.507467865943908691e-01
2.422701865434646606e-01
3.362512886524200439e-01
3.027969598770141602e-01
2.483111917972564697e-01
3.241330981254577637e-01
2.924611568450927734e-01
2.390683889389038086e-01
2.508901953697204590e-01
3.811754584312438965e-01
3.605445325374603271e-01
2.852461934089660645e-01
2.332571446895599365e-01
2.852461934089660645e-01
2.332571446895599365e-01
2.463233023881912231e-01
2.483528554439544678e-01
3.821361958980560303e-01
3.808765411376953125e-01
2.949235439300537109e-01
2.228344678878784180e-01
3.343776464462280273e-01
1.750275194644927979e-01
3.668829798698425293e-01
2.618184387683868408e-01
2.641336917877197266e-01
2.450468540191650391e-01
3.812144398689270020e-01
3.758944272994995117e-01
4.073210656642913818e-01
5.441751480102539062e-01
2.945364713668823242e-01
2.355092167854309082e-01
3.833346068859100342e-01
2.726076245307922363e-01
4.805845320224761963e-01
6.058570742607116699e-01
2.420036494731903076e-01
4.996932744979858398e-01
2.994853854179382324e-01
4.053302407264709473e-01
3.164124488830566406e-01
4.498647153377532959e-01
3.976219594478607178e-01
4.895630478858947754e-01
4.903256893157958984e-01
2.424828261137008667e-01
2.428322732448577881e-01
3.880228698253631592e-01
3.791210353374481201e-01
2.926308810710906982e-01
2.184697389602661133e-01
2.631148099899291992e-01
3.646112978458404541e-01
4.325639903545379639e-01
2.780403196811676025e-01
3.071920275688171387e-01
2.626737654209136963e-01
2.856592833995819092e-01
2.430343031883239746e-01
3.023767173290252686e-01
4.773252904415130615e-01
2.266620695590972900e-01
3.322919309139251709e-01
3.164420425891876221e-01
1.739177107810974121e-01
3.657698631286621094e-01
3.053764104843139648e-01
3.193151056766510010e-01
2.643281817436218262e-01
3.764485418796539307e-01
2.611506581306457520e-01
3.165430426597595215e-01
3.747366666793823242e-01
2.354027330875396729e-01
3.969004154205322266e-01
2.598710656166076660e-01
2.613591551780700684e-01
3.913554847240447998e-01
3.089149594306945801e-01
2.395549714565277100e-01
2.462485134601593018e-01
4.431429505348205566e-01
5.107741355895996094e-01
5.151146650314331055e-01
4.098899066448211670e-01
3.693737387657165527e-01
2.233573049306869507e-01
2.807540297508239746e-01
1.988911032676696777e-01
2.609981000423431396e-01
3.434261381626129150e-01
3.442642986774444580e-01
4.308802485466003418e-01
3.743509054183959961e-01
2.761844098567962646e-01
2.591497302055358887e-01
2.824755012989044189e-01
2.450375705957412720e-01
2.479966580867767334e-01
1.012089371681213379e+00
2.519936561584472656e-01
4.549493789672851562e-01
2.234999984502792358e-01
3.753615617752075195e-01
2.426888644695281982e-01
3.464163839817047119e-01
2.763242125511169434e-01
3.473386168479919434e-01
3.843262195587158203e-01
3.378587365150451660e-01
4.099066555500030518e-01
2.478039562702178955e-01
4.963004589080810547e-01
4.968142509460449219e-01
2.456291019916534424e-01
