2.552901208400726318e-01
2.748356163501739502e-01
2.317676693201065063e-01
4.027999341487884521e-01
1.747325956821441650e-01
3.934233188629150391e-01
3.528762459754943848e-01
2.706711292266845703e-01
2.642996907234191895e-01
3.048078119754791260e-01
2.470441460609436035e-01
2.932206392288208008e-01
2.528596222400665283e-01
4.427765905857086182e-01
2.929478585720062256e-01
2.302735149860382080e-01
3.712999224662780762e-01
2.795968949794769287e-01
3.426392972469329834e-01
2.556506991386413574e-01
2.872451245784759521e-01
5.864421725273132324e-01
2.512619495391845703e-01
2.467383444309234619e-01
6.648775935173034668e-01
2.698982357978820801e-01
3.430013656616210938e-01
3.762691020965576172e-01
2.556553184986114502e-01
3.196498751640319824e-01
8.197748661041259766e-01
8.055163621902465820e-01
3.471437394618988037e-01
2.672743201255798340e-01
2.439217716455459595e-01
2.817303836345672607e-01
2.587665021419525146e-01
3.442887961864471436e-01
3.052525818347930908e-01
2.629697024822235107e-01
3.776068389415740967e-01
4.755404293537139893e-01
2.207761555910110474e-01
2.254793643951416016e-01
3.460723161697387695e-01
5.304534435272216797e-01
4.059169292449951172e-01
3.536428511142730713e-01
4.659545421600341797e-01
2.529917955398559570e-01
2.958098351955413818e-01
3.221517801284790039e-01
2.730070054531097412e-01
2.958301305770874023e-01
2.307098656892776489e-01
3.171625137329101562e-01
2.890253961086273193e-01
2.576785981655120850e-01
2.841660976409912109e-01
3.028050959110260010e-01
2.762764990329742432e-01
2.957463562488555908e-01
2.175560146570205688e-01
2.785074710845947266e-01
2.842496037483215332e-01
4.158978462219238281e-01
4.073904752731323242e-01
2.712624073028564453e-01
3.231276571750640869e-01
3.213983476161956787e-01
2.950466573238372803e-01
2.223003655672073364e-01
7.346367239952087402e-01
2.326224446296691895e-01
3.319669067859649658e-01
2.851977944374084473e-01
2.226665616035461426e-01
2.472565621137619019e-01
2.440821379423141479e-01
4.224934875965118408e-01
4.498839974403381348e-01
2.974202036857604980e-01
3.285813629627227783e-01
3.609342575073242188e-01
3.555756211280822754e-01
2.990610897541046143e-01
3.026392757892608643e-01
4.290150403976440430e-01
2.559560835361480713e-01
2.869567573070526123e-01
2.502765059471130371e-01
2.480478882789611816e-01
6.746641397476196289e-01
2.872315049171447754e-01
2.512366473674774170e-01
3.317786157131195068e-01
2.968345284461975098e-01
2.364679872989654541e-01
2.857820987701416016e-01
3.493473529815673828e-01
3.522565364837646484e-01
3.019054234027862549e-01
2.983472049236297607e-01
3.019054234027862549e-01
2.983472049236297607e-01
2.425141781568527222e-01
2.542273402214050293e-01
2.827509343624114990e-01
3.372124135494232178e-01
2.967099845409393311e-01
2.202866226434707642e-01
3.604941666126251221e-01
1.750103235244750977e-01
3.748276233673095703e-01
2.801665663719177246e-01
3.621990680694580078e-01
2.654563486576080322e-01
3.555758297443389893e-01
3.543474972248077393e-01
6.596701741218566895e-01
6.372008919715881348e-01
2.967847287654876709e-01
2.299918234348297119e-01
3.338007330894470215e-01
3.370997309684753418e-01
5.006316900253295898e-01
5.185581445693969727e-01
3.236843347549438477e-01
4.708510339260101318e-01
3.598589897155761719e-01
4.057836234569549561e-01
3.965018093585968018e-01
4.275013208389282227e-01
4.248447120189666748e-01
4.137621819972991943e-01
4.215552210807800293e-01
2.652894258499145508e-01
2.855141460895538330e-01
2.977342009544372559e-01
2.750915586948394775e-01
2.947448492050170898e-01
2.182961851358413696e-01
4.899627268314361572e-01
2.693361639976501465e-01
4.993164837360382080e-01
2.894237041473388672e-01
3.311620652675628662e-01
3.244978785514831543e-01
2.710759937763214111e-01
2.550366222858428955e-01
2.652322649955749512e-01
3.909597992897033691e-01
4.164580106735229492e-01
3.582190871238708496e-01
3.935345411300659180e-01
1.748240441083908081e-01
8.665355443954467773e-01
2.480302900075912476e-01
3.066859841346740723e-01
3.115439713001251221e-01
3.026097416877746582e-01
3.998525738716125488e-01
3.960572481155395508e-01
3.856933712959289551e-01
2.280192673206329346e-01
2.755778729915618896e-01
4.594222903251647949e-01
4.573900401592254639e-01
4.527368545532226562e-01
2.542130053043365479e-01
2.741786539554595947e-01
2.679378688335418701e-01
4.606980681419372559e-01
4.841566681861877441e-01
4.551220238208770752e-01
2.603897452354431152e-01
5.992681384086608887e-01
2.416875958442687988e-01
2.927473783493041992e-01
2.745085656642913818e-01
2.788266539573669434e-01
2.520832419395446777e-01
9.682822227478027344e-01
8.223966360092163086e-01
3.460727930068969727e-01
3.624683320522308350e-01
2.567573189735412598e-01
2.887810766696929932e-01
2.478047758340835571e-01
2.474020570516586304e-01
9.153508543968200684e-01
4.188793599605560303e-01
3.340096175670623779e-01
2.951810061931610107e-01
2.869034111499786377e-01
3.264812231063842773e-01
3.060419261455535889e-01
3.068618476390838623e-01
3.100893795490264893e-01
3.584097027778625488e-01
3.757132589817047119e-01
4.074342250823974609e-01
2.498760372400283813e-01
4.963094294071197510e-01
4.967292249202728271e-01
2.474942356348037720e-01
