2.511707544326782227e-01
2.665236890316009521e-01
2.327680438756942749e-01
4.196903109550476074e-01
1.748738586902618408e-01
4.058915078639984131e-01
3.669908642768859863e-01
2.835645079612731934e-01
2.543210387229919434e-01
3.046787977218627930e-01
2.444552332162857056e-01
3.025515973567962646e-01
2.513025104999542236e-01
4.523734748363494873e-01
2.957088351249694824e-01
2.353416979312896729e-01
3.686675429344177246e-01
2.849558591842651367e-01
3.459223806858062744e-01
2.546857595443725586e-01
2.871442437171936035e-01
1.180736064910888672e+00
2.495322078466415405e-01
2.481508851051330566e-01
6.308109760284423828e-01
2.448228001594543457e-01
3.715559840202331543e-01
3.601081967353820801e-01
2.484874129295349121e-01
3.734987378120422363e-01
5.547549724578857422e-01
5.871118903160095215e-01
2.782214581966400146e-01
2.854726016521453857e-01
2.878012359142303467e-01
3.477922677993774414e-01
2.613550722599029541e-01
3.771833181381225586e-01
3.061324357986450195e-01
2.615958452224731445e-01
3.857109248638153076e-01
4.844894707202911377e-01
2.258314192295074463e-01
2.262314707040786743e-01
3.466060161590576172e-01
4.302303493022918701e-01
4.494013488292694092e-01
3.446205854415893555e-01
4.671719968318939209e-01
2.690927684307098389e-01
2.817981541156768799e-01
3.009190857410430908e-01
2.880464792251586914e-01
2.953183650970458984e-01
2.330616861581802368e-01
3.104469478130340576e-01
3.212358653545379639e-01
2.770717740058898926e-01
2.706865668296813965e-01
2.879112660884857178e-01
2.913928329944610596e-01
2.974762022495269775e-01
2.151749581098556519e-01
2.811183929443359375e-01
3.238578736782073975e-01
4.009577333927154541e-01
3.662266433238983154e-01
2.872861325740814209e-01
2.983869612216949463e-01
3.248066902160644531e-01
2.963334321975708008e-01
2.271297127008438110e-01
7.242791056632995605e-01
2.321050018072128296e-01
3.300277292728424072e-01
2.854050397872924805e-01
2.212181091308593750e-01
2.428114265203475952e-01
2.431409209966659546e-01
4.327033758163452148e-01
4.460159838199615479e-01
2.956242561340332031e-01
3.346086442470550537e-01
3.648847937583923340e-01
3.284176290035247803e-01
3.352249264717102051e-01
2.883876264095306396e-01
3.697667717933654785e-01
2.561133205890655518e-01
2.878758311271667480e-01
2.493343204259872437e-01
2.483710199594497681e-01
5.669991374015808105e-01
2.903580367565155029e-01
2.554666996002197266e-01
3.168537318706512451e-01
2.964760065078735352e-01
2.357274740934371948e-01
2.718439698219299316e-01
3.611829280853271484e-01
3.507896661758422852e-01
2.910183370113372803e-01
3.021300435066223145e-01
2.910183370113372803e-01
3.021300435066223145e-01
2.434439957141876221e-01
2.504122853279113770e-01
3.339607119560241699e-01
3.456279337406158447e-01
2.957683503627777100e-01
2.228164672851562500e-01
3.451833426952362061e-01
1.748447269201278687e-01
3.764312565326690674e-01
2.878546118736267090e-01
3.358217179775238037e-01
2.502429783344268799e-01
3.714543282985687256e-01
3.532407581806182861e-01
5.358986854553222656e-01
5.783067941665649414e-01
2.969521284103393555e-01
2.365058362483978271e-01
3.636732995510101318e-01
2.979796528816223145e-01
4.947668910026550293e-01
5.100231766700744629e-01
3.065292835235595703e-01
4.605033993721008301e-01
3.331432640552520752e-01
4.023813009262084961e-01
3.764469623565673828e-01
3.863801360130310059e-01
4.406200945377349854e-01
4.556542038917541504e-01
4.509358108043670654e-01
2.736109495162963867e-01
2.584172189235687256e-01
3.052219152450561523e-01
3.175950944423675537e-01
2.972171902656555176e-01
2.204745411872863770e-01
4.687075614929199219e-01
3.010141253471374512e-01
4.300633668899536133e-01
3.290902972221374512e-01
3.043537735939025879e-01
2.854668498039245605e-01
2.616582214832305908e-01
2.636271119117736816e-01
2.849906086921691895e-01
4.448798298835754395e-01
3.595648109912872314e-01
4.892146587371826172e-01
3.382719755172729492e-01
1.739906817674636841e-01
8.598783016204833984e-01
2.521973550319671631e-01
3.165217339992523193e-01
3.252562880516052246e-01
2.913009524345397949e-01
3.870487809181213379e-01
3.887144029140472412e-01
3.779324889183044434e-01
2.322103530168533325e-01
2.900388538837432861e-01
4.608314931392669678e-01
4.510867595672607422e-01
4.274664223194122314e-01
2.650542557239532471e-01
2.629311680793762207e-01
2.693359255790710449e-01
4.664863049983978271e-01
4.620413482189178467e-01
4.617445468902587891e-01
2.648691236972808838e-01
6.383826732635498047e-01
3.001365661621093750e-01
2.880976796150207520e-01
2.236793488264083862e-01
2.803695797920227051e-01
2.582300901412963867e-01
1.132516145706176758e+00
1.050451874732971191e+00
3.697895109653472900e-01
2.472052872180938721e-01
2.559692263603210449e-01
2.890399098396301270e-01
2.467923462390899658e-01
2.484034299850463867e-01
8.997071981430053711e-01
3.685681521892547607e-01
3.346436023712158203e-01
2.941952943801879883e-01
3.208302557468414307e-01
2.992537915706634521e-01
3.291509151458740234e-01
2.924880981445312500e-01
3.233220875263214111e-01
2.845956981182098389e-01
4.972781836986541748e-01
5.048290491104125977e-01
2.487171739339828491e-01
4.960666596889495850e-01
4.968976378440856934e-01
2.475813627243041992e-01
