2.991946041584014893e-01
2.880185544490814209e-01
2.348716109991073608e-01
3.981201648712158203e-01
1.762787848711013794e-01
2.809326946735382080e-01
3.667177855968475342e-01
2.736421227455139160e-01
2.440282702445983887e-01
3.049226701259613037e-01
2.595734596252441406e-01
3.032424747943878174e-01
2.495068311691284180e-01
4.242318868637084961e-01
2.918139398097991943e-01
2.264760732650756836e-01
2.714700400829315186e-01
4.043819606304168701e-01
3.551037311553955078e-01
2.570213973522186279e-01
2.938470244407653809e-01
7.369825243949890137e-01
2.485700100660324097e-01
2.489076256752014160e-01
5.969069600105285645e-01
2.594349384307861328e-01
3.046435117721557617e-01
2.487476021051406860e-01
3.361363708972930908e-01
3.326396942138671875e-01
1.028421163558959961e+00
1.131659030914306641e+00
3.051532208919525146e-01
2.659742832183837891e-01
2.537585198879241943e-01
2.766905725002288818e-01
3.054811656475067139e-01
2.557308971881866455e-01
4.577028751373291016e-01
2.485535591840744019e-01
3.980980217456817627e-01
5.261306166648864746e-01
2.226058095693588257e-01
2.313565462827682495e-01
3.788377046585083008e-01
9.729837775230407715e-01
9.401848912239074707e-01
3.480312526226043701e-01
4.689108431339263916e-01
2.538870573043823242e-01
3.083881437778472900e-01
3.427551984786987305e-01
2.681601345539093018e-01
2.964393198490142822e-01
2.271604984998703003e-01
3.188053667545318604e-01
2.759936153888702393e-01
3.052710592746734619e-01
2.494014352560043335e-01
2.587417662143707275e-01
3.078299760818481445e-01
2.954308688640594482e-01
2.146718353033065796e-01
2.507377564907073975e-01
3.640394508838653564e-01
3.860487937927246094e-01
2.736991941928863525e-01
2.603954374790191650e-01
3.760854303836822510e-01
2.855527400970458984e-01
2.921344041824340820e-01
2.446751594543457031e-01
9.399867057800292969e-01
2.276647686958312988e-01
3.202555477619171143e-01
2.846978902816772461e-01
2.156762629747390747e-01
2.457162290811538696e-01
2.420955449342727661e-01
4.416054189205169678e-01
4.338984787464141846e-01
2.980607151985168457e-01
3.504405021667480469e-01
3.832896947860717773e-01
3.668113648891448975e-01
2.716230452060699463e-01
3.142611682415008545e-01
4.384551346302032471e-01
2.583473920822143555e-01
2.942448854446411133e-01
2.476945668458938599e-01
2.454971522092819214e-01
7.261251807212829590e-01
2.347209304571151733e-01
2.480846494436264038e-01
3.750553429126739502e-01
2.939830422401428223e-01
3.278960287570953369e-01
3.943114280700683594e-01
4.414694607257843018e-01
3.171994388103485107e-01
4.422543346881866455e-01
3.588544130325317383e-01
4.422543346881866455e-01
3.588544130325317383e-01
2.041198164224624634e-01
2.481223940849304199e-01
3.636228144168853760e-01
2.508262693881988525e-01
2.895200550556182861e-01
2.363713979721069336e-01
3.622280657291412354e-01
1.782892197370529175e-01
2.248581647872924805e-01
3.507280647754669189e-01
3.998299539089202881e-01
3.011494576930999756e-01
2.509204745292663574e-01
2.898368835449218750e-01
6.524178385734558105e-01
6.692926883697509766e-01
2.996836006641387939e-01
2.150842696428298950e-01
2.653007805347442627e-01
4.237940311431884766e-01
5.514846444129943848e-01
6.318152546882629395e-01
4.323350489139556885e-01
4.061431884765625000e-01
3.345419466495513916e-01
4.647381007671356201e-01
4.484772384166717529e-01
4.785117805004119873e-01
3.988800942897796631e-01
3.067093491554260254e-01
3.325545489788055420e-01
3.013095855712890625e-01
2.622570693492889404e-01
2.605563700199127197e-01
2.853508889675140381e-01
2.954292595386505127e-01
2.309514284133911133e-01
1.320194363594055176e+00
2.523132860660552979e-01
1.369647502899169922e+00
3.660905361175537109e-01
3.093300461769104004e-01
2.633550465106964111e-01
2.784037292003631592e-01
2.465460300445556641e-01
3.076041638851165771e-01
1.584212660789489746e+00
4.323194921016693115e-01
1.548344731330871582e+00
3.384070098400115967e-01
1.736024469137191772e-01
1.221377015113830566e+00
3.056940734386444092e-01
3.851712644100189209e-01
3.139804005622863770e-01
2.729454636573791504e-01
2.641152143478393555e-01
3.179456293582916260e-01
3.723352849483489990e-01
2.117839306592941284e-01
3.957199752330780029e-01
4.167018830776214600e-01
2.724126875400543213e-01
3.000479638576507568e-01
3.105959296226501465e-01
2.442484349012374878e-01
2.497291713953018188e-01
4.321675598621368408e-01
4.996223747730255127e-01
5.090901255607604980e-01
8.175342679023742676e-01
1.011870503425598145e+00
2.994193434715270996e-01
2.951369285583496094e-01
2.667414247989654541e-01
3.685654401779174805e-01
3.097301423549652100e-01
7.135174870491027832e-01
9.035272598266601562e-01
2.599182426929473877e-01
2.975684106349945068e-01
2.543917000293731689e-01
2.914198935031890869e-01
2.424971610307693481e-01
2.502353787422180176e-01
7.714629173278808594e-01
2.745558321475982666e-01
4.288276135921478271e-01
2.948079407215118408e-01
3.785742223262786865e-01
2.382143288850784302e-01
2.658963799476623535e-01
2.621799111366271973e-01
3.555234670639038086e-01
3.722825348377227783e-01
4.632187187671661377e-01
2.940280139446258545e-01
2.448925524950027466e-01
4.942672550678253174e-01
4.960222244262695312e-01
2.482628375291824341e-01
