2.398512363433837891e-01
3.323495090007781982e-01
2.336153686046600342e-01
3.310402333736419678e-01
1.767838597297668457e-01
3.953244388103485107e-01
2.945928573608398438e-01
2.827513515949249268e-01
3.203415274620056152e-01
2.943154573440551758e-01
2.396696954965591431e-01
2.540317773818969727e-01
2.859733700752258301e-01
4.826115965843200684e-01
2.895379662513732910e-01
2.259124368429183960e-01
2.782779633998870850e-01
4.118556976318359375e-01
2.402752041816711426e-01
2.555969357490539551e-01
2.894980609416961670e-01
8.643625378608703613e-01
2.492191493511199951e-01
2.461914122104644775e-01
6.979486942291259766e-01
2.779714167118072510e-01
3.034169673919677734e-01
3.335622251033782959e-01
3.335947692394256592e-01
4.251016974449157715e-01
9.278835058212280273e-01
9.292835593223571777e-01
3.251772522926330566e-01
2.624399662017822266e-01
2.565694749355316162e-01
3.058875799179077148e-01
2.555331289768218994e-01
3.277703225612640381e-01
3.840901255607604980e-01
2.579235434532165527e-01
3.936048448085784912e-01
4.507556855678558350e-01
2.282964885234832764e-01
2.167298197746276855e-01
3.571994900703430176e-01
4.207366704940795898e-01
2.705478072166442871e-01
3.436961472034454346e-01
4.434327483177185059e-01
2.468362897634506226e-01
3.025200068950653076e-01
3.319985866546630859e-01
2.706016898155212402e-01
2.983117103576660156e-01
2.295376658439636230e-01
3.098035156726837158e-01
2.705013155937194824e-01
2.771070003509521484e-01
2.788662314414978027e-01
2.816693782806396484e-01
2.758125662803649902e-01
2.939585149288177490e-01
2.130426466464996338e-01
2.570415437221527100e-01
3.135158419609069824e-01
4.200977087020874023e-01
3.659602701663970947e-01
3.039736151695251465e-01
3.301876485347747803e-01
3.868695795536041260e-01
2.976704835891723633e-01
2.564227879047393799e-01
9.074970483779907227e-01
2.420198321342468262e-01
3.370253443717956543e-01
2.836556732654571533e-01
2.311380505561828613e-01
2.409703433513641357e-01
2.490152716636657715e-01
4.441787600517272949e-01
4.399103820323944092e-01
2.941692471504211426e-01
3.459445238113403320e-01
3.676058948040008545e-01
2.639792859554290771e-01
4.210121631622314453e-01
2.758646011352539062e-01
2.558046579360961914e-01
2.543241381645202637e-01
2.879784107208251953e-01
2.480774819850921631e-01
2.429947704076766968e-01
3.850672245025634766e-01
2.539883852005004883e-01
2.415398359298706055e-01
3.678928017616271973e-01
2.977880239486694336e-01
2.306419610977172852e-01
3.527237176895141602e-01
2.864721417427062988e-01
3.184770345687866211e-01
3.638342022895812988e-01
3.087527453899383545e-01
3.638342022895812988e-01
3.087527453899383545e-01
2.493249028921127319e-01
2.459947913885116577e-01
2.540579438209533691e-01
3.203398585319519043e-01
2.959283590316772461e-01
2.273305952548980713e-01
3.723371922969818115e-01
1.748590767383575439e-01
3.891770839691162109e-01
3.173399567604064941e-01
3.871561288833618164e-01
2.570995986461639404e-01
3.693090081214904785e-01
3.359858095645904541e-01
6.686606407165527344e-01
6.426686048507690430e-01
2.948616743087768555e-01
2.331750243902206421e-01
3.246199190616607666e-01
3.835582435131072998e-01
5.333151221275329590e-01
3.642209768295288086e-01
4.305456280708312988e-01
4.416319727897644043e-01
4.318280816078186035e-01
3.815590739250183105e-01
3.385733366012573242e-01
3.614360392093658447e-01
4.528318047523498535e-01
4.644962549209594727e-01
4.193786382675170898e-01
2.532777190208435059e-01
2.936256825923919678e-01
3.103991746902465820e-01
2.715098559856414795e-01
2.915139794349670410e-01
2.150637954473495483e-01
1.045272111892700195e+00
2.628815472126007080e-01
1.008185386657714844e+00
2.651364505290985107e-01
3.112356066703796387e-01
2.714490890502929688e-01
2.967345118522644043e-01
2.491398602724075317e-01
2.939890027046203613e-01
9.285557866096496582e-01
4.313942790031433105e-01
8.864367604255676270e-01
4.226502478122711182e-01
1.741130053997039795e-01
7.904056310653686523e-01
2.415536046028137207e-01
3.009902834892272949e-01
3.432211875915527344e-01
2.893682718276977539e-01
3.985225260257720947e-01
3.989120423793792725e-01
3.905348777770996094e-01
3.362240195274353027e-01
4.146390259265899658e-01
4.977807402610778809e-01
5.326801538467407227e-01
5.213205814361572266e-01
2.571114897727966309e-01
2.645893692970275879e-01
2.723873257637023926e-01
3.736576735973358154e-01
3.934165239334106445e-01
3.608860671520233154e-01
9.569830298423767090e-01
6.810456514358520508e-01
3.026458621025085449e-01
2.964013218879699707e-01
2.493800371885299683e-01
3.017323017120361328e-01
3.064946532249450684e-01
5.644742250442504883e-01
3.744165897369384766e-01
3.901194930076599121e-01
2.912159860134124756e-01
2.537299990653991699e-01
2.884304523468017578e-01
2.455660700798034668e-01
2.510196268558502197e-01
8.782715201377868652e-01
3.922964334487915039e-01
3.279535174369812012e-01
2.726188302040100098e-01
3.351955115795135498e-01
2.844669818878173828e-01
2.645268142223358154e-01
2.627848386764526367e-01
3.507725000381469727e-01
2.777027487754821777e-01
4.388888478279113770e-01
4.417850971221923828e-01
2.488458752632141113e-01
4.978253841400146484e-01
4.957835078239440918e-01
2.480230033397674561e-01
