2.426464110612869263e-01
2.479403018951416016e-01
3.639474213123321533e-01
3.838562667369842529e-01
1.799028068780899048e-01
2.425338476896286011e-01
2.529722750186920166e-01
2.966537773609161377e-01
2.842419445514678955e-01
3.043794929981231689e-01
2.495772391557693481e-01
2.581406235694885254e-01
3.014850914478302002e-01
5.078746676445007324e-01
2.898199260234832764e-01
2.261740118265151978e-01
3.853808939456939697e-01
2.581270337104797363e-01
3.573106527328491211e-01
2.567132711410522461e-01
2.790993452072143555e-01
6.333332657814025879e-01
2.583630383014678955e-01
2.439661026000976562e-01
5.298929810523986816e-01
2.442560791969299316e-01
3.859275281429290771e-01
3.863327801227569580e-01
2.422297745943069458e-01
3.859989643096923828e-01
4.533610343933105469e-01
5.783984065055847168e-01
3.784955441951751709e-01
2.738380432128906250e-01
2.314629703760147095e-01
3.081755340099334717e-01
2.477943897247314453e-01
3.642687797546386719e-01
2.190737575292587280e-01
3.041267991065979004e-01
3.600195646286010742e-01
5.367512106895446777e-01
2.257392257452011108e-01
2.133416682481765747e-01
2.748267054557800293e-01
5.027218461036682129e-01
6.104144454002380371e-01
3.594622910022735596e-01
5.172745585441589355e-01
2.586129903793334961e-01
3.059399127960205078e-01
3.018843829631805420e-01
2.575774192810058594e-01
2.983102500438690186e-01
2.335541695356369019e-01
3.021844923496246338e-01
2.739241719245910645e-01
2.504197359085083008e-01
3.038506507873535156e-01
3.096596300601959229e-01
2.389209717512130737e-01
3.014383018016815186e-01
2.183915823698043823e-01
2.846997976303100586e-01
2.714705169200897217e-01
4.545270502567291260e-01
4.629589319229125977e-01
2.418740987777709961e-01
3.913073837757110596e-01
3.692620992660522461e-01
2.933975458145141602e-01
2.826733291149139404e-01
6.257833838462829590e-01
2.297147065401077271e-01
3.520012795925140381e-01
2.924160063266754150e-01
2.489593476057052612e-01
2.380958348512649536e-01
2.474178820848464966e-01
4.403431713581085205e-01
4.485148191452026367e-01
2.813804447650909424e-01
3.460614681243896484e-01
3.568494319915771484e-01
2.930952608585357666e-01
3.989790678024291992e-01
2.525779604911804199e-01
2.268253117799758911e-01
2.493864297866821289e-01
3.003943860530853271e-01
2.488789111375808716e-01
2.444272190332412720e-01
5.333198904991149902e-01
2.692030668258666992e-01
3.035543859004974365e-01
3.123140335083007812e-01
2.937159240245819092e-01
2.567775249481201172e-01
3.083566725254058838e-01
3.931433856487274170e-01
2.966103553771972656e-01
3.177539408206939697e-01
4.818465709686279297e-01
3.177539408206939697e-01
4.818465709686279297e-01
2.731163501739501953e-01
2.387370318174362183e-01
3.906560242176055908e-01
3.748666048049926758e-01
2.985573410987854004e-01
2.214318066835403442e-01
3.215816318988800049e-01
1.742262095212936401e-01
3.689637184143066406e-01
2.729847729206085205e-01
2.716404497623443604e-01
2.513220012187957764e-01
3.880945146083831787e-01
3.759332895278930664e-01
4.390597641468048096e-01
5.644692778587341309e-01
2.999539971351623535e-01
2.413833886384963989e-01
3.894990682601928711e-01
2.652958333492279053e-01
4.857751131057739258e-01
5.900289416313171387e-01
2.598102390766143799e-01
4.937184154987335205e-01
2.944926023483276367e-01
4.624306857585906982e-01
4.235087335109710693e-01
3.437715768814086914e-01
4.862283766269683838e-01
4.062982499599456787e-01
4.955061972141265869e-01
3.030090034008026123e-01
2.479612231254577637e-01
2.471366673707962036e-01
3.248462975025177002e-01
2.965228259563446045e-01
2.397337704896926880e-01
5.228111147880554199e-01
2.686221301555633545e-01
5.072293877601623535e-01
3.794764578342437744e-01
3.212919533252716064e-01
2.382198721170425415e-01
2.985500395298004150e-01
2.389312982559204102e-01
3.014791607856750488e-01
6.480376124382019043e-01
3.974309265613555908e-01
6.298106312751770020e-01
3.220243155956268311e-01
1.742542833089828491e-01
7.352978587150573730e-01
3.034194409847259521e-01
2.800576984882354736e-01
3.173347413539886475e-01
3.472072184085845947e-01
2.835461199283599854e-01
2.920566797256469727e-01
3.481687307357788086e-01
2.224945425987243652e-01
4.334442913532257080e-01
3.168397247791290283e-01
3.931939601898193359e-01
3.985557556152343750e-01
2.910713553428649902e-01
2.648905813694000244e-01
2.507278025150299072e-01
4.726642072200775146e-01
4.894441068172454834e-01
5.412575602531433105e-01
4.661672115325927734e-01
5.568110346794128418e-01
2.276306748390197754e-01
2.921326458454132080e-01
2.126892656087875366e-01
2.538315951824188232e-01
2.729481160640716553e-01
4.979203641414642334e-01
6.919386386871337891e-01
3.640171289443969727e-01
3.592604398727416992e-01
2.547345459461212158e-01
2.919199168682098389e-01
2.428156137466430664e-01
2.434534877538681030e-01
9.561586380004882812e-01
3.982715606689453125e-01
4.470127522945404053e-01
2.908428609371185303e-01
3.606922626495361328e-01
2.574881315231323242e-01
3.905661106109619141e-01
2.389239668846130371e-01
3.789238631725311279e-01
3.722630441188812256e-01
3.757139444351196289e-01
4.044900834560394287e-01
2.470958679914474487e-01
4.978749752044677734e-01
4.968203306198120117e-01
2.494350522756576538e-01
