2.481518238782882690e-01
2.729279696941375732e-01
2.426220923662185669e-01
4.003293514251708984e-01
1.757427006959915161e-01
3.919998407363891602e-01
3.115529119968414307e-01
2.843516469001770020e-01
2.774760425090789795e-01
3.056531250476837158e-01
2.506477236747741699e-01
2.757625877857208252e-01
2.694201767444610596e-01
4.381716251373291016e-01
2.977437973022460938e-01
2.296366244554519653e-01
3.736552894115447998e-01
2.737577259540557861e-01
3.325597345829010010e-01
2.567383348941802979e-01
2.857085466384887695e-01
8.577826619148254395e-01
2.482102513313293457e-01
2.469590455293655396e-01
6.514214873313903809e-01
2.442412376403808594e-01
3.825543820858001709e-01
3.727285563945770264e-01
2.527457773685455322e-01
3.707256019115447998e-01
6.286104917526245117e-01
3.795333206653594971e-01
2.754147052764892578e-01
2.855662703514099121e-01
2.954712808132171631e-01
3.675866127014160156e-01
2.495501786470413208e-01
3.924732506275177002e-01
2.890026271343231201e-01
2.501175105571746826e-01
3.931714296340942383e-01
4.766233861446380615e-01
2.253035455942153931e-01
2.150751799345016479e-01
3.699417114257812500e-01
3.978032171726226807e-01
2.831719815731048584e-01
3.395885527133941650e-01
4.467766582965850830e-01
2.941271960735321045e-01
2.675785124301910400e-01
2.634823024272918701e-01
2.993591129779815674e-01
2.976867854595184326e-01
2.370982170104980469e-01
2.765027880668640137e-01
3.587953150272369385e-01
2.680372893810272217e-01
2.850885391235351562e-01
2.864581942558288574e-01
2.690044641494750977e-01
2.962889373302459717e-01
2.163140326738357544e-01
2.656227648258209229e-01
2.940306365489959717e-01
4.321186840534210205e-01
4.021804034709930420e-01
2.478017807006835938e-01
3.488005399703979492e-01
3.054088354110717773e-01
2.938242256641387939e-01
2.254329919815063477e-01
7.755171656608581543e-01
2.330330461263656616e-01
3.274982869625091553e-01
2.851700484752655029e-01
2.262202948331832886e-01
2.342502921819686890e-01
2.446790486574172974e-01
4.464576244354248047e-01
4.349787235260009766e-01
2.942647933959960938e-01
3.310602009296417236e-01
3.656651973724365234e-01
2.685903608798980713e-01
4.161349236965179443e-01
2.784560620784759521e-01
2.549216449260711670e-01
2.556518614292144775e-01
2.889925539493560791e-01
2.515170574188232422e-01
2.469732314348220825e-01
4.003393650054931641e-01
2.956784963607788086e-01
2.482200413942337036e-01
3.207751810550689697e-01
2.981309592723846436e-01
2.391174286603927612e-01
2.703376710414886475e-01
3.476639986038208008e-01
3.638311922550201416e-01
2.592421472072601318e-01
2.968168556690216064e-01
2.592421472072601318e-01
2.968168556690216064e-01
2.486629337072372437e-01
2.535023689270019531e-01
2.684625089168548584e-01
3.166052401065826416e-01
2.982656657695770264e-01
2.232556790113449097e-01
3.695569932460784912e-01
1.753317713737487793e-01
3.880379199981689453e-01
3.142300546169281006e-01
4.092799723148345947e-01
2.440439015626907349e-01
3.584198653697967529e-01
3.240371644496917725e-01
6.491248011589050293e-01
6.169897317886352539e-01
2.978259027004241943e-01
2.315040081739425659e-01
3.545953035354614258e-01
3.279015123844146729e-01
5.154764652252197266e-01
5.428254604339599609e-01
3.376172482967376709e-01
4.233740568161010742e-01
3.520681560039520264e-01
3.823826313018798828e-01
3.743889331817626953e-01
3.466786444187164307e-01
4.950537383556365967e-01
4.649552404880523682e-01
4.395788609981536865e-01
2.579867839813232422e-01
2.912682890892028809e-01
3.021997511386871338e-01
2.676088809967041016e-01
2.966216206550598145e-01
2.183207273483276367e-01
4.741040170192718506e-01
2.757382094860076904e-01
5.199827551841735840e-01
2.776342630386352539e-01
3.704733848571777344e-01
3.609594106674194336e-01
2.662327885627746582e-01
2.397347688674926758e-01
2.531265616416931152e-01
3.965228497982025146e-01
4.305009841918945312e-01
3.165723979473114014e-01
4.208535254001617432e-01
1.728690117597579956e-01
8.020090460777282715e-01
2.518734335899353027e-01
3.090224564075469971e-01
3.275075256824493408e-01
3.159660100936889648e-01
3.817735910415649414e-01
3.954400122165679932e-01
3.594764769077301025e-01
2.259179353713989258e-01
3.007528185844421387e-01
4.467515945434570312e-01
4.634541571140289307e-01
4.406135380268096924e-01
2.490323334932327271e-01
2.669399678707122803e-01
2.814008593559265137e-01
4.451416730880737305e-01
4.660131931304931641e-01
4.479342401027679443e-01
2.387820035219192505e-01
6.049421429634094238e-01
2.505728602409362793e-01
2.945127785205841064e-01
2.293508499860763550e-01
3.618313074111938477e-01
2.507936060428619385e-01
7.393572926521301270e-01
9.058456420898437500e-01
2.760397493839263916e-01
3.647598922252655029e-01
2.527188658714294434e-01
2.907363772392272949e-01
2.476915866136550903e-01
2.446539402008056641e-01
8.330114483833312988e-01
4.193844795227050781e-01
4.003611803054809570e-01
2.938936352729797363e-01
2.627664506435394287e-01
3.484387397766113281e-01
3.791672289371490479e-01
3.352772891521453857e-01
2.830588519573211670e-01
3.130623400211334229e-01
4.759465157985687256e-01
3.332745432853698730e-01
2.480264306068420410e-01
4.947138130664825439e-01
4.964083433151245117e-01
2.488713264465332031e-01
