2.473765164613723755e-01
2.766668200492858887e-01
2.272951304912567139e-01
4.002232253551483154e-01
1.763777136802673340e-01
4.001822769641876221e-01
3.193086683750152588e-01
2.754037082195281982e-01
2.764912545680999756e-01
3.054507970809936523e-01
2.479618191719055176e-01
2.794380784034729004e-01
2.700307965278625488e-01
4.434320330619812012e-01
2.895784974098205566e-01
2.315545827150344849e-01
3.713059127330780029e-01
2.792015969753265381e-01
3.394918739795684814e-01
2.563726902008056641e-01
2.888078987598419189e-01
5.985661745071411133e-01
2.492870688438415527e-01
2.498532980680465698e-01
6.938028931617736816e-01
2.961338758468627930e-01
2.563967704772949219e-01
2.878590524196624756e-01
2.375011146068572998e-01
2.868172526359558105e-01
9.224579930305480957e-01
9.990822672843933105e-01
2.623044252395629883e-01
2.943580150604248047e-01
2.950859069824218750e-01
3.641558885574340820e-01
2.535021901130676270e-01
2.795816659927368164e-01
4.395483434200286865e-01
2.478773593902587891e-01
2.601690292358398438e-01
4.852235615253448486e-01
2.293295562267303467e-01
2.323360741138458252e-01
3.233135640621185303e-01
7.064182162284851074e-01
6.666281223297119141e-01
4.593219161033630371e-01
2.704459726810455322e-01
2.561713755130767822e-01
2.481019496917724609e-01
3.596885204315185547e-01
3.710883557796478271e-01
2.963905930519104004e-01
2.317066937685012817e-01
3.691724538803100586e-01
3.403126895427703857e-01
2.513056397438049316e-01
2.505282163619995117e-01
3.563238084316253662e-01
3.602205514907836914e-01
2.946434617042541504e-01
2.145856469869613647e-01
3.652367591857910156e-01
3.278932273387908936e-01
2.961807250976562500e-01
3.502334654331207275e-01
2.637454271316528320e-01
3.209705352783203125e-01
2.949050068855285645e-01
2.942363619804382324e-01
2.212790250778198242e-01
7.896185517311096191e-01
2.301982492208480835e-01
3.315773308277130127e-01
2.854200303554534912e-01
2.192642539739608765e-01
2.428126633167266846e-01
2.427650094032287598e-01
4.421700239181518555e-01
4.450334906578063965e-01
2.965644598007202148e-01
3.343856930732727051e-01
3.673067688941955566e-01
2.662229537963867188e-01
4.233866333961486816e-01
2.887584567070007324e-01
2.575228810310363770e-01
2.569593787193298340e-01
2.876564860343933105e-01
2.480532079935073853e-01
2.470220923423767090e-01
3.671838045120239258e-01
2.914766073226928711e-01
2.602418661117553711e-01
3.045324385166168213e-01
2.953286170959472656e-01
2.273429036140441895e-01
2.536554336547851562e-01
4.029701650142669678e-01
3.477551639080047607e-01
3.114711642265319824e-01
3.130848109722137451e-01
3.114711642265319824e-01
3.130848109722137451e-01
2.418981194496154785e-01
2.941673696041107178e-01
3.083849251270294189e-01
2.744557857513427734e-01
2.972201704978942871e-01
2.188161462545394897e-01
2.948197424411773682e-01
1.746879816055297852e-01
3.710932433605194092e-01
2.725861370563507080e-01
4.318108558654785156e-01
2.938416302204132080e-01
3.198374509811401367e-01
3.281887769699096680e-01
5.410227775573730469e-01
4.569356143474578857e-01
2.964774370193481445e-01
2.282835841178894043e-01
2.915823757648468018e-01
3.747927546501159668e-01
4.540673792362213135e-01
6.167535781860351562e-01
3.585282564163208008e-01
4.805712103843688965e-01
3.155831694602966309e-01
4.416162967681884766e-01
4.660049974918365479e-01
4.579817354679107666e-01
3.237502574920654297e-01
3.627668917179107666e-01
3.941582441329956055e-01
2.558293938636779785e-01
2.497873604297637939e-01
3.548451066017150879e-01
3.513600826263427734e-01
2.963821589946746826e-01
2.209069132804870605e-01
4.378513991832733154e-01
3.522115051746368408e-01
4.657184183597564697e-01
3.362727165222167969e-01
3.100682497024536133e-01
3.236756920814514160e-01
2.707577347755432129e-01
2.579844594001770020e-01
2.766161262989044189e-01
5.271936655044555664e-01
3.380607068538665771e-01
5.487592220306396484e-01
3.252801299095153809e-01
1.747155189514160156e-01
8.487206697463989258e-01
2.445641905069351196e-01
3.096505403518676758e-01
3.042915165424346924e-01
3.167211413383483887e-01
4.022891223430633545e-01
3.956467509269714355e-01
3.861576318740844727e-01
2.312285304069519043e-01
2.694324553012847900e-01
4.634016454219818115e-01
4.676467478275299072e-01
4.676986336708068848e-01
2.559014260768890381e-01
2.735446691513061523e-01
2.669585049152374268e-01
4.553650319576263428e-01
4.785791635513305664e-01
4.479747414588928223e-01
2.644851505756378174e-01
5.868484377861022949e-01
2.372789680957794189e-01
2.943942844867706299e-01
3.029865920543670654e-01
2.635983228683471680e-01
2.552854716777801514e-01
1.075123667716979980e+00
8.774602413177490234e-01
3.580571413040161133e-01
3.623715937137603760e-01
2.535823583602905273e-01
2.907928824424743652e-01
2.469885647296905518e-01
2.495232224464416504e-01
9.955255985260009766e-01
2.947288155555725098e-01
4.200888872146606445e-01
2.960848510265350342e-01
3.584248721599578857e-01
2.534445822238922119e-01
2.727798223495483398e-01
2.730180919170379639e-01
3.429196476936340332e-01
3.728961944580078125e-01
4.577715098857879639e-01
3.384796977043151855e-01
2.476608455181121826e-01
4.995779991149902344e-01
4.978594779968261719e-01
2.524466812610626221e-01
