2.431338280439376831e-01
3.780484497547149658e-01
2.458194047212600708e-01
2.325254976749420166e-01
1.730465441942214966e-01
3.712480068206787109e-01
3.199709057807922363e-01
2.297435998916625977e-01
3.840893208980560303e-01
3.057459592819213867e-01
2.565903365612030029e-01
2.504572868347167969e-01
2.553619146347045898e-01
5.254171490669250488e-01
2.998292446136474609e-01
2.876579165458679199e-01
3.156190216541290283e-01
3.586748540401458740e-01
2.487746030092239380e-01
2.580130398273468018e-01
2.786935567855834961e-01
8.426973223686218262e-01
2.489953190088272095e-01
2.586333751678466797e-01
7.336393594741821289e-01
3.079480826854705811e-01
2.482154071331024170e-01
3.173883557319641113e-01
2.602371573448181152e-01
4.561651945114135742e-01
7.178156375885009766e-01
7.791506648063659668e-01
3.083471059799194336e-01
2.805895209312438965e-01
2.395583987236022949e-01
2.508811652660369873e-01
3.009417057037353516e-01
3.538930118083953857e-01
3.030403256416320801e-01
3.064571917057037354e-01
3.200941681861877441e-01
5.695096254348754883e-01
2.186143249273300171e-01
2.114092111587524414e-01
2.634060382843017578e-01
1.049824833869934082e+00
1.214064359664916992e+00
3.037199676036834717e-01
5.162616372108459473e-01
2.739185690879821777e-01
2.812700867652893066e-01
2.707169353961944580e-01
2.565290629863739014e-01
2.973784804344177246e-01
2.131641954183578491e-01
2.904517054557800293e-01
3.305815160274505615e-01
2.390720099210739136e-01
3.036545813083648682e-01
3.079020380973815918e-01
2.455761730670928955e-01
2.986150383949279785e-01
2.186074703931808472e-01
2.671600878238677979e-01
2.593113183975219727e-01
4.612486064434051514e-01
4.595147967338562012e-01
2.458405047655105591e-01
3.752143383026123047e-01
3.970631361007690430e-01
2.927078902721405029e-01
3.319587707519531250e-01
9.208519458770751953e-01
2.897014021873474121e-01
2.694550752639770508e-01
2.758986949920654297e-01
2.623009085655212402e-01
2.518519759178161621e-01
2.439111173152923584e-01
4.490231275558471680e-01
4.481202363967895508e-01
2.737979590892791748e-01
3.595780432224273682e-01
3.572740554809570312e-01
3.778828084468841553e-01
2.696220576763153076e-01
2.464342117309570312e-01
4.643985629081726074e-01
2.539433240890502930e-01
2.868701219558715820e-01
2.503220140933990479e-01
2.470636367797851562e-01
7.534374594688415527e-01
2.866978049278259277e-01
2.831229567527770996e-01
2.837421298027038574e-01
3.024848103523254395e-01
2.875829637050628662e-01
3.040822446346282959e-01
4.396918118000030518e-01
3.492164015769958496e-01
4.450803399085998535e-01
4.138648808002471924e-01
4.450803399085998535e-01
4.138648808002471924e-01
3.147827684879302979e-01
2.509884834289550781e-01
3.184489607810974121e-01
3.823541998863220215e-01
2.952014803886413574e-01
2.174889594316482544e-01
3.764675557613372803e-01
1.779854595661163330e-01
2.360453903675079346e-01
3.590169548988342285e-01
2.721486091613769531e-01
3.046752512454986572e-01
2.529999315738677979e-01
3.129040598869323730e-01
7.013900876045227051e-01
6.775192618370056152e-01
2.936177551746368408e-01
2.237371653318405151e-01
2.631790637969970703e-01
4.206591844558715820e-01
5.014528632164001465e-01
6.318928599357604980e-01
3.941711485385894775e-01
4.410932958126068115e-01
2.996502518653869629e-01
4.705985784530639648e-01
4.976989328861236572e-01
4.460700750350952148e-01
3.035683631896972656e-01
4.400815069675445557e-01
3.080545961856842041e-01
2.474553585052490234e-01
3.009415864944458008e-01
2.852506041526794434e-01
2.321732342243194580e-01
3.012949824333190918e-01
2.224403023719787598e-01
1.209057331085205078e+00
2.809614539146423340e-01
1.106885313987731934e+00
2.611005902290344238e-01
2.868221998214721680e-01
2.879669666290283203e-01
2.926821708679199219e-01
2.699686288833618164e-01
2.727369070053100586e-01
1.252938747406005859e+00
4.542976617813110352e-01
1.374872565269470215e+00
4.581385850906372070e-01
1.758555322885513306e-01
1.153267383575439453e+00
2.477950751781463623e-01
2.738344669342041016e-01
3.195928633213043213e-01
2.965926229953765869e-01
4.025661051273345947e-01
3.980851769447326660e-01
3.952048420906066895e-01
2.153310179710388184e-01
2.779824733734130859e-01
4.320635199546813965e-01
4.692987799644470215e-01
4.377281665802001953e-01
2.654853165149688721e-01
2.810589969158172607e-01
2.675198912620544434e-01
4.827978312969207764e-01
4.822712540626525879e-01
4.701724648475646973e-01
1.041675806045532227e+00
1.041436433792114258e+00
2.470829039812088013e-01
2.944429516792297363e-01
2.613607347011566162e-01
2.684633731842041016e-01
3.950897455215454102e-01
1.111415386199951172e+00
1.108231902122497559e+00
3.757701218128204346e-01
3.223110735416412354e-01
2.552709281444549561e-01
2.929988503456115723e-01
2.474782019853591919e-01
2.491462677717208862e-01
8.873094916343688965e-01
2.844998836517333984e-01
4.230892658233642578e-01
3.000136017799377441e-01
3.772158026695251465e-01
2.394550591707229614e-01
2.843632698059082031e-01
2.640509605407714844e-01
3.619209527969360352e-01
3.936171531677246094e-01
4.958949983119964600e-01
3.112601637840270996e-01
2.508502602577209473e-01
4.989664554595947266e-01
4.980396032333374023e-01
2.451007515192031860e-01
