2.768596708774566650e-01
3.037989735603332520e-01
2.212104350328445435e-01
4.025131165981292725e-01
1.747356653213500977e-01
3.348659873008728027e-01
3.189948797225952148e-01
2.839523255825042725e-01
3.027548491954803467e-01
2.940963506698608398e-01
2.608660757541656494e-01
2.800494432449340820e-01
2.616927027702331543e-01
4.092162251472473145e-01
2.939777672290802002e-01
2.310798913240432739e-01
3.329280316829681396e-01
3.400563001632690430e-01
2.955085635185241699e-01
2.595058381557464600e-01
2.852078080177307129e-01
7.738554477691650391e-01
2.506812214851379395e-01
2.431787550449371338e-01
7.782827019691467285e-01
2.484926730394363403e-01
2.578608393669128418e-01
3.240829110145568848e-01
3.387168049812316895e-01
3.473252654075622559e-01
1.166009426116943359e+00
1.236328244209289551e+00
2.767632901668548584e-01
2.396761178970336914e-01
2.414547950029373169e-01
2.619635164737701416e-01
3.011922240257263184e-01
2.438029944896697998e-01
4.515819549560546875e-01
2.528149485588073730e-01
3.793721795082092285e-01
5.446101427078247070e-01
2.282349318265914917e-01
2.265516966581344604e-01
3.602144718170166016e-01
4.287546575069427490e-01
4.343100190162658691e-01
3.569488823413848877e-01
4.760363698005676270e-01
2.473165243864059448e-01
3.043303787708282471e-01
3.190974295139312744e-01
2.507899105548858643e-01
2.976616322994232178e-01
2.205024659633636475e-01
2.761580049991607666e-01
2.529180049896240234e-01
2.775700688362121582e-01
2.878015637397766113e-01
2.879804372787475586e-01
2.631939947605133057e-01
2.934311926364898682e-01
2.136340141296386719e-01
2.631215751171112061e-01
3.010936975479125977e-01
4.289049208164215088e-01
3.857479095458984375e-01
3.007313311100006104e-01
2.660301327705383301e-01
3.391964435577392578e-01
2.998116612434387207e-01
2.382006645202636719e-01
8.199173212051391602e-01
2.386585474014282227e-01
3.242065012454986572e-01
2.831869423389434814e-01
2.231720983982086182e-01
2.983598411083221436e-01
2.395616024732589722e-01
4.529446661472320557e-01
2.444248199462890625e-01
2.922624349594116211e-01
3.404868841171264648e-01
2.642080187797546387e-01
3.635711073875427246e-01
2.964842915534973145e-01
3.663718104362487793e-01
3.227921128273010254e-01
2.573772072792053223e-01
2.955418229103088379e-01
2.441040277481079102e-01
2.458949387073516846e-01
6.646796464920043945e-01
3.015334010124206543e-01
2.472262382507324219e-01
3.398860394954681396e-01
2.981404066085815430e-01
2.246392071247100830e-01
2.518931329250335693e-01
4.000076353549957275e-01
3.698147237300872803e-01
3.019636273384094238e-01
3.063021302223205566e-01
3.019636273384094238e-01
3.063021302223205566e-01
2.834830582141876221e-01
2.654896974563598633e-01
3.135021328926086426e-01
3.262376189231872559e-01
2.887063622474670410e-01
2.247504740953445435e-01
3.346406221389770508e-01
1.765540689229965210e-01
3.603397905826568604e-01
2.481085807085037231e-01
3.676975667476654053e-01
3.012529313564300537e-01
3.102245330810546875e-01
3.548175692558288574e-01
5.391093492507934570e-01
5.487674474716186523e-01
2.956073582172393799e-01
2.250806391239166260e-01
2.743479609489440918e-01
4.100481867790222168e-01
5.058926343917846680e-01
6.055597066879272461e-01
3.271126151084899902e-01
5.046721696853637695e-01
3.622332215309143066e-01
4.492723345756530762e-01
4.742956161499023438e-01
4.897705614566802979e-01
2.775201201438903809e-01
3.288173973560333252e-01
4.342756867408752441e-01
2.798327207565307617e-01
2.546400725841522217e-01
2.969474196434020996e-01
3.311709463596343994e-01
2.906287312507629395e-01
2.478768378496170044e-01
1.149552822113037109e+00
2.930704057216644287e-01
1.133348941802978516e+00
3.179594576358795166e-01
3.507067263126373291e-01
3.214526474475860596e-01
2.694792151451110840e-01
2.423461675643920898e-01
2.747666239738464355e-01
1.114281415939331055e+00
3.055872917175292969e-01
1.144637823104858398e+00
2.822697758674621582e-01
1.750629842281341553e-01
1.098881006240844727e+00
2.382055521011352539e-01
3.789866268634796143e-01
2.608542442321777344e-01
3.360415101051330566e-01
3.897146284580230713e-01
4.026412069797515869e-01
4.099616408348083496e-01
2.283644974231719971e-01
2.634279727935791016e-01
4.896152615547180176e-01
4.259720742702484131e-01
5.072006583213806152e-01
2.764606177806854248e-01
2.599211037158966064e-01
2.676500380039215088e-01
4.362820684909820557e-01
4.351400434970855713e-01
4.530807435512542725e-01
5.650073289871215820e-01
7.280184030532836914e-01
2.540840208530426025e-01
2.864976823329925537e-01
2.069919854402542114e-01
2.679812014102935791e-01
2.281027138233184814e-01
9.384505152702331543e-01
9.590530395507812500e-01
3.841904699802398682e-01
3.544439673423767090e-01
2.535774111747741699e-01
2.854012846946716309e-01
2.487558126449584961e-01
2.504790723323822021e-01
8.144040107727050781e-01
3.958089351654052734e-01
3.056245446205139160e-01
2.922231256961822510e-01
2.916135489940643311e-01
3.195555806159973145e-01
2.797855436801910400e-01
3.007315695285797119e-01
3.082048296928405762e-01
2.517470121383666992e-01
4.829830229282379150e-01
4.694157540798187256e-01
2.489310801029205322e-01
4.956972002983093262e-01
4.956890642642974854e-01
2.524667084217071533e-01
