2.403817921876907349e-01
2.663154602050781250e-01
2.299765795469284058e-01
4.208467304706573486e-01
1.759644895792007446e-01
4.226288497447967529e-01
3.014642298221588135e-01
2.730782330036163330e-01
3.046542108058929443e-01
3.029263615608215332e-01
2.493113130331039429e-01
2.611181437969207764e-01
2.610306441783905029e-01
4.174681901931762695e-01
2.950896918773651123e-01
2.449086159467697144e-01
3.403243720531463623e-01
3.296049833297729492e-01
2.756551802158355713e-01
2.541972100734710693e-01
2.869598865509033203e-01
9.467658400535583496e-01
2.522658407688140869e-01
2.442358881235122681e-01
7.430951595306396484e-01
3.043168485164642334e-01
2.527164518833160400e-01
3.149466812610626221e-01
3.552557229995727539e-01
3.907135426998138428e-01
8.692414760589599609e-01
8.461543917655944824e-01
3.752448856830596924e-01
2.619210779666900635e-01
2.338262945413589478e-01
2.977481782436370850e-01
2.477609068155288696e-01
2.641289234161376953e-01
3.261235356330871582e-01
2.439619749784469604e-01
3.892584741115570068e-01
5.414105057716369629e-01
2.342748194932937622e-01
2.408261746168136597e-01
3.896284401416778564e-01
3.893683850765228271e-01
3.254732191562652588e-01
3.413580358028411865e-01
4.309562742710113525e-01
2.475042790174484253e-01
3.031890988349914551e-01
3.138147294521331787e-01
2.598972320556640625e-01
2.939011454582214355e-01
2.371069788932800293e-01
2.964707612991333008e-01
2.739427387714385986e-01
2.566431760787963867e-01
3.020453751087188721e-01
2.953332662582397461e-01
2.576427757740020752e-01
2.968862354755401611e-01
2.168722599744796753e-01
2.820895612239837646e-01
2.649769186973571777e-01
4.512228667736053467e-01
4.637427628040313721e-01
2.827188968658447266e-01
3.083215653896331787e-01
3.349095582962036133e-01
2.959475517272949219e-01
2.362307161092758179e-01
7.281644940376281738e-01
2.317177206277847290e-01
3.439238071441650391e-01
2.866088151931762695e-01
2.376403361558914185e-01
2.367634028196334839e-01
2.404057979583740234e-01
4.383632242679595947e-01
4.457257986068725586e-01
2.988929450511932373e-01
3.443571627140045166e-01
3.710864782333374023e-01
3.380545675754547119e-01
3.282116055488586426e-01
2.952367365360260010e-01
3.793160915374755859e-01
2.558936774730682373e-01
2.866010963916778564e-01
2.505104243755340576e-01
2.453000545501708984e-01
5.885252356529235840e-01
2.471898794174194336e-01
3.044876158237457275e-01
2.684650719165802002e-01
2.939745485782623291e-01
2.219357490539550781e-01
2.641927301883697510e-01
4.147875010967254639e-01
2.508762478828430176e-01
4.070169627666473389e-01
4.498137533664703369e-01
4.070169627666473389e-01
4.498137533664703369e-01
2.214933633804321289e-01
2.537948787212371826e-01
3.047688901424407959e-01
3.412126302719116211e-01
2.974353730678558350e-01
2.240612506866455078e-01
3.565323352813720703e-01
1.774184107780456543e-01
3.651517331600189209e-01
2.545033693313598633e-01
3.336379826068878174e-01
3.046585321426391602e-01
2.943609058856964111e-01
3.454602062702178955e-01
5.872486233711242676e-01
6.237818598747253418e-01
2.977469861507415771e-01
2.308007478713989258e-01
2.768144309520721436e-01
4.008132219314575195e-01
4.915394484996795654e-01
6.071991920471191406e-01
3.556014001369476318e-01
4.804722368717193604e-01
3.327499330043792725e-01
4.817685186862945557e-01
4.869160354137420654e-01
4.473863840103149414e-01
3.343923985958099365e-01
3.707672357559204102e-01
2.992260754108428955e-01
2.577556073665618896e-01
3.056942522525787354e-01
3.037666380405426025e-01
2.474425286054611206e-01
2.985163927078247070e-01
2.113167494535446167e-01
1.073636412620544434e+00
2.619425952434539795e-01
1.182687282562255859e+00
2.669211626052856445e-01
2.835999429225921631e-01
2.728054821491241455e-01
2.674238979816436768e-01
2.666837275028228760e-01
2.829277217388153076e-01
1.060214400291442871e+00
4.572575390338897705e-01
9.602224230766296387e-01
4.508242607116699219e-01
1.727240532636642456e-01
1.069711089134216309e+00
2.370377928018569946e-01
3.111393451690673828e-01
3.173240125179290771e-01
3.047485947608947754e-01
3.993816077709197998e-01
3.980165719985961914e-01
3.995668888092041016e-01
3.375178873538970947e-01
4.198863208293914795e-01
5.222095847129821777e-01
5.233175158500671387e-01
5.197981595993041992e-01
2.670268714427947998e-01
2.684558331966400146e-01
2.642394602298736572e-01
3.988428413867950439e-01
3.867928981781005859e-01
3.848237991333007812e-01
7.581166625022888184e-01
9.420506358146667480e-01
2.999518513679504395e-01
2.899780273437500000e-01
2.609449326992034912e-01
3.448866307735443115e-01
3.252570927143096924e-01
8.307788968086242676e-01
8.435508608818054199e-01
2.407849431037902832e-01
3.116831779479980469e-01
2.582597434520721436e-01
2.918685674667358398e-01
2.513708770275115967e-01
2.460601180791854858e-01
8.601544499397277832e-01
2.632688283920288086e-01
4.421832859516143799e-01
2.868316769599914551e-01
3.751780688762664795e-01
2.340952157974243164e-01
2.618676126003265381e-01
2.661139965057373047e-01
3.510752618312835693e-01
3.634343147277832031e-01
4.179673492908477783e-01
2.965275943279266357e-01
2.517065107822418213e-01
4.963729381561279297e-01
4.948095083236694336e-01
2.471712827682495117e-01
