2.473696172237396240e-01
2.599626481533050537e-01
2.284127771854400635e-01
4.237079024314880371e-01
1.725416034460067749e-01
4.203983843326568604e-01
3.421653807163238525e-01
2.705364227294921875e-01
2.606959939002990723e-01
3.041228055953979492e-01
2.540314197540283203e-01
2.918259799480438232e-01
2.620356082916259766e-01
4.507142603397369385e-01
2.948765754699707031e-01
2.316519021987915039e-01
3.495410382747650146e-01
3.170028924942016602e-01
3.438766896724700928e-01
2.571306228637695312e-01
2.834189534187316895e-01
7.566433548927307129e-01
2.516494691371917725e-01
2.463362663984298706e-01
6.041659712791442871e-01
2.774600386619567871e-01
3.128805756568908691e-01
3.398657143115997314e-01
2.341595739126205444e-01
3.387041091918945312e-01
1.024782896041870117e+00
9.391240477561950684e-01
3.109100162982940674e-01
2.785044908523559570e-01
2.660231590270996094e-01
3.095927238464355469e-01
2.625023424625396729e-01
3.328773379325866699e-01
3.442332744598388672e-01
2.947317063808441162e-01
3.308210670948028564e-01
4.837038516998291016e-01
2.223067581653594971e-01
2.199914604425430298e-01
2.862753272056579590e-01
6.642878055572509766e-01
6.751900315284729004e-01
3.441797196865081787e-01
4.770239293575286865e-01
2.855215668678283691e-01
2.706590890884399414e-01
2.849202454090118408e-01
2.938256561756134033e-01
2.970901429653167725e-01
2.299326807260513306e-01
2.893376648426055908e-01
3.473235070705413818e-01
2.774174809455871582e-01
2.672668397426605225e-01
2.784527838230133057e-01
2.911896705627441406e-01
2.979810535907745361e-01
2.151095718145370483e-01
2.753357887268066406e-01
3.241901695728302002e-01
4.209272265434265137e-01
3.704952299594879150e-01
2.680089175701141357e-01
3.625422418117523193e-01
3.790916204452514648e-01
2.980572283267974854e-01
2.415355443954467773e-01
8.764287829399108887e-01
2.318109273910522461e-01
3.398383557796478271e-01
2.850262820720672607e-01
2.344253510236740112e-01
2.828224003314971924e-01
2.392367571592330933e-01
3.525846004486083984e-01
4.559148550033569336e-01
2.927899658679962158e-01
3.408049643039703369e-01
2.914188802242279053e-01
2.962847650051116943e-01
3.853213787078857422e-01
3.413437306880950928e-01
4.349247813224792480e-01
2.575392425060272217e-01
2.865623533725738525e-01
2.488975822925567627e-01
2.478885203599929810e-01
6.389214396476745605e-01
2.957511842250823975e-01
2.518791258335113525e-01
3.140125572681427002e-01
2.985441982746124268e-01
2.331372499465942383e-01
2.746493220329284668e-01
3.602740764617919922e-01
3.621554374694824219e-01
2.725234031677246094e-01
3.070901334285736084e-01
2.725234031677246094e-01
3.070901334285736084e-01
2.510595619678497314e-01
2.553256750106811523e-01
3.310052454471588135e-01
3.448320329189300537e-01
2.949537932872772217e-01
2.266463488340377808e-01
3.360334336757659912e-01
1.763977110385894775e-01
3.753443360328674316e-01
2.830491364002227783e-01
3.467558920383453369e-01
2.641347646713256836e-01
3.328388929367065430e-01
3.072714805603027344e-01
5.407268404960632324e-01
5.478532910346984863e-01
2.968730330467224121e-01
2.208733558654785156e-01
3.194572329521179199e-01
3.819074332714080811e-01
5.286686420440673828e-01
5.271209478378295898e-01
3.927833735942840576e-01
4.054758846759796143e-01
3.951136469841003418e-01
4.039345681667327881e-01
3.679400384426116943e-01
3.984854221343994141e-01
4.190045297145843506e-01
4.711107313632965088e-01
4.230791926383972168e-01
2.438734173774719238e-01
3.001215457916259766e-01
3.260754644870758057e-01
2.626831531524658203e-01
2.974014878273010254e-01
2.231239229440689087e-01
5.797880887985229492e-01
3.153822422027587891e-01
6.511218547821044922e-01
2.694234549999237061e-01
3.708170950412750244e-01
3.685137629508972168e-01
2.757144272327423096e-01
2.391045987606048584e-01
2.530225813388824463e-01
5.088157653808593750e-01
4.366628229618072510e-01
4.156312048435211182e-01
4.636706411838531494e-01
1.749739497900009155e-01
9.335529804229736328e-01
2.535975873470306396e-01
3.126537501811981201e-01
3.432907760143280029e-01
2.916330397129058838e-01
4.010078608989715576e-01
3.764015138149261475e-01
3.705274760723114014e-01
2.293533086776733398e-01
2.979174554347991943e-01
4.597926437854766846e-01
4.541201889514923096e-01
4.116608500480651855e-01
2.516941428184509277e-01
2.862848043441772461e-01
2.641422450542449951e-01
4.721590280532836914e-01
4.850459396839141846e-01
4.383660256862640381e-01
2.424444407224655151e-01
6.001010537147521973e-01
2.412556856870651245e-01
2.944374978542327881e-01
2.773304283618927002e-01
3.437367677688598633e-01
2.503824234008789062e-01
9.000490903854370117e-01
9.494839906692504883e-01
2.879683673381805420e-01
3.623344898223876953e-01
2.595137059688568115e-01
2.883988022804260254e-01
2.475513964891433716e-01
2.484583407640457153e-01
9.003822803497314453e-01
2.967235147953033447e-01
4.405511021614074707e-01
2.932695448398590088e-01
3.557130396366119385e-01
2.540525197982788086e-01
3.100656867027282715e-01
2.876023352146148682e-01
3.269759118556976318e-01
3.663508594036102295e-01
4.186711907386779785e-01
3.862952291965484619e-01
2.495145052671432495e-01
4.946237504482269287e-01
4.971296787261962891e-01
2.495829612016677856e-01
