2.502588629722595215e-01
2.815857827663421631e-01
2.316633462905883789e-01
4.098061323165893555e-01
1.743235290050506592e-01
4.218522608280181885e-01
3.364860415458679199e-01
2.759082019329071045e-01
2.674279510974884033e-01
3.051008582115173340e-01
2.487873435020446777e-01
2.880935668945312500e-01
2.662169933319091797e-01
3.194750249385833740e-01
2.956906855106353760e-01
2.260876893997192383e-01
2.643826901912689209e-01
4.153201580047607422e-01
3.761754631996154785e-01
2.560576200485229492e-01
2.882587909698486328e-01
9.137063026428222656e-01
2.499783337116241455e-01
2.495286017656326294e-01
7.816949486732482910e-01
2.834218442440032959e-01
3.065764904022216797e-01
3.375566005706787109e-01
2.430990636348724365e-01
3.110587298870086670e-01
1.022077798843383789e+00
9.999588727951049805e-01
2.847532331943511963e-01
2.947379946708679199e-01
2.816465198993682861e-01
3.300971686840057373e-01
2.648913860321044922e-01
3.197604715824127197e-01
3.783464431762695312e-01
2.637945115566253662e-01
3.831856846809387207e-01
4.840877652168273926e-01
2.235309034585952759e-01
2.246786952018737793e-01
3.455751538276672363e-01
5.030952095985412598e-01
4.010502099990844727e-01
3.404490053653717041e-01
4.868381321430206299e-01
2.576673924922943115e-01
2.730606496334075928e-01
3.306773900985717773e-01
3.172668814659118652e-01
2.958364784717559814e-01
2.341079115867614746e-01
3.382655084133148193e-01
3.113129436969757080e-01
2.536120712757110596e-01
2.992516756057739258e-01
3.107140362262725830e-01
2.689771056175231934e-01
2.954582571983337402e-01
2.181114703416824341e-01
2.765658199787139893e-01
2.645152211189270020e-01
4.421371221542358398e-01
4.499049484729766846e-01
2.538252174854278564e-01
3.574572205543518066e-01
3.420648276805877686e-01
2.953484058380126953e-01
2.276458144187927246e-01
7.410758137702941895e-01
2.301127016544342041e-01
3.373659849166870117e-01
2.839289903640747070e-01
2.234118282794952393e-01
2.798999845981597900e-01
2.429024577140808105e-01
3.647581040859222412e-01
4.444164931774139404e-01
2.980641722679138184e-01
3.267283737659454346e-01
3.009808361530303955e-01
3.124438226222991943e-01
3.569858372211456299e-01
3.470365703105926514e-01
4.588873088359832764e-01
2.568644285202026367e-01
2.881179153919219971e-01
2.491156607866287231e-01
2.483520954847335815e-01
6.913204789161682129e-01
2.477622181177139282e-01
2.506160736083984375e-01
3.671238422393798828e-01
2.966630756855010986e-01
2.409268319606781006e-01
3.685246407985687256e-01
2.714437544345855713e-01
3.236124515533447266e-01
3.666476011276245117e-01
3.511288166046142578e-01
3.666476011276245117e-01
3.511288166046142578e-01
2.428034693002700806e-01
2.542324960231781006e-01
2.901841700077056885e-01
3.093672692775726318e-01
2.982202768325805664e-01
2.217746675014495850e-01
3.583997786045074463e-01
1.749472916126251221e-01
3.774952590465545654e-01
2.859812080860137939e-01
3.856782019138336182e-01
2.509608566761016846e-01
3.708641529083251953e-01
3.585342466831207275e-01
6.297134757041931152e-01
6.206207871437072754e-01
2.956294417381286621e-01
2.338504344224929810e-01
3.671351373195648193e-01
2.993157207965850830e-01
4.939505457878112793e-01
5.277470946311950684e-01
3.068719208240509033e-01
4.676859676837921143e-01
3.328172564506530762e-01
4.067021012306213379e-01
3.914559781551361084e-01
4.030725657939910889e-01
4.412153661251068115e-01
4.514364004135131836e-01
4.448474943637847900e-01
2.693522572517395020e-01
2.789689898490905762e-01
2.941363453865051270e-01
2.865504324436187744e-01
2.975902855396270752e-01
2.189738899469375610e-01
4.510738253593444824e-01
2.761092483997344971e-01
3.756926357746124268e-01
3.002948164939880371e-01
3.031975626945495605e-01
3.031808733940124512e-01
2.792900502681732178e-01
2.688187956809997559e-01
2.686523199081420898e-01
3.401633203029632568e-01
4.068307578563690186e-01
4.162868559360504150e-01
3.857492506504058838e-01
1.743956208229064941e-01
3.285988867282867432e-01
2.490731775760650635e-01
3.221579492092132568e-01
3.351582586765289307e-01
3.332448601722717285e-01
3.645285665988922119e-01
3.575077950954437256e-01
3.825741112232208252e-01
2.261140495538711548e-01
3.109076917171478271e-01
4.524798989295959473e-01
4.528079628944396973e-01
4.429588913917541504e-01
2.760326564311981201e-01
2.590181231498718262e-01
2.560540139675140381e-01
4.267962276935577393e-01
4.150033295154571533e-01
4.401241242885589600e-01
2.676123082637786865e-01
3.251377046108245850e-01
2.594314813613891602e-01
2.895759642124176025e-01
2.861034870147705078e-01
2.821795642375946045e-01
3.256988525390625000e-01
4.873957931995391846e-01
4.005644321441650391e-01
3.671677708625793457e-01
2.593513429164886475e-01
2.555269300937652588e-01
2.879336476325988770e-01
2.470003962516784668e-01
2.471486926078796387e-01
1.004027128219604492e+00
3.223667740821838379e-01
3.719924390316009521e-01
2.641541361808776855e-01
2.842933237552642822e-01
3.308596909046173096e-01
3.128738403320312500e-01
3.313271701335906982e-01
2.839294075965881348e-01
3.214333653450012207e-01
4.687293469905853271e-01
5.222600102424621582e-01
2.490363866090774536e-01
4.959143102169036865e-01
4.959932863712310791e-01
2.472658157348632812e-01
