2.617538273334503174e-01
2.673245668411254883e-01
2.320838272571563721e-01
4.255994558334350586e-01
1.751773357391357422e-01
3.887722492218017578e-01
3.393779993057250977e-01
2.890642881393432617e-01
2.793880403041839600e-01
3.052423596382141113e-01
2.485076040029525757e-01
2.828166186809539795e-01
2.569822371006011963e-01
2.506800889968872070e-01
2.955919504165649414e-01
2.490964233875274658e-01
3.574419021606445312e-01
2.971791923046112061e-01
2.753509283065795898e-01
2.560805082321166992e-01
2.903417050838470459e-01
7.396452426910400391e-01
2.471669018268585205e-01
2.507219016551971436e-01
7.516292333602905273e-01
3.052783310413360596e-01
2.512929439544677734e-01
3.336474895477294922e-01
2.259365171194076538e-01
2.960124015808105469e-01
6.398383378982543945e-01
6.259634494781494141e-01
3.715238571166992188e-01
2.905609309673309326e-01
2.382474690675735474e-01
2.812368869781494141e-01
2.519078850746154785e-01
2.538068294525146484e-01
3.154141306877136230e-01
2.457600980997085571e-01
3.943086564540863037e-01
5.494436025619506836e-01
3.528885841369628906e-01
2.440645992755889893e-01
3.679002225399017334e-01
1.221919536590576172e+00
1.203559160232543945e+00
3.205875456333160400e-01
3.714560270309448242e-01
2.938610315322875977e-01
2.671231627464294434e-01
2.529569268226623535e-01
2.926967740058898926e-01
2.978526353836059570e-01
3.374363780021667480e-01
2.792214453220367432e-01
3.673970997333526611e-01
2.865150570869445801e-01
2.645338475704193115e-01
2.671116590499877930e-01
2.904490828514099121e-01
2.226454913616180420e-01
2.580631673336029053e-01
3.483808338642120361e-01
3.997248411178588867e-01
3.869670927524566650e-01
3.428776264190673828e-01
2.505637407302856445e-01
3.406926393508911133e-01
2.706739902496337891e-01
2.976717352867126465e-01
3.506178855895996094e-01
1.436513662338256836e+00
2.292524725198745728e-01
3.020080029964447021e-01
2.848288416862487793e-01
3.492557704448699951e-01
3.032461702823638916e-01
2.472079098224639893e-01
2.340825349092483521e-01
5.246088504791259766e-01
2.889368236064910889e-01
2.284692078828811646e-01
2.497787177562713623e-01
3.323387503623962402e-01
3.386289179325103760e-01
3.605391681194305420e-01
3.748172223567962646e-01
2.564163208007812500e-01
2.882813811302185059e-01
2.472204416990280151e-01
2.468337267637252808e-01
7.607297897338867188e-01
3.025695681571960449e-01
2.528066039085388184e-01
3.289178311824798584e-01
2.906596660614013672e-01
2.446188628673553467e-01
2.474375814199447632e-01
3.733688592910766602e-01
3.596674203872680664e-01
2.620935440063476562e-01
2.834784686565399170e-01
2.620935440063476562e-01
2.834784686565399170e-01
4.595333635807037354e-01
2.478971779346466064e-01
3.360525667667388916e-01
3.715015649795532227e-01
2.772762775421142578e-01
3.507815897464752197e-01
2.822868227958679199e-01
1.752947568893432617e-01
3.776492178440093994e-01
2.920480966567993164e-01
3.417160511016845703e-01
2.436614632606506348e-01
3.882548213005065918e-01
3.708810806274414062e-01
5.537247061729431152e-01
4.982059895992279053e-01
2.869795262813568115e-01
3.445503115653991699e-01
3.686717152595520020e-01
4.140896797180175781e-01
4.442180395126342773e-01
5.094969868659973145e-01
2.509196400642395020e-01
3.563370108604431152e-01
3.156398236751556396e-01
3.244524002075195312e-01
3.322174847126007080e-01
3.077550828456878662e-01
5.243128538131713867e-01
5.224498510360717773e-01
5.101459026336669922e-01
3.031107187271118164e-01
2.487711608409881592e-01
2.696700692176818848e-01
3.290626704692840576e-01
2.974943816661834717e-01
3.085047900676727295e-01
7.941590547561645508e-01
2.613433599472045898e-01
7.112606763839721680e-01
3.750033974647521973e-01
3.113577663898468018e-01
2.583560645580291748e-01
2.783126831054687500e-01
2.531109452247619629e-01
2.995452284812927246e-01
9.267343878746032715e-01
3.803124725818634033e-01
9.736264348030090332e-01
3.107925653457641602e-01
1.746173202991485596e-01
9.615921378135681152e-01
2.479608803987503052e-01
3.102323114871978760e-01
3.148559033870697021e-01
3.412774205207824707e-01
3.644632101058959961e-01
3.499354422092437744e-01
3.792215883731842041e-01
3.503389656543731689e-01
3.802961111068725586e-01
4.356943666934967041e-01
4.571415185928344727e-01
4.902211725711822510e-01
2.769342362880706787e-01
2.724039554595947266e-01
2.483323216438293457e-01
4.154020547866821289e-01
3.622409105300903320e-01
3.887804448604583740e-01
6.283426284790039062e-01
5.481687784194946289e-01
2.462403774261474609e-01
2.890098094940185547e-01
2.312897890806198120e-01
3.856008052825927734e-01
2.457954138517379761e-01
7.554798722267150879e-01
4.074677228927612305e-01
2.792858183383941650e-01
3.585587143898010254e-01
2.538913488388061523e-01
2.893360853195190430e-01
2.500998377799987793e-01
2.458657920360565186e-01
3.525725901126861572e-01
2.952790558338165283e-01
3.959838151931762695e-01
2.960807085037231445e-01
3.148866295814514160e-01
2.997072935104370117e-01
3.073117733001708984e-01
3.323304653167724609e-01
2.825301587581634521e-01
2.782498896121978760e-01
4.953594207763671875e-01
4.935549199581146240e-01
2.468446046113967896e-01
4.964031577110290527e-01
4.964272677898406982e-01
2.513351738452911377e-01
