2.568455040454864502e-01
3.136696219444274902e-01
2.330178469419479370e-01
3.839678168296813965e-01
1.743585318326950073e-01
4.003874063491821289e-01
3.139141499996185303e-01
2.797774970531463623e-01
2.992913126945495605e-01
3.041003346443176270e-01
2.502749562263488770e-01
2.685076296329498291e-01
2.721583247184753418e-01
3.200709819793701172e-01
2.975462377071380615e-01
2.257358431816101074e-01
2.747883498668670654e-01
4.024920761585235596e-01
3.786093890666961670e-01
2.547049820423126221e-01
2.901176214218139648e-01
9.046978950500488281e-01
2.482286542654037476e-01
2.467535287141799927e-01
7.240459918975830078e-01
2.861570417881011963e-01
2.970985472202301025e-01
3.261922001838684082e-01
2.332573086023330688e-01
3.235948383808135986e-01
6.700527071952819824e-01
7.350775599479675293e-01
2.765330672264099121e-01
2.895161807537078857e-01
2.815766036510467529e-01
3.275596797466278076e-01
2.688702642917633057e-01
3.015879094600677490e-01
3.654183745384216309e-01
2.638519108295440674e-01
2.810606956481933594e-01
4.884008169174194336e-01
2.259837836027145386e-01
2.240479439496994019e-01
3.172592520713806152e-01
7.314962744712829590e-01
6.957841515541076660e-01
4.138655960559844971e-01
3.443912267684936523e-01
2.915397286415100098e-01
2.660201191902160645e-01
2.782063186168670654e-01
3.068130910396575928e-01
2.951607406139373779e-01
2.310394495725631714e-01
2.903436422348022461e-01
3.606191873550415039e-01
2.860364019870758057e-01
2.680397927761077881e-01
2.767289280891418457e-01
2.889389693737030029e-01
2.985891401767730713e-01
2.139696776866912842e-01
2.700575888156890869e-01
3.365791141986846924e-01
4.173178672790527344e-01
3.628789186477661133e-01
2.993792593479156494e-01
3.143045604228973389e-01
3.579015135765075684e-01
2.971259355545043945e-01
2.317427098751068115e-01
7.381891012191772461e-01
2.319937348365783691e-01
3.385886847972869873e-01
2.854703068733215332e-01
2.254886627197265625e-01
2.418783009052276611e-01
2.439572513103485107e-01
4.402630627155303955e-01
4.417101740837097168e-01
2.962887585163116455e-01
3.388549387454986572e-01
3.669388592243194580e-01
3.396185040473937988e-01
3.231236338615417480e-01
2.880278527736663818e-01
3.830253481864929199e-01
2.541608810424804688e-01
2.877092063426971436e-01
2.496612370014190674e-01
2.481289058923721313e-01
5.981504321098327637e-01
2.633835077285766602e-01
2.475778162479400635e-01
3.505892753601074219e-01
2.960149943828582764e-01
2.298554778099060059e-01
3.328827023506164551e-01
3.072464764118194580e-01
3.289058506488800049e-01
3.485887348651885986e-01
3.051227927207946777e-01
3.485887348651885986e-01
3.051227927207946777e-01
2.417159229516983032e-01
2.949674725532531738e-01
3.124454915523529053e-01
2.660094797611236572e-01
2.972992360591888428e-01
2.186543047428131104e-01
2.828116416931152344e-01
1.758294403553009033e-01
3.714247047901153564e-01
2.730469107627868652e-01
4.404372274875640869e-01
2.695702016353607178e-01
3.491160273551940918e-01
3.566649556159973145e-01
5.380127429962158203e-01
4.522104859352111816e-01
2.982541918754577637e-01
2.288806140422821045e-01
3.299500048160552979e-01
3.365369439125061035e-01
4.897892177104949951e-01
5.418645739555358887e-01
3.063761591911315918e-01
4.871181249618530273e-01
3.353947103023529053e-01
4.180394113063812256e-01
4.177832007408142090e-01
4.201275408267974854e-01
4.296194016933441162e-01
4.122497737407684326e-01
4.081241488456726074e-01
2.678073048591613770e-01
2.818852365016937256e-01
2.961929440498352051e-01
2.813715040683746338e-01
2.977367043495178223e-01
2.192036211490631104e-01
5.328933000564575195e-01
2.982773482799530029e-01
4.601376354694366455e-01
3.135885894298553467e-01
3.059487640857696533e-01
3.109674155712127686e-01
2.802617549896240234e-01
2.675094008445739746e-01
2.651966214179992676e-01
4.019970595836639404e-01
4.312781393527984619e-01
4.846459925174713135e-01
4.147367179393768311e-01
1.745017468929290771e-01
4.477213621139526367e-01
2.534772455692291260e-01
3.388984501361846924e-01
3.581054806709289551e-01
3.659076392650604248e-01
3.423864543437957764e-01
3.440879285335540771e-01
3.447957634925842285e-01
2.352109700441360474e-01
3.363913297653198242e-01
4.178872108459472656e-01
4.369701147079467773e-01
4.294402003288269043e-01
2.612208724021911621e-01
2.634709775447845459e-01
2.685120105743408203e-01
3.612803220748901367e-01
3.734976947307586670e-01
3.730958700180053711e-01
2.739188969135284424e-01
3.634935021400451660e-01
2.396783977746963501e-01
2.903536856174468994e-01
2.373574078083038330e-01
2.780331969261169434e-01
3.502068519592285156e-01
6.386315226554870605e-01
4.304708540439605713e-01
3.700350522994995117e-01
2.806523442268371582e-01
2.551304101943969727e-01
2.890115380287170410e-01
2.483208626508712769e-01
2.472705096006393433e-01
1.022240281105041504e+00
3.751367926597595215e-01
3.601239919662475586e-01
2.928061485290527344e-01
3.326944410800933838e-01
2.871572971343994141e-01
3.437498509883880615e-01
2.881184518337249756e-01
3.270849585533142090e-01
2.968373298645019531e-01
4.450091421604156494e-01
5.009561181068420410e-01
2.480972111225128174e-01
4.967460632324218750e-01
4.965119361877441406e-01
2.474423646926879883e-01
