2.535717918756573708e-01
3.113261578070744551e-01
2.326387185621663911e-01
2.696940335940711253e-01
1.737737669246225414e-01
3.360124178735954259e-01
2.588358602792378838e-01
2.755611422999135751e-01
2.646840525994731408e-01
3.036398491659679788e-01
2.483249859441638008e-01
2.556589638431763789e-01
2.758400190279469144e-01
2.462249529884198151e-01
2.896014092872934431e-01
2.314727351440827030e-01
3.541049749618147002e-01
2.968565031944605526e-01
2.497439454146606341e-01
2.582582937139059065e-01
2.886981023427236948e-01
6.193870136812298366e-01
2.442233934193790423e-01
2.554701171664068293e-01
7.268230454973708676e-01
2.384281044426929952e-01
3.703619434990345627e-01
3.505342306145090014e-01
3.293525550255633205e-01
4.442471498379845229e-01
7.279827762038776351e-01
5.851396621812463561e-01
2.490040764613707380e-01
2.501986983252622587e-01
2.817560593416222336e-01
3.353848561097134695e-01
2.569254881719684747e-01
3.234928265840266715e-01
2.249042446657718020e-01
2.524067497030854090e-01
3.735883690302814197e-01
5.348084368011748468e-01
2.213141807052021459e-01
2.232237677673666043e-01
3.321566966131914156e-01
9.905415856260815222e-01
9.452776387355155130e-01
3.803134637098405380e-01
4.353237315601234392e-01
2.781271171799903907e-01
2.682184128514162325e-01
2.687544645893772399e-01
3.094106993161674923e-01
2.963506082466121905e-01
2.234240795013409941e-01
2.858373189569705652e-01
3.108808597400110063e-01
2.551221508021228601e-01
2.707588502308193035e-01
2.694806663906235689e-01
2.664313382782224626e-01
2.958474531976306721e-01
2.146093841347457010e-01
2.651108649857482624e-01
2.626462146132516051e-01
4.054556093491878399e-01
3.337958590789558699e-01
2.375692846319985285e-01
3.890090183762109910e-01
3.689834132714100434e-01
2.987408634306253363e-01
3.101677891263613374e-01
9.722990742698944810e-01
2.752448870711357021e-01
2.695622097642372261e-01
2.826374399178561703e-01
2.334155422164214677e-01
2.422602495977261572e-01
2.393085651197270902e-01
4.234302947495742209e-01
4.546699573788384741e-01
2.840664976948146792e-01
3.521129975133279744e-01
3.602418282608158551e-01
2.754413557979037419e-01
3.797765931597859579e-01
2.609792668510878544e-01
2.300028268965212952e-01
2.570268558462512898e-01
2.868972323644888855e-01
2.505357888116409582e-01
2.461651467156454332e-01
4.856021568604513838e-01
2.686390172041701607e-01
2.728235662889799684e-01
2.782876964831523248e-01
2.968462638074144677e-01
3.026540696653036711e-01
2.773174505013605295e-01
3.782771815238352708e-01
3.123033895974204333e-01
3.839505510751194395e-01
3.584448079523328556e-01
3.839505510751194395e-01
3.584448079523328556e-01
2.605104178440300067e-01
2.446555890420854806e-01
3.596460314953152104e-01
2.503833652420047184e-01
2.924270620082100591e-01
2.140002341299826472e-01
3.676857092118860915e-01
1.737034328691799967e-01
2.573751670210512321e-01
3.630259238680422773e-01
4.087485274276267400e-01
2.794649737933369571e-01
2.785982354757205459e-01
3.090819940733868787e-01
6.624952816518091536e-01
6.871434320343684510e-01
3.002904368181079642e-01
2.254854029980079555e-01
2.672351424651461249e-01
3.092284251240230430e-01
4.550642428089011204e-01
5.570580545935707173e-01
2.692355977789924748e-01
4.427782766968416661e-01
2.886039397817212193e-01
4.369334274319758848e-01
3.652691377533129891e-01
4.175560673223461805e-01
3.035771978701832241e-01
3.230583288538538822e-01
2.946066367038034928e-01
2.438151725597472175e-01
2.895711665573420524e-01
3.132712009794507702e-01
2.551415422523610754e-01
2.988787298287940986e-01
2.344593169926297849e-01
3.371459608944565867e-01
3.146379817770083021e-01
3.215059617071009956e-01
2.730325531726310873e-01
3.172890660351431191e-01
2.713688967452578260e-01
2.859946916887433632e-01
2.422306596684627444e-01
2.722291037836525041e-01
2.404371080471283673e-01
3.559119423136428706e-01
2.900499485803449962e-01
3.967714900427655178e-01
1.734542417008914372e-01
6.234959197217823101e-01
2.379297316047214172e-01
2.879732012438911415e-01
2.685453621507068456e-01
2.778694665055764235e-01
3.872832851292627998e-01
4.055359959609560749e-01
3.815134677520002904e-01
2.191084798620985263e-01
2.737285721107845515e-01
4.603071947527825336e-01
4.375911400966097653e-01
4.488058059110817122e-01
2.450649327116455889e-01
2.533996513997624489e-01
2.782646762986306643e-01
4.174923627414199312e-01
4.915614586943375386e-01
4.650004187505309416e-01
7.284012573255304046e-01
6.971046445958913873e-01
3.019679007990090924e-01
2.964306837146994389e-01
2.275218317886746888e-01
2.812671517873345794e-01
3.080877138796653258e-01
8.911325972680338436e-01
8.987419075831168946e-01
3.412409255294501786e-01
2.666919816638415597e-01
2.549600823147020745e-01
2.865224329583223040e-01
2.473675053392412337e-01
2.485583537877531224e-01
7.120387543984673107e-01
3.251930440732466732e-01
2.591145590130610188e-01
2.986342603304718568e-01
2.475868815297271042e-01
3.023197130608821781e-01
2.800851180558733833e-01
3.034337670309577017e-01
2.764070407454490286e-01
3.853429300155337134e-01
3.418510033418852290e-01
3.943408395053382143e-01
2.478435997822323600e-01
4.980599174467509882e-01
4.969072261270175428e-01
2.475002388654558294e-01
