2.428863474649052001e-01
2.986824025197573063e-01
2.359799946575164564e-01
2.835092824270759038e-01
1.737137829118372279e-01
3.891769372348241052e-01
2.758953238720952550e-01
2.728672721301557136e-01
3.101675345889843838e-01
3.010952463568296600e-01
2.452654378082679831e-01
2.483676768949125979e-01
2.530465298676677910e-01
3.711172661729277289e-01
2.916317629640318154e-01
2.249703916316073971e-01
2.915772737596086239e-01
3.579638075348073878e-01
3.581671423666378806e-01
2.539130456909751699e-01
2.846705650198494419e-01
8.036201352739598125e-01
2.512486455584455047e-01
2.437393907442178265e-01
7.712129793515555276e-01
2.565365730717575898e-01
2.784719739676740358e-01
3.420310194594825548e-01
2.515684758811387867e-01
2.681834385726757919e-01
9.079312372115642127e-01
9.277617250906721180e-01
2.795519164876613671e-01
2.843859165046360160e-01
2.543988275957907441e-01
2.726931226103312955e-01
2.688154352734798413e-01
3.052010113531648527e-01
2.748998204648880894e-01
2.577003991475660949e-01
3.810293090069663546e-01
4.924145304942866841e-01
2.187394973946725218e-01
2.206685979599306568e-01
3.061636891621502543e-01
3.218565547899654433e-01
3.074188045557778026e-01
3.339876421751744595e-01
4.466354056341996226e-01
2.478908020017104030e-01
2.822560452257126262e-01
2.914995042188678886e-01
2.613788535984087891e-01
2.982712655542329450e-01
2.264038098615872019e-01
2.994672838242036783e-01
2.841585216847373752e-01
2.736395805104098189e-01
2.570031093550432244e-01
2.565450355831814799e-01
2.850050896562257297e-01
2.962612981091579667e-01
2.168969904290106165e-01
2.502552912507920446e-01
3.025152292301394596e-01
2.788367136038826799e-01
2.925433310576041612e-01
2.712134669877286908e-01
2.902991026116147344e-01
3.388729896313572576e-01
2.939520421288750462e-01
2.282158096781889689e-01
7.733856959186724556e-01
2.304404672422544487e-01
3.278670178478836905e-01
2.867484110602456782e-01
2.197084502450704080e-01
2.361894986136355012e-01
2.423092352395521676e-01
4.332909891808027769e-01
4.446516244940747487e-01
2.974265450769555952e-01
3.274173742548766031e-01
3.643092287266052609e-01
3.013235232829176158e-01
2.908331858663064651e-01
2.702607589032913760e-01
3.089432226882657950e-01
2.548695540865636433e-01
2.892822062988248399e-01
2.477135104348483219e-01
2.488299899822997985e-01
4.242503252778781486e-01
2.670975704753513758e-01
2.492146644805697531e-01
3.034304491033478768e-01
2.963562369486469339e-01
2.409789251614892214e-01
2.581013721086427570e-01
2.814300077722791116e-01
3.180769131174576714e-01
2.566631499043344755e-01
2.654466843253467379e-01
2.566631499043344755e-01
2.654466843253467379e-01
2.319419797202184608e-01
2.488263097082703545e-01
2.785850098872467151e-01
3.166284448900543724e-01
2.951107366908787277e-01
2.265665303569345812e-01
3.434045037107508747e-01
1.750244465034181129e-01
3.772384901891830400e-01
2.704323254471683868e-01
2.949384683835973298e-01
2.508464769955661700e-01
3.527019346832341862e-01
2.841876530380351706e-01
5.065737482120967750e-01
4.873850566349925417e-01
2.951749000613037577e-01
2.278938529551067238e-01
3.317639548873460575e-01
2.952161531347053947e-01
3.933507668950227965e-01
3.089715093605061580e-01
3.221013071807578565e-01
3.082135400277591364e-01
3.234980522133799052e-01
2.658887752567942742e-01
3.362602831863960584e-01
3.152364305888409324e-01
4.528379481776375060e-01
3.872324095814710376e-01
4.362178866145434708e-01
2.841989280389682904e-01
2.473361496402393112e-01
2.639538197305510425e-01
3.070861037283703632e-01
2.966286772975346153e-01
2.151545801816581727e-01
3.174379285964169517e-01
2.551453179200895982e-01
2.489297765743965773e-01
3.465501422592364156e-01
2.874930877966278553e-01
2.599705403269864101e-01
2.696243279355158284e-01
2.531382441346123890e-01
2.745472840278130877e-01
4.633987280894130145e-01
3.067619916298351956e-01
3.728108288575059381e-01
2.827445575492125718e-01
1.732229874866818564e-01
3.133865109274223681e-01
2.525614887394719288e-01
2.761436828187855963e-01
2.778237515605198604e-01
2.896982711835245361e-01
3.349126078326568057e-01
3.502742991377809090e-01
3.398190181448230152e-01
2.228556443257060926e-01
2.650220769863188552e-01
3.923320759936662072e-01
3.923949018812998846e-01
3.737462587288621352e-01
2.520434610784149654e-01
2.632786838995123113e-01
2.502782101173734453e-01
4.344319001463744501e-01
3.313482351293087214e-01
3.534420502227458849e-01
2.567790152980948259e-01
3.625819086333635921e-01
2.347520807003079524e-01
2.884891719931707565e-01
3.298905165891201641e-01
2.582442042639743751e-01
3.548700491072915297e-01
3.397523675527284182e-01
3.851128781582116578e-01
3.728195544178412035e-01
2.664505569357739079e-01
2.571430835799711212e-01
2.850271260284447106e-01
2.468598500023635733e-01
2.474884650605213843e-01
6.056537134911355036e-01
3.028139420203226351e-01
3.250634801660694517e-01
2.916768945444426775e-01
3.175612028959476918e-01
2.465925595095659062e-01
3.019024539934812568e-01
2.585756574320152157e-01
2.987247263448140067e-01
2.929450675494439937e-01
2.803337620856718448e-01
2.993921676190201553e-01
2.476541519733545527e-01
4.966420837725812332e-01
4.975646185711816161e-01
2.506182588316877013e-01
