2.494700451575559141e-01
2.595736137519459308e-01
2.228431267903928925e-01
3.901200808124447028e-01
1.758602130236769645e-01
4.004066069752328372e-01
3.245480338522643837e-01
2.703184415503956384e-01
2.556088315939816225e-01
3.042549344895272845e-01
2.412512416476639832e-01
2.818970179610108540e-01
2.487777725358094050e-01
4.566654890133839961e-01
2.949916524833506304e-01
2.286741457414973033e-01
3.077035919962421984e-01
3.006867510220126993e-01
3.393452079775181596e-01
2.556984512582846092e-01
2.844133114358870507e-01
5.592772529351616173e-01
2.488778124773709799e-01
2.469387126526055853e-01
5.950536789826884609e-01
2.728449268747248913e-01
2.568073803345049533e-01
2.980151049835800259e-01
2.412953335225211660e-01
2.428494658488546121e-01
5.768525749478395914e-01
7.320607430909624735e-01
2.660066182388139966e-01
2.709127769415848874e-01
2.679341734718589385e-01
3.277795707435197103e-01
2.536949292265047728e-01
2.779234697804239262e-01
3.348215225599533995e-01
2.579164432776440696e-01
3.502604204182074854e-01
4.765554376054065844e-01
2.219812562441774162e-01
2.226658374322442735e-01
3.060449157508952078e-01
3.610759921870638212e-01
2.848035947005812529e-01
3.170389339875026025e-01
4.334476677234683217e-01
2.784766241540396203e-01
2.635314173006254035e-01
2.629104556821843519e-01
2.780588774190185242e-01
2.970034272121733210e-01
2.327091762109594897e-01
2.776071605965970690e-01
3.265150278315150922e-01
2.785824386089763571e-01
2.500366564837979699e-01
2.548897836237376535e-01
2.887194057535614755e-01
2.987804267908373279e-01
2.154281510757524443e-01
2.655939731085877331e-01
3.155540153353499355e-01
3.429597570083388058e-01
2.823815700899296455e-01
2.710922783468229791e-01
2.946319155104455967e-01
3.091778007261328787e-01
2.961001234315909780e-01
2.358733082989184215e-01
6.541578752734213964e-01
2.353315485268764051e-01
3.235635302708303462e-01
2.883520881450731821e-01
2.216455403787911671e-01
2.413079465103873666e-01
2.428548716671811991e-01
4.435181914869827380e-01
4.391581924281113269e-01
2.911533696220112155e-01
3.394490971162316684e-01
3.637828854234763098e-01
2.652843284276103497e-01
3.687867654096002035e-01
2.634541373987137614e-01
2.522971125167493001e-01
2.568658419842073659e-01
2.855175527700047344e-01
2.490948913083356475e-01
2.466115733187986270e-01
3.324952843562220539e-01
2.627209333696889915e-01
2.687065495725013409e-01
2.714180333492260955e-01
2.937671947143138951e-01
2.338422856502591074e-01
2.529866128110527801e-01
3.215609012724119919e-01
2.838120144268843625e-01
2.940884388059009646e-01
3.013079515178939682e-01
2.940884388059009646e-01
3.013079515178939682e-01
2.285771986892028984e-01
2.447193872677212445e-01
2.626471470431633870e-01
3.120233452683650599e-01
2.970694694297637550e-01
2.186466814154708893e-01
3.248709787613267008e-01
1.744160075933266496e-01
3.808283018695103883e-01
2.762989528322246646e-01
3.060513681824943433e-01
2.464978618481246941e-01
3.723711526333206012e-01
3.469937811836824593e-01
5.668563470310433727e-01
5.354139506979556096e-01
2.959461735352745260e-01
2.333795973498754006e-01
3.504974692434724148e-01
2.581439911086838568e-01
4.903077159755380721e-01
5.062130161266463757e-01
2.533035402375616862e-01
4.260480328761453439e-01
2.851903602574910046e-01
3.473885129419652107e-01
3.479520215431856078e-01
3.714673163724316884e-01
3.886911616447376039e-01
3.631265185683085206e-01
3.505917620559638181e-01
2.688542472270673556e-01
2.496082446017560963e-01
2.645249760891481006e-01
2.844376828778860111e-01
2.974870133870788913e-01
2.153166632548967618e-01
3.390467601391515817e-01
2.639014677549985088e-01
3.652855773719709265e-01
3.069087667988102397e-01
2.957438662862525436e-01
2.809210102614368432e-01
2.585323981031014684e-01
2.477327666170848486e-01
2.596814125582687649e-01
3.556977975480673515e-01
2.961139192276476817e-01
4.279606241688292401e-01
2.996355211298932231e-01
1.733008920908728490e-01
8.322387698717031990e-01
2.479149054363415927e-01
2.706139473171279564e-01
2.718703373858419314e-01
2.827567817022588192e-01
3.694440679989616227e-01
3.761014125952122367e-01
3.691609141768845137e-01
2.271096872610279538e-01
2.584776619552028865e-01
3.338790411971415129e-01
3.889186506359761930e-01
3.935144439937064975e-01
2.595622370048902838e-01
2.607390645888061353e-01
2.466909170189326983e-01
4.460854431284786425e-01
4.455301212387334231e-01
4.438177296904817215e-01
2.530005331667927737e-01
5.496657413486627508e-01
2.438932314389475053e-01
2.900981342324894796e-01
2.513666153086688837e-01
3.557624635055823270e-01
2.543830582260251383e-01
8.995614711347192927e-01
8.463586273403017612e-01
2.725592483072438732e-01
3.386559260673911442e-01
2.558832376348710858e-01
2.876220723649824396e-01
2.475279866035508813e-01
2.473760965318230753e-01
7.617424221825608299e-01
3.007612719387728339e-01
2.688038957716544219e-01
2.905791623308407456e-01
2.852212439674608468e-01
2.785761817277629948e-01
2.755887242964661366e-01
2.526686239635443365e-01
2.839848271014933090e-01
2.573877054823544563e-01
4.364853567626452158e-01
3.943173456213366901e-01
2.481529689032732355e-01
4.967444537106632252e-01
4.966081715302829713e-01
2.489921703120555885e-01
