2.912850010029461867e-01
2.831877769275927825e-01
3.633226447959848615e-01
2.412833350094139850e-01
1.735630466971462837e-01
2.955376884359417478e-01
2.660379547994363714e-01
2.705408407250270431e-01
3.384106280698750968e-01
3.024592362012222813e-01
2.559385126218463591e-01
2.355489578796120254e-01
2.549884065664391186e-01
5.050598367831737878e-01
2.971580759184508369e-01
2.298081758501472338e-01
3.867768055429655627e-01
2.492197342190530795e-01
3.787678466565866930e-01
2.553856332754073644e-01
2.878681283397448998e-01
8.980106061894302938e-01
2.485942840969752876e-01
2.475998583066746084e-01
5.726370696203432198e-01
2.408707507417247318e-01
3.821212199487865058e-01
3.295495330257233735e-01
3.438946192920815381e-01
3.079535634923867282e-01
1.218299502685343150e+00
1.119329578264945058e+00
3.688368237794398263e-01
2.888522401713073950e-01
2.578466002967307324e-01
3.742057345439760985e-01
3.015521668450364401e-01
2.534554592580547383e-01
4.561532240784343939e-01
2.461892973556231434e-01
3.946830768877852003e-01
5.436254818059040872e-01
2.219578743527173270e-01
2.264645781696827953e-01
3.603086982317927345e-01
2.647510479724919374e-01
2.930428179800370070e-01
3.284407789754458795e-01
4.719618863690121513e-01
2.451888143998236513e-01
2.990242730670534255e-01
3.167107094476387386e-01
2.536509592860716755e-01
2.947735414819824817e-01
2.202005864966449511e-01
2.719362270565294781e-01
2.438112429225937072e-01
2.569126988681211254e-01
2.418380786266733917e-01
2.837533425198366377e-01
3.268382981611544502e-01
2.967341606423839484e-01
2.108857741022212018e-01
2.837574521565646712e-01
3.196857420137856343e-01
2.530531191248866496e-01
2.870444689476770450e-01
2.806321053264463905e-01
2.810437738988806333e-01
2.846518216962713455e-01
2.958954474546554581e-01
2.265955795568286579e-01
7.181484214554867407e-01
2.315346065824432364e-01
3.267765563804254647e-01
2.858921337897115111e-01
2.198423367231640835e-01
2.405668633823660751e-01
2.369269092719655800e-01
4.348672632814022387e-01
4.441858792624086560e-01
2.915578134851296577e-01
3.385869616335375754e-01
3.659386600604244144e-01
2.617524667146166051e-01
4.157862595072809864e-01
2.748768382228006790e-01
2.366577969251145996e-01
2.547939645903911088e-01
2.876868810515648134e-01
2.475175134805848165e-01
2.463229527202367153e-01
3.465842047989509678e-01
2.921627164422905820e-01
2.468706706057634537e-01
3.095754392700454938e-01
2.942936614861079159e-01
2.255265809884663408e-01
2.505893347828970219e-01
3.433932776399016840e-01
3.571452770980113600e-01
2.825567012770043296e-01
2.482441941940414787e-01
2.825567012770043296e-01
2.482441941940414787e-01
2.444161906198940304e-01
2.422478767913976427e-01
2.842696349163236769e-01
3.420090813951740527e-01
2.940708137800967514e-01
2.206212362455768072e-01
3.504967996877008662e-01
1.755963076560255187e-01
3.722573852028835950e-01
2.624929652512761891e-01
2.895154159401197025e-01
2.928855544513041531e-01
2.819027594930294534e-01
2.861728377716541427e-01
4.867860998596271194e-01
5.515074044730141622e-01
2.979225339566795028e-01
2.244770695091548307e-01
2.714907082071862932e-01
3.561853280373788455e-01
3.490214422809985728e-01
5.876483640742080627e-01
3.268231948342163462e-01
4.610615552204169743e-01
2.950616659640480921e-01
4.547443267017404755e-01
4.310921066240770982e-01
4.673665683200798893e-01
3.018015340991208606e-01
2.715345661620895412e-01
2.988087899726655228e-01
2.474775295548408693e-01
2.464008312148240343e-01
2.970860473870683971e-01
3.172020893103656980e-01
2.845532414391402920e-01
3.017393070393796228e-01
1.202676552993684922e+00
2.740217791488033794e-01
1.199405114444378029e+00
2.593443382061352276e-01
2.775732025844236950e-01
2.649553082276026594e-01
2.675909321796496321e-01
2.554069576965090071e-01
2.716263555064720725e-01
1.225232986442041039e+00
2.440711935406141564e-01
1.230873442863214651e+00
2.816705427079965740e-01
1.734672957754579692e-01
1.101543213898983353e+00
2.440143197138577857e-01
2.789060237083440530e-01
2.789763340941533998e-01
2.751364203347327897e-01
3.584309256478354633e-01
3.301734757771311313e-01
3.757057758306142636e-01
2.265182225428297724e-01
2.688113121265120475e-01
3.794773204026448687e-01
3.624394603335225895e-01
4.229391400260550382e-01
2.563372199248144523e-01
2.498333735813507706e-01
2.595664798609631507e-01
3.737419622582235923e-01
4.046872306606274505e-01
4.433887647434167079e-01
5.835661879124062201e-01
6.632083804804477234e-01
2.490639703519789139e-01
2.856852072682452004e-01
2.183151730205283580e-01
2.676397991019535683e-01
2.428044483214973903e-01
7.369357916654883933e-01
8.861704202447137080e-01
3.785907329485916906e-01
3.593006602500630198e-01
2.554074018794518230e-01
2.884945996508369026e-01
2.463207896459046475e-01
2.471725452830278724e-01
8.788545677208963181e-01
2.362359731844999033e-01
3.812224657349838619e-01
2.952876071203098252e-01
2.760924937986819483e-01
3.132903745141368823e-01
3.051407809023297668e-01
3.292721686240996926e-01
2.382029539484429859e-01
2.760784302119227984e-01
4.922816168315403140e-01
4.935477724429662705e-01
2.495871164245953844e-01
4.961925598774685753e-01
4.963332775871202029e-01
2.455792400137168374e-01
