2.502614495991021815e-01
2.590847261831737969e-01
2.272650883263661326e-01
3.378725599060581342e-01
1.741660541516873439e-01
4.002744849223690005e-01
3.073942508988627420e-01
2.657403868170369332e-01
2.549195530171195490e-01
3.040754582854693910e-01
2.436803206965345303e-01
2.840397362811054038e-01
2.552808334111740796e-01
4.401646184710947263e-01
2.940077847512442277e-01
2.292101173331981545e-01
3.723011530640252809e-01
2.772430757497157394e-01
3.375713995019440916e-01
2.562672190954105034e-01
2.839758973653475627e-01
4.775682719358688155e-01
2.505481645102147215e-01
2.463537793876820758e-01
6.310545582827989941e-01
3.014270520325273983e-01
2.483331479745785886e-01
3.004947481239015339e-01
2.432688734138391817e-01
2.448000988420545587e-01
9.088842626731613583e-01
6.635078345048533999e-01
2.536789090577576955e-01
2.860705916278534211e-01
2.949951665674602208e-01
3.471319424788970043e-01
2.467617713809335256e-01
2.667700353761297549e-01
3.980057257657428349e-01
2.505004974792917061e-01
2.631323716247211952e-01
4.806463056106617948e-01
2.225896817535211736e-01
2.233321540482914869e-01
3.154567668623518006e-01
5.198277347549030702e-01
4.184823766485786800e-01
3.756268939504521231e-01
2.709357692815410612e-01
2.819417709634907121e-01
2.535154188858190216e-01
2.672590424633123907e-01
2.964576550327980842e-01
2.959586751124365089e-01
2.277608994201971437e-01
2.768983001929121168e-01
3.386357522253833907e-01
2.533454882144830500e-01
2.787315981053899439e-01
2.922087552094809193e-01
2.583300030829626115e-01
2.971042696143469941e-01
2.138677885569755521e-01
2.745405608569868594e-01
2.679985157853779221e-01
3.533957876544624455e-01
3.571077918173115595e-01
2.626070006018083602e-01
3.024317170611461325e-01
3.354663728609163509e-01
2.974128845235145535e-01
2.268805530567344908e-01
6.860848222659990947e-01
2.344269149031796007e-01
3.271991763023486266e-01
2.860582663124473513e-01
2.194560763560846894e-01
2.389874999045445703e-01
2.432426978825489861e-01
4.394944978837810323e-01
4.400455701044848622e-01
2.919258629396233595e-01
3.402810560997294731e-01
3.637249505042619568e-01
2.619877711528277309e-01
4.163346381171662003e-01
2.653814899594937882e-01
2.340614832867843054e-01
2.555972669264085506e-01
2.846380564667142510e-01
2.491766936843459734e-01
2.448533292155969932e-01
3.415549974592202442e-01
2.596871971301204507e-01
2.544533869284776317e-01
2.882279296522932688e-01
2.946987541354933460e-01
2.261009508242493304e-01
2.709993084115620010e-01
2.879142373618435724e-01
2.948719425128084604e-01
3.048127176515652015e-01
2.831424010910928435e-01
3.048127176515652015e-01
2.831424010910928435e-01
2.489930887190661135e-01
2.655533499012078802e-01
3.050841721921171978e-01
2.731438090233115901e-01
2.961023884155079555e-01
2.212416050232681453e-01
2.824808003971830406e-01
1.743100137869139088e-01
3.670982893091965793e-01
2.505683690022986743e-01
2.951495837168230940e-01
2.470615939934774630e-01
3.400279439459545361e-01
3.561837073114462737e-01
4.865689204865739081e-01
4.547267598742609218e-01
2.978988943733459904e-01
2.268130875811776859e-01
3.247729247077406067e-01
2.682636637885349451e-01
4.725887251399781275e-01
5.228678264426011024e-01
2.468550154921643203e-01
4.828716333385069115e-01
2.795763042750679661e-01
3.782416135875470986e-01
3.675451115050528128e-01
3.603614370679948942e-01
3.947237796233702412e-01
3.521813877181093067e-01
3.888645576262629855e-01
2.556535262662318342e-01
2.807188187312311123e-01
2.836056829188602912e-01
2.612669075261959684e-01
2.965742323924804302e-01
2.179663247658951697e-01
4.809782898938453344e-01
2.737597128271004876e-01
4.292657058003473414e-01
2.704572592607037973e-01
3.471353677823952322e-01
3.040134333674405220e-01
2.581829261679957077e-01
2.383216312428009520e-01
2.559296076486627936e-01
3.492891771148483593e-01
3.762901274279961683e-01
2.839507928108230272e-01
3.669073302716270857e-01
1.734667724420660695e-01
8.916260960113283618e-01
2.576314436748955994e-01
2.768365091764919406e-01
3.015582028279198967e-01
2.676257704303898199e-01
3.136945673869868112e-01
3.311798587390644699e-01
3.350854383972274309e-01
2.254643574552844532e-01
2.866541742355990241e-01
3.728450099154625996e-01
3.488796063713278106e-01
3.188423971028637727e-01
2.591883056566559596e-01
2.538773518822414754e-01
2.560806897606694998e-01
4.334482149599610534e-01
3.866081401028470532e-01
4.261440770667542788e-01
2.567872823435056184e-01
6.134061247079853896e-01
2.403478622312468227e-01
2.910643582338424129e-01
2.482930329719603146e-01
2.554448757809358317e-01
2.507692377139910112e-01
7.980693486445028517e-01
7.510023542945842845e-01
3.622473373341381642e-01
3.596821441902730565e-01
2.534793158127809365e-01
2.861966301591181150e-01
2.455457214558502133e-01
2.485659058891354634e-01
8.708383472266867376e-01
2.997102323469897356e-01
2.814070233200401949e-01
2.518869441785290264e-01
2.562832973134104853e-01
2.728205033383458433e-01
2.902823595987290006e-01
2.875676451239761455e-01
2.738131439872540929e-01
3.816537637821771356e-01
3.760535218236087940e-01
3.449017093935254352e-01
2.478351725978331366e-01
4.966698893773042189e-01
4.954348559285561837e-01
2.479439049578579246e-01
