2.424051375225634297e-01
2.758143766166242239e-01
2.268866022316259334e-01
3.131306163587369573e-01
1.747315162248565257e-01
4.176553912476909658e-01
2.753427572516692345e-01
2.629191387663102342e-01
2.752629841239839781e-01
3.035528968689668594e-01
2.460133843260486342e-01
2.588274596764991720e-01
2.648237913102179930e-01
2.933650227256312526e-01
2.967800781631734774e-01
2.183335896585401614e-01
2.594812023891123753e-01
4.107847802292245443e-01
3.690541255233131257e-01
2.550746814433268450e-01
2.883067123535800746e-01
6.997284919853732355e-01
2.499263059013746291e-01
2.468157284038806909e-01
7.738169845299679439e-01
2.759290524034710979e-01
2.525929747264592518e-01
3.177522265533137547e-01
2.425756599961714777e-01
2.534519610139147061e-01
8.688176275629094780e-01
8.501524692201355426e-01
2.514757536923160619e-01
2.865920856767548153e-01
2.734867421648716213e-01
3.192078057255723911e-01
2.511913889854789916e-01
2.812241304553751431e-01
3.406360554528230500e-01
2.569459460693611641e-01
3.136002489263092774e-01
4.778650926996244608e-01
2.206343251483194878e-01
2.217043075777873073e-01
2.902171362203690985e-01
4.119449559008961370e-01
4.085299104710838347e-01
3.411732327650977004e-01
3.445759570329113286e-01
2.438511521313748986e-01
2.611565799458166470e-01
3.106038741902404920e-01
2.884962823606861959e-01
2.956642024321750051e-01
2.297107581175286961e-01
3.226189062306341615e-01
2.985529220796481753e-01
2.466875740815017426e-01
2.987518643626894677e-01
3.003315179906935750e-01
2.572609122790085467e-01
2.962591144511281804e-01
2.174667620145821212e-01
2.722206624328444291e-01
2.542701704793448036e-01
4.474216777599089312e-01
4.440799891925822918e-01
2.565583159499142396e-01
3.034560283517261370e-01
3.222623547169062852e-01
2.965269839292990484e-01
2.271524102508708509e-01
7.181510713343480790e-01
2.331806435610159212e-01
3.367919417882487831e-01
2.833037284985285842e-01
2.236843995543411900e-01
2.419430910110953736e-01
2.396680680412867082e-01
4.403280538221322482e-01
4.317839429257797068e-01
2.939796442639910357e-01
3.356191058142246608e-01
3.643110787856334021e-01
3.598208385614262150e-01
2.706695063971321091e-01
2.752177047033734780e-01
3.202402298353759225e-01
2.556327845085121786e-01
2.876568289946357382e-01
2.483315127704532888e-01
2.475720303613995199e-01
6.823050329867613728e-01
2.565560598635605039e-01
2.466108667356284589e-01
3.164150293451900575e-01
2.968411821373687087e-01
2.347954696464773228e-01
2.871998210447186950e-01
2.536190877201883187e-01
3.251591917233339069e-01
2.836926327939565118e-01
3.146468096876616216e-01
2.836926327939565118e-01
3.146468096876616216e-01
2.375665738044078767e-01
2.493408926362513101e-01
2.748080698366325292e-01
3.108273645030140697e-01
2.963201207965954209e-01
2.202358441925061638e-01
3.290635052605520583e-01
1.748774445689894874e-01
3.799432912999163303e-01
2.673702221179526939e-01
2.958268700974078236e-01
2.477813914883360280e-01
3.290303045462697473e-01
2.842329010654136567e-01
5.271034830947076699e-01
4.927005135117919488e-01
2.962174963825319196e-01
2.272739478026436499e-01
3.256825628577305620e-01
2.886783586390640477e-01
3.906136794376069421e-01
4.222736665242821652e-01
2.779678183674517689e-01
2.978938789898039063e-01
3.085445193810461562e-01
2.917541073720054112e-01
3.295916468170883573e-01
3.312053416364748593e-01
3.744610796696779542e-01
3.623093132690691220e-01
4.074990803074086676e-01
2.665362700078951486e-01
2.498710243218776328e-01
2.743345835837676661e-01
2.940893391450466465e-01
2.943255578005858908e-01
2.181915866552717187e-01
3.076604851388990980e-01
2.627935055163020395e-01
2.769969198791527032e-01
3.068216146399888045e-01
2.849416791703140994e-01
2.934065195304365603e-01
2.643948852369495395e-01
2.533903189292803781e-01
2.577917878975032329e-01
3.039519561408652315e-01
2.625372471263422991e-01
3.828928741125612878e-01
2.758598831447013899e-01
1.739739115219374466e-01
3.091303022766533348e-01
2.442598092229253393e-01
2.628238632895835702e-01
2.706441415110100723e-01
2.864957994484559345e-01
3.942574922195937748e-01
3.891502228151979548e-01
3.898358221220825093e-01
2.262231495185170471e-01
2.558541221024180357e-01
4.228515360540546220e-01
4.302762373641487725e-01
4.440722008067379267e-01
2.546666782019414432e-01
2.572860049378835057e-01
2.514587080635246052e-01
4.450887384228794375e-01
4.398157867399135612e-01
4.412071252732883697e-01
2.514494052365094934e-01
3.337342689682946673e-01
2.370844985752594836e-01
2.898797343579835317e-01
3.115827505944226972e-01
2.739350467571510239e-01
3.034095402368522931e-01
4.085485015407319676e-01
3.617670204110823851e-01
3.124343277545360564e-01
2.836946065533085815e-01
2.562490749325954109e-01
2.871497493484020946e-01
2.473800149334511034e-01
2.485213562606937709e-01
7.757347516297975476e-01
2.741172266253333323e-01
3.424601113217848325e-01
2.861711259099484206e-01
3.037423614758573698e-01
2.490856726090187878e-01
2.824981355187914378e-01
2.639359183495008643e-01
3.023218699650328523e-01
3.253342734088512933e-01
3.081617548613441171e-01
3.343734557055989542e-01
2.475010301573461746e-01
4.972975838329444787e-01
4.967997339344218943e-01
2.479389321994363571e-01
