2.413549487192914178e-01
2.681185719175372961e-01
2.314534875127917668e-01
4.192255653913472546e-01
1.767441455894292190e-01
4.146114524126336964e-01
3.631226028510942672e-01
2.945459453586170562e-01
2.367403223217096342e-01
3.003352461812845431e-01
2.490178667094049003e-01
3.000834310331823573e-01
2.455094561617692794e-01
5.213669058360362873e-01
2.991555888674011232e-01
2.162134476241871772e-01
3.121114002786828379e-01
3.436556872320422618e-01
2.605018155203576713e-01
2.530473370114109666e-01
2.933357620856859582e-01
1.420915092744266195e+00
2.397809917616294251e-01
2.511835867416359336e-01
7.504530875805405232e-01
3.012992720984756234e-01
2.398387655457600298e-01
2.881863048873100630e-01
3.080802457310613529e-01
4.185648549946384689e-01
8.724112740088180162e-01
8.552086439174524379e-01
3.245827623857669986e-01
2.572856628819871205e-01
2.490927379102643446e-01
2.656720656726111462e-01
2.646710573757948270e-01
2.567223203362259398e-01
3.992234039844442250e-01
3.050761317215821555e-01
3.462127009223410767e-01
5.299032417600051392e-01
2.097911805039030242e-01
2.121120212036696762e-01
2.689231320909359901e-01
4.957027029818104613e-01
6.270640852637466844e-01
2.628027859537737654e-01
5.100487876374995011e-01
2.580036266025703129e-01
2.435559183837633090e-01
2.763892709515170520e-01
3.288660469063496294e-01
2.985376422304761301e-01
2.304741804469431221e-01
2.976267356160232080e-01
3.557565889238522017e-01
2.468818210428571913e-01
2.601195462454642948e-01
3.322494716724946895e-01
2.850527416499415989e-01
2.969550733987881830e-01
2.176209792679866528e-01
3.075105314301406767e-01
2.811783674476027728e-01
2.682537088229804967e-01
3.539066912024164124e-01
2.607532702739221442e-01
2.794007054847941207e-01
3.361255512334683226e-01
2.985152720615237842e-01
2.345637019978702720e-01
6.201675450403784096e-01
2.426843479615359567e-01
3.210519955424432359e-01
2.894074704664622577e-01
2.170310636823019335e-01
3.039996033199847680e-01
2.370955765809708848e-01
2.894103907721561342e-01
4.796375431359304886e-01
2.912469060278097266e-01
3.472579835350214084e-01
2.420720390605598515e-01
2.608985026381027139e-01
3.962157982424076019e-01
3.535956727786855880e-01
4.113565699278889376e-01
2.607107964783560439e-01
2.885585813169944669e-01
2.436909618986609627e-01
2.423560060274816130e-01
6.857753200352472156e-01
2.402900571928962559e-01
2.772175471818932868e-01
2.721824233216009747e-01
2.935862606755388349e-01
2.321555654284260806e-01
2.763892556891988650e-01
2.858813221390184567e-01
2.789935618418113994e-01
3.424429630069534825e-01
4.009587715883174974e-01
3.424429630069534825e-01
4.009587715883174974e-01
2.597669073008177509e-01
2.440957719239778834e-01
3.940569264822715856e-01
4.068366275167190627e-01
2.957505141898472689e-01
2.196704045276230977e-01
3.262867375730073016e-01
1.727788840551595928e-01
3.862479135623698712e-01
3.308793608120798591e-01
3.569903311925695100e-01
2.510735552849631680e-01
4.010924294942579960e-01
3.702350476148996705e-01
5.856711422424744073e-01
4.727663319507018902e-01
2.961484684306706638e-01
2.323125355846520357e-01
3.857542770674423638e-01
2.477464116079016732e-01
4.568948360120126395e-01
5.456661336101314985e-01
2.835840917217614110e-01
4.943527481212585117e-01
2.526256498732984968e-01
4.193415869796402462e-01
3.392902817087679046e-01
4.607762891846095554e-01
3.826483796042795538e-01
4.871528274397498026e-01
4.749360061258416366e-01
2.982097407509561315e-01
2.515523009480264971e-01
3.473437334770501095e-01
2.679759942683282992e-01
2.989974918952797434e-01
2.129364284852411360e-01
1.070420984019674338e+00
2.698815915334654147e-01
9.656324760840485633e-01
3.804069468142409205e-01
2.697778178515912728e-01
3.628172499276002827e-01
2.923256638307747957e-01
2.373656663329869743e-01
2.675009825131192120e-01
9.435147452453975792e-01
2.661216024555190796e-01
8.515551880644580685e-01
3.975601814906912779e-01
1.754852460425988803e-01
8.512844274474861139e-01
2.589085231145530908e-01
2.693535542601136479e-01
2.725981529662440672e-01
3.616599355861077059e-01
2.726906607934604931e-01
2.936388426879996683e-01
3.810721824077618614e-01
2.155143398509916652e-01
2.653025271965112619e-01
3.222030804124791370e-01
3.098098435741610257e-01
4.404557172159205836e-01
3.072081054323748117e-01
2.437803399536135063e-01
2.458222747064842950e-01
4.154206932172087585e-01
3.611749505482941269e-01
4.564654988123775792e-01
1.063698345019603808e+00
6.940611949873373154e-01
2.414585628895137004e-01
2.951961376654694824e-01
3.216723006092267467e-01
2.559332543735066134e-01
3.454242858857216047e-01
8.571909245932668453e-01
7.172126007858822261e-01
3.744004700570213728e-01
2.503671742212633666e-01
2.582780446782928507e-01
2.875024514224028827e-01
2.496453820413973568e-01
2.419212497886568114e-01
1.452415651875219371e+00
4.073919868564876423e-01
4.385443877892442610e-01
2.964940025103200427e-01
3.648907962278338801e-01
2.370374292459384025e-01
3.780825706049237289e-01
2.475126198935773403e-01
3.644640368871538971e-01
3.232254465851558400e-01
2.780122236834856597e-01
4.364277272749580439e-01
2.482592393402292541e-01
4.979905134045239379e-01
4.996070196684707643e-01
2.498972199825090224e-01
