2.699902479643110920e-01
2.732952772385329743e-01
2.407906179895203669e-01
3.743156926993562172e-01
1.764829347161301076e-01
2.544180810879461130e-01
2.952449157074714670e-01
2.484741383059564657e-01
3.766779095428833268e-01
3.025067253249119625e-01
2.406756992176261045e-01
2.318604103545721107e-01
2.439821831263236929e-01
5.094685750201415342e-01
2.994926619221381370e-01
2.222656952001103858e-01
3.640817277134072438e-01
2.739743256723370934e-01
3.640025229813981245e-01
2.529798346396534559e-01
2.875507074398878093e-01
5.889687384303782247e-01
2.402232051574814675e-01
2.590141845442070490e-01
6.424066856595745945e-01
2.628774212146622324e-01
2.877295843469181436e-01
3.362161940532427673e-01
2.201546661152978535e-01
3.070920812871881789e-01
1.119415678093420352e+00
1.160941815198339944e+00
2.594454682363879217e-01
2.906529508439533172e-01
2.608738553224592693e-01
2.808125969465208871e-01
2.774469623342081803e-01
2.814912083084203931e-01
2.448657006732984087e-01
3.033356123833675921e-01
3.503346978482138607e-01
5.058614520944216819e-01
2.221775373692452815e-01
2.316411199246439512e-01
2.516791781575677955e-01
7.352068119305307237e-01
7.739522048200861981e-01
3.468984427375825796e-01
4.954161922349561431e-01
2.694940517534364921e-01
2.768167026952479404e-01
3.237067734588927048e-01
2.684119582039333207e-01
2.947899931843393495e-01
2.249893720185751345e-01
2.678261542859535771e-01
3.126247065831936345e-01
2.786352715647975598e-01
2.728335391419436928e-01
2.595842070811249513e-01
2.928564521313584135e-01
2.987374791939078622e-01
2.029819852966303628e-01
2.626763346730840998e-01
3.080986648886281376e-01
4.187556466145837542e-01
3.264760162517073017e-01
2.394577959560369174e-01
3.886076018813385824e-01
3.661742439758086110e-01
3.005683581515721792e-01
3.426146477469453888e-01
1.015064401364535795e+00
2.914297245426952787e-01
2.617887493134209431e-01
2.708252708934086872e-01
2.550760729734507515e-01
2.418107321336902260e-01
2.504026548293410426e-01
4.470154372143060328e-01
4.438968691996925675e-01
2.819759875952866923e-01
3.446752128143615312e-01
3.606969159819736204e-01
2.649548815116023470e-01
4.237336413309814587e-01
2.378859435267339228e-01
2.382012720311149911e-01
2.509838800328892394e-01
2.811918894337284702e-01
2.526876534719290635e-01
2.456873082895179583e-01
4.666288193518904337e-01
2.343904172243555517e-01
2.448063034688702511e-01
3.722447695333579443e-01
3.023616323900795155e-01
3.164591355490013469e-01
3.933612782366183169e-01
4.467579320349934213e-01
3.225749864690477531e-01
4.551901624917161771e-01
3.211347753182842157e-01
4.551901624917161771e-01
3.211347753182842157e-01
2.772280201439261682e-01
2.546571337712973948e-01
3.651595435094270869e-01
2.527885214958036086e-01
2.931571899675320947e-01
2.172208235420298450e-01
3.677056308942907581e-01
1.777639734186506615e-01
2.537383946041682492e-01
3.657105680904972345e-01
4.237965606342392610e-01
2.435935118458920912e-01
3.852565755121434843e-01
3.716374339784194736e-01
6.622012781059118947e-01
6.889402946869706001e-01
2.991175393417959127e-01
2.218542926174520424e-01
3.800252581735442114e-01
2.449585833909558585e-01
4.562801311663798876e-01
4.974250636147951599e-01
2.398315130516564531e-01
4.703606145338158351e-01
2.918205669195021446e-01
3.115208919291038714e-01
4.368714144325558935e-01
3.925884608531479136e-01
4.821827109790288723e-01
4.486863034928694760e-01
3.822412663262351185e-01
2.369211402172484437e-01
3.000182670934412599e-01
3.174885130349971440e-01
2.566879528713810199e-01
2.989191026804553508e-01
2.309569143979252892e-01
9.393016997114762567e-01
3.210879041032649872e-01
8.850384363253843700e-01
2.684572490044644932e-01
2.589060234993615928e-01
2.686947280225575052e-01
2.947010134273942428e-01
2.685500349238623685e-01
2.638685320864924133e-01
6.850170396029177100e-01
4.456294929415672290e-01
7.146338005109619251e-01
4.784538773041905335e-01
1.716235581355150530e-01
6.316241157025104247e-01
2.433480728703068530e-01
3.664149334457579288e-01
2.381073147727433281e-01
3.008985893224201402e-01
4.013425704568438501e-01
3.742574463861231271e-01
3.966132832681400489e-01
2.095421648034458129e-01
2.782127714209939873e-01
4.900662185409218052e-01
3.920985530939556374e-01
4.847208115453365829e-01
2.536454438476358764e-01
2.667391677959321528e-01
2.523558900239548097e-01
5.013854632786834964e-01
4.283393431594416656e-01
4.546249617104838325e-01
5.040344667032817805e-01
4.045036120311243377e-01
3.058784514098077389e-01
2.893095097077462152e-01
2.587490756288537419e-01
3.518014714719437386e-01
3.347699964939805373e-01
7.396298703019247300e-01
7.304120675766295756e-01
2.515425068281635368e-01
3.027450146006080978e-01
2.536465506992527930e-01
2.923346311000694642e-01
2.445637003110952834e-01
2.446748544106581713e-01
1.239472568223811688e+00
3.035248761185241340e-01
3.966316835143787189e-01
2.869554613606365989e-01
3.603286761141330508e-01
2.631679646575743603e-01
2.483656759934746716e-01
2.434972645929320556e-01
3.785391041475875129e-01
3.596418757060497184e-01
4.596014556009825891e-01
2.117107881469094399e-01
2.475797885212262239e-01
4.977532365890109944e-01
4.946494195838008201e-01
2.458429534205980316e-01
