2.477333220913215117e-01
2.615300639276006422e-01
2.203410045774996662e-01
4.121269584255146112e-01
1.745117021926153311e-01
3.926447636555396858e-01
2.972429925184285060e-01
2.766726948253887541e-01
2.514261426933898647e-01
3.059031943140521070e-01
2.426973114116583452e-01
2.773980814699523179e-01
2.662266365331518725e-01
4.713179843935483282e-01
2.976112391301194426e-01
2.316845879817854281e-01
3.802202121105979771e-01
2.664833069102640617e-01
3.775319319321943645e-01
2.549181029568980406e-01
2.849254193930886303e-01
4.558649488791575166e-01
2.510102981287157808e-01
2.471386025581017720e-01
5.470272582533399763e-01
2.847306859037573856e-01
2.722187134568002653e-01
3.072932399995296771e-01
2.320679885225933881e-01
3.030870645615124648e-01
8.140261762171244753e-01
6.606621410006977557e-01
2.955656322976004113e-01
2.767515023698843279e-01
2.587350462143332419e-01
2.732147324127520704e-01
2.637134396405897419e-01
2.650136493818797678e-01
3.278378402681790815e-01
2.851228495616290326e-01
3.110167586418985386e-01
4.800688408574745325e-01
2.188639401538785834e-01
2.195523565443965874e-01
2.943106117103472252e-01
5.644567799127848673e-01
6.508098490112547152e-01
2.992313481088703098e-01
3.238868739208007885e-01
3.035866737783924907e-01
2.432844248179952817e-01
2.770482511029555561e-01
3.466703162302489094e-01
2.947073395159850451e-01
2.315478604738272217e-01
2.818788701354306703e-01
3.840265067094667528e-01
2.439725793891501793e-01
2.543597307615428904e-01
2.687206269801699077e-01
3.063283286717700671e-01
2.977798440128099355e-01
2.205729392141770884e-01
3.135805196092051328e-01
3.249169235104092945e-01
2.617612884505851056e-01
3.543410705789460380e-01
3.025848368991641002e-01
2.690327267615658102e-01
3.124722610199909822e-01
2.922878879417831199e-01
2.271160685800110712e-01
7.246565920641042657e-01
2.259931268798981430e-01
3.288464701816254387e-01
2.873387965694416124e-01
2.124964244897800114e-01
2.856154933771933857e-01
2.423278529003633497e-01
3.457043137344160688e-01
2.677582997259727593e-01
2.938763656379307365e-01
3.298907632138294299e-01
2.554247031068777596e-01
3.292855744745627478e-01
2.793947625867237439e-01
3.398003110280409800e-01
3.430015764609052331e-01
2.531020004693603775e-01
2.859773980861154419e-01
2.498546131632303213e-01
2.450998507954539052e-01
7.015985654791264681e-01
3.028039669292886815e-01
2.485197072641779636e-01
3.081181331538549450e-01
3.010483941314918144e-01
2.248800471360605790e-01
2.487512895050921213e-01
3.656658206670999056e-01
3.716947429635308886e-01
2.626180321006282292e-01
2.656193378653259329e-01
2.626180321006282292e-01
2.656193378653259329e-01
2.569592930879673887e-01
2.582777077863823156e-01
3.132772800338454178e-01
2.932461223733611733e-01
2.987973794421897589e-01
2.233673477940557317e-01
2.917206543419015308e-01
1.724320791235960659e-01
3.636705649941656127e-01
2.431292544617546236e-01
2.794635581159372606e-01
3.008619525860067867e-01
2.808742183261643821e-01
3.060734474273651418e-01
4.079552130019628020e-01
4.731164974238911136e-01
2.977943490470474353e-01
2.309049028412707982e-01
2.785476668160010716e-01
4.022535049567071974e-01
3.550959753628085136e-01
5.723482239592362353e-01
3.062379783481511408e-01
4.709161462292237310e-01
3.164228863257649849e-01
4.903443053728350765e-01
4.689602275902608475e-01
4.618575888360635928e-01
2.953717698645220158e-01
3.057709986418162273e-01
2.808359982096907403e-01
2.461163624245596981e-01
2.396246361321004159e-01
3.080197156624100430e-01
3.322736568103625276e-01
2.981311209383747940e-01
2.240228618099762703e-01
5.679277291616526835e-01
3.238696684024699457e-01
6.401663006718811832e-01
3.008838414812848860e-01
2.639176582260853721e-01
3.037601081241381729e-01
2.661732288252212641e-01
2.676129017056128601e-01
2.550702653590627422e-01
5.763201056765381303e-01
2.900886710078187103e-01
4.125947620271090965e-01
3.378768509457776292e-01
1.736566959729727022e-01
5.741605911704104059e-01
2.501840439965974938e-01
3.127195337981366619e-01
2.767732815668868529e-01
2.724111792399279142e-01
3.766480562178683433e-01
3.372628416427451703e-01
3.755394235007346038e-01
2.307777123903290151e-01
2.548047810495819299e-01
4.516893233573852084e-01
3.283429823736206399e-01
3.773357722089626942e-01
2.563727857214945782e-01
2.473355756213523327e-01
2.649099273957211675e-01
4.519092327429529710e-01
4.050013423685573377e-01
4.678057241340173311e-01
2.290860509151352864e-01
6.238181961353971294e-01
2.549379422996962408e-01
2.956130019889054994e-01
2.273884700083939336e-01
2.942054631293560263e-01
2.828601739843456531e-01
6.205381714554317751e-01
8.119311710273140470e-01
3.231554093972133779e-01
3.005699367587206239e-01
2.542934314608309987e-01
2.886301934101483391e-01
2.456909602735370124e-01
2.499108889952393886e-01
9.485677875916161961e-01
2.489295288780206117e-01
4.379062473384045528e-01
2.190442788421741172e-01
3.199600831421394731e-01
2.472986809127056818e-01
3.678244629197932047e-01
2.815570150599566168e-01
2.958958190319683768e-01
3.908362908751197851e-01
2.736383011721068015e-01
4.077115383474005927e-01
2.455208115778974298e-01
4.975124666483774494e-01
4.959043427270726223e-01
2.444767297274631490e-01
