2.528376983924826016e-01
2.564176627301876232e-01
2.292950657591515395e-01
4.246083634296175524e-01
1.754805253298947487e-01
3.906382068666647833e-01
2.519046338191605616e-01
2.272486684838194992e-01
3.061002544273083714e-01
3.027795531665520845e-01
2.406978945998851926e-01
2.458990270270021983e-01
3.034273368601867471e-01
2.490530334408194713e-01
2.957459262934054034e-01
2.373291261840402566e-01
3.551559378597857197e-01
3.084023750816772824e-01
2.501318750934322654e-01
2.507142601917649039e-01
2.839650704295984540e-01
9.738667460136776199e-01
2.489766886852608774e-01
2.467827001142925969e-01
7.492792047722779403e-01
2.809238790093599447e-01
2.685488847537455537e-01
2.999538983687725646e-01
3.485193292108242358e-01
3.582126969867186483e-01
9.050774215638018871e-01
1.111042927875384390e+00
2.920747187071376927e-01
2.778644354726250154e-01
2.554228278675180763e-01
2.783554739615510254e-01
2.756137377455613602e-01
2.427238408522645607e-01
3.286140921094164447e-01
2.363333543584244245e-01
3.876985564550450292e-01
5.300573885459214374e-01
2.378375998788979373e-01
2.076701721524757405e-01
3.816874624408143069e-01
4.316323124188796712e-01
4.559557579414507122e-01
3.691713439342787506e-01
3.675385651966964762e-01
2.626210950600914584e-01
2.853554490939024246e-01
2.670123523048267833e-01
2.567763686940351953e-01
2.854925094041504963e-01
2.109042657755828554e-01
2.390848735924449853e-01
2.753337137915804478e-01
2.496842263213528146e-01
2.911640127821729096e-01
2.868193542728615375e-01
2.558701320287200542e-01
2.992859698316855943e-01
2.145786573757330618e-01
2.702595792030355049e-01
2.618412942078257033e-01
4.406058590348288506e-01
4.243113730648306881e-01
2.706705954286211524e-01
3.062794561533768722e-01
2.992550530581651880e-01
2.963137354849048610e-01
2.260939016599084750e-01
6.540136635581581537e-01
2.319985220699923578e-01
3.275633807848224444e-01
2.819069119442975668e-01
2.210798353013655737e-01
2.437020939872739378e-01
2.391372885393134862e-01
4.330889434906626256e-01
4.548328985289870618e-01
2.915014593864408976e-01
3.445261177986416734e-01
3.647083655356924692e-01
2.645149549047571269e-01
4.174707308965946995e-01
2.732672696255904476e-01
2.397464966966992850e-01
2.549830391373514860e-01
2.878862802108366203e-01
2.499411825305080936e-01
2.458634371807696950e-01
3.272772064334535935e-01
2.402592621405844064e-01
2.473809779485596216e-01
3.285191988301646160e-01
2.931724232931062213e-01
2.238032271873149626e-01
3.081618659445111152e-01
2.433982243736679540e-01
2.760904483344470139e-01
3.771875194592546610e-01
3.211433590617806533e-01
3.771875194592546610e-01
3.211433590617806533e-01
2.265099247740950117e-01
2.352764205103392570e-01
3.387386310071425211e-01
2.725715721456142271e-01
2.966492294818725561e-01
2.251719629193868477e-01
3.481056781864843019e-01
1.759594025617113033e-01
3.704539331659481016e-01
2.611832170928281016e-01
2.805997496807018932e-01
2.508209743560874116e-01
3.348916777668202172e-01
3.140037927257265937e-01
5.804232952147919677e-01
5.841927744255869248e-01
2.973871807483946528e-01
2.307003998045414339e-01
3.020359591831209278e-01
2.575845878872134453e-01
3.526820067731218922e-01
4.923049820821817080e-01
2.704059505290233867e-01
4.769778540181246473e-01
2.774952860491336493e-01
3.617957034737324107e-01
3.813521498440664015e-01
4.301835683301714619e-01
3.223648290807876182e-01
3.770483713913394541e-01
3.272174357321291915e-01
2.354332897826405535e-01
2.450164055961733534e-01
3.783637773367598545e-01
3.774117882017842818e-01
2.820200453913980221e-01
2.950944478229862722e-01
8.285585821651642036e-01
3.555817843794228938e-01
9.188179483273407611e-01
2.448562920794538633e-01
2.695633498056478339e-01
2.848088440570306634e-01
2.444343347379433207e-01
2.580442688191500467e-01
2.512162339320630489e-01
1.144222155464192481e+00
2.243148539629851723e-01
1.031580719758045994e+00
3.279999163572163701e-01
1.741718098336259846e-01
1.310384436577631151e+00
2.651188820610634878e-01
3.029364826142154077e-01
2.643619555340887550e-01
3.077699106628073999e-01
3.196660037285771749e-01
3.676770822165468799e-01
2.823751784196419923e-01
2.214267339909572474e-01
2.875353215419808039e-01
3.637985039978479662e-01
3.172521528063572127e-01
3.711618971256733790e-01
2.446255435845313964e-01
2.598242878645479759e-01
2.672491402607143907e-01
4.781705020043361953e-01
5.078889678505180694e-01
4.241289664150248995e-01
8.863903828451002997e-01
1.000437915562725877e+00
2.872157171293971967e-01
2.809981351548159201e-01
2.204392491421083289e-01
2.675392483796720233e-01
2.283009960032255092e-01
1.075112233706551512e+00
1.286863629745046644e+00
3.796792845143495132e-01
2.503770804606461065e-01
2.586740517000249429e-01
2.839622574615377482e-01
2.475447916132548498e-01
2.441653851725647806e-01
6.830189308833726214e-01
4.578430903624985948e-01
2.298310608683802048e-01
2.936744590700787194e-01
3.136852151438946357e-01
2.899923627478500077e-01
3.082337728265821530e-01
2.371776494516557587e-01
3.759658827937534809e-01
2.646988425383733357e-01
4.858559463262124289e-01
4.962795225430791657e-01
2.473325318267690642e-01
4.942455018876380501e-01
4.971350954020817281e-01
2.457858599386664455e-01
