2.473462327858360066e-01
2.526833607703046214e-01
3.624110681999617167e-01
3.660376362134973860e-01
1.774254767381313047e-01
2.168898242276130206e-01
2.710631521470528993e-01
2.813489795692893369e-01
3.231251190168517029e-01
3.029606001511000457e-01
2.427531619989075906e-01
2.393110752318189927e-01
2.619332165978816018e-01
5.158410447354312423e-01
2.965455351365019476e-01
2.307995153813232614e-01
3.855745114384757644e-01
2.521384869177024091e-01
3.661230241342913194e-01
2.542185377699484605e-01
2.891944048387031785e-01
9.148261626008438174e-01
2.488566680484145532e-01
2.435808912781798341e-01
5.541518932528655128e-01
2.777367848386900206e-01
2.609455147317980561e-01
2.806405208555964315e-01
3.528994744468472722e-01
2.999364790500440026e-01
1.123891364026036843e+00
9.483901409551536155e-01
2.585219617709375584e-01
2.964230914496800984e-01
2.676617438166085661e-01
2.760811957697543173e-01
2.748574556032962191e-01
2.431850273547892793e-01
3.659025173426996291e-01
2.353262128866104030e-01
3.076277379158880443e-01
5.096339915656619146e-01
2.281651118512389442e-01
2.100367168969363429e-01
3.607071558995214033e-01
8.809848881507852392e-01
9.084088795533474814e-01
4.970772324896063354e-01
3.299420612364157290e-01
2.618352996055349768e-01
2.740504198855757134e-01
2.656911304363065995e-01
2.676237412544641425e-01
2.836492684951029686e-01
3.538086419083565359e-01
2.332415287121181180e-01
2.780406858527249558e-01
2.645229131866172478e-01
2.512661684553109676e-01
2.688822520825728812e-01
3.055254810466730975e-01
2.864387246724731662e-01
3.448513127272412326e-01
2.559074585037414140e-01
2.900947026467438628e-01
2.534941841615335201e-01
2.615012074490272176e-01
2.381083971787456566e-01
4.029872719105903056e-01
3.730777127882986544e-01
2.971365935698783156e-01
3.279534607395374057e-01
9.653331837740976029e-01
2.752458288776202244e-01
3.554770928792903018e-01
2.303346470491892395e-01
2.814278627576229375e-01
2.406361061328437523e-01
2.432814815354342186e-01
4.380425185035482505e-01
4.428276859049827818e-01
2.848199352353635860e-01
3.507585831153626210e-01
3.600536161303739546e-01
2.593606349189995774e-01
4.170616068056482995e-01
2.495254963060493936e-01
2.264072885569013704e-01
2.512788899647193652e-01
2.877901348468803744e-01
2.483360598927773222e-01
2.458867633474787762e-01
3.687999464597311317e-01
2.785531909955340502e-01
2.542395778627316028e-01
2.724526482572153241e-01
2.968279378407954749e-01
3.569037671316466764e-01
2.555646530333300359e-01
2.756003763304629151e-01
2.936202428788424190e-01
3.103425486917559262e-01
2.950136710109971250e-01
3.103425486917559262e-01
2.950136710109971250e-01
2.814730028981539123e-01
2.854757446273696875e-01
2.830014340651400562e-01
2.436789193635693074e-01
2.813036395354969188e-01
3.446788351243144088e-01
2.742060381088674559e-01
1.757259856785977348e-01
3.680683107340936289e-01
2.654757384802322040e-01
4.202598190303526993e-01
2.490069922622785148e-01
3.178695250601498712e-01
2.605560092164999619e-01
5.734634981355412053e-01
4.684034656040804712e-01
2.899839518096645197e-01
3.439852716444327108e-01
2.440668416903243598e-01
3.432106813355795816e-01
4.966717922325698531e-01
5.923793508005473774e-01
4.351430225227318482e-01
4.760934418210798214e-01
3.176323558550199766e-01
2.572821006747820216e-01
2.621980888621033845e-01
2.700230675614017639e-01
3.023822016952231184e-01
3.255511256624442629e-01
3.232804488319480085e-01
3.035894435143877135e-01
2.519832225702823281e-01
2.596741750690844119e-01
2.846013419655385457e-01
2.962420624363985566e-01
3.548075520836134755e-01
1.157805099628262280e+00
2.446954788040449080e-01
1.294527736104779114e+00
3.648890806966929024e-01
2.452573864349002764e-01
2.774134490195635516e-01
2.578279242969709339e-01
2.834134556437243324e-01
2.545092643896520457e-01
1.223012903737484836e+00
3.847532014449145388e-01
1.090325819108457939e+00
2.661428140303800371e-01
1.728909193923283405e-01
1.241825960664529438e+00
2.443997074049629459e-01
2.671702304072859913e-01
2.775938170075764599e-01
2.977044860107896929e-01
3.884788055706625554e-01
3.944187628508596388e-01
3.822868372666041736e-01
2.226783982297488584e-01
2.737646517620271336e-01
3.563600608374209444e-01
4.508328459085858553e-01
4.625646670122311455e-01
2.471426056925559722e-01
2.597076061008569692e-01
2.598003016657473574e-01
4.346172898144112784e-01
4.788953655306816826e-01
4.544622300818032534e-01
7.633375497372416607e-01
1.028216857535670936e+00
2.346893077049229392e-01
2.869184697141495266e-01
3.224222598356448755e-01
2.754821877558160659e-01
3.559264489995107028e-01
1.017831611214502274e+00
9.108377848102813257e-01
3.818709099912999672e-01
2.673919345820415794e-01
2.586064747831841037e-01
2.859326380904342324e-01
2.454051491357628623e-01
2.509859660945673032e-01
1.373628148951850036e+00
2.351028295166553150e-01
4.534961388473796595e-01
2.791183570898584931e-01
3.605953395863076283e-01
2.403233024735154100e-01
2.547279470681313995e-01
2.851915164968182870e-01
3.091161759984090152e-01
3.430800220928267863e-01
3.340651662131649546e-01
3.155506203639206753e-01
2.469602289467372203e-01
4.954850042140021005e-01
4.984678070864684285e-01
2.463099271024187242e-01
