2.419819377288102979e-01
2.895481431675723250e-01
2.299630230160438216e-01
2.770332984670571541e-01
1.741298279177871944e-01
3.831224646256022326e-01
2.693047566550442751e-01
2.640657447508935607e-01
2.713677973864744297e-01
3.009072286529290152e-01
2.482120374972495158e-01
2.573632982966258531e-01
2.722629096977891572e-01
3.302536113491956193e-01
2.961208586024454692e-01
2.208927939406955254e-01
2.811775277683905561e-01
3.479271423621642656e-01
3.144786655569707379e-01
2.555772983508853846e-01
2.866676297403911167e-01
4.844994861350035986e-01
2.485130169436778613e-01
2.468265830451130405e-01
7.591419745336096536e-01
2.558014217373463239e-01
2.885734367691719648e-01
3.301659733653388717e-01
2.390282922194436888e-01
2.747826377375168772e-01
7.730512432874591111e-01
5.497891973498275631e-01
2.734417095636632045e-01
2.896445055357946274e-01
2.537079367010597886e-01
2.729501525334575018e-01
2.667380568892066539e-01
3.096869495063210298e-01
2.683887232484062357e-01
2.695793289667081649e-01
3.424391679165346147e-01
4.948713825301604419e-01
2.193980598178814079e-01
2.203161359931906649e-01
2.841278772007110320e-01
4.091579595713156214e-01
3.769115300572629668e-01
3.138306480997134496e-01
4.189773694240838675e-01
2.500472363388966945e-01
2.886959938879168353e-01
3.014367227409811556e-01
2.637598750937148462e-01
2.956894559511647480e-01
2.301817947480322979e-01
3.070789025806442973e-01
2.820318975428675046e-01
2.655445218239210758e-01
2.616459256162965707e-01
2.698465638962143087e-01
2.735308425932534981e-01
2.969472452567596399e-01
2.181090099461772680e-01
2.623941732059278942e-01
2.837977253257868426e-01
3.359689333421106427e-01
3.013390463063602143e-01
2.513599732735124492e-01
3.126435514453239084e-01
2.895668473314819691e-01
2.940252464111881570e-01
2.207706849280484107e-01
6.331595016879502102e-01
2.296526015198008808e-01
3.292564852090757999e-01
2.837509512357831443e-01
2.198992963279803314e-01
2.396164297255344022e-01
2.421606803902684735e-01
4.398108010826340952e-01
4.260399897966252181e-01
2.941194833385772922e-01
3.361823637086333028e-01
3.591964424674501943e-01
2.667172704490753388e-01
3.774741547941450337e-01
2.770314133240591725e-01
2.432148175218892538e-01
2.546272051313936413e-01
2.876042744513211402e-01
2.482561104723878531e-01
2.465943191240452526e-01
3.478288929778518002e-01
2.511237224503880539e-01
2.470120927385019982e-01
3.167768619800623853e-01
2.959400890258254146e-01
2.320680647001286401e-01
2.826308904769050390e-01
2.604588776546075679e-01
2.976027423520946069e-01
2.936388994553183474e-01
2.944522763009167488e-01
2.936388994553183474e-01
2.944522763009167488e-01
2.286145208332054646e-01
2.493499692716530380e-01
2.752470235460069414e-01
3.015986496703911834e-01
2.966890828925137225e-01
2.200980508054921625e-01
3.110602817950386401e-01
1.746878477896259274e-01
3.752579212898199956e-01
2.663793735294709975e-01
2.873752583548170869e-01
2.456730940979549582e-01
3.736508695377946943e-01
3.484517745604575611e-01
5.008891703866962253e-01
5.113950095477004520e-01
2.955170857531270179e-01
2.352678024676742863e-01
3.643315408856266924e-01
2.467648929511261358e-01
4.425576220873880806e-01
4.655905294861644172e-01
2.569000366702218208e-01
3.761462070167146954e-01
2.863842754650963163e-01
3.527293076646154102e-01
3.600064311769529124e-01
3.699110988854550364e-01
4.232053668083807230e-01
3.783773011489051097e-01
4.104561497328926278e-01
2.841627878381511874e-01
2.508948089338478571e-01
2.587534558035815557e-01
2.886518820444887723e-01
2.976403601782830477e-01
2.151382351238292079e-01
3.532877805427687146e-01
2.606003273268275855e-01
2.882331690933211399e-01
3.324415538988522156e-01
2.805436418610162685e-01
2.680659265478222975e-01
2.662093804165139299e-01
2.543946429929267450e-01
2.698340398148539321e-01
3.497098564964123968e-01
3.177446639262139771e-01
4.280061755323793515e-01
3.092786141478205963e-01
1.734562121338166230e-01
3.478246650910926663e-01
2.467657225002082844e-01
2.756476871686196484e-01
2.884676325250373208e-01
2.726722924546175486e-01
3.672730363286257349e-01
3.815532229889885274e-01
3.859795143399369910e-01
2.246853274420925195e-01
2.580752790086761062e-01
4.241450866248614449e-01
4.126789888328903921e-01
4.035313487895982321e-01
2.536264036574448766e-01
2.564926714522484108e-01
2.563782244140361821e-01
4.293453820109073837e-01
4.472240556971510128e-01
4.268956253722049343e-01
2.536724280185380653e-01
3.650960215142710630e-01
2.405816094121058235e-01
2.915335542480480546e-01
3.051002248983946674e-01
2.889703128636599283e-01
2.699168724529159014e-01
4.084143285684458946e-01
3.922611745480870660e-01
2.884592964964723394e-01
2.934993778059166725e-01
2.550652299133804868e-01
2.876865717071295236e-01
2.473484969751199025e-01
2.466348941836395969e-01
7.162424855373076271e-01
3.269753217637604847e-01
2.988831628598720425e-01
2.918663545388146541e-01
2.586699199230430568e-01
2.827716332208053407e-01
2.986854260588001631e-01
2.838523909697345804e-01
2.713500328881868207e-01
3.224135664816736857e-01
3.158057391890747301e-01
3.003437016063090215e-01
2.484452043338968852e-01
4.966015177382856471e-01
4.957625024980731321e-01
2.471067268866752598e-01
