2.495389180388354333e-01
2.886155094640485697e-01
2.286501819738811780e-01
3.319480091765446561e-01
1.749216985780134292e-01
3.636373747174387328e-01
2.696833004690601387e-01
2.604675593523245181e-01
2.614468402623796317e-01
3.033221388650335637e-01
2.480883513408398966e-01
2.582175662958481888e-01
2.641054798813687876e-01
4.486854990774728491e-01
2.953435371981885105e-01
2.224537378527231546e-01
2.632651833967056265e-01
4.231930479869270845e-01
2.732189278378616137e-01
2.547710923824064722e-01
2.874423666114217513e-01
4.100612165771697626e-01
2.480805238539327551e-01
2.463671025095545974e-01
7.041927784015797886e-01
2.433472571171712007e-01
3.786833017168813598e-01
3.915945424683833220e-01
2.325334054039830400e-01
3.810281607309952689e-01
6.727855096927458645e-01
2.797800334506512776e-01
2.844498370269225029e-01
2.353802905550370084e-01
2.458261627420504358e-01
2.495276671706632143e-01
2.965780421782315823e-01
4.027409002455146214e-01
2.709002023590319497e-01
2.450664082589507631e-01
2.423911353690723081e-01
4.867324598766247790e-01
2.308044573382216080e-01
2.255171607714364090e-01
3.255771154352375962e-01
7.126923607826541884e-01
6.876008125873471766e-01
4.613594379789950350e-01
2.372815178967849492e-01
2.479789149042788410e-01
3.045668270766917485e-01
2.935556583042022161e-01
2.469962389451213769e-01
2.932803259828661302e-01
2.216193525285611032e-01
3.177618079167451870e-01
2.838602390676115972e-01
2.494439060022227983e-01
2.876857539604821823e-01
2.775205494244745719e-01
2.532089833161099146e-01
2.993358698923403449e-01
2.138992046051399476e-01
2.674482713836571213e-01
2.685578820393569321e-01
4.385736439264812936e-01
3.688231284423548195e-01
2.786986842481055660e-01
2.751023696804465457e-01
3.355099405298445636e-01
2.969473484079979686e-01
2.285968790836572784e-01
7.903486634383066756e-01
2.266580007139699648e-01
3.319525738739255716e-01
2.879761159575685570e-01
2.140701708343198673e-01
2.454349538788692942e-01
2.431735258359367380e-01
4.454650443584366459e-01
4.340434108117547929e-01
2.961993771679088394e-01
3.322512029889405638e-01
3.658832379057580519e-01
3.760935787581027312e-01
2.704091321341275944e-01
2.767437889847776944e-01
4.442164898429348252e-01
2.526124400391585589e-01
2.884009559007457146e-01
2.456157203546636969e-01
2.471651581276671228e-01
6.910185493474826357e-01
3.036717794486870625e-01
2.498346680361365202e-01
3.051983751597545091e-01
2.949637380023469313e-01
2.286852399583053086e-01
2.428212170571809603e-01
3.787354345117036059e-01
3.644813428955206991e-01
2.548185131299612327e-01
2.765539844842431760e-01
2.548185131299612327e-01
2.765539844842431760e-01
2.212943470311187488e-01
3.019687832884535572e-01
3.075457927771124700e-01
2.536640270458527802e-01
2.970876441459619488e-01
2.084461412488107790e-01
2.751035124836334611e-01
1.756407532172297448e-01
3.684685907663147741e-01
2.638973692605501853e-01
4.553313009691060675e-01
3.033728017464757398e-01
3.251205309248133002e-01
3.868981624553415322e-01
5.301942314357371844e-01
4.222186393703120100e-01
2.978294770623899357e-01
2.276772452612767506e-01
2.532395815074252599e-01
3.962037102275852707e-01
4.172124669153043364e-01
4.746786170019966500e-01
2.591844269153364966e-01
5.207683394635574947e-01
3.939733246505927045e-01
4.611086176647996582e-01
4.643538856846547436e-01
4.637131151702725829e-01
3.053158085247078546e-01
2.862519143767906504e-01
2.556096224450462584e-01
2.409241654668544397e-01
2.397907142666778624e-01
3.778188674537484859e-01
3.870782420461237883e-01
2.938108931853987693e-01
2.161576584072655016e-01
6.113521648551984988e-01
3.939990039267915467e-01
6.950246248819290651e-01
3.399673976589866475e-01
3.109950045822399423e-01
2.525312639882139054e-01
2.782641153626316810e-01
2.481921953596498420e-01
2.980957856399045203e-01
8.753300607522663812e-01
2.589028247113132064e-01
8.193411403168792129e-01
3.214803209149038055e-01
1.740984060629905961e-01
7.346151253131468772e-01
2.463728106026797648e-01
3.479669954863658377e-01
3.779672990588707204e-01
3.877208043769998502e-01
2.698499187453243242e-01
2.724900478112091129e-01
3.215365199100300164e-01
2.278901289246947903e-01
4.011417642021438135e-01
4.053037162042002484e-01
4.084357883940742950e-01
3.910392905903476990e-01
2.682336304884158640e-01
2.397841473969049841e-01
2.559514162171642182e-01
2.402256744687928935e-01
2.898638017943816481e-01
2.665426819824049387e-01
2.233269360346447352e-01
6.557819079116449235e-01
2.355091179269668544e-01
2.951663396041723231e-01
3.262635290176816305e-01
2.684993234843630616e-01
3.087034608237642641e-01
7.734656163527237061e-01
8.476754003913349322e-01
3.568212920202487592e-01
2.994321554797872431e-01
2.551316254687905349e-01
2.850969041816093230e-01
2.448701509085974559e-01
2.482024539698492738e-01
1.072655015914590670e+00
2.567882277399611834e-01
4.000286346356168865e-01
2.860062753434628458e-01
2.446638320528284616e-01
3.403090586772936632e-01
2.505313557821414183e-01
3.253926390599854446e-01
2.445180845113428536e-01
2.531529020185301349e-01
4.551427386731770608e-01
4.652206154245777103e-01
2.476409343530165952e-01
4.967011569116265290e-01
4.954109672944381759e-01
2.505036539993798494e-01
