2.511416465528786279e-01
2.545133979024488124e-01
2.916514491499221373e-01
3.880671634093367794e-01
1.737709889654019402e-01
2.384100058911927666e-01
3.112430462843014389e-01
2.832578192598485534e-01
2.939953062486003188e-01
3.068741825293994641e-01
2.528696586217605291e-01
2.554021341456210736e-01
2.502736203265611969e-01
3.212185954305143420e-01
2.870012575025389090e-01
2.234541901206116565e-01
2.705410760105886325e-01
3.953144411316322770e-01
3.641759594249544540e-01
2.607741542883296182e-01
2.843224727174086253e-01
1.003433077683133501e+00
2.494513385383543003e-01
2.495192420115875664e-01
7.055122267826640092e-01
3.065429620455028537e-01
2.671657745966115605e-01
3.301405736664416724e-01
2.520636011032886259e-01
2.221934414109904832e-01
1.074112172090957662e+00
1.122165321880046029e+00
2.640623930125804431e-01
2.948774057479146560e-01
2.599054605553446362e-01
2.973025719055301108e-01
2.559897454312606846e-01
2.593486268773548264e-01
4.204070917312549005e-01
2.666137927897059834e-01
3.794150871257470081e-01
4.668957106501671617e-01
2.281553613515601986e-01
2.188055759075470674e-01
3.271934146458956305e-01
3.255236956187906316e-01
4.679930128861364835e-01
3.393626851573789405e-01
4.755501155588318651e-01
2.443688195449189304e-01
3.022337168462684298e-01
3.367087826769185610e-01
2.669894181322690074e-01
2.923098754973936231e-01
2.307177270974481442e-01
3.017505982604318238e-01
2.489667544351522044e-01
2.553792456134153510e-01
2.852377179225853432e-01
2.773335170963051044e-01
2.649123494197417883e-01
2.962859427889145691e-01
2.236795021026516672e-01
2.607797137425297285e-01
2.634874802586519849e-01
4.228179114581519515e-01
3.433969339074015581e-01
2.820904465732397837e-01
2.762198111656448685e-01
3.332382600563941200e-01
2.962240951386228560e-01
2.235941928693061520e-01
8.245370122043670369e-01
2.235951133113528999e-01
3.360633018529466942e-01
2.839786800651703524e-01
2.188349732617209387e-01
2.416672250665128641e-01
2.381618307362297626e-01
4.539893301174834916e-01
4.251991592733497805e-01
2.918872530783743202e-01
3.372709342190318704e-01
3.601718062412089250e-01
3.837017218616033398e-01
2.697310334476543670e-01
2.722364802657347149e-01
4.233143804758439099e-01
2.502824042418732020e-01
2.871531417235955730e-01
2.467525225494335561e-01
2.463567009749049186e-01
6.961206787568986476e-01
2.679390280270740332e-01
2.619222539858401255e-01
2.700981389779908426e-01
2.953710654028085525e-01
2.433010086323179610e-01
2.712978071190321194e-01
3.006910018865617262e-01
2.967007505472541995e-01
2.714080300314898886e-01
3.388163728524580809e-01
2.714080300314898886e-01
3.388163728524580809e-01
2.441722778870429877e-01
2.368986970650743540e-01
3.807955109726839371e-01
3.022625544799891761e-01
3.008371086780742276e-01
2.171986400675577078e-01
3.484047601407776473e-01
1.727279648965248104e-01
3.790733700629032032e-01
2.688674701661455946e-01
2.653433904187356140e-01
2.440141084925510073e-01
3.871282925012931586e-01
3.810782427699728747e-01
4.840993711008517719e-01
5.288829019546951171e-01
2.964490517599380204e-01
2.327331356655403527e-01
3.822099037058666049e-01
2.513045805526681886e-01
5.077371177161983384e-01
4.933941602209250821e-01
2.551340074385536338e-01
5.032075479602573509e-01
2.926718664944448212e-01
3.731259600531048326e-01
3.534401033111743140e-01
4.168963502605971816e-01
4.344803277089560045e-01
4.596739902239272979e-01
4.273996373712601882e-01
2.503043591242998245e-01
2.497840835755793243e-01
3.420657771434618133e-01
3.132990240482169120e-01
2.916097514748283159e-01
2.271948048504716655e-01
2.747119373404863230e-01
2.999084725667539586e-01
4.634815460007090104e-01
2.825792936333503813e-01
2.718149917652145087e-01
2.814854805510814684e-01
2.852121164497948280e-01
2.658321075406205325e-01
2.640983891289931385e-01
4.349919503075991845e-01
2.316363596958474491e-01
3.599941791406198743e-01
3.287519489814532125e-01
1.742984243182683080e-01
3.082663092813018313e-01
2.580673579324018196e-01
3.136266999951441425e-01
2.743538309824078425e-01
2.554471863125338804e-01
3.869589954903620010e-01
2.776745225311414433e-01
3.570612858312708915e-01
2.163082996905761057e-01
2.818158424555133323e-01
3.861810645172472078e-01
3.848001630687042374e-01
4.018443293096901625e-01
2.431916348195637401e-01
2.736760350629202643e-01
2.503630403253343517e-01
4.598784424721237274e-01
4.703716425537597390e-01
4.356857766433525625e-01
2.942511699010635917e-01
2.779228891293358261e-01
2.268934168318291755e-01
2.806145685937466161e-01
3.381686672030963514e-01
3.266351842925233062e-01
2.941909691624661205e-01
4.016345243574853119e-01
3.327677539623661307e-01
2.633736627345520387e-01
3.243131439645715597e-01
2.505829785279593547e-01
2.872576081228756517e-01
2.489146220710940216e-01
2.455095511905865946e-01
6.491970466679877205e-01
3.193969227844234426e-01
3.258465045338477251e-01
2.843787199517006092e-01
2.438761386514732010e-01
3.592054186638481417e-01
3.163668692512784375e-01
3.635383516688373007e-01
2.335712875927192511e-01
3.308929359507161161e-01
3.437476802493677486e-01
5.051855197249290885e-01
2.579065174166277896e-01
4.988411402658515237e-01
4.979298192377851207e-01
2.500010127107684110e-01
