2.625210557170959969e-01
2.654351633179123926e-01
3.335795036432174787e-01
2.782945679697029773e-01
1.742807253217141805e-01
2.358831406389139129e-01
2.689169647066012026e-01
2.779206221858250281e-01
2.974866972890476968e-01
2.912110343403507828e-01
2.445309548713514025e-01
2.470984326324558167e-01
2.756827702003377123e-01
4.286186866137449702e-01
2.928562585056335155e-01
2.334389888192862084e-01
3.304055720020651066e-01
2.816723492585156974e-01
3.609702291117904971e-01
2.522674138350595174e-01
2.897241595829631589e-01
5.934508075139393046e-01
2.467018989933693618e-01
2.487943090093309717e-01
5.649058914697427936e-01
2.646013376594804622e-01
2.658729921109389549e-01
3.453025135013443880e-01
2.321513337022844958e-01
2.844767124993635710e-01
8.781427794557457034e-01
1.007270011441424140e+00
2.611210634565112598e-01
2.841677824058704283e-01
2.583437139806114002e-01
2.604871771751016696e-01
2.701999688508116559e-01
3.021271166384177920e-01
2.752385270651193649e-01
3.019550004544549471e-01
3.480304203967504728e-01
4.970752457711560268e-01
2.136456928768762920e-01
2.179535673859048783e-01
2.643426758237806262e-01
6.242858963322579502e-01
5.268185271514613799e-01
2.978740489102756905e-01
5.153348845010541357e-01
2.753838776951719747e-01
2.662974291997076137e-01
2.786499635205281211e-01
2.871973021853103658e-01
2.986533691823419212e-01
2.316922327377026469e-01
2.799437879212172131e-01
3.237453221417541660e-01
2.571553500775924928e-01
2.770647667334292796e-01
2.977332594135085331e-01
2.685320801300690174e-01
2.974028913201220981e-01
2.188233945823582494e-01
2.769600665139444473e-01
2.733896259678066376e-01
3.429061157008540528e-01
3.435437518577988958e-01
2.509009354963997462e-01
3.096701166948349071e-01
2.963687784746421028e-01
2.935082725353270194e-01
2.178508762032038415e-01
6.618380966781115538e-01
2.293406115781287113e-01
3.294788922380251228e-01
2.824090891076497245e-01
2.153279361540089420e-01
2.409370842956312375e-01
2.392539136319143389e-01
4.385517789064876104e-01
4.350304399997385052e-01
2.959390116157473161e-01
3.334878095233467232e-01
3.622347806211768106e-01
3.269881098500875272e-01
2.780139340108505053e-01
2.794208192938615887e-01
2.989405900102002911e-01
2.576594341393299015e-01
2.829426149316144334e-01
2.465812841794869370e-01
2.478841907487544238e-01
4.670875813360341189e-01
2.560389850838922787e-01
2.501921765657703078e-01
3.191223252632724994e-01
2.975272874994605021e-01
2.206455573753798860e-01
2.852069396478569829e-01
2.647948223671753309e-01
3.066803620178498724e-01
3.128182508072268053e-01
2.999391168070539848e-01
3.128182508072268053e-01
2.999391168070539848e-01
2.360272869022473907e-01
2.512583395950258036e-01
2.814253055775452483e-01
2.729005235761376991e-01
2.949427628608910501e-01
2.147155990847712526e-01
2.995434983259509520e-01
1.751816813791577110e-01
3.587571900629555333e-01
2.463171437390719032e-01
3.077122234230115216e-01
2.409034838556190772e-01
3.485648187822633082e-01
3.513465948346830570e-01
5.082455027649127599e-01
5.266889863307193664e-01
2.966130674099616837e-01
2.324391672667784625e-01
3.517937466553091586e-01
2.625315943834182764e-01
4.459881391124314587e-01
4.996868240612743484e-01
2.541329013071521037e-01
4.775522149978607134e-01
2.857595334084424565e-01
3.822582966675787675e-01
3.772365833310860617e-01
3.556768668959146007e-01
4.093002272952439013e-01
3.465593742900823226e-01
4.451465368274883372e-01
3.011588284014123373e-01
2.499498537853519220e-01
2.460655455540638470e-01
3.074357179539091156e-01
2.977305071943187054e-01
2.092915807899806413e-01
3.464537065285016038e-01
2.551239444704233028e-01
2.867278395369389221e-01
3.733888369840059895e-01
3.016262144992492011e-01
2.463684928377774808e-01
2.562646155746141075e-01
2.576968686029732503e-01
2.966904316535321495e-01
5.327571108479042250e-01
3.688070073408515337e-01
5.456927469801716724e-01
3.001247162333201546e-01
1.744552650118539050e-01
3.608929660728411593e-01
2.500047164555436741e-01
3.017950030602882805e-01
2.998776471529457921e-01
2.689454604697693596e-01
3.340935949715899689e-01
3.176473894167644585e-01
3.118672312384515033e-01
2.210928699922926066e-01
2.585506904357162683e-01
4.202228513189276704e-01
3.371306995155781139e-01
3.708256432273002168e-01
2.473938377172570369e-01
2.571607714576703563e-01
2.588261063033935883e-01
3.193305669334968733e-01
3.470631508162451140e-01
2.990033451123934038e-01
2.655938412065367848e-01
4.906933564386328772e-01
2.394432151794318731e-01
2.912707209466032232e-01
3.243712566507908068e-01
2.652120403287501760e-01
3.540148982256594579e-01
3.871864481077523235e-01
5.086858466538578538e-01
3.786976026806119777e-01
2.621984969795154718e-01
2.543101816374183088e-01
2.882089932530864651e-01
2.453678564561788400e-01
2.476703016172804028e-01
6.973533453984327446e-01
3.229978784795471403e-01
2.915838384520773041e-01
2.919615253822391288e-01
2.736994206188273493e-01
2.710491500253879860e-01
2.875426230473309142e-01
2.547287091027779504e-01
2.959771890424282570e-01
3.199945840646765682e-01
3.185362000195456345e-01
3.359845323907046932e-01
2.466717670305963728e-01
4.964418231296435224e-01
4.966749007956028916e-01
2.481384615080493294e-01
