2.464333749955782416e-01
2.813394601337348422e-01
2.346956582370521294e-01
2.988214766634264552e-01
1.766301309802413289e-01
3.211710784297965304e-01
2.652736109012490684e-01
2.684154985192490628e-01
2.763122296408178080e-01
2.915603353897293082e-01
2.435939401360151246e-01
2.505604123175531051e-01
2.616862932473641989e-01
2.849912808880116777e-01
2.957780247767611836e-01
2.262240080284740884e-01
2.649185478870800803e-01
3.797628005450066624e-01
3.566049913266823856e-01
2.574561161690260280e-01
2.867197792870749273e-01
7.589387915358459802e-01
2.456379569169312715e-01
2.499138188977837183e-01
6.427906357615760236e-01
2.546669620826995106e-01
3.165146050379089027e-01
3.565538145861021913e-01
2.258617141776887438e-01
2.914614740408772442e-01
7.749222524566401482e-01
7.120077522408324588e-01
2.671308960249432207e-01
2.716643756814241528e-01
2.477884632347436833e-01
3.059637497367740377e-01
2.544038680635299920e-01
3.076393825660597714e-01
2.517707436320629766e-01
2.992732348336328285e-01
3.349781574970233655e-01
4.855006233147099448e-01
2.186578927898368829e-01
2.174029384272924692e-01
2.821518076228340388e-01
5.435027900131972345e-01
6.345501069879869727e-01
2.864391392157709104e-01
4.818447503270454346e-01
2.650967878038661962e-01
2.637153645362898535e-01
2.620244766455408492e-01
2.768749695414216005e-01
2.964208494810226524e-01
2.314298870775923500e-01
2.907878020147119935e-01
3.263645052078475994e-01
2.579595632500867319e-01
2.868384232209100215e-01
3.032163528792982676e-01
2.554979028911953942e-01
2.980757706622761405e-01
2.142942375201990768e-01
2.883539334649193320e-01
2.667061685640913504e-01
3.502897245230673917e-01
4.060454488031500775e-01
2.584481254781462733e-01
3.126016344919924639e-01
3.171701689966046067e-01
2.956670209207017952e-01
2.297555954273139134e-01
6.611469558507704347e-01
2.305688948108493286e-01
3.249153567042779578e-01
2.861585754152438099e-01
2.169033149967635465e-01
2.806200716083005475e-01
2.462771650408235036e-01
4.279194539055843349e-01
2.646733160995513590e-01
2.944629119507917725e-01
3.241173034246867535e-01
2.552324504165572883e-01
3.593003885562768285e-01
2.779892288516949139e-01
3.641504086127782536e-01
3.107126898410318971e-01
2.529879164853224838e-01
2.849465375799750677e-01
2.501396944659130539e-01
2.460838321544226437e-01
6.725372516725162120e-01
2.863889354843874302e-01
2.485495913037215898e-01
3.094780837860636180e-01
2.955842239574866248e-01
2.298250819339208439e-01
2.702376251014149688e-01
2.963165799853909044e-01
3.708235601970685247e-01
2.615524946119441863e-01
2.828874624081991751e-01
2.615524946119441863e-01
2.828874624081991751e-01
2.469370496984858443e-01
2.492856340303788443e-01
2.960502281383459722e-01
2.998041366135835717e-01
2.960802738073898266e-01
2.254712825875510862e-01
2.970776045109736474e-01
1.730968243471406875e-01
3.792329035529428682e-01
2.658785843042241193e-01
3.040564743856260521e-01
2.644311216657814212e-01
2.793993057057235774e-01
2.967598403077782998e-01
5.151768577956892248e-01
4.430409469716133364e-01
2.957056359319069072e-01
2.242506692425878800e-01
2.778504270487243688e-01
3.593812554601601428e-01
3.227477203148739204e-01
3.079537339424983644e-01
4.301839833397870794e-01
4.392376924814507255e-01
3.304179870002038055e-01
4.082756475502784532e-01
2.555913541287924140e-01
3.407298811028150465e-01
2.983363294835714719e-01
3.191511598608975930e-01
3.634577396257278048e-01
2.814178664616410752e-01
2.445929112816190021e-01
2.636161238298119769e-01
3.068806599079049735e-01
2.972716759374253170e-01
2.172424829482939024e-01
3.694638386202097058e-01
2.797691732142221221e-01
3.081419450295817541e-01
3.548361125039497521e-01
2.797485419649695659e-01
2.619663491580571102e-01
2.689428067399693423e-01
2.525301774438267755e-01
2.882545143499611884e-01
4.843304413092803240e-01
3.068890374459172787e-01
3.817812172847350194e-01
3.422849128986932832e-01
1.746171613159099856e-01
4.207775050527121086e-01
2.496321808972262746e-01
2.660216950634890498e-01
2.981046716211943615e-01
2.844312592762318070e-01
3.904529179111824733e-01
3.634275752164128348e-01
3.861354557862169967e-01
2.202347694280041290e-01
2.697651281257508749e-01
4.017433373825082810e-01
4.466093486700765669e-01
4.080739894629430986e-01
2.527527482227155953e-01
2.590465394097013485e-01
2.568920998528139710e-01
4.354197079430091044e-01
4.566793717359636240e-01
4.676554961752435458e-01
2.744037019245746389e-01
3.197181191719850601e-01
2.438166854184418697e-01
2.915101614897870896e-01
2.982911277313468057e-01
2.938921161611779964e-01
2.560896571322173743e-01
5.780306541469357740e-01
3.228253865610615225e-01
3.221745754048067623e-01
2.890225672782165134e-01
2.591374623588340032e-01
2.882648795641792883e-01
2.465133097873279944e-01
2.465560478814169121e-01
1.015843478279444323e+00
2.794245842194210128e-01
3.525326020081363532e-01
2.819087027064935413e-01
2.916726092992339980e-01
2.556511061156643283e-01
2.793168673874157903e-01
2.616384401835344375e-01
2.955095044883945254e-01
3.116841923049513685e-01
3.252146680159066494e-01
3.519872790537773022e-01
2.502746046354380471e-01
4.983471944698723566e-01
4.964252417125816219e-01
2.489889135986104174e-01
