2.977862982961247962e-01
3.132670671471610713e-01
2.360767886027609619e-01
3.775456990036398230e-01
1.741324935298094734e-01
2.555522886748035627e-01
3.273571194174995647e-01
2.797537144990473457e-01
2.674863763300803221e-01
2.946478305344460979e-01
2.372195926633459406e-01
2.900514245651648060e-01
2.562461158560915830e-01
2.467894396778114730e-01
2.943578335328734252e-01
2.310238990900835565e-01
3.564260128153098339e-01
3.000356758059221640e-01
2.728965752645694520e-01
2.544971602303101599e-01
2.879387812191592788e-01
8.065753475568909758e-01
2.496286154949349245e-01
2.464734063102639872e-01
7.562302892126686604e-01
2.630492319424821424e-01
2.721154038865447600e-01
2.964165692396121266e-01
3.403084246978264615e-01
3.779880762150163442e-01
1.124208837521800897e+00
1.044313433260949164e+00
2.998328013134186620e-01
2.705647555394589676e-01
2.470251456209454910e-01
2.637403613047144546e-01
2.733296250425008567e-01
2.520024113592238546e-01
2.621148307850205139e-01
2.468813948726935326e-01
3.891893343948307771e-01
5.495232076727057935e-01
2.193542986066883693e-01
2.199001229913341293e-01
3.679895970245553039e-01
3.078128512658568905e-01
2.797350691028103742e-01
3.335860675842850509e-01
4.619191641671439585e-01
2.526438752409675970e-01
2.893968187000474090e-01
2.845019687772422090e-01
2.506738956294450871e-01
2.943911115500523201e-01
2.199508899037919962e-01
2.562454435250697826e-01
2.571408226923078688e-01
2.775805980132084461e-01
2.572687670921091074e-01
2.647477111967059815e-01
2.746467732242531823e-01
2.959600304624390721e-01
2.123795353218113913e-01
2.572398864859866685e-01
3.040772578065190079e-01
3.395102780137585485e-01
2.917108552708579938e-01
2.941609752764962615e-01
2.921267421733315106e-01
3.293465661918809628e-01
2.968292299404749479e-01
2.242197121016295258e-01
6.848411195876658031e-01
2.332693726464189210e-01
3.315429725486795931e-01
2.872256793741119751e-01
2.199584170574926945e-01
2.451213316487551863e-01
2.402261198797733810e-01
3.892055961266162045e-01
4.378326084324866696e-01
2.946946439159582320e-01
3.297040560845304058e-01
3.309926550193099115e-01
3.095284536013440668e-01
2.788548920828892164e-01
2.876744065616258506e-01
3.315002241560563445e-01
2.554574677805079297e-01
2.870511090156649958e-01
2.500608766410668538e-01
2.460448130873976735e-01
4.737828649293531202e-01
2.851119164390428784e-01
2.453005697697614451e-01
3.092469136510635486e-01
2.956070086364784300e-01
2.305084599823717939e-01
2.554994929012212035e-01
3.077230893477735929e-01
3.481666131706807055e-01
2.675740365969396239e-01
2.656187062690112399e-01
2.675740365969396239e-01
2.656187062690112399e-01
2.303241364563024252e-01
2.506724680597243737e-01
2.680876210163147810e-01
2.969401286226014958e-01
2.970600826536451966e-01
2.191810458791749183e-01
3.125763277598346823e-01
1.757895834688347758e-01
3.754523833010440792e-01
2.680976652432871532e-01
3.005570690709584158e-01
2.763585455506238908e-01
2.995390470157784923e-01
3.054984268379939971e-01
4.951979560110831846e-01
5.042779501289242905e-01
2.974366189471726596e-01
2.249668732248593095e-01
2.796297886772193819e-01
3.148515210969105027e-01
4.200127199800094413e-01
5.120520434260491527e-01
2.923759815113045057e-01
3.846796817828629367e-01
3.041616128452314105e-01
3.698715856546608838e-01
4.053961741265511010e-01
4.423917666261114601e-01
2.940877015700150698e-01
3.006650018757886511e-01
2.876023119129884620e-01
2.512738005933051189e-01
2.534280011817309219e-01
2.839111192569750419e-01
2.914258822000114768e-01
2.856281764016596614e-01
2.740097657489016236e-01
3.553497250821617826e-01
2.574286934124989101e-01
3.367870961540709862e-01
2.650768352644586323e-01
2.946382910303851355e-01
2.748092625997516358e-01
2.702279919207097314e-01
2.500603503363344471e-01
2.632576755305598426e-01
2.490957156960423580e-01
2.605084212102737884e-01
3.032916897020977998e-01
2.885833829382351556e-01
1.739348298925609548e-01
5.913712826457817595e-01
2.433815808813009074e-01
2.854988696270114867e-01
2.763217762055474869e-01
2.713833051504492277e-01
3.622781474569935489e-01
3.555752838470441213e-01
3.460275487293582586e-01
2.337751286466532297e-01
2.576506165499518608e-01
4.192830896937577156e-01
3.922125941605930088e-01
3.804680518534948597e-01
2.571966747630237693e-01
2.546950847341695745e-01
2.513131497946865522e-01
4.277943944032297496e-01
3.605274890262850640e-01
4.082849059446000961e-01
5.606070070219992818e-01
7.717130247363035433e-01
2.572919080386428248e-01
2.841462901671796826e-01
2.106984593856106869e-01
2.807552194844576410e-01
2.343150454130942528e-01
6.799353307058210172e-01
9.125676885922548998e-01
3.838103910284480502e-01
3.573955768019211332e-01
2.545452129953845177e-01
2.894735848148153878e-01
2.479973791561700391e-01
2.464679575467461081e-01
7.667372904425285851e-01
2.740860329452034505e-01
2.615091006839206922e-01
2.903034501540687207e-01
2.649122966957482839e-01
2.828972127634369338e-01
2.387077596668995549e-01
2.877985604235043793e-01
2.876151439198730841e-01
2.597849744119617443e-01
4.695136397890189439e-01
4.098797549982668431e-01
2.465895494983004199e-01
4.962741368828044730e-01
4.968880484791740604e-01
2.472214710885056732e-01
