2.443997692625420604e-01
2.930869719626468251e-01
2.290500344780751207e-01
3.029165581913590422e-01
1.739656051641540746e-01
4.031775351576550870e-01
2.700496968064502457e-01
2.777325197769686116e-01
2.686272108795180191e-01
3.026844842714311312e-01
2.432498257036256328e-01
2.581394318015287070e-01
2.739624791306077278e-01
4.453288882433841800e-01
2.972574476102202712e-01
2.246713459240451682e-01
3.739824597223677105e-01
2.760579672515930949e-01
3.349781412340804287e-01
2.545182994524699538e-01
2.871872746872268234e-01
5.748871836943648672e-01
2.476986966209779040e-01
2.467075853243186623e-01
6.372326206803349269e-01
2.425066182076013876e-01
3.379941240603841490e-01
3.525627356721652839e-01
2.468639337620077423e-01
3.262528848379204760e-01
5.772806815335403963e-01
3.123664416102727714e-01
3.104168163734470909e-01
2.813934440605517229e-01
2.453056696969435624e-01
2.472634052436774033e-01
2.978513649781270867e-01
3.493916804134196696e-01
2.629608636266547173e-01
2.641479390560982354e-01
3.708295607133021976e-01
4.787958192142327540e-01
2.184287836128881999e-01
2.211850912736075259e-01
3.222196905496295116e-01
3.901823373315712606e-01
3.723417000347946648e-01
3.277160092796903568e-01
4.869888190613440027e-01
2.574539591911679248e-01
2.817845649604242553e-01
3.046034123552830986e-01
2.595044326936734036e-01
2.966619510792022907e-01
2.305282658482143698e-01
2.975755684425454017e-01
2.890324584343224035e-01
2.656058931055655381e-01
2.445247822758206679e-01
2.770357438328141519e-01
3.118655068155957166e-01
2.965739328808412179e-01
2.162803205011232521e-01
2.785339045446277861e-01
3.222905184271782630e-01
2.624153366376056340e-01
2.729461983929933333e-01
2.510860839005227829e-01
3.526423291733948306e-01
3.090327298369248132e-01
2.905467755625993909e-01
2.270846228652333987e-01
6.467229089378628837e-01
2.277598379040908227e-01
2.892699827475439522e-01
2.789889320432356601e-01
2.687842125065463827e-01
3.000025970044009060e-01
2.347856378863456828e-01
2.763373491060605591e-01
4.665101873833525370e-01
2.307061497529254157e-01
3.113863051063417986e-01
3.115850192687571463e-01
2.753374540794241709e-01
3.810386125688323689e-01
3.852066822177653282e-01
3.649553333424618851e-01
2.539388623833305214e-01
2.844542856149108179e-01
2.468163879615704048e-01
2.457415261835564912e-01
7.178092902408617082e-01
3.018127773648299761e-01
2.468449476255705488e-01
2.802897287689914418e-01
2.983823211280206000e-01
2.321551088636929494e-01
2.591295414304216616e-01
3.669671246514073504e-01
3.701336609945115041e-01
2.542969075416015023e-01
2.971992141037613777e-01
2.542969075416015023e-01
2.971992141037613777e-01
2.633649170300499942e-01
2.499911340123480152e-01
2.835204896595941437e-01
2.709844766066068500e-01
2.967014844738620760e-01
2.184722416714632853e-01
3.181543643305522195e-01
1.750940729305434096e-01
3.761108557379148065e-01
2.717829321132929632e-01
3.375277871675572139e-01
2.459078552739815682e-01
3.821026481037585465e-01
3.730625177936214842e-01
5.078748397763622746e-01
4.893117424781959768e-01
2.950306245972981745e-01
2.307732676854758191e-01
3.869264958897255524e-01
2.499966027596596529e-01
4.853739265882809351e-01
5.207988268182163205e-01
2.511045946361858960e-01
4.844655759641349202e-01
2.887455787091589010e-01
3.736780363242255265e-01
3.624859232830915934e-01
3.777531206944330089e-01
4.217326375052480314e-01
4.411345231474781414e-01
4.478375537851245758e-01
2.850599542890997484e-01
2.491086555837990213e-01
2.597686445133380317e-01
2.960700563274227815e-01
2.998320500742898131e-01
2.161000903867974776e-01
4.845276905410381696e-01
2.569842579148512440e-01
3.384685322488704129e-01
3.129370997104991559e-01
2.972254927182256812e-01
2.496729644401434189e-01
2.591724808436080552e-01
2.473647617438038959e-01
2.868659718102897216e-01
2.948128017086685260e-01
3.956019171482319519e-01
3.138541813637880096e-01
2.856566608468562030e-01
1.739613502648777177e-01
8.784130528345788225e-01
2.442111816622700160e-01
3.135686281778494733e-01
2.729013397155762854e-01
2.933628093808842707e-01
3.821989711358960151e-01
3.704912446292259465e-01
3.124578591088341684e-01
2.256625563409422885e-01
2.557290275881983210e-01
3.788316120933121200e-01
4.072197166992224671e-01
4.526605951155731611e-01
2.516587476418086222e-01
2.640539029206058208e-01
2.492654637988374611e-01
4.391429734043010291e-01
3.418615198376452891e-01
3.275128034500008334e-01
2.431026067958408643e-01
6.421229770859796515e-01
2.343393157864702148e-01
2.882292912567319121e-01
2.335518926261257455e-01
2.796949613131441970e-01
2.665066279295426055e-01
1.097152250789075412e+00
1.077944118860109990e+00
3.043112627593002051e-01
3.499903466484147740e-01
2.530645691292169319e-01
2.893343293891296741e-01
2.465951374404389551e-01
2.469980696602855907e-01
9.519379793013613700e-01
2.641255019513484292e-01
4.347075849121390667e-01
2.894007204609985728e-01
2.506942731326308738e-01
3.442980330704375480e-01
3.569751753714882625e-01
3.616745943699758992e-01
2.446544030792488778e-01
2.944196371954360680e-01
5.013123908483877456e-01
3.045258066804646946e-01
2.480888863405473210e-01
4.960951837135115228e-01
4.976734359736540991e-01
2.482209913644979338e-01
