2.573256062655568388e-01
2.503087844002588325e-01
2.199655363602782132e-01
4.288719109236458493e-01
1.727542496965904784e-01
3.953999388075251087e-01
3.694439377734556329e-01
2.730660872278278251e-01
2.498347923659955117e-01
3.030118286308592368e-01
2.467800304147136081e-01
3.020710512399629177e-01
2.529571191264086694e-01
3.014762026039987108e-01
2.991514795975948049e-01
2.098196562650631591e-01
2.636132068105053183e-01
4.158965707554352909e-01
3.800980060824642459e-01
2.543849624602417259e-01
2.899901427605829918e-01
9.316001133787212840e-01
2.503974963027255640e-01
2.486679355957450432e-01
7.785241657028302287e-01
2.655378349725128762e-01
2.643366748594697113e-01
2.737913287617038116e-01
2.193983756545625219e-01
3.083531831624938269e-01
5.991284809439393344e-01
5.197954275414529146e-01
2.514255753183130548e-01
2.927799453335185320e-01
3.052879826009651243e-01
3.698076283334904013e-01
2.486867283476481005e-01
2.586351884658067424e-01
4.195842465760395990e-01
2.558812773682942465e-01
4.020537668316769842e-01
4.972545679686238840e-01
2.371925744634418021e-01
2.189258556383634480e-01
3.766041508955556005e-01
2.978698340619181373e-01
2.480596665758006414e-01
3.481114601646466133e-01
4.358299420187592976e-01
2.852106397157742057e-01
2.712322818252391743e-01
2.445859284730423078e-01
2.707851212896477122e-01
2.971358899525828878e-01
2.376066715002932983e-01
2.766310017674528110e-01
3.276886467285901605e-01
2.485985699921056113e-01
3.049356389858483007e-01
2.982841203305952038e-01
2.552666212183856698e-01
2.993755481823549003e-01
2.165695295976151624e-01
2.666762386326422263e-01
2.579785999912428407e-01
4.471752624049829539e-01
4.607859131480621651e-01
3.033947547318492366e-01
3.171506859852873950e-01
3.866503846162617775e-01
2.947725317701110903e-01
2.285127454294899330e-01
6.813573933256297233e-01
2.326769495360013484e-01
3.449536581693902204e-01
2.815665869866313953e-01
2.221206601600760056e-01
2.389561696221705056e-01
2.411948575359554314e-01
4.435401607094205945e-01
4.365301797739797873e-01
2.933634859463273292e-01
3.450454257164754512e-01
3.644779888549863345e-01
2.708649734117949404e-01
4.130334939754273238e-01
2.794015614871230291e-01
2.503787578686192949e-01
2.556498763840219790e-01
2.879762321429426564e-01
2.495523894322074776e-01
2.459855422042332429e-01
3.590005700697861957e-01
2.405202487994555494e-01
2.354967458032705963e-01
3.779732304016210631e-01
2.966118253436101915e-01
2.395413389804176008e-01
3.683716622631973969e-01
2.422015679332528704e-01
2.963220252446248093e-01
3.716655369551833399e-01
2.894438427931646518e-01
3.716655369551833399e-01
2.894438427931646518e-01
2.228977934252021065e-01
2.446377769482242226e-01
2.605436941942241846e-01
3.166887694321723346e-01
2.955246227650746849e-01
2.197887008739844439e-01
3.707650210154441184e-01
1.744389126973054094e-01
3.653179733454660627e-01
2.419898097552750371e-01
3.355909677506964117e-01
2.448311423992154956e-01
3.006443323726074035e-01
2.322737015884924483e-01
5.771574290999105239e-01
6.373889570658753945e-01
2.955942382463635498e-01
2.239013397687852625e-01
2.993498608239033021e-01
4.145601805726831790e-01
5.802660251679083725e-01
4.906767743897835765e-01
4.614936932419199112e-01
2.577634294792828795e-01
4.639978213951773123e-01
2.593462168022329650e-01
3.321582606547536787e-01
2.559059204977748858e-01
4.534144951719238370e-01
4.303699306796657242e-01
4.922088441872222719e-01
3.011901057868749398e-01
2.548112514271680396e-01
2.428829612465201737e-01
2.989969676813161725e-01
2.946637340100162206e-01
2.147916806646277543e-01
4.438678113785242685e-01
2.372562389147476469e-01
2.714079487685737702e-01
3.640229918151236532e-01
3.248229325234402443e-01
2.754608289168363755e-01
2.664444085390124117e-01
2.441999713480022538e-01
2.566919479497282719e-01
3.442010113282146233e-01
3.695660491350455934e-01
5.003767595535697499e-01
2.644901074789466899e-01
1.754622059357067165e-01
4.670571066031314333e-01
2.733510521118464598e-01
2.766165567377221191e-01
3.190832694852879237e-01
2.949439837238734818e-01
3.445660174529671660e-01
2.921441563476838699e-01
2.977914417849346074e-01
3.598028523128042888e-01
2.578442795504720109e-01
3.646392622346688595e-01
4.586866582508832280e-01
3.712497178910175721e-01
2.409632863043880968e-01
2.724928952470571653e-01
2.441449436503182746e-01
4.410719376923009638e-01
3.414196731170576204e-01
3.392186307845961313e-01
5.566743884503355666e-01
4.031315876216647331e-01
3.040557225116934381e-01
2.916261284093797368e-01
2.551972064312313937e-01
3.467986371093605413e-01
3.346683957229070194e-01
9.497396560678009747e-01
5.903912424575376017e-01
2.512288702552991082e-01
2.984332068464691790e-01
2.571005603904813475e-01
2.862291181881228552e-01
2.503040307538192399e-01
2.446260299482629907e-01
1.208457854552875244e+00
3.408347525732832728e-01
2.614634352887287849e-01
2.923626962626804104e-01
2.533111745319850394e-01
2.926156747861356489e-01
2.355554151906829319e-01
3.000531025925077255e-01
2.548854463213778843e-01
3.522981449496586093e-01
2.682668579158963840e-01
3.393539187020837566e-01
2.488452419750635247e-01
4.937067850605968422e-01
4.939327235415330586e-01
2.454049289063341965e-01
