2.457816852331809465e-01
3.106709982796916347e-01
2.442260948404287035e-01
2.467259414435581666e-01
1.738527626819858229e-01
3.702544117235272991e-01
2.738145478896050200e-01
2.595819434287210403e-01
3.327415226854150143e-01
2.923302953088840472e-01
2.486950442763324054e-01
2.372347005632842731e-01
2.671260457316688153e-01
4.408724372012329251e-01
2.899417498180704156e-01
2.368851350022825042e-01
3.558180759981987573e-01
2.811167193936718878e-01
2.754813748969311415e-01
2.549570721854910738e-01
2.871377652311934980e-01
5.681797909477550590e-01
2.480816152816429643e-01
2.496143800003535751e-01
6.318860710015860027e-01
2.979913787036024830e-01
2.482622247895048817e-01
3.003998634339812845e-01
2.491481951122127003e-01
2.306923084206495278e-01
7.474793163559134701e-01
6.384470890367989204e-01
2.510615444992992384e-01
2.855395181712898633e-01
2.851566686102454118e-01
3.204061975965425413e-01
2.542730126155448023e-01
2.808342528438765306e-01
3.940575152608167264e-01
2.630435678139887434e-01
3.669030937369960332e-01
4.762719848068601713e-01
2.199686493058180536e-01
2.182524889321580674e-01
2.990895883006796097e-01
4.289973114763828699e-01
3.919959616668293734e-01
3.351218497918151962e-01
4.623603340486144853e-01
2.605913998813508825e-01
2.821552889081075377e-01
2.786255050966998659e-01
2.700071265555051836e-01
2.947940806844063233e-01
2.350971739914463343e-01
2.896402942458128349e-01
2.932867260988215041e-01
2.530008399869411728e-01
2.714090233251000850e-01
2.952525085547150763e-01
2.680650683002677170e-01
2.979263888140451511e-01
2.153859232042685534e-01
2.760366118108799061e-01
2.647927072149747763e-01
3.425571675573050312e-01
3.516748890468098798e-01
2.432760293790949546e-01
3.153190055978726258e-01
2.741848048515676539e-01
2.935306202182347279e-01
2.249963197201405585e-01
6.911301095239600345e-01
2.308789361161033560e-01
3.267384804872413562e-01
2.830860268900581844e-01
2.181175088254699579e-01
2.501775992953076955e-01
2.362981259713369808e-01
3.947676008100017286e-01
4.322740340071936083e-01
2.928613147667313288e-01
3.267825301161890739e-01
3.199376196908007008e-01
3.286544406928033624e-01
2.679734888189577724e-01
2.872822451161963775e-01
4.230597406931810855e-01
2.558486909219782057e-01
2.843592843587938179e-01
2.469759681488717107e-01
2.506937498110467510e-01
7.290224271814094159e-01
2.511688061237659086e-01
2.556786535894748913e-01
2.949760777104485920e-01
2.966026697198643203e-01
2.293084501990851343e-01
2.844648220578485653e-01
2.770255209414198561e-01
2.954977691530987216e-01
3.136707273976769850e-01
3.419005445863677606e-01
3.136707273976769850e-01
3.419005445863677606e-01
2.339555221312103472e-01
2.459466050446391661e-01
2.726584413116177052e-01
3.303906250009466805e-01
2.962025032135729430e-01
2.233775973801997161e-01
3.226281489654029833e-01
1.746963553865823748e-01
3.807189409484593168e-01
2.808057435453816808e-01
2.618278262311992122e-01
2.445245368350692783e-01
3.615130164536767277e-01
3.050160793582793461e-01
4.779845519186707858e-01
5.852283972224681108e-01
2.960173613827346562e-01
2.300643463494969898e-01
3.599183463574925357e-01
2.730215503332685811e-01
5.032545225241338294e-01
3.384182509503446123e-01
2.635973754516117706e-01
3.464456244799793416e-01
2.923308564045685176e-01
3.224450433598433641e-01
3.238424059379831355e-01
3.617001725568077530e-01
4.496639494448373964e-01
4.487389535641839178e-01
4.306765969317871146e-01
2.753940916598274224e-01
2.637627476029336671e-01
2.553768570534311610e-01
2.705554234300647787e-01
2.961175040815407500e-01
2.148124860033827632e-01
5.030013375443753709e-01
2.506304544157227920e-01
3.832993674821552621e-01
2.973480050794455321e-01
3.011208535357724481e-01
2.713001300407070771e-01
2.631734040347538106e-01
2.453288126968509175e-01
2.715567346773449242e-01
3.042064799406533626e-01
4.047736873930708468e-01
3.297432901895329116e-01
2.993215885659896158e-01
1.739525340131569675e-01
7.910460025054961708e-01
2.447828815971968275e-01
2.999631981476936216e-01
2.610835205993771724e-01
2.707955009681945469e-01
3.818483918719124404e-01
3.669913130298576021e-01
3.185150071822294704e-01
2.203283214525030842e-01
2.724332337044309549e-01
4.551815733946522058e-01
4.140087011354679492e-01
4.238701533300519575e-01
2.512298376618539719e-01
2.565522580124239282e-01
2.524452921517374993e-01
4.199549222138481142e-01
3.388980025325503131e-01
4.018161844943261563e-01
2.534887060813125204e-01
6.143835762723268701e-01
2.382129204591379168e-01
2.944591278311102234e-01
2.808351973017617076e-01
2.584195620325787091e-01
2.513565919453671915e-01
5.575029771244300880e-01
7.742288474236861395e-01
3.324971150893215599e-01
3.651291000182074198e-01
2.581587241960169865e-01
2.855538466740738524e-01
2.469552350481371561e-01
2.501566950448286808e-01
8.158082884179086447e-01
2.857425873692320817e-01
2.819747910194451146e-01
2.944929275941784441e-01
2.646752544970660259e-01
2.894903909074695303e-01
2.888361625563296009e-01
2.953003967754192494e-01
2.596749529848231819e-01
2.919411555225530086e-01
3.630567619220924636e-01
3.785764249841671591e-01
2.474399880566161003e-01
4.952292618675140368e-01
4.956605469537803121e-01
2.479836034400090539e-01
