2.526182478052289015e-01
2.684389490463700567e-01
2.326086043314378182e-01
3.456434085689418789e-01
1.746022960994591533e-01
3.219515878533336650e-01
3.106722722221612609e-01
2.749022308676660753e-01
2.522371752854159488e-01
3.039850232324668999e-01
2.479084108557380595e-01
2.774174131353159267e-01
2.479402358027396891e-01
4.452531207347951159e-01
2.936613846618255641e-01
2.295771646800167931e-01
3.562148663541391813e-01
2.797175442521877553e-01
3.400586342163740561e-01
2.520235140796103224e-01
2.888378704431749933e-01
4.774634418980993611e-01
2.479886903800467002e-01
2.465957130749314163e-01
6.222843093725656249e-01
2.991506098799897595e-01
2.858699349529617018e-01
3.461635779929334578e-01
2.498112647505075501e-01
2.350137374783329569e-01
6.872953699847317299e-01
6.529731750488542152e-01
3.049852663610177483e-01
2.716522755253611421e-01
2.329598635121643002e-01
2.455245881061210445e-01
2.586931390702309486e-01
2.753210859804468003e-01
3.434038923502354956e-01
2.507062262360053584e-01
3.099324914817660481e-01
4.730492411552517096e-01
2.215236187828675540e-01
2.187251980405650331e-01
3.341085011862262033e-01
4.277118398446748682e-01
2.961630210396393181e-01
3.526017174896408646e-01
3.301987014536197362e-01
2.609434567660655069e-01
2.561575630304801510e-01
2.741562311055802947e-01
2.859380876121052628e-01
2.969942944924007788e-01
2.268011656094285344e-01
2.875581985782273975e-01
3.138617668349954481e-01
2.611630540435354031e-01
2.626655452323966577e-01
2.692444470970327131e-01
2.672093831815198217e-01
2.972737448427975049e-01
2.166540174749808645e-01
2.655195004850077201e-01
2.853330317957217255e-01
3.462560815678473736e-01
3.163126727672646576e-01
2.517742648738693356e-01
2.970753313192014411e-01
2.659100899088702175e-01
2.944235947844423551e-01
2.212093621770820917e-01
7.130985689935684935e-01
2.314117050499522044e-01
3.287574946756692817e-01
2.847471242323682539e-01
2.165122294437006045e-01
2.493481384666584588e-01
2.418255236933742336e-01
3.427759521760309069e-01
4.402403804351302519e-01
2.876916916026632243e-01
3.292910045529006680e-01
3.000549540204607291e-01
2.963287292306500120e-01
2.918634571844288539e-01
2.911738318292364514e-01
3.097743345731912568e-01
2.549692037137037404e-01
2.875807932018375479e-01
2.470621324735217117e-01
2.465924164500319926e-01
4.440108760298404622e-01
2.863273850540000165e-01
2.502925023387616021e-01
2.990739974375483667e-01
2.960813657316106462e-01
2.303427058085246726e-01
2.532314913242173504e-01
3.193523117468402006e-01
3.362326249987089843e-01
2.598938738862238140e-01
2.786755303684760321e-01
2.598938738862238140e-01
2.786755303684760321e-01
2.391196794088095157e-01
2.614198020019402047e-01
2.686248546673713489e-01
2.789368254777980782e-01
2.973303134737237952e-01
2.191289051773876173e-01
3.029382032370518951e-01
1.744908620190634141e-01
3.728556380465257725e-01
2.663904038893339932e-01
3.499312679815185234e-01
2.607796179284642690e-01
3.099783556329514522e-01
3.311375064076398367e-01
5.402737349888384610e-01
4.784970029585177143e-01
2.968706399783134775e-01
2.288810845280108974e-01
2.870193858637397066e-01
2.721015859639099865e-01
4.422005067572318260e-01
4.813057104098886763e-01
2.646215817779025703e-01
4.008098078513092632e-01
3.074352159665367235e-01
4.042082439193757093e-01
4.048353208837716655e-01
3.576612754601976030e-01
3.402569807607081498e-01
3.516809885968193994e-01
3.696347884955388241e-01
2.609549632833373378e-01
2.709623745212191293e-01
2.730631918708690264e-01
2.694851275624969289e-01
2.954943465637397959e-01
2.169679846666926204e-01
4.495803841926802602e-01
2.621563391629619377e-01
3.762942996312879096e-01
2.736993861432753805e-01
3.383148706001560257e-01
3.001504042703752595e-01
2.642714575800991783e-01
2.392565954650965609e-01
2.531168988132951325e-01
3.342402485739994211e-01
3.213865605332743569e-01
3.037717998351748827e-01
3.155699489652932233e-01
1.742032528382780887e-01
8.654406736353422724e-01
2.477199624725698046e-01
2.846200514250666336e-01
2.864894985679788952e-01
2.757530916453936332e-01
3.452103624463978004e-01
3.534954255107206067e-01
3.703789093795197274e-01
2.230349403769030514e-01
2.694273256866731581e-01
4.408038241958908143e-01
4.450010680570976596e-01
4.030919740356598280e-01
2.620022925959275550e-01
2.510530853641016469e-01
2.517886134914220087e-01
3.892368847060305725e-01
3.784580616025900457e-01
4.145557167405792831e-01
2.515083975925078708e-01
6.128052714937959333e-01
2.406913842123003799e-01
2.909222484611296289e-01
2.368194717596686927e-01
2.641993798988605535e-01
2.525273253431729592e-01
8.262611029303537080e-01
6.115251038661007055e-01
3.142513210517069999e-01
3.626549552902033624e-01
2.546437606309763790e-01
2.855508435481131646e-01
2.475305786821896670e-01
2.462903268845872407e-01
9.272291859990242635e-01
2.565412411056697817e-01
3.102006844854282575e-01
2.918531751164636923e-01
2.671164055496819678e-01
3.091390756559099229e-01
2.672927010374062662e-01
3.133291095841294616e-01
2.482970857687339938e-01
2.688842478969068472e-01
3.774107923469110504e-01
4.512962914463780617e-01
2.463321609073093055e-01
4.971838444490191966e-01
4.974929545413578902e-01
2.463128050552197690e-01
