2.459247260479398289e-01
2.611962328945255374e-01
2.291971803667830765e-01
3.221756553299123249e-01
1.745643118858363207e-01
3.959044211564717308e-01
2.946671969532859148e-01
2.683314678871328018e-01
2.560508269646156188e-01
3.029448568340249448e-01
2.440257612802675391e-01
2.748217681872119900e-01
2.575778441524711471e-01
3.498820892855125098e-01
2.949213152211950240e-01
2.275326668837454880e-01
2.906823616097513052e-01
3.127654683437418037e-01
3.445221400280858992e-01
2.545786469993507883e-01
2.862647963468663015e-01
6.463155818406552955e-01
2.489640403728557161e-01
2.470050211454214439e-01
6.066329221652675407e-01
2.771114593593768105e-01
2.608987493180446315e-01
3.065106572733421464e-01
2.316748046567760899e-01
2.697309344592598301e-01
7.658725078187489377e-01
7.083979236924360379e-01
2.562586699430688397e-01
2.838454970942048128e-01
2.733836730960795269e-01
3.196921176865062386e-01
2.497048585955982114e-01
2.824021383234012195e-01
3.210063383937717396e-01
2.749986552060669776e-01
3.119160700430279598e-01
4.818890229966252825e-01
2.205143287992362977e-01
2.156015950090965638e-01
2.846947402100959978e-01
6.072196446967802475e-01
5.532123101184506231e-01
3.220609239376413524e-01
3.523358072233463423e-01
2.716452105732961586e-01
2.555436669575353315e-01
2.655467083389010385e-01
2.905916300636693372e-01
2.967453011130610219e-01
2.322255862255407921e-01
2.787602278270490674e-01
3.219096072725612934e-01
2.536679530617415579e-01
2.701476026868502300e-01
2.854036652019555365e-01
2.674312897389722887e-01
2.971574242795832488e-01
2.158251654512252371e-01
2.822829691948674502e-01
2.790711976810797412e-01
3.278988484498272515e-01
3.555213037698191081e-01
2.626422734925730751e-01
2.942943756838661828e-01
2.903638319186864214e-01
2.960913049786584317e-01
2.219952657694681253e-01
6.492380606133373311e-01
2.304071068358160834e-01
3.276725351792444396e-01
2.837961728264639660e-01
2.217060903456958276e-01
2.408500609330381514e-01
2.392831600405760650e-01
4.383800918313697781e-01
4.019241552415988017e-01
2.947652520878185634e-01
3.368352696212300046e-01
3.578507306141747168e-01
2.661983841160019404e-01
3.910550884911413450e-01
2.782270684387934123e-01
2.420069437937229506e-01
2.545221631436478948e-01
2.871695339812782577e-01
2.479880183796150661e-01
2.464527413434086933e-01
3.427796882780553278e-01
2.743487419865065502e-01
2.480659484989448660e-01
2.970351042584850609e-01
2.935326300947566636e-01
2.243127975654267692e-01
2.534728949718411672e-01
3.160328622475738203e-01
3.148669095715952992e-01
2.772658078571029194e-01
2.594755247159958866e-01
2.772658078571029194e-01
2.594755247159958866e-01
2.323026675320440104e-01
2.605862210733083661e-01
2.849077018228096114e-01
2.722525481932391855e-01
2.966025381687373286e-01
2.178417900071209778e-01
2.893689346578441346e-01
1.747374493186672761e-01
3.696458150531355957e-01
2.563090241178543338e-01
3.278563858803537623e-01
2.716611350015912252e-01
3.084803656502754787e-01
3.035341875820927182e-01
5.048769272117188400e-01
4.683194333124184316e-01
2.960264560172823911e-01
2.233024739037788309e-01
2.741788464893031296e-01
3.322494364537469935e-01
3.909455070652008146e-01
4.517250351459788926e-01
2.925733319245035768e-01
3.708543191156867813e-01
3.289691219431957192e-01
3.686378499472680592e-01
3.649635978637452705e-01
3.566295993452288648e-01
3.109603817260844782e-01
3.315069619575588544e-01
3.181584450616350424e-01
2.498597239428796413e-01
2.800585081858957270e-01
3.008303777934784318e-01
2.645715779547736513e-01
2.969253355548943651e-01
2.152989214474034241e-01
4.164319305492339973e-01
2.848332894748968336e-01
3.775845587553525173e-01
2.666286132806547915e-01
2.976491682251784510e-01
3.009796910316839269e-01
2.573142371566916053e-01
2.506387065274339188e-01
2.513199014222077254e-01
3.488842729533520592e-01
3.618306552512122187e-01
3.343633312647304456e-01
3.726504761944943733e-01
1.736252824531097083e-01
4.966569098875907584e-01
2.575678743679344906e-01
2.729935885464370160e-01
2.900370681493729119e-01
2.836850672007670826e-01
3.123135789237643789e-01
3.221409583592714232e-01
3.214477357870874075e-01
2.183688047428788692e-01
2.919759269378960909e-01
3.514326541270001991e-01
3.528764118168493114e-01
3.457661805125459287e-01
2.567200850312724714e-01
2.545448406898442872e-01
2.581638975984205664e-01
3.833469752891575100e-01
3.970459288845912815e-01
3.932228502988889818e-01
2.677783495742329101e-01
3.545277887956145846e-01
2.392308899128856303e-01
2.895359549983436698e-01
2.878242001972758368e-01
3.008894338661375345e-01
2.644954416602132152e-01
5.893287527435803197e-01
3.481502826230646885e-01
2.866365776042703595e-01
3.096610409585818791e-01
2.540464234585058656e-01
2.875897555381755066e-01
2.466208624910319058e-01
2.475242105119113967e-01
6.611334128687954559e-01
3.086271887088670174e-01
2.998228743462244550e-01
2.931307277619681351e-01
2.699171802878911341e-01
2.738485224739317658e-01
2.994913546747071109e-01
2.775067017121056745e-01
2.707566267088400980e-01
3.347661104942489252e-01
3.413955576987421914e-01
3.543881205872795315e-01
2.479952758941061375e-01
4.960477294873157361e-01
4.963491520531588819e-01
2.474157772993628990e-01
