2.419240709690586577e-01
3.761667684154655356e-01
2.544473625932397454e-01
2.310639487804186376e-01
1.730277209262851001e-01
3.734209888858547877e-01
2.707647990985675435e-01
2.933033057512572928e-01
3.684049048989431197e-01
2.981270634006441544e-01
2.655844626363359495e-01
2.382471832613777818e-01
2.409575186146145631e-01
4.469354708834716305e-01
2.932176107683016619e-01
2.247725137458742584e-01
2.698001839133840618e-01
3.655104177409023714e-01
2.747984896301747804e-01
2.591648297403482126e-01
2.885440963552410309e-01
7.901529723077956868e-01
2.482030721032449372e-01
2.466723848441389200e-01
4.654479297713894903e-01
2.781092053768204897e-01
2.688979973502659271e-01
2.818929501364932366e-01
3.497009107213296386e-01
3.267387731798392925e-01
1.025931155624104196e+00
1.025097890364219611e+00
3.374345831222714254e-01
2.579430674128180834e-01
2.408712715665595194e-01
2.952294051127429819e-01
2.506090018138226183e-01
2.615467190134961872e-01
3.392299613381599688e-01
2.573838892048978533e-01
3.751722782174774506e-01
4.854971869134059315e-01
2.209408388974972992e-01
2.178293925089094807e-01
3.108175329594515257e-01
4.853634870873339557e-01
3.032302505254169667e-01
3.590340713386531157e-01
4.419436348423534389e-01
3.030056382270892579e-01
2.548870506801220737e-01
2.777161258455346227e-01
3.585555230367479806e-01
2.948438312592147614e-01
2.294600808583859564e-01
2.668774603271145129e-01
3.786818527409622770e-01
2.447376464629794635e-01
3.013711219029046595e-01
3.022862191158319778e-01
2.481339040748027636e-01
2.953156692340230260e-01
2.210094655866113311e-01
2.548746010428586950e-01
2.518086854023540710e-01
4.432509707864746296e-01
4.515591345952034152e-01
3.032877661994624607e-01
2.550577492213930153e-01
2.946159242172627368e-01
2.969408972742708652e-01
2.202315325665579471e-01
6.968735113608758303e-01
2.298600907049085096e-01
3.255291259236333667e-01
2.859313215679969433e-01
2.181040401959908892e-01
2.424215147050800545e-01
2.386489112975964944e-01
4.423004916324078661e-01
4.357228305974021887e-01
2.929831239918080366e-01
3.299079269362196754e-01
3.643331308371844934e-01
2.796834373304905585e-01
3.070965838150690463e-01
2.799397859457989912e-01
2.763829536707961276e-01
2.562068337738804269e-01
2.885903673985256157e-01
2.456316896843519504e-01
2.490506550956057830e-01
3.680026011632002714e-01
2.773312517975078939e-01
2.573230191450492921e-01
2.781107420979165301e-01
2.981581485204846116e-01
2.280608930333246354e-01
2.578808279441184292e-01
3.910318972023886785e-01
2.995703322133393964e-01
2.885864161115802573e-01
2.778288729869486939e-01
2.885864161115802573e-01
2.778288729869486939e-01
2.411315587323948351e-01
2.545647240751411355e-01
2.660567499066613939e-01
3.327217419199938742e-01
2.967869419236934814e-01
2.171902800241979348e-01
3.630757668168690389e-01
1.749315178202435206e-01
3.687523924921358165e-01
2.593933540030015639e-01
3.054774340221291240e-01
2.888118340866407396e-01
3.190571890341438732e-01
3.814431185740409513e-01
7.020053083716726317e-01
6.675728310056624482e-01
2.967836685566511146e-01
2.145456742094583868e-01
2.696259953756742211e-01
3.738638866808485783e-01
4.627929000905016133e-01
4.898592311953853251e-01
2.733710850138600379e-01
5.138098358525008402e-01
3.865191616916719974e-01
4.554740716978137871e-01
4.292169184073966193e-01
4.631871726927783151e-01
3.303704090666617632e-01
3.234172578213311278e-01
3.016131201976060550e-01
2.461310398825130585e-01
3.033372802881951769e-01
3.056739126373625992e-01
2.565449274998951590e-01
2.918500161559661743e-01
2.145349155648126338e-01
4.800571585325799639e-01
2.614884554772370917e-01
6.413152934784905890e-01
2.450915368422116880e-01
3.026857043818688697e-01
2.480563797557761851e-01
2.787105189163314733e-01
2.454602402401108441e-01
3.046386737875835804e-01
6.621801407700880215e-01
4.439614978140343227e-01
5.161501936464916174e-01
4.504193673602883696e-01
1.753312622634320139e-01
7.580423391151734913e-01
2.373210247641876214e-01
2.547184464996891662e-01
2.834247701763301097e-01
2.975963338998982022e-01
3.966472937672049781e-01
3.854107066364149681e-01
3.849907681456360975e-01
3.383958899384680308e-01
4.209552789635711001e-01
5.172060021972763044e-01
5.018932912334650442e-01
5.310110363646128873e-01
2.518350684186576038e-01
2.662275213001855101e-01
2.556843584757295673e-01
3.398297149315373522e-01
3.548669632849523747e-01
3.524725064301111876e-01
8.919760258561703070e-01
9.273398824275592700e-01
2.996056676526585583e-01
2.929236455204958789e-01
2.419465825556807448e-01
3.681767762417865186e-01
3.118101694951450620e-01
7.647170209350093728e-01
6.561065207328883320e-01
2.566028854636352996e-01
2.894114154117069515e-01
2.537842686087533051e-01
2.843950825383979031e-01
2.464387451442540400e-01
2.471165849381228852e-01
9.020297345235150921e-01
2.570659156817060587e-01
3.556148145385653048e-01
2.831657761365992121e-01
3.290744868782527477e-01
2.410315977729191317e-01
2.478992395688537353e-01
2.620169218247926368e-01
3.363379492057570475e-01
3.523272985558557058e-01
3.496037801931462519e-01
2.569683609340945307e-01
2.475537275278540672e-01
4.957242699890439530e-01
4.953095207552276613e-01
2.487686300965226971e-01
