2.449334863189407407e-01
2.776143752980324564e-01
2.269649446142389948e-01
3.115146478656559692e-01
1.760010482266667620e-01
3.847924210045487459e-01
2.512326385829618536e-01
2.400155181449334096e-01
3.054051327869752308e-01
3.048745722751023957e-01
2.445737338180576370e-01
2.418477104955264467e-01
2.808059706852546467e-01
2.959837725914997719e-01
2.959302855711104518e-01
2.152446066827427840e-01
2.825257491567750301e-01
2.922305034875189444e-01
3.867259136919847240e-01
2.555240902611410347e-01
2.852283043741380419e-01
5.677726411307704169e-01
2.471639617899009933e-01
2.464245972780728655e-01
6.547050117667757574e-01
2.519498343029834553e-01
2.794501940356090564e-01
3.417147453735765450e-01
2.501527268380441260e-01
2.694237052778564734e-01
8.038102887417648557e-01
6.245430662369835240e-01
2.753845416168554383e-01
2.767181668165393793e-01
2.549921636439291261e-01
2.775563796911596492e-01
2.686974718684250751e-01
3.209325332607924630e-01
2.820404299985103669e-01
2.533146462791795450e-01
3.888846720135501478e-01
4.732674028404940114e-01
2.197666360981743450e-01
2.195402499384751516e-01
3.365575533760356564e-01
4.336551083542605212e-01
2.784527057674194284e-01
3.294556245552224816e-01
4.527004746853308115e-01
2.477166878121971894e-01
3.019352673276633481e-01
3.165446241402462557e-01
2.560227772485411668e-01
2.955496437667942122e-01
2.270285577049123982e-01
3.162773303293924809e-01
2.747804094215874904e-01
2.518498299450457889e-01
2.891458601032767528e-01
2.932417185057046849e-01
2.574080443647242533e-01
2.959136112746068026e-01
2.135408340097141866e-01
2.604882626408434043e-01
2.594209738615293470e-01
4.307962757030564527e-01
3.650422900339931886e-01
2.731714423107876044e-01
3.112984028025969629e-01
2.868248901073376378e-01
2.954075233394578559e-01
2.199920434317628459e-01
6.284784336446816999e-01
2.296892846428917057e-01
3.359482369367726151e-01
2.832677058449528107e-01
2.188639842392194612e-01
2.403759684070788938e-01
2.408021390571964404e-01
4.371314395045454160e-01
4.365439529632733628e-01
2.963829841866748582e-01
3.356515927415651412e-01
3.700671298959470890e-01
3.144558272365539642e-01
2.787077540404346854e-01
2.851770609673020540e-01
2.963484428462500597e-01
2.564655042622236980e-01
2.850618166714675161e-01
2.509535857931761149e-01
2.464203937110329146e-01
4.301302565732696426e-01
2.444593619060985712e-01
2.407759511790940332e-01
3.616519153199098113e-01
2.958642289426755556e-01
2.364527807818528615e-01
3.414479997416310364e-01
2.525192728405554754e-01
3.013680883613777395e-01
3.396703742472007015e-01
2.933762468076690499e-01
3.396703742472007015e-01
2.933762468076690499e-01
2.241882455986708156e-01
2.464337135295616155e-01
2.615563599269797868e-01
2.970631669724411172e-01
2.971996387185344979e-01
2.158643015751178784e-01
3.409205377787346558e-01
1.747501576296314751e-01
3.709563780552483370e-01
2.666449443086905124e-01
3.075901912682375006e-01
2.490277104615311321e-01
3.266762785783845491e-01
3.529190206197092006e-01
5.825699633361035579e-01
5.834557815514074264e-01
2.964140060699484991e-01
2.398188466044043898e-01
3.402872022491738035e-01
2.549416541955276672e-01
4.716348265614525026e-01
4.753459577713946005e-01
2.568946110352870460e-01
4.671985162472648834e-01
2.775100419237517269e-01
3.571967226881296309e-01
3.800696183010688345e-01
3.886157063171509773e-01
3.753543417247510727e-01
3.422259362495738144e-01
3.197404765562978923e-01
2.591305981142305592e-01
2.532651405127775979e-01
2.673322579866015958e-01
2.971992247364493855e-01
2.955195717276984935e-01
2.169136231669328008e-01
3.366033205399783235e-01
2.593366012340258542e-01
3.375446004236401509e-01
2.872244629094248825e-01
2.991955772747136866e-01
3.015470542478874694e-01
2.799129655365577563e-01
2.464064915934856270e-01
2.550574014020529634e-01
3.244828766579656576e-01
2.865144279368045388e-01
3.812957041211023634e-01
3.080856013581244612e-01
1.740104477810376638e-01
3.214648605288125682e-01
2.419676181443176921e-01
2.797055701168024155e-01
2.845769614875099385e-01
2.640186957399202061e-01
3.957219592324902058e-01
3.902734837784243571e-01
3.903702288494191319e-01
2.307599739748527057e-01
2.621385935021521840e-01
4.488535850251452186e-01
4.495159478660619712e-01
4.227081742477939441e-01
2.539181952480581983e-01
2.614710950823394553e-01
2.538361912905557904e-01
4.600910985486742488e-01
4.449635980018298853e-01
4.223726075780399047e-01
2.629090150645518320e-01
3.389607695083413086e-01
2.546469729552390260e-01
2.894135954619572737e-01
3.353695346975608671e-01
3.049643202707118528e-01
2.779486173421233386e-01
5.012761019568741094e-01
3.275794470477095266e-01
2.700157059251817038e-01
2.586690710815884309e-01
2.533449215426694101e-01
2.865756157378046010e-01
2.480401255537180716e-01
2.457400997447787006e-01
6.819047356295585560e-01
3.276526919917063796e-01
2.635029431315427662e-01
2.870843426261053821e-01
2.465034744439825731e-01
3.203275379397699241e-01
2.609401859157752246e-01
3.281996760510232369e-01
2.606589484941155277e-01
3.315226417069967457e-01
2.911925477667025031e-01
2.964324987575565618e-01
2.500327429988773442e-01
4.969076327188354791e-01
4.959537925426186766e-01
2.484274669678731562e-01
