2.397896442778943427e-01
3.764391828445911581e-01
2.482219618709141928e-01
2.303800481865640182e-01
1.725882109707906342e-01
3.742743769729792169e-01
2.424448697781365347e-01
2.896187610581738014e-01
2.720537541539891357e-01
2.983062063330594871e-01
2.639739397258464293e-01
2.506352674457335006e-01
3.039117635116077576e-01
2.515473560436777278e-01
2.907719693048214094e-01
2.373080912881980753e-01
3.596402242705808994e-01
2.922456228583844573e-01
2.411080498353473101e-01
2.540238192737071521e-01
2.845412685213796755e-01
9.012354544800897926e-01
2.511893009398270538e-01
2.455477592825025257e-01
7.318205285514265412e-01
2.659884444814820115e-01
3.630765024512007111e-01
3.002920884364132514e-01
3.211392559255370482e-01
3.660179717712112590e-01
1.000720055097337191e+00
7.220439599593876379e-01
3.578971580830567212e-01
2.677251573356779213e-01
3.018657441045980439e-01
4.075127179130810240e-01
2.546295615394522094e-01
2.418850211022555430e-01
3.613261121075588833e-01
2.304995968551723229e-01
3.790916053055431445e-01
5.249816439590920814e-01
2.352919421262741062e-01
2.066013970241184494e-01
3.950016308851292957e-01
4.965035321230614196e-01
4.660026933590165621e-01
3.868954636640278832e-01
3.497009891319500796e-01
2.775192709992530538e-01
2.618205132984146033e-01
2.555753743317913940e-01
2.774233948536554140e-01
2.862149513383320243e-01
2.266440476296947559e-01
2.377542328719395026e-01
2.995190626630905850e-01
2.542841668418291956e-01
2.526822296814155155e-01
2.893544811343032874e-01
3.015463517580939112e-01
2.956176277050194257e-01
2.199061361432155803e-01
2.917582557448686886e-01
2.922539899666000696e-01
2.896949225457060018e-01
3.141718193456422004e-01
2.977496046712339584e-01
2.678386580535070949e-01
3.092941725753100002e-01
2.965133364862079790e-01
2.204713789238555988e-01
6.518207026562826689e-01
2.314188474686661445e-01
3.258694294084553134e-01
2.856902068940561090e-01
2.188686007860747851e-01
2.426607521505688425e-01
2.407056307675023987e-01
3.994539999774029404e-01
3.470803775365754462e-01
2.973577376369079261e-01
3.288103912093874315e-01
3.157193551826047440e-01
3.687962812660942058e-01
2.712871962887375976e-01
2.902766604062472222e-01
3.801548191576458180e-01
2.547387077352937790e-01
2.872760150078297881e-01
2.471072296127553580e-01
2.472527042254617502e-01
6.822888192024296750e-01
2.955459847519952832e-01
2.478773954180260308e-01
3.077448832972760617e-01
2.952724763924063911e-01
2.252600150745484309e-01
2.534688918704884886e-01
3.576900545317548974e-01
3.572182818484027633e-01
2.593497753873713618e-01
2.637507585263045851e-01
2.593497753873713618e-01
2.637507585263045851e-01
2.356446155808835929e-01
2.449873166572920369e-01
2.903016571788960554e-01
2.976466773057921955e-01
2.940277689381204929e-01
2.178095904948711414e-01
3.211299344218649932e-01
1.745739375442670327e-01
3.721580206776501365e-01
2.605654103879705419e-01
2.897101533661103900e-01
2.613356601700969062e-01
3.493550572221068573e-01
3.777325140744239862e-01
5.205603649601411309e-01
4.826210606173684803e-01
2.962482574316223083e-01
2.322016169521831097e-01
2.914950682591689324e-01
2.615229551929424967e-01
4.333822544157360790e-01
4.554770252595082281e-01
2.536979374245389995e-01
4.929391497880398210e-01
3.103396088271999087e-01
3.871347725195138367e-01
4.018355520460512587e-01
3.732244742287972317e-01
3.022755718505831801e-01
3.304624326573127324e-01
3.232971774252039743e-01
2.813599803644016295e-01
2.556124585520087589e-01
2.674820165232053015e-01
3.053558889942237231e-01
2.902223094204374187e-01
2.776249705452005778e-01
5.878144809297574103e-01
2.459713305588227539e-01
4.630640342215396887e-01
2.925899447349164517e-01
2.896224840512267029e-01
2.759413479986378981e-01
2.537195045971425422e-01
2.432627792311109483e-01
2.801787939783709214e-01
3.842735331936998899e-01
3.298149786700323993e-01
3.400932617496999488e-01
2.531485874752482657e-01
1.736930725199913317e-01
5.029972238991775590e-01
2.627391277682947779e-01
2.843679924417604754e-01
3.386310726009044147e-01
2.989857131205713170e-01
2.726492451929212746e-01
2.968986151125506123e-01
2.899516418881249447e-01
2.176206716378563111e-01
3.650830834270787917e-01
3.282250990948910596e-01
3.854330805195012033e-01
3.311368018535528202e-01
2.589636215041334344e-01
2.507197544551292845e-01
2.591543413439988397e-01
3.227764006155595666e-01
3.635233764387792998e-01
3.381859692244383875e-01
7.114628685756093640e-01
7.188193907559385920e-01
3.005360441127812865e-01
2.824048457168224502e-01
2.179571410020914590e-01
2.668056838614309978e-01
2.332696359661275143e-01
9.555070231155429195e-01
7.540444912017988388e-01
3.270257506888403221e-01
2.537510843411459049e-01
2.558043551984968689e-01
2.891682777556609518e-01
2.465920044688774682e-01
2.480099554536648321e-01
6.741189662230131496e-01
2.417805760868130260e-01
4.465606340784011308e-01
2.918874259168610097e-01
2.696498557142449903e-01
3.292546659117471242e-01
3.312823036291079881e-01
3.654893283751882160e-01
2.374858903575426672e-01
2.767409945474549327e-01
5.054093009066327191e-01
3.185797744484953342e-01
2.434334673052447884e-01
4.960177137969781769e-01
4.952933868289439712e-01
2.469204669103249594e-01
