2.510001960896199313e-01
2.783513785169801635e-01
2.313061427493396383e-01
2.900859030444814524e-01
1.736280114090908155e-01
3.072807108700008616e-01
2.989578185522556164e-01
2.641021850093994705e-01
2.879032822492064714e-01
2.997161131851703297e-01
2.470299894405030561e-01
2.485986717851370320e-01
2.509761479188101219e-01
4.850600991931810491e-01
2.918624015804944793e-01
2.268478302649929446e-01
2.739016607497719025e-01
4.047575968900351540e-01
2.483835150514502599e-01
2.555777507730333520e-01
2.853530258400294173e-01
3.806810735281201397e-01
2.479893977394153626e-01
2.471000105691062987e-01
7.164363442421066708e-01
2.601392201090318435e-01
2.737956601702188908e-01
3.487479702784216373e-01
2.257488407968937794e-01
3.215198465352449020e-01
3.672693632461883628e-01
5.701813286366073097e-01
2.665859886999562556e-01
2.839344481027577527e-01
2.610086605849179509e-01
3.174342006127200966e-01
2.488663372310162825e-01
2.878291221567568781e-01
2.749296335418283110e-01
2.462970732206130331e-01
3.966067801334051679e-01
4.687890938318779455e-01
3.479866644093963512e-01
2.245971875501805992e-01
3.638209557589445753e-01
8.237577251051095839e-01
8.895820149546765920e-01
3.192002033402935868e-01
3.230890225627035539e-01
2.622458985303880996e-01
2.847177659710653508e-01
3.032736538137092985e-01
2.837573382558607471e-01
2.971744468952061125e-01
3.406678736176429467e-01
2.852826708569572434e-01
2.907731653895075929e-01
2.559043600465043533e-01
2.814044279217242095e-01
2.796683870687002305e-01
2.472787102120730940e-01
2.247114034712399677e-01
2.369636764514871929e-01
3.112827034304165852e-01
3.747633560711024492e-01
4.141076334179413232e-01
3.531326724953573470e-01
2.487389636681697491e-01
3.520808364422812198e-01
3.735151339519741653e-01
2.927929553586145484e-01
3.299111257156361332e-01
6.930653363277736734e-01
2.298037463109201262e-01
3.447653415283149503e-01
2.902874648887430187e-01
2.691190126235607494e-01
2.512189457880688592e-01
3.013214210241947355e-01
2.546666653804428582e-01
5.004204268140567402e-01
2.920065616911246553e-01
2.695987690687920435e-01
2.481288027499045645e-01
3.863069553746347196e-01
2.544308897215479814e-01
2.546982933407938021e-01
4.829892286356943787e-01
2.543997723549549228e-01
2.882093247250098189e-01
2.488914868498355581e-01
2.478571090336873228e-01
5.317195363664737329e-01
2.516363458309514023e-01
2.448428329629732114e-01
3.238434815583254855e-01
2.872622368003583948e-01
2.333774573293048438e-01
2.782197316428687284e-01
2.629822379757140172e-01
2.743830301375190794e-01
2.925038933399968788e-01
2.555850702233690708e-01
2.925038933399968788e-01
2.555850702233690708e-01
4.451590957392831949e-01
2.562095767419279024e-01
3.369614036696535475e-01
3.111012173677564219e-01
2.791093890734008820e-01
2.153757784573107903e-01
2.442181030626281169e-01
1.748408823183136562e-01
3.698966550577307277e-01
2.571669535362259285e-01
3.490382522170707991e-01
2.926427575301621120e-01
2.603026146173571531e-01
3.081877941281666033e-01
5.364009901824903226e-01
4.117631595255883958e-01
2.968258229350719812e-01
2.157903805634569516e-01
2.716899417398063177e-01
4.107624934691471719e-01
4.913719694130038174e-01
6.319535452481666038e-01
3.442457581080518580e-01
4.650706656199066757e-01
2.860835927601589890e-01
4.635530221272432527e-01
4.263315745537296642e-01
4.626914439071488361e-01
3.796868230447073000e-01
3.724982010640354724e-01
3.478288233056393564e-01
2.818437414240352878e-01
2.502852427140228597e-01
2.591644713511971343e-01
2.949097863958502486e-01
2.259568449628595876e-01
3.462503964118368582e-01
2.278826738033111754e-01
3.393041459677760274e-01
1.924223443512843301e-01
3.852810345706654815e-01
2.982943797104972150e-01
2.682617900757686136e-01
2.558917846856414990e-01
2.482305449781438134e-01
2.692829586941263842e-01
4.069435781575918565e-01
3.381452913265567406e-01
3.869928853564315041e-01
3.022424157611077189e-01
1.736998030614060606e-01
6.775609263966644313e-01
2.462250321254414176e-01
2.916291416024910932e-01
2.689071079293296473e-01
2.724645082017606579e-01
3.821468257920243583e-01
3.898945443626565255e-01
3.967514327222599335e-01
3.300621060259655848e-01
4.262758970112842660e-01
5.277747055436727841e-01
5.286186087004445255e-01
5.120892760440719504e-01
2.618592254626275206e-01
2.550882586213438774e-01
2.546175382997948877e-01
3.629185803586905679e-01
3.563632095605703265e-01
3.795070875589114934e-01
7.266883127957438626e-01
8.139281344082264225e-01
2.415580216561901417e-01
2.950211316368582248e-01
2.162477732224444560e-01
3.819267795616934635e-01
2.510219921811481236e-01
6.214689143362356338e-01
7.841455479351387980e-01
2.926154633304668962e-01
3.641171656743276142e-01
2.543483350665142195e-01
2.867232506566481653e-01
2.465250632299056666e-01
2.477858875225424640e-01
1.078853360902379821e+00
4.660440668972605782e-01
2.216448877086057423e-01
2.949017681480257669e-01
3.115188265052584726e-01
3.016878103991563753e-01
3.144742784172591121e-01
2.340868688486898719e-01
3.766861586433734588e-01
2.715963710938845699e-01
5.012617993091250668e-01
4.911478178511418102e-01
2.465365855610796575e-01
4.963801555539362198e-01
4.960552954503691936e-01
2.473217481678456620e-01
