2.489647353937719798e-01
2.527183873394531211e-01
3.607749538071809980e-01
3.746386900424299449e-01
1.776409787783012062e-01
2.295176165120123846e-01
2.567129029100879700e-01
2.889063953436850629e-01
3.080771318827864591e-01
3.042536270508648943e-01
2.412677008480836327e-01
2.456661087543461353e-01
3.013374752427033787e-01
4.596249467176532488e-01
2.902413679059480112e-01
2.235423846006327764e-01
3.746730841106593046e-01
2.554524616910699986e-01
2.959673723096696851e-01
2.531622302479192288e-01
2.869692933640347610e-01
3.762598592145650622e-01
2.529288087261613582e-01
2.464547401648461700e-01
6.105163652234740779e-01
3.037765568818999729e-01
2.796477006978972391e-01
2.496475874031036102e-01
2.236110767129138865e-01
2.971444096325600581e-01
1.121380208819932278e+00
9.579947083125390783e-01
2.666970992581698119e-01
2.869574707798356328e-01
2.678447709206340233e-01
3.634911404770468368e-01
2.488530688098909427e-01
2.544385594399341533e-01
4.418167724696250298e-01
3.015988278682076307e-01
3.289007218119990861e-01
4.901265427164581689e-01
2.210492436558002816e-01
2.097163169325030607e-01
2.923238417043959037e-01
7.574766558084753409e-01
7.274799123142119406e-01
3.107719053086960281e-01
5.028738699874976126e-01
2.688134706255820294e-01
2.669632607903069665e-01
3.082620885717312631e-01
2.894654161844552598e-01
3.005150027032554849e-01
2.344064305580951246e-01
2.776368265511844902e-01
3.181824052344953135e-01
2.523916529582198032e-01
2.872171917455951795e-01
2.786407365463097752e-01
2.665243833792232953e-01
3.002444948499335964e-01
2.098950783232397810e-01
2.849490235440272357e-01
2.841612592219954214e-01
4.308758041267963801e-01
3.813469264234887190e-01
2.681663431901329941e-01
3.494599487735771115e-01
3.808030037631087716e-01
2.967148935731921400e-01
2.255263976287661953e-01
6.694808376078493772e-01
2.311840435485468248e-01
3.358952285851091735e-01
2.860772702528666667e-01
2.169464423365376760e-01
2.493836119488112291e-01
2.556348334860745752e-01
4.385410199065176706e-01
4.462735550481126690e-01
2.954450491056293537e-01
3.433526975021282679e-01
3.662180380380055666e-01
3.673983897876942351e-01
2.665468012046444124e-01
2.855587516014750915e-01
4.226595161644265408e-01
2.591869275641803250e-01
2.910437179588827306e-01
2.477496010897092260e-01
2.467194665425895828e-01
7.004224915218818515e-01
2.374285753123973886e-01
2.370629371820090758e-01
3.710425643180372823e-01
2.930303228836007579e-01
2.371809545334439828e-01
3.864186540759764754e-01
2.547440838561890741e-01
3.021342902765200011e-01
3.924462652533038942e-01
3.411521690263579765e-01
3.924462652533038942e-01
3.411521690263579765e-01
2.200745037880955934e-01
2.984345247673992341e-01
2.860091388013105140e-01
2.679656749152243278e-01
2.965219290724883106e-01
2.103022224480597113e-01
2.550138191561260315e-01
1.759270458250892788e-01
3.618606531546339489e-01
2.446829103961524754e-01
4.444512443969074744e-01
2.371682736844845651e-01
3.959840711584306505e-01
3.740757754089886755e-01
5.408299501603827109e-01
3.908890142262216871e-01
2.959606920497141469e-01
2.242484138039080310e-01
3.928725602129863881e-01
2.679843383351160346e-01
5.008077615350196021e-01
4.964162025726342464e-01
2.836003973713110415e-01
4.911898828981292042e-01
2.970358403094661703e-01
4.505407800762030179e-01
3.827741550204090126e-01
3.113501495585541679e-01
4.922631811327452533e-01
4.223485039097622518e-01
5.027009058537874608e-01
2.444184639104913792e-01
2.995694939387339439e-01
3.369413782566139104e-01
2.556149810434669156e-01
2.938138284134509948e-01
2.147272578854237945e-01
5.387641974387099575e-01
2.970565244703944896e-01
6.296416359492409409e-01
2.419441622528997193e-01
3.657292120197917495e-01
3.782294143708641587e-01
2.569490542793440024e-01
2.329510901552293012e-01
2.472092693484368442e-01
4.749205268453079443e-01
4.360981261554412458e-01
3.475880973047173472e-01
4.589514940620597616e-01
1.730333861676022766e-01
9.232740628062231503e-01
3.068120278700425807e-01
2.582342841821124169e-01
3.783452544233456005e-01
3.148456889986974705e-01
2.717397923127450876e-01
2.953407952039985851e-01
3.482424339834762073e-01
2.165859673588191592e-01
4.135587349648549016e-01
2.992844930965856687e-01
4.501206059987729602e-01
3.144213004508313314e-01
2.591500635352920190e-01
2.576234840926145964e-01
2.481690148365836290e-01
4.580594828721273326e-01
4.925034877472127537e-01
5.352777278957709939e-01
2.822993074525596557e-01
5.977446894565979774e-01
2.446570974709277591e-01
2.852371457658499088e-01
3.196875194442114765e-01
2.643114488731928557e-01
2.453373853903122459e-01
7.146106955402450334e-01
9.536118229067976904e-01
3.715899579196539348e-01
3.574480138276341368e-01
2.472256845934521496e-01
2.950974039134128257e-01
2.419458378379312491e-01
2.576262435345125779e-01
9.091581804318462634e-01
2.683172276269121248e-01
2.996281095242665504e-01
2.937588611261355842e-01
2.513742729812206145e-01
3.553292206103873530e-01
2.924791543198179133e-01
3.603433278938525941e-01
2.370367314341030873e-01
3.197795001346265265e-01
3.913907144686205597e-01
4.998449483667928295e-01
2.490685918681450894e-01
4.936460095911052726e-01
4.956727576782832823e-01
2.478142540317825604e-01
