2.483926962891737922e-01
2.501491451122851428e-01
2.294432663781067472e-01
4.272558501926323471e-01
1.749470696063418484e-01
4.166043806000021554e-01
3.209687803244679061e-01
2.784743955397485649e-01
2.469557369827867221e-01
3.034078430866181675e-01
2.452425100405671854e-01
2.920953275809955452e-01
2.555147068837214652e-01
4.123158537662083289e-01
2.979721371690067233e-01
2.270309375838759636e-01
3.323259135999161451e-01
2.567464899062409378e-01
3.788821673602494333e-01
2.569162597923237978e-01
2.862851120484889433e-01
3.088700232315857996e-01
2.496333881127216769e-01
2.459864815358232815e-01
5.517490583938265969e-01
3.048874121456570663e-01
2.829216212208141568e-01
3.581888296570368557e-01
2.379679566346358244e-01
2.472244732935915956e-01
6.945227662587533102e-01
6.856363348739028529e-01
3.164387658967110495e-01
2.667337519868948625e-01
2.378371960349281444e-01
2.470350133655702662e-01
2.661587802581978912e-01
2.734199624509811577e-01
3.320474633076418436e-01
2.781538926758339025e-01
3.512898421015645534e-01
4.801634942635853442e-01
2.168718096870263234e-01
2.192100523600674922e-01
2.776142946679408530e-01
5.068673617056930203e-01
3.683310278273747573e-01
3.326905219647282030e-01
4.891170251468958119e-01
2.896083894704827855e-01
2.534977359933263674e-01
2.495177147035316789e-01
3.006543841669661044e-01
2.973050000753183486e-01
2.309533996002231249e-01
2.616598252327465568e-01
3.458256670889833795e-01
2.591668468634403810e-01
2.672658077817754441e-01
2.761747185823840711e-01
2.703651585979356953e-01
2.979928687421605216e-01
2.084305674134468989e-01
2.714209472727637795e-01
2.763578059007784082e-01
3.511997021942360742e-01
3.256110088048055906e-01
2.918374665215425767e-01
2.661996605163680640e-01
3.042713396204889120e-01
2.960031377110055595e-01
2.210728394863114288e-01
7.408711902592298726e-01
2.288378522915901769e-01
3.268001092303786659e-01
2.841996711396440611e-01
2.188752625101595684e-01
2.369531602638294265e-01
2.381068177882750270e-01
4.417081710302629971e-01
4.380294359913680657e-01
2.931275855707032862e-01
3.393597905191400588e-01
3.675407374502062119e-01
2.702272858777375331e-01
4.028281401572344489e-01
2.771325301526740836e-01
2.494003229153769485e-01
2.535835999962565701e-01
2.863443167922790633e-01
2.486370185065254201e-01
2.444403058439697518e-01
3.303618767442472182e-01
2.724296154866912567e-01
2.530611786107287431e-01
2.791920473342992537e-01
2.934849435881081714e-01
2.283589259427656615e-01
2.527396204621793485e-01
3.523484387821327890e-01
2.956839407990896063e-01
2.743625464312823281e-01
2.692044578706374036e-01
2.743625464312823281e-01
2.692044578706374036e-01
2.311805202031460560e-01
2.432787278375029838e-01
2.927258871719661815e-01
3.164024784885024477e-01
2.957064965725337280e-01
2.194339278166730911e-01
3.191461195413308194e-01
1.740921304363925448e-01
3.709067443664025854e-01
2.581506448168109369e-01
2.735602951455056719e-01
2.540315663071590624e-01
3.021892798227996946e-01
3.022663156086741743e-01
4.422708900517017261e-01
5.353497995819811450e-01
2.950014675950080600e-01
2.319309131370211052e-01
2.978275793694259987e-01
3.011412912214145310e-01
5.020337933014688003e-01
3.103613744680907560e-01
2.995020672360351743e-01
3.718974642183848212e-01
3.164515055587168724e-01
2.902533839610972333e-01
3.346608441372598275e-01
3.965674948160977098e-01
4.027313142224543951e-01
3.512310962190558494e-01
3.067087090031735963e-01
2.991339120131144558e-01
2.493843251568185204e-01
2.468349550872250275e-01
2.869042868953392555e-01
2.989737456206671973e-01
2.158032258972897854e-01
4.996195328864975749e-01
2.552123772100111654e-01
3.563066675597653665e-01
3.607355080136546155e-01
3.086095902845255035e-01
2.609101132380864940e-01
2.782619092313953768e-01
2.426383384430068069e-01
2.907874668789596773e-01
4.553655259067824757e-01
3.846675656852721059e-01
5.891927719005495279e-01
2.901430420142910860e-01
1.739664187930086148e-01
5.318225889921550653e-01
2.506905818150554910e-01
2.840970643942050677e-01
2.807604877435499469e-01
2.765867408023550689e-01
3.490604904547011111e-01
3.511876827725634587e-01
3.812316227512769218e-01
2.281027068269824987e-01
2.691677635400010482e-01
4.103942273129680962e-01
4.335620435496956859e-01
3.941419325413756392e-01
2.512860012041918112e-01
2.650783483165436993e-01
2.496702983035075929e-01
4.451138274576443843e-01
4.567888739300266510e-01
4.349648814702293254e-01
2.642360889668651791e-01
4.617634223294679319e-01
2.691850765712654470e-01
2.895930027510876803e-01
2.169726365056863782e-01
3.216163844461692456e-01
2.435357845984099101e-01
8.003014967308612615e-01
5.398201080312785560e-01
2.808903775144422355e-01
2.749025363401261246e-01
2.538686013401904584e-01
2.894686838745109125e-01
2.482479560414802555e-01
2.476782196501094158e-01
8.318292730215904873e-01
2.799665827913905281e-01
3.071078780488954996e-01
2.941736236172002306e-01
2.695416845906747905e-01
2.839279682555944651e-01
3.241854077011641633e-01
2.741551546004948325e-01
2.632702388257207593e-01
2.771969202901288787e-01
4.916718570055779725e-01
3.659831310977951779e-01
2.468055867180626306e-01
4.957141386189381493e-01
4.964766331634227758e-01
2.474484395902917522e-01
