2.416566718073397124e-01
3.028221431716389689e-01
2.301255367771466998e-01
2.576537373118063523e-01
1.744358484088888162e-01
3.879365134652983382e-01
2.501208475932596986e-01
2.922952815150986483e-01
2.753544266341876878e-01
3.025567446223056400e-01
2.509421907755362557e-01
2.514578362665978450e-01
2.838844563291697543e-01
4.869069571023957876e-01
2.968344337479711381e-01
2.440067943334191525e-01
2.808455615373793846e-01
3.989483172442755410e-01
2.797864747945992825e-01
2.558984968822206607e-01
2.863256109413742645e-01
5.166439501169027837e-01
2.475593875398019172e-01
2.467516771708901380e-01
7.459249696768095461e-01
3.041919142954448985e-01
2.988533898030567015e-01
3.748177206379516013e-01
2.132974127633716077e-01
2.891388293716475877e-01
6.111977075346470833e-01
7.288214511072678148e-01
2.447431223056096006e-01
2.897535880086369309e-01
2.486310554914161475e-01
3.083828530824372915e-01
2.986951685873028284e-01
2.445542484783086168e-01
2.312736406599131544e-01
2.486310159127090302e-01
3.868698498154384824e-01
5.705389940271751170e-01
3.504675077029660857e-01
2.324156748029601316e-01
3.783455819495817329e-01
1.056870413267509079e+00
1.127173375582992687e+00
3.065429857374867284e-01
3.445049699476001592e-01
2.646123817431536018e-01
2.803701657248005574e-01
2.872178525580001973e-01
2.634702327194082816e-01
2.966639579194029763e-01
3.374551199101492038e-01
2.863506759401385215e-01
2.941936193104712771e-01
2.971044502367521933e-01
2.443699206172559035e-01
2.514332399392311124e-01
3.001886482841416570e-01
2.244958916866009180e-01
2.422998553869685767e-01
3.585699797575092052e-01
4.042911967085729419e-01
3.435020210865216139e-01
2.925518336488565074e-01
2.487884515406850461e-01
3.233020936418715685e-01
2.428923715464746114e-01
2.970083224262983213e-01
3.479917251215723373e-01
1.320496441180132985e+00
2.311262165741306551e-01
3.087738819076796259e-01
2.876227380723399008e-01
3.457162687067217854e-01
3.022362138580168001e-01
2.502415221410586033e-01
2.301659875307654202e-01
5.245312435772263582e-01
2.899049016816283575e-01
2.343964470286991897e-01
2.373887333835604518e-01
3.422450689471693841e-01
3.158438910478090222e-01
3.573466011812363452e-01
3.408338353807252585e-01
2.543847931487859260e-01
2.867614912074652467e-01
2.474396589170395622e-01
2.476103298853064294e-01
7.477855719133899015e-01
3.043071727493622536e-01
2.503589686486158428e-01
3.025348613148570176e-01
2.922472270422106222e-01
2.315767681495582431e-01
2.408750325718422292e-01
3.822621325728129404e-01
3.619603379635388807e-01
2.611245692083501435e-01
2.462395936742842462e-01
2.611245692083501435e-01
2.462395936742842462e-01
4.640553186995659551e-01
2.920707168167508416e-01
3.398090397121188988e-01
2.966386483772611715e-01
2.799250823089574625e-01
3.471737042243010496e-01
2.668921448393158369e-01
1.756845124594879903e-01
3.691452708924492510e-01
2.696745380159466521e-01
4.282578532939896876e-01
2.699545070418726267e-01
3.186390033694025403e-01
3.063126583997690666e-01
4.647059968256960216e-01
5.729863226362608142e-01
2.841677650625650808e-01
3.530483410518779896e-01
2.505350597255052159e-01
3.068349978087273611e-01
3.665180682224226105e-01
5.624802314417819415e-01
2.299851911349699018e-01
4.530955083096527281e-01
3.148064055153974583e-01
3.087494661691557729e-01
2.893916469375321099e-01
3.235736627882547789e-01
3.473307328021299489e-01
3.456926921379528395e-01
3.332368001333485541e-01
2.901781866204183880e-01
2.480882044395751329e-01
2.540780572494515388e-01
2.852207283841167174e-01
2.964438812029432935e-01
3.001728767358082806e-01
1.194800667686302997e+00
2.520502880252956657e-01
1.057016026779706630e+00
3.264067837994549248e-01
2.748013992560656704e-01
2.632888393320402254e-01
2.558307977216449647e-01
2.625104366719819837e-01
2.710284790203812966e-01
1.192722020403463867e+00
3.723942227511857772e-01
1.296084936716397795e+00
2.705596200035758625e-01
1.734430943508852019e-01
1.324245723094685578e+00
2.403689372708349703e-01
2.869023643568143767e-01
2.764538318770477510e-01
2.677453929176533132e-01
3.443342379509888862e-01
3.657114987623739655e-01
3.606740984693831420e-01
3.401896940088555144e-01
3.290544252878699893e-01
4.641341565402909985e-01
4.890785138563554790e-01
4.655812521033161899e-01
2.585489411550939143e-01
2.494962826746288109e-01
2.548260315940153453e-01
3.095665023528911264e-01
3.419578484435785160e-01
3.587395969042024291e-01
6.586199058940663820e-01
8.918732201592305397e-01
2.484095734842650116e-01
2.930808060259050829e-01
2.242617413437261176e-01
3.830251481604776687e-01
2.417619761464487038e-01
6.956313883376366025e-01
9.672215403244317500e-01
2.959588923629840052e-01
3.621904242489229486e-01
2.543974083271720033e-01
2.876757116678334003e-01
2.465048034766180729e-01
2.483884195986127974e-01
1.398595291210130986e-01
4.654795957147727092e-01
2.199424704795616969e-01
2.947777554126151944e-01
3.071058971692300354e-01
3.002025721367571620e-01
3.181056472626140885e-01
2.376640932837555120e-01
3.744749807135622222e-01
2.756613579619004439e-01
5.092751235879634519e-01
4.879537780083660903e-01
2.488492475346341937e-01
4.958703895714879906e-01
4.965991425083582378e-01
2.461036864164638238e-01
