2.504835289699018919e-01
2.484347937321469690e-01
2.371077913046986396e-01
4.416542139394623590e-01
1.704961080157170461e-01
4.379616599597365156e-01
2.931645278375190622e-01
2.901221737617845631e-01
3.729857230625450715e-01
3.069249935828241571e-01
2.472533824299371352e-01
2.444338898180835329e-01
2.450537106947955623e-01
2.528956683166493913e-01
2.988288926923848843e-01
2.166075584522131892e-01
2.665758376760175019e-01
4.221808958217697638e-01
3.811662557549167496e-01
2.558226360388667908e-01
2.845075908062286163e-01
7.720317925341739773e-01
2.485591114069323482e-01
2.474865570607684140e-01
7.335419782028911317e-01
2.405938869742460517e-01
3.888063973557153719e-01
3.774874404948740936e-01
2.341980712163575507e-01
3.980806582356081758e-01
7.806991953001201079e-01
3.994203971948950826e-01
2.753325653471219714e-01
2.868513332426780305e-01
2.974830525474759235e-01
3.798847196702717643e-01
2.336446418532895919e-01
3.880967304879269775e-01
2.698072915522349291e-01
3.050089348856067084e-01
3.612252087144160462e-01
4.925809614937226022e-01
2.304851387218474490e-01
2.420931009638103149e-01
2.651607409000682480e-01
7.473202305170133508e-01
7.682266887251376630e-01
3.494999864124943012e-01
5.104776596097366781e-01
2.433663568959770485e-01
3.046353413118032538e-01
3.183997403205951482e-01
2.482184817583246161e-01
2.976478759060747770e-01
2.132201241340948017e-01
3.341448470037511886e-01
2.835611365495541714e-01
2.391908975750050570e-01
2.974681646715109928e-01
3.477665084462754908e-01
2.660194868454818784e-01
2.921984812138431198e-01
2.271583454114528833e-01
2.915918784675796682e-01
2.430090102777801020e-01
4.587290901390448372e-01
4.704721321311627347e-01
2.441198433026670611e-01
3.751978365169045815e-01
2.950462703522720442e-01
2.917748919651890760e-01
2.154767728817438555e-01
7.586465240739073135e-01
2.195828163146381906e-01
3.310706465147047473e-01
2.782770208635692577e-01
2.199812929044109300e-01
2.298480464317818328e-01
2.269621536872920842e-01
4.265587898850571880e-01
4.538219609033964930e-01
2.908775005730619978e-01
3.328715847900857727e-01
3.626842899244855367e-01
2.609394149021648790e-01
4.238922814127990546e-01
2.678199946630794304e-01
2.282327458461501091e-01
2.552531998369451105e-01
2.873944597318637828e-01
2.473022445980625483e-01
2.375974128310503752e-01
3.913342003349021825e-01
3.003301616240964811e-01
2.519462812797161333e-01
3.041080063485033791e-01
2.981710736905976988e-01
2.210056990044917680e-01
2.499749087552048943e-01
3.889461233845402099e-01
3.723165523479516903e-01
2.904943140287364334e-01
2.647913656586506348e-01
2.904943140287364334e-01
2.647913656586506348e-01
2.537946951392263673e-01
3.022674526151140628e-01
3.291962580485618406e-01
2.655014201212572700e-01
2.992269457192992532e-01
2.120762935451876441e-01
2.753252176173924259e-01
1.777935160853978125e-01
3.450754871365068199e-01
2.180349961209863130e-01
4.626033648124265318e-01
2.527085430794587806e-01
3.970545594293403702e-01
3.863352036935653877e-01
5.316053293115716727e-01
4.393006506627170626e-01
2.959613026303972716e-01
2.402288006575509227e-01
3.874375758670459136e-01
2.369382135055711491e-01
5.011240394744438387e-01
5.341780032210375895e-01
2.815321591311841787e-01
4.998836588821147231e-01
2.863024672712647378e-01
4.128890080418309294e-01
3.428513616762898786e-01
4.695716906075413921e-01
3.803092549454897831e-01
4.834974504868140288e-01
4.593256602708599701e-01
3.034589690349039914e-01
2.495248263429399871e-01
2.461786357946544046e-01
2.877888838355563417e-01
2.978232598013602628e-01
2.320971683920441120e-01
3.863580469264250583e-01
2.580761902019726994e-01
2.710028757745412409e-01
3.768360994521417484e-01
3.780914345266450649e-01
3.729794010372046720e-01
2.729411968776671582e-01
2.497669787117307583e-01
2.589122136428615439e-01
4.880433857458953972e-01
3.967912695916585020e-01
5.751067642863186835e-01
2.784024686860305242e-01
1.730515405210948376e-01
2.926831347221272028e-01
2.300826130992005836e-01
3.196516468592942029e-01
3.641356952190669127e-01
2.566638686864966545e-01
3.750977222190748361e-01
4.242843641207078575e-01
3.786665973013523812e-01
2.332145632315510420e-01
2.585018205183477469e-01
4.998007725655626010e-01
4.791418798608628737e-01
4.278315853964120841e-01
2.598942551050310024e-01
2.496587508213798101e-01
3.065872008360412959e-01
3.880535832126563722e-01
4.703511821573316265e-01
4.820032402082534140e-01
4.081199145629356706e-01
4.491111924554413992e-01
2.988850001014144442e-01
2.877757967240762715e-01
2.415744285507746836e-01
3.696961368951307558e-01
3.327333164326212733e-01
7.235230574743346521e-01
4.455176950217301646e-01
2.519368139325987577e-01
3.101363725888660605e-01
2.491320830977897804e-01
2.942882238636903569e-01
2.495187515687345703e-01
2.490871380464041718e-01
6.794239374625911099e-01
2.630178617213479453e-01
4.199238305298324536e-01
2.902376646916792757e-01
3.711673679485014143e-01
2.426870598584309757e-01
2.247515565137444826e-01
2.444922393480790102e-01
3.664267039009851956e-01
3.539446384583179728e-01
4.627949985758459395e-01
2.606206801646289706e-01
2.556253744985107490e-01
4.955208876526655537e-01
4.973129790784366899e-01
2.416246523305937977e-01
