2.592671843950823396e-01
2.607484301212794620e-01
2.208942352176210822e-01
4.183530227843733074e-01
1.742915549975535272e-01
3.480576760651813428e-01
2.595200509522118670e-01
2.654628133956231095e-01
2.840335959789021536e-01
2.899744153231913479e-01
2.489845667407016294e-01
2.483312752403892820e-01
2.733645494599495351e-01
3.075197450150394807e-01
2.966310320396843281e-01
2.333075808634949844e-01
3.076609568996391819e-01
3.295695457983876531e-01
2.681600975128217157e-01
2.527326108105415470e-01
2.891532655302069821e-01
7.604635459990992663e-01
2.487858397881559103e-01
2.451246818455824206e-01
7.548396273121957822e-01
2.533448108360867312e-01
3.141755270139713896e-01
2.788991309571629551e-01
3.176182054889591933e-01
3.404672661406895062e-01
9.511720236387986027e-01
7.676404047091074379e-01
3.261101971398137067e-01
2.660581335774405143e-01
2.567961467000116071e-01
3.044021274712585545e-01
2.948436772806481976e-01
2.498693338077704329e-01
4.522857812828770530e-01
2.726049013261993004e-01
3.335454969873333786e-01
5.342537627581189774e-01
2.177938039562987427e-01
2.096400696499051974e-01
2.858777059967389511e-01
3.828847762262506116e-01
3.189925389668352151e-01
3.516863892552272719e-01
4.718577493421882152e-01
2.447785827735946829e-01
2.991906857217011551e-01
3.092199202309833250e-01
2.529374118682789496e-01
2.967048461091089662e-01
2.228989054096432443e-01
2.843112872921095824e-01
2.583733743309616915e-01
2.520061417762279321e-01
2.661799163649594124e-01
2.916100914242568121e-01
2.714980550110935864e-01
2.982706626121376936e-01
2.129173210485956758e-01
2.813696756322794368e-01
2.742668173193709702e-01
3.345406959399777613e-01
3.519972615788759529e-01
2.814683069600691923e-01
2.743966207401820623e-01
2.975720465265282444e-01
2.984392977537561609e-01
2.256421847219900190e-01
6.157579527714004408e-01
2.322941564490621225e-01
3.270693996584985164e-01
2.851972580882183306e-01
2.201355348345308272e-01
2.588273532160693113e-01
2.398750304651423859e-01
3.944698593333012537e-01
2.973224278081409988e-01
2.932522786259831871e-01
3.318471656118700541e-01
2.765013582790389890e-01
3.272963003285561112e-01
2.732616901178773205e-01
2.890092717594639482e-01
3.203066379321782287e-01
2.561092444924947253e-01
2.869244071227323167e-01
2.493949741891750560e-01
2.468702880544062506e-01
4.923037309847118070e-01
2.738513782652657880e-01
2.547103773972917429e-01
2.874711542513562201e-01
2.970604400984944160e-01
2.195806473070257003e-01
2.542055593170284844e-01
3.384175218018714015e-01
2.930677962739915432e-01
2.970881967551917135e-01
2.706682154125291673e-01
2.970881967551917135e-01
2.706682154125291673e-01
2.435735188322558087e-01
2.455419188709024314e-01
2.590114862581809341e-01
3.143856950708303621e-01
2.983463437606926894e-01
2.202043118551870737e-01
3.656138112232867332e-01
1.744082070642437032e-01
3.778442599397631718e-01
2.685902519841937286e-01
3.268092033852224021e-01
2.531988434972277657e-01
3.237420560803755953e-01
2.802402239024758268e-01
5.421587829798136804e-01
6.181354041684463674e-01
2.941850400895786866e-01
2.216271933403514138e-01
3.144249129231809770e-01
3.188905976471291259e-01
4.583721771575614001e-01
3.066239280414651547e-01
2.829041903427967353e-01
3.251242951150019600e-01
3.298309409782445023e-01
2.904668131085307858e-01
3.285306727762145051e-01
3.238331150956180182e-01
3.399693956150204865e-01
4.041740468752933468e-01
3.284586863569694537e-01
2.957764591848959235e-01
2.478612417414642055e-01
2.718219073609592917e-01
3.105806072739981105e-01
2.915875282860694861e-01
2.440465787987005919e-01
7.696834509812640057e-01
2.440653603159217422e-01
7.677373991013888288e-01
3.486889570238106972e-01
3.109571662662011238e-01
2.753263458993299717e-01
2.647202636885832572e-01
2.468567662719484135e-01
2.755044863067816485e-01
8.810599734822287532e-01
2.750518376194873160e-01
9.120725653672119293e-01
2.749820183456322953e-01
1.744256770497024933e-01
1.058060128797000621e+00
2.645297437262733031e-01
3.331969496227101812e-01
2.953092536075463959e-01
2.821539837488382108e-01
3.066394902423291158e-01
2.673070632575578198e-01
3.283730785125548723e-01
2.325799074304163994e-01
2.915111241993770252e-01
3.763575751052301577e-01
3.234219120872626196e-01
3.240359662971565302e-01
2.583111007152270044e-01
2.646507911546639447e-01
2.421523619700776120e-01
3.078809122657523711e-01
3.272024424734650827e-01
4.335375928840437543e-01
5.502760486538029738e-01
6.929932895991353092e-01
2.423613363287988876e-01
2.838845511832806534e-01
2.120492501862164814e-01
2.562911083515759247e-01
2.575968192365565845e-01
1.110850427538726981e+00
1.026753917727556864e+00
3.702642568259302824e-01
3.634557050544747203e-01
2.584631641198846808e-01
2.847379635786466689e-01
2.450827596036648792e-01
2.464614516998314131e-01
8.325225594107871219e-01
2.772009286133578776e-01
2.817240150219081363e-01
2.913445269012369110e-01
2.665569147701363217e-01
2.982451153377349562e-01
2.696766028125511250e-01
2.775394572869225307e-01
2.635124057540870202e-01
2.580188000060014697e-01
4.775992125750678219e-01
4.849357226291397538e-01
2.466319036604210091e-01
4.958972976649136943e-01
4.954963356795696328e-01
2.469166692853381473e-01
