2.488936240104618336e-01
2.587726787236619974e-01
2.306622638023531902e-01
4.009858882177447792e-01
1.751670910179040364e-01
2.925035994180993915e-01
3.266397780392115702e-01
2.730534645790838599e-01
2.505066184462103607e-01
3.034847588127138063e-01
2.418609027105315945e-01
2.944217117486277457e-01
2.553770795769786939e-01
4.413062364625273126e-01
2.964199549504207831e-01
2.282553361486104881e-01
3.335951760440444835e-01
2.675161939961785418e-01
3.713788319115305936e-01
2.557474746911002073e-01
2.848154232841288991e-01
5.083074269046040650e-01
2.478156561501478061e-01
2.483861993839420190e-01
5.443224991147231906e-01
2.840977272069337145e-01
2.506245615674887461e-01
2.862712381111430782e-01
2.421936507324171095e-01
2.506092918186754726e-01
6.451316430149638403e-01
6.307214615421048443e-01
2.902496891634279708e-01
2.673588249181563237e-01
2.501868339514751738e-01
2.551116692181878975e-01
2.788681971420864381e-01
2.748539054483926658e-01
3.492036399533650637e-01
2.543783289541384218e-01
3.356232632878664579e-01
4.754261496929140796e-01
2.174493295488778843e-01
2.195026209352494984e-01
3.152777126294663002e-01
3.525267153447813606e-01
2.904102991072720630e-01
3.414339141198226013e-01
3.829031198952655424e-01
2.822713299101670126e-01
2.568960827248448209e-01
2.590798477035877734e-01
2.896520885982603044e-01
2.961376221026025268e-01
2.273739189528968530e-01
2.630764248485540358e-01
3.049806284758608821e-01
2.835904247469188677e-01
2.500149747641798315e-01
2.574294339675740062e-01
2.847390497601932635e-01
2.976204323523532480e-01
2.089924786343443641e-01
2.605630079198614779e-01
3.311256096695244788e-01
3.065151155560224550e-01
2.807150491451248508e-01
2.944862337252170947e-01
2.774777891616500569e-01
3.213486075537947406e-01
2.972137691631638878e-01
2.337184802071157197e-01
7.182900849938573806e-01
2.314570013906021295e-01
3.301742468929997898e-01
2.831906765544006110e-01
2.213975736718884479e-01
2.397522646740482544e-01
2.424224260940683606e-01
4.374051230475015650e-01
4.394220658885694131e-01
2.944968149650902256e-01
3.399178609963950937e-01
3.665231081172638516e-01
2.669252938294808808e-01
3.600702133300914265e-01
2.725850765667077735e-01
2.483515812765561270e-01
2.541237596550095512e-01
2.870403574303341254e-01
2.500453405016726527e-01
2.462862874628702903e-01
3.547091919183455455e-01
2.832817625100762515e-01
2.520837557275589780e-01
2.949736031712830719e-01
2.940827497668888624e-01
2.263822633209869040e-01
2.540399122727233783e-01
3.233436677060652076e-01
3.285265001932198836e-01
2.690538137483957648e-01
2.609802872661720063e-01
2.690538137483957648e-01
2.609802872661720063e-01
2.237318949519444267e-01
2.448636367890542898e-01
2.700013680595498844e-01
2.977333481453405262e-01
2.962129058636597256e-01
2.213573871040813157e-01
3.391741117386479765e-01
1.742490350308959768e-01
3.722724154876425606e-01
2.619400564860092651e-01
2.992715714722031795e-01
2.562245575324680336e-01
3.312111892900668209e-01
3.249633718200568566e-01
5.077988619478823740e-01
5.660718911960997968e-01
2.972698668833387292e-01
2.278778807014417707e-01
2.953639602674911768e-01
2.882612112770985280e-01
4.573638921554065706e-01
4.172045352776097005e-01
2.843683015168130823e-01
4.190018740813653553e-01
3.141996936255705419e-01
3.333503367204080359e-01
3.551722252886075903e-01
3.393645410159037423e-01
3.325735370852668238e-01
3.466651733102784072e-01
3.687954553718347239e-01
2.747829253827960838e-01
2.554265532396521876e-01
2.692008121985429714e-01
2.824580692369327850e-01
2.972293285015461528e-01
2.188866328477507561e-01
4.737196737059700680e-01
2.495650893636712220e-01
5.015923200928126269e-01
3.121048762196638737e-01
2.934875210502285725e-01
2.654787895323588165e-01
2.547949700875487555e-01
2.462683583022723943e-01
2.806979904797768377e-01
4.585901454532197996e-01
3.333328081775591700e-01
4.448447396137581444e-01
3.090716780428628963e-01
1.742454891184165855e-01
6.431960993261637283e-01
2.477244783298193087e-01
2.877660999076215309e-01
2.814356592661834133e-01
2.669654913301106602e-01
3.650903287462783364e-01
3.496235013818423942e-01
3.857223639159840789e-01
2.243097435926766636e-01
2.711924823619319969e-01
4.239607273038224489e-01
4.350852841089351553e-01
3.780898662121369713e-01
2.564943480494767947e-01
2.607944174089488754e-01
2.540490859227931830e-01
4.496658074175261532e-01
4.443000876044035929e-01
4.386684426528288383e-01
2.682113879373345111e-01
4.119441241755160688e-01
2.904335486738592320e-01
2.860852660038478712e-01
2.222992435634416064e-01
2.805020703009885041e-01
2.506435095064167839e-01
6.663723944734351035e-01
5.925759537393017196e-01
3.134755039345321070e-01
2.501907579340417742e-01
2.541034704115189280e-01
2.867481854176214817e-01
2.474670997101913739e-01
2.458087960016681894e-01
8.914058437711777083e-01
3.613145355508865508e-01
2.487212023530847582e-01
2.914402414477979542e-01
3.374650915092129999e-01
2.669442848753607045e-01
3.213554788286916430e-01
2.392872833849639946e-01
3.327393573585762931e-01
2.781402990309054801e-01
4.798806067912186335e-01
4.612908557329236103e-01
2.491819031425803188e-01
4.964882591757096009e-01
4.960973578097758185e-01
2.457880034242398148e-01
