2.463351504000526326e-01
2.601127220934577600e-01
2.248153796122240589e-01
4.117300116338449834e-01
1.763401118622071884e-01
4.103286189209151558e-01
3.581288289903441502e-01
2.803237512013487809e-01
2.487839021236387393e-01
3.029371580357280713e-01
2.427394139208463864e-01
2.946788263109484940e-01
2.489324548026231598e-01
4.527106331793988026e-01
2.955457937274124092e-01
2.365233220000219072e-01
2.796513137625925016e-01
3.435428401547476751e-01
3.276498264365849677e-01
2.564217820269321102e-01
2.855497812828878268e-01
5.439350689024551044e-02
2.470652149097544992e-01
2.495771690662497710e-01
5.408643747841659355e-01
2.916545613114385205e-01
3.168732632956494100e-01
3.783744916538079872e-01
2.428258473064543732e-01
2.439000938422053455e-01
6.217510067296935228e-01
6.306137492961573221e-01
3.499347920595964889e-01
2.766075950249645143e-01
2.368486940845365152e-01
2.552636557397867656e-01
2.545268072076445343e-01
2.663175814901242999e-01
3.415357603313031176e-01
2.627694398888749117e-01
3.744477126152869206e-01
4.764410818777215506e-01
2.188268496621765535e-01
2.236553641101320378e-01
3.062966420896972575e-01
5.050695059701622025e-01
3.491368085987271441e-01
3.015241084927878235e-01
4.707849673009606439e-01
2.990627354435916874e-01
2.547987439665309051e-01
2.688571751680310373e-01
3.120945323750374811e-01
2.985179127653654896e-01
2.306791949010761067e-01
2.719759552293039562e-01
3.555754631438671209e-01
2.417520406854236914e-01
2.868037773533912982e-01
3.058957336809516314e-01
2.536487357180607360e-01
2.999693379734224008e-01
2.146124085756589694e-01
2.909753670798210790e-01
2.600781727248566710e-01
3.079390313769063137e-01
3.951799876933906330e-01
2.804352919193973670e-01
3.183156236597663447e-01
3.359880895196610817e-01
2.956912143486915556e-01
2.261174328061244521e-01
6.926989188862360258e-01
2.322138159482603492e-01
3.301139943389780340e-01
2.842853129245411781e-01
2.182677272417937464e-01
2.389053289743739150e-01
2.413696148087744742e-01
4.411849190170639701e-01
4.367540459977848899e-01
2.944242605332108575e-01
3.323065650956881223e-01
3.670865672562001469e-01
3.722550576200679973e-01
2.749425276802342499e-01
2.678870479830897100e-01
4.425554290098266397e-01
2.547959584927925181e-01
2.873661861658998173e-01
2.489304117443343067e-01
2.463370921371213496e-01
6.701645150151203101e-01
2.663703959477098926e-01
2.563549955099130306e-01
2.830454082781688196e-01
2.956717548493246195e-01
2.294913600516335916e-01
2.700033344752013065e-01
3.222964314682749132e-01
2.909582184283300288e-01
2.847045352603414514e-01
2.872921143196155436e-01
2.847045352603414514e-01
2.872921143196155436e-01
2.430046134759318022e-01
2.505606645830195101e-01
2.490168017248962640e-01
2.880303654919841305e-01
2.982718812100967343e-01
2.199413691281134620e-01
3.202905227817176015e-01
1.737087493562037843e-01
3.956481964888307612e-01
3.071137393562806128e-01
3.720768215824076242e-01
2.441267087348456266e-01
3.897782288854911292e-01
3.712982616990323503e-01
6.097295190705910306e-01
5.161557592323720023e-01
2.956711877751049267e-01
2.343266367761455693e-01
3.854341410193264372e-01
2.425922340721832771e-01
4.828391441453885324e-01
4.863012655620879698e-01
2.586008968740403646e-01
4.778571759106977623e-01
2.747502932818320365e-01
3.938815286714486552e-01
3.993440700514889752e-01
3.373259857334655054e-01
4.656732083993146420e-01
4.071644267147987439e-01
4.459859469830558254e-01
2.780525216242536457e-01
2.598186770643531873e-01
2.632751634724561085e-01
2.803561140881359881e-01
2.974930366996478281e-01
2.147298999152146837e-01
5.751118875439475975e-01
2.548712281928529610e-01
4.154504372278207680e-01
3.063466049254958690e-01
2.936989345890663738e-01
2.640148679719976910e-01
2.736716060828502384e-01
2.471312169714253992e-01
2.745014585490228032e-01
4.209080437128873142e-01
4.089928797872228183e-01
6.007967526650659362e-01
3.040938194914039050e-01
1.736201293766982401e-01
9.426755517794871420e-01
2.530363889285671131e-01
2.728883733893475716e-01
2.761403574882160816e-01
2.900146469860312437e-01
3.518116900165548788e-01
3.347819696182010030e-01
3.164274061061975729e-01
2.293570302286259965e-01
2.727044353696671530e-01
3.739023422335797653e-01
4.034842489317505554e-01
3.646450177554985128e-01
2.521149459335292886e-01
2.451419810326022908e-01
2.653495980037063884e-01
4.379224105608853779e-01
4.605994886942707534e-01
4.626546179119294111e-01
2.626371691436732991e-01
5.016331392465362971e-01
2.769839109119942577e-01
2.913056453124221457e-01
2.180507168071781632e-01
2.852766406607366023e-01
2.661620980594208152e-01
6.402762022242488582e-01
8.307181887241982254e-01
2.986528020625239810e-01
2.514562828799858374e-01
2.535418146420730934e-01
2.886375845471182977e-01
2.458194884921299783e-01
2.467237712554863349e-01
8.274808623001643770e-01
3.063149909385108893e-01
2.622240348825246037e-01
2.946379517333915787e-01
3.156226843166669016e-01
2.702136467239164008e-01
3.221355750241518545e-01
2.457156941494635649e-01
2.888575494733345850e-01
2.763563193799120077e-01
4.771978801836355144e-01
5.079648051355737381e-01
2.481198194965498482e-01
4.965377312263167808e-01
4.966239300916248656e-01
2.457573169008559211e-01
