2.395019179656811825e-01
2.772367536976897417e-01
2.202708738969685887e-01
3.052832603175694159e-01
1.726062232566652754e-01
4.099894988362250414e-01
2.899183296604504467e-01
2.542315656678717506e-01
2.630433890728458013e-01
2.945100958386076551e-01
2.456664201384467783e-01
2.589475772586938840e-01
2.673854494294427009e-01
2.449054404685121200e-01
2.973306557919926929e-01
2.210980942631218527e-01
2.547250191725687340e-01
4.301752671419316054e-01
3.809530093834031517e-01
2.534145292194621146e-01
2.872820279593296111e-01
1.221640394745990843e+00
2.476609966376760452e-01
2.449443917866197529e-01
7.188997037436671844e-01
3.048375056845246123e-01
2.419301435016339152e-01
3.209512487603126130e-01
2.329878710639467776e-01
2.442756248654030238e-01
9.852683885812892894e-01
7.986455181630380817e-01
2.424458795042838677e-01
2.907716041956029951e-01
3.029516902618113461e-01
3.643336953970715553e-01
2.472464440000769759e-01
2.695471931383321973e-01
4.098172731367418220e-01
3.013267331880336575e-01
3.272275361963921103e-01
4.883597751015266719e-01
2.210258646313555675e-01
2.164314917424142726e-01
2.485451068039182809e-01
6.544159646821918752e-01
7.423936498833110242e-01
2.926755423793317434e-01
5.047607463057043331e-01
2.485638187673642474e-01
3.043589320918712593e-01
3.048420767378429708e-01
2.552628648833364933e-01
2.967736261821629640e-01
2.240354623797946310e-01
3.155973664729994632e-01
2.747526887940138218e-01
2.720915729979660469e-01
2.533109611683712625e-01
2.688470638371803223e-01
2.805554298146352155e-01
2.993965212198587134e-01
2.144884434614512114e-01
2.708208158231615870e-01
3.009010218424598149e-01
4.082370177485276086e-01
3.131006359110782844e-01
3.009020761068236793e-01
2.913140298681515805e-01
3.497545384713092176e-01
2.977241047786747252e-01
2.263231417681979274e-01
7.916524769006461071e-01
2.320985496454789632e-01
3.420745197306317431e-01
2.850900201842135884e-01
2.239992538641650266e-01
2.407355037983658907e-01
2.379028871035945292e-01
4.363828439046685825e-01
4.384415240505359912e-01
2.944159309239112732e-01
3.441150507045305229e-01
3.691950916467531263e-01
2.689407941914163658e-01
4.121824087178849183e-01
2.853330058837565408e-01
2.469433010232711667e-01
2.525714708087830052e-01
2.893351203001820471e-01
2.480126806135403150e-01
2.479832416643475701e-01
3.503932515355444588e-01
2.386547389190000479e-01
2.325546498047248167e-01
3.855670796790633958e-01
2.957076363093696925e-01
2.304837168654373103e-01
3.771319337290601204e-01
2.642729003755603379e-01
3.015858326631805086e-01
3.835502492396957730e-01
3.065372231728283325e-01
3.835502492396957730e-01
3.065372231728283325e-01
2.166789485364767065e-01
2.753870563146643136e-01
3.312086313885280187e-01
2.710272497224580635e-01
2.963945978218912036e-01
2.140701110716792255e-01
2.599246982722249188e-01
1.748290372409378457e-01
3.627027615990162102e-01
2.508345312210987776e-01
2.794864454988308378e-01
2.690655405242203257e-01
3.273471789412831789e-01
3.781808218156944568e-01
4.531037710158840048e-01
4.234172140773508342e-01
2.973189967373560672e-01
2.194879361853915578e-01
2.778861091756244517e-01
3.350597280089428476e-01
4.687141391412308344e-01
4.752756313469802540e-01
2.652273161662597190e-01
5.109775887879736134e-01
3.351770425766281147e-01
4.008735075836171169e-01
3.638504871177364319e-01
4.508319195774060928e-01
4.062007303417589643e-01
3.666217849545990726e-01
3.818388663007033501e-01
2.820162337000957642e-01
2.558225374317573686e-01
2.663844855510702492e-01
2.898906263527685212e-01
2.964536925071150075e-01
3.183143088720499780e-01
7.505980049035626545e-01
2.532719838923873645e-01
7.069530811027318062e-01
3.077330326552627504e-01
2.885999012648872153e-01
2.677501438977287762e-01
2.543273341014862243e-01
2.532306176233887762e-01
2.720030586196423572e-01
6.814135611720869568e-01
3.190735171679229820e-01
7.724542409485101180e-01
2.927265209872415008e-01
1.733763130707336453e-01
3.312772942360874273e-01
2.430518929771424974e-01
2.556656876714513138e-01
2.668494954239426509e-01
2.996162039877811600e-01
3.938603600711118591e-01
3.913120382464087554e-01
3.835009190027440784e-01
2.762951325712713624e-01
4.456997798234306196e-01
5.301387178598719885e-01
5.064564331152279220e-01
5.473735427058098457e-01
2.522915903843140351e-01
2.625171858580470086e-01
2.583743942659578741e-01
4.847860630875535093e-01
4.684696126970034902e-01
4.437001842748961589e-01
5.594297247001378537e-01
4.717461257491408211e-01
3.009697915093681453e-01
2.953010483216029769e-01
2.311556044922754571e-01
3.093876785023534359e-01
2.667187234399552298e-01
1.057136926525276355e+00
7.159649115765808203e-01
3.891458270995914459e-01
2.576633188510163430e-01
2.509836442474881468e-01
2.881850174251033292e-01
2.436214914484440552e-01
2.461996620808113156e-01
1.195788926937392693e+00
2.362314260373281072e-01
4.382037316067390331e-01
2.968644249828830128e-01
2.674929921948903666e-01
3.424397446529476863e-01
2.843319962033457049e-01
3.730448647653313854e-01
2.354709170137373186e-01
2.501487816926914465e-01
4.900413101749063194e-01
4.651170371107902213e-01
2.474880797766411678e-01
4.974004224039373923e-01
4.975759766628876091e-01
2.516157082374524956e-01
