2.411487533322750620e-01
3.171132228309946344e-01
2.509811889763051695e-01
2.210481976094294532e-01
1.728561371054870843e-01
3.631300298230425994e-01
2.772510719551932734e-01
2.734072310620554447e-01
2.924201987939510916e-01
3.030143418979408532e-01
2.600699099802583625e-01
2.461086908687005192e-01
2.519034980113658007e-01
4.392750561572448254e-01
2.924157376131131247e-01
2.211515906975247137e-01
2.926992942564072275e-01
2.990756516184935321e-01
2.615639351692399250e-01
2.563492679398434726e-01
2.857861769995562184e-01
5.822066010742755759e-01
2.477681004647800111e-01
2.441727014138684315e-01
4.971645676730003793e-01
2.800951535461336794e-01
2.527559291315363832e-01
3.068197273628681110e-01
2.543208196230768992e-01
2.332067671342779869e-01
5.312618095374030958e-01
3.713009520348801162e-01
2.546138419813406273e-01
2.725095923179491342e-01
2.728550615663853374e-01
2.816327716610603771e-01
2.671939602810629033e-01
2.818982822073394234e-01
3.201435467651494449e-01
2.679576542088738522e-01
3.617344046824987891e-01
4.763694969762600762e-01
2.177864558327053390e-01
2.197439691622545821e-01
2.929993975066326195e-01
2.972245088573990390e-01
3.114214845645248420e-01
3.439936087549680388e-01
4.628198407795491853e-01
2.685730532020134120e-01
2.787211632868913935e-01
2.634872398342846256e-01
2.561187608022252871e-01
2.970111355886204119e-01
2.286151127247053605e-01
2.978197166816524133e-01
2.937587822902174572e-01
2.812572040570840426e-01
2.540832867638029291e-01
2.728183033648805544e-01
2.790080237844426714e-01
2.986997140074332813e-01
2.125314724860216664e-01
2.656101971491486302e-01
3.075956560777414195e-01
4.020174504466131338e-01
2.942896652634727772e-01
2.624280372349773183e-01
2.951434751553120295e-01
3.005991503495063499e-01
2.929720091951999450e-01
2.190730096613876243e-01
6.889075892280758229e-01
2.321458737452245791e-01
3.324780357487201465e-01
2.859222840246204433e-01
2.208514792941614346e-01
2.386532828819155627e-01
2.467461763759411231e-01
4.379705057044233629e-01
4.393552896842854438e-01
2.949400947843920373e-01
3.363172698284052076e-01
3.706941724540309124e-01
3.755924596482724809e-01
2.684229756221411245e-01
2.793918393074917850e-01
4.525111385955628562e-01
2.549573393809463906e-01
2.875512701559538309e-01
2.482034001972488191e-01
2.460831923053148351e-01
6.873916717315516900e-01
2.616688947152611688e-01
2.414945980536602199e-01
3.398372317145856858e-01
2.964878121186375615e-01
2.311907712705151829e-01
2.863271863955607621e-01
2.812129696400862411e-01
3.228195069950101082e-01
2.981609750496678202e-01
2.705140703268895108e-01
2.981609750496678202e-01
2.705140703268895108e-01
2.208012580203536634e-01
2.473978514911468474e-01
3.079277815589998579e-01
3.358545594317300376e-01
2.959757962391291741e-01
2.243782169913164926e-01
3.012029689011258005e-01
1.747139604335848917e-01
3.783322409410717624e-01
2.702679084679336929e-01
2.480900909415936773e-01
2.440948305936604668e-01
3.836743255445681511e-01
3.697506471494708680e-01
4.705050145370698322e-01
4.871785096229319656e-01
2.974121299459309697e-01
2.290475932843049900e-01
3.836701171486686102e-01
2.666980833302453613e-01
4.860178280315516353e-01
5.374513737985013861e-01
2.471470475174957215e-01
5.007565576785867334e-01
2.829389726671085459e-01
3.596620351823966999e-01
3.566050951176512607e-01
3.829293006760774443e-01
4.406401276862178529e-01
4.771460425643066494e-01
4.363870532198377838e-01
2.938779591619278819e-01
2.462258582739778323e-01
2.591184263153887835e-01
3.028781641750241671e-01
2.966709584221196572e-01
2.118213206473497090e-01
5.154818147202392398e-01
2.460684606970388322e-01
3.411522990247973786e-01
3.419675296811755527e-01
2.852414559537940764e-01
2.893381917702897432e-01
2.715593188091006693e-01
2.562494998954786829e-01
2.601736542488882753e-01
3.004548004536262140e-01
3.785403680872863053e-01
4.765828388403354210e-01
2.659832954110213366e-01
1.719308371090186582e-01
8.170710919945141093e-01
2.463279398137835918e-01
2.698328588680165008e-01
2.630239173569547950e-01
2.798588014450850703e-01
3.867072035021253407e-01
3.954558483436279026e-01
3.837721770559504586e-01
2.239524472737197680e-01
2.534788627586906928e-01
4.115685258296385429e-01
3.777813987917075789e-01
4.449654414648354095e-01
2.560156809413031698e-01
2.547031820298667482e-01
2.696999554247126452e-01
4.275390584293288776e-01
4.731594403574126972e-01
4.673821846757878484e-01
2.505326405919795496e-01
6.181187243335429793e-01
2.539070344795419376e-01
2.928925319837365482e-01
2.318366704549009727e-01
2.839588058207138110e-01
2.497084120015025943e-01
4.554167067639053879e-01
4.953706525595474863e-01
2.983036647271752329e-01
3.130292005447756210e-01
2.535239128742036163e-01
2.867792377717822139e-01
2.464662107163445581e-01
2.435856411321578319e-01
4.967281735343674343e-01
2.569444067155983169e-01
4.332118027627344659e-01
2.893705551777678853e-01
2.698809069696048168e-01
3.048936780263483692e-01
3.171949338701056109e-01
3.360309614951871304e-01
2.382931093094040054e-01
2.595700848253699733e-01
3.688022351492702411e-01
3.365766302382840469e-01
2.475033874453290705e-01
4.959051420641256702e-01
4.952665187101355504e-01
2.482640111408542516e-01
