2.435622879866952972e-01
2.828080004000342873e-01
2.323544873355099794e-01
2.782315068472343000e-01
1.741970632655931439e-01
3.915496254897783412e-01
2.735986171973177616e-01
2.701200168362279941e-01
2.668935029356551136e-01
3.017644643060095611e-01
2.482585320549315078e-01
2.595896111236229431e-01
2.705804555070834283e-01
2.977514859608342279e-01
2.965113721341933739e-01
2.211954367061178262e-01
2.782577360028364866e-01
3.440110054434275533e-01
3.185323043607680704e-01
2.545477280418020349e-01
2.871924673236553871e-01
5.605464281171718133e-01
2.488891808751665380e-01
2.464741577732045830e-01
7.318212009130683482e-01
2.781684705334537266e-01
2.559774078553434529e-01
3.133177000225323416e-01
2.340248896692541380e-01
2.543728857224883400e-01
7.671268349853360702e-01
7.594074877720551342e-01
2.534372710195240685e-01
2.886218604517298836e-01
2.764506993583769057e-01
3.074800848466517911e-01
2.525746032256797613e-01
2.797867359514902841e-01
3.201596062904241147e-01
2.820728756401740256e-01
3.031984451854229379e-01
4.918666185883923680e-01
2.200606407401171916e-01
2.178809391673046936e-01
2.709251139258501140e-01
5.152038403616452378e-01
5.035580919798714472e-01
3.179848390325863972e-01
3.316009563271418159e-01
2.707632467460959758e-01
2.608090871956973977e-01
2.679939618980263782e-01
2.829347053511277466e-01
2.960055442207552567e-01
2.308122615920698284e-01
2.792565980807255044e-01
3.150488677472051413e-01
2.519392514376873615e-01
2.786768882475309517e-01
2.884342916083295072e-01
2.588571061073547952e-01
2.987884681807289056e-01
2.143946378972441114e-01
2.845292725466333494e-01
2.729942588814381899e-01
3.649162974394195569e-01
3.689552462322245874e-01
2.748125405624959883e-01
2.950138064608708865e-01
3.151818690475978180e-01
2.966686071608231612e-01
2.237383872899106618e-01
6.363180994905306420e-01
2.314214201241405755e-01
3.273794474001877064e-01
2.852625143955928033e-01
2.193666070268736612e-01
2.398362245708253737e-01
2.432155900573592655e-01
4.288166286659821913e-01
4.364054611321277477e-01
2.929895568391993610e-01
3.414030384757316128e-01
3.600680668027558817e-01
2.638660048622656351e-01
3.880244664480658190e-01
2.695462959128217539e-01
2.429776832888599358e-01
2.551463824689864657e-01
2.875398154091966529e-01
2.485167980604467974e-01
2.470967655280107977e-01
3.230863216055940845e-01
2.548977037945128199e-01
2.665578048377877374e-01
2.682908977951475316e-01
2.940028658465338451e-01
2.231417967514727763e-01
2.608137278701117001e-01
3.143369647318121629e-01
2.707795390569450178e-01
3.222124268398377511e-01
3.111024450871923142e-01
3.222124268398377511e-01
3.111024450871923142e-01
2.336255721818451814e-01
2.574799187158040570e-01
2.746780059609922886e-01
2.795763477595961111e-01
2.970253906455669890e-01
2.196597766673295538e-01
2.939543379851302096e-01
1.749422049199046980e-01
3.718257978631415717e-01
2.597856459746173408e-01
3.237213221181406420e-01
2.472720435147283125e-01
3.366081547284728304e-01
3.264896940098829248e-01
5.314846123260587030e-01
4.659308877265376791e-01
2.962305725473300955e-01
2.293854869280456676e-01
3.291959371895039066e-01
2.649081707225421911e-01
4.514254045334804011e-01
3.795546888182618206e-01
2.620796674930772618e-01
3.937418948362014781e-01
2.952383113356254474e-01
3.634453267571873258e-01
3.475754103438010723e-01
3.459532153822917899e-01
3.721994547195127678e-01
3.691624906588811816e-01
3.674170710836179299e-01
2.834134860199394312e-01
2.516019107209067629e-01
2.589409419669287393e-01
2.850490436489007684e-01
2.975228916504538135e-01
2.164619094363688101e-01
3.782666455985335685e-01
2.642659072541024834e-01
2.778679523014733199e-01
3.217081786982953773e-01
2.868868349369325665e-01
2.682236903479150447e-01
2.646900721515100807e-01
2.526848599790230132e-01
2.699833327453106668e-01
3.268871274068115285e-01
3.407614391809627441e-01
4.017125258577264879e-01
3.208658901623946957e-01
1.734996599244425231e-01
3.370494859905143747e-01
2.471269341054098123e-01
2.760589493516834025e-01
2.775748996733676810e-01
2.793078477192018627e-01
3.727806952446131028e-01
3.614026806621362109e-01
3.740988586251202119e-01
2.214327192156343438e-01
2.600780991971709533e-01
3.845581863866623373e-01
3.837162224157595891e-01
3.903441976628889698e-01
2.556104078706397109e-01
2.572143028116252172e-01
2.543492795912241644e-01
4.032883266864336624e-01
4.237917402209920303e-01
4.046837350318768234e-01
2.589267589491707766e-01
3.333370074699839036e-01
2.375533312637302663e-01
2.897842841416791160e-01
3.005410519211978437e-01
2.864853785564313582e-01
2.791831578495089783e-01
4.030642589780873974e-01
3.751746317825659927e-01
2.935824180024517172e-01
2.944865129450942587e-01
2.547412582762108579e-01
2.869177127081908862e-01
2.473281624261218226e-01
2.468033272346564222e-01
6.872123303665781391e-01
2.684852295822710566e-01
3.072881132560926210e-01
2.861876529277191383e-01
2.785306934013848101e-01
2.569775146802450450e-01
2.755104880240034082e-01
2.772428749952261517e-01
2.849456624279386174e-01
3.352862300371876048e-01
3.534606181320340546e-01
3.387793346068196376e-01
2.474778054004059535e-01
4.965626954372941437e-01
4.960554209751111832e-01
2.476477333481663656e-01
