2.574481440706324897e-01
2.647645212164702611e-01
2.345386864166023877e-01
3.950903154161896635e-01
1.744548437810806429e-01
3.215202080603670187e-01
3.344138634943105148e-01
2.809856981392503394e-01
2.522438481001338384e-01
3.028530397767795757e-01
2.385255065791704321e-01
2.856526535066913897e-01
2.506116377746398505e-01
3.148273227145296782e-01
2.972779281247167615e-01
2.279177590219739202e-01
2.643211508366551943e-01
4.152210148359438691e-01
3.792313321926500946e-01
2.560007376598242290e-01
2.857184801402512520e-01
4.845663844432329670e-01
2.493323299530318671e-01
2.450572173197559378e-01
7.865632925342184167e-01
2.384589035108273525e-01
3.375030449717441594e-01
3.717060354676876011e-01
2.537968751641775378e-01
3.189927336905425959e-01
6.055534742973981421e-01
6.005345059540035946e-01
2.869539233926409749e-01
2.453976523740110938e-01
2.471773332891377684e-01
2.467325686670416574e-01
3.005805044330294717e-01
3.660828188867392141e-01
2.557950018098069100e-01
2.510162526173005948e-01
3.905347875198101892e-01
4.729399394478343566e-01
2.203862089643306432e-01
2.137701610409851460e-01
3.564950612840981359e-01
4.088142749579824486e-01
2.539820931955635297e-01
3.450343164472411961e-01
4.209428181772887356e-01
2.626544024737888505e-01
2.825942140738569308e-01
2.702640651982491371e-01
2.668372185126576812e-01
2.956665685188907267e-01
2.355905297648948904e-01
2.883170608579870287e-01
2.892832888572724470e-01
2.449547887217678466e-01
2.960370330302184994e-01
3.086593575194960248e-01
2.539417473257572500e-01
2.943133108438001910e-01
2.176137454869332966e-01
2.713750792651540289e-01
2.556361349143854156e-01
3.299181828231921854e-01
4.046669573441479262e-01
2.452242292329074591e-01
3.246944773795289452e-01
2.528183716203866171e-01
2.925131104943176630e-01
2.184100795210456580e-01
7.438888392719844589e-01
2.331375317599676533e-01
3.277736082649992388e-01
2.835776387532057963e-01
2.195658960500891099e-01
2.431957629390713305e-01
2.391508537818052837e-01
3.513045881272011672e-01
4.406434229579266337e-01
2.936352331780717750e-01
3.374126147545517540e-01
3.295076760578275477e-01
2.669722500692610634e-01
4.059938932746430251e-01
2.784320312395998087e-01
2.461287274410323411e-01
2.567296908940870370e-01
2.883259769717912424e-01
2.458352024996987573e-01
2.487048861290105661e-01
3.645692301182315020e-01
2.483308210555466855e-01
2.471800898724603734e-01
3.030452137750079267e-01
2.965978533747703483e-01
2.451411551418029577e-01
3.014201241412376997e-01
2.347687879492462160e-01
2.928430962854262076e-01
2.945525500973393274e-01
2.987390999948871806e-01
2.945525500973393274e-01
2.987390999948871806e-01
2.397698565211984212e-01
2.518320600987962732e-01
2.522887724829821487e-01
3.009958691840602940e-01
2.956113954673706967e-01
2.258041638287730246e-01
3.282426790475237444e-01
1.750343539393934833e-01
3.741333696767841777e-01
2.711601599622058822e-01
3.919188119629395395e-01
2.468836542092340547e-01
3.693916364853572776e-01
3.000935513241292374e-01
6.596869270246653594e-01
5.926121059884328357e-01
2.953041530856843067e-01
2.383363336311243308e-01
3.142922218159520664e-01
2.951593774018174132e-01
5.249419230848628715e-01
2.778228785229396314e-01
3.233756875166724498e-01
3.587437280796170747e-01
3.530060958736721544e-01
3.238025511247483723e-01
2.940897425743574378e-01
2.577394091709238055e-01
4.166436319470699923e-01
4.762804402435700801e-01
4.132433830428775545e-01
2.657407582565467496e-01
2.511495803077820610e-01
2.648059146136206299e-01
2.840078529925263440e-01
2.934378207254598747e-01
2.194361355681856418e-01
3.367531049349557493e-01
2.535885831897696230e-01
2.699776102693482449e-01
2.975983457331335402e-01
2.910920604533681622e-01
3.024039853648496923e-01
2.616234506538703264e-01
2.524734603600627403e-01
2.508633883699378786e-01
2.974635466033738185e-01
2.679730997501804657e-01
3.791974820907011434e-01
2.856009643389071373e-01
1.736938093144181627e-01
3.134630540885394723e-01
2.499837925611018141e-01
2.557909047211777143e-01
3.051014793230924504e-01
3.057210633051235527e-01
3.118198773756012399e-01
3.665441136131269428e-01
3.859508224743791183e-01
2.300912702647715247e-01
2.688019138837923205e-01
3.553638431683862065e-01
3.872372086926114121e-01
3.490876350221104318e-01
2.623943777881275752e-01
2.507071868165112183e-01
2.493121159898320227e-01
4.419115490721959860e-01
4.548475129714288911e-01
4.381502475375357308e-01
2.782568782381498185e-01
2.932500021304261795e-01
2.975148741952853837e-01
2.841167101040374399e-01
2.168493091744419787e-01
2.840689480260706334e-01
2.517668459287489835e-01
6.669808451467107435e-01
4.988544277487926282e-01
3.068191139272376522e-01
2.424904286170360690e-01
2.542562328390499671e-01
2.883672163244377917e-01
2.479694676306625489e-01
2.456884808465849834e-01
8.296300372127634049e-01
2.753045080718454218e-01
2.470866381649673427e-01
2.359396761396403974e-01
3.108247141661386048e-01
2.800814647413860103e-01
3.116594598381323689e-01
2.449730090456882503e-01
2.892846792682772783e-01
3.065197727047843657e-01
5.010191474127964062e-01
4.493645337935538997e-01
2.474154792510109835e-01
4.968572253569796815e-01
4.960455566767822955e-01
2.473333620164317181e-01
