2.431059454112226015e-01
2.842976573915346750e-01
2.254953292465094739e-01
3.180147864649118805e-01
1.745887631174198873e-01
4.085398721865151628e-01
2.767649763956860909e-01
2.737356302653261020e-01
2.710285348711857223e-01
3.023595810078479884e-01
2.421698107150408452e-01
2.598911444427178252e-01
2.706212081004734649e-01
4.365494106760925419e-01
2.938651726244899121e-01
2.321778293657653092e-01
2.895838840195267272e-01
3.373116021013171095e-01
3.414684712112392995e-01
2.551854988742520702e-01
2.852691185666902940e-01
6.585508714895589311e-01
2.496504925565936617e-01
2.478854610400247072e-01
5.851224910485554043e-01
2.812314824862870433e-01
2.591033115040329848e-01
2.987155674350206458e-01
2.282706846768133013e-01
2.861248742359165376e-01
4.400721233524733655e-01
4.749009000526012159e-01
2.873815887259505986e-01
2.632901132110027631e-01
2.512675695402842857e-01
2.737252776500457285e-01
2.653881348657690653e-01
2.725744210977116833e-01
3.545322269210171018e-01
2.888680653663798226e-01
3.174976813455916980e-01
4.824208479077660705e-01
2.225310022923505382e-01
2.166668689293882455e-01
2.828563412745763173e-01
5.134613360749249455e-01
6.195817286283924474e-01
3.112423506992352817e-01
3.429108328714888243e-01
2.575839276066326233e-01
2.721311055746945540e-01
2.860803411886715941e-01
2.666184546248197007e-01
2.958411481179672453e-01
2.296373621633718554e-01
2.921838792569066423e-01
2.972098205816334215e-01
2.784910912052210863e-01
2.532477287788035270e-01
2.605059077959126501e-01
2.852405737462870849e-01
2.980006631193072297e-01
2.168667515885009389e-01
2.651466876691798147e-01
3.101199870424213301e-01
3.652358242406341660e-01
3.094344207084012144e-01
2.488182905018702373e-01
3.175163992739529761e-01
3.184232220630407451e-01
2.968591753616782736e-01
2.311915914579910913e-01
7.453230388542161355e-01
2.325754403134215054e-01
3.338544009412890423e-01
2.873613206967563505e-01
2.266422111554602381e-01
2.376839904838772000e-01
2.375542722466591483e-01
4.389815531956247630e-01
4.382120697696467726e-01
2.930636664266195179e-01
3.420762676911426325e-01
3.658182489386776481e-01
2.667809087621230701e-01
4.062132642401591887e-01
2.707611346309907185e-01
2.399601134392864987e-01
2.540625170561620627e-01
2.876911623918526617e-01
2.484871238089580159e-01
2.478979638806829977e-01
3.498098171680655843e-01
2.604760758544601429e-01
2.639221738627172686e-01
2.737674202097747922e-01
2.952640772838595051e-01
2.276023819548260718e-01
2.642062717139244121e-01
3.146701332500396187e-01
2.876458269291858327e-01
2.794816366790620066e-01
3.091758773069318567e-01
2.794816366790620066e-01
3.091758773069318567e-01
2.416774898723753617e-01
2.652935943170663946e-01
3.071872308043688826e-01
2.710927709991931001e-01
2.944330494461234737e-01
2.196384423337032765e-01
2.759679167908333230e-01
1.749929088939028432e-01
3.727385089046763578e-01
2.603880151034357326e-01
3.145761275643159660e-01
2.859021544009073268e-01
3.095956323100894081e-01
3.608730846327662389e-01
5.054079266083638666e-01
4.500624091383514380e-01
2.974897751264912737e-01
2.228184575425713465e-01
2.642511917166172064e-01
3.606724415480285217e-01
4.100287025071678859e-01
4.504009010979377337e-01
2.760889226108826366e-01
4.935185603639007379e-01
3.622060479502135499e-01
3.821274231011622113e-01
4.247981386698344575e-01
4.189364966637159626e-01
3.282418998285712708e-01
2.849154560898199962e-01
3.135223334862302647e-01
2.532291758204991972e-01
2.803377353293760588e-01
2.852627002447958304e-01
2.606742507436373701e-01
2.972463838759445420e-01
2.150488148103595343e-01
5.650783824073744022e-01
2.940586111658148316e-01
5.271849543483562162e-01
2.814708702662454542e-01
3.241904852611185439e-01
2.848198926105460771e-01
2.664192561720885588e-01
2.378730907525128391e-01
2.607858419069761235e-01
4.624213837878987654e-01
3.878551067538298369e-01
3.910995212026293633e-01
3.886092029754287802e-01
1.732018275998742640e-01
6.059608616413296733e-01
2.655458690090146678e-01
2.747683755857794341e-01
2.965434019588678582e-01
2.766133316033498879e-01
3.133073825233887999e-01
3.217579956572483857e-01
3.147138825174254917e-01
2.178552063958058005e-01
3.002282037175430518e-01
3.253834228397785022e-01
3.690131106528578009e-01
3.219653147539494054e-01
2.562639772930065396e-01
2.498636819161909328e-01
2.626297339524556462e-01
4.265708260728036105e-01
4.066080942571549950e-01
4.644317109081302353e-01
2.447211202279125641e-01
4.985918919447740461e-01
2.455682542878113161e-01
2.950492537174862484e-01
2.230558468287564267e-01
3.421896196913821742e-01
2.464068801536214437e-01
9.461284345953220321e-01
7.522610029974896584e-01
2.584537571786781340e-01
3.637977956743484453e-01
2.552994577381209607e-01
2.859602121330494517e-01
2.471652199848591025e-01
2.477342636614811855e-01
7.410328761110892559e-01
3.322049776184560765e-01
3.198526558926678698e-01
2.913905940405734918e-01
2.891222908413146331e-01
2.574316155174632970e-01
3.331301984839629693e-01
2.618799586056658746e-01
2.915380693271629742e-01
2.981281198999233828e-01
3.103033726910641721e-01
3.478011678770369097e-01
2.493206310593852060e-01
4.970275484728801096e-01
4.976402201125836866e-01
2.478455571612464547e-01
