2.502665458526103226e-01
2.754861244316648694e-01
2.326772854764074805e-01
3.430711434864580078e-01
1.734612047288898173e-01
3.059042247751508903e-01
2.782564742025371851e-01
2.761514865789381212e-01
3.003901069110277433e-01
2.837009256166653781e-01
2.491382526409071096e-01
2.476155532882494958e-01
2.542492091490116679e-01
4.822987407402151150e-01
2.953481826661994436e-01
2.257523711819829082e-01
2.805285080252546970e-01
3.958716412371374727e-01
2.495667413501437282e-01
2.554345663108736897e-01
2.898268045954870975e-01
1.628789205724516131e+00
2.481717837246339153e-01
2.459399566109483903e-01
6.391653202190628047e-01
3.035324398429904980e-01
2.411933146883062928e-01
3.196108187432629144e-01
2.184341378363222341e-01
2.805355090864447010e-01
8.439692304383611399e-01
8.034480332555988813e-01
3.711524330518125026e-01
2.868580227288833884e-01
2.280449195058825151e-01
2.780962168403882107e-01
2.505098840701059371e-01
2.590270755632494426e-01
3.525084322447927798e-01
2.457031698964148025e-01
3.993618292716500373e-01
5.171014144174937988e-01
3.525106580803966105e-01
2.324770805225158665e-01
3.666761197438542785e-01
9.024031172142378265e-01
8.519189587882380899e-01
3.276131284272896238e-01
3.663498536566645036e-01
2.984752623012871253e-01
2.542188912674044343e-01
2.684590483499454949e-01
3.352533310638702857e-01
2.996430665651399483e-01
3.386224849622531119e-01
2.627533646555873514e-01
3.676734580600110602e-01
2.995388589962894033e-01
2.408006253453887913e-01
2.488357485438324190e-01
3.036167466475707677e-01
2.213867209121105628e-01
2.551531953786617124e-01
3.597750609405351296e-01
4.037739373098309104e-01
3.272637378938435537e-01
2.939983493518515956e-01
2.518045784145874766e-01
3.296419868176124757e-01
2.783815627681250904e-01
2.966672447822803482e-01
3.522395826908857885e-01
6.354972944422826453e-01
2.250270236035417926e-01
3.547357183159757787e-01
2.838873633414167319e-01
2.807361855763961245e-01
2.967373071581613786e-01
2.464977090516483060e-01
4.481268590339146374e-01
2.396549755270028503e-01
2.822301539588017993e-01
3.444418991279818987e-01
2.552284800050902969e-01
3.316275574494442768e-01
2.960054239891812267e-01
3.346926030786756545e-01
2.990790993929653974e-01
2.549028600646098819e-01
2.840802053797895077e-01
2.475045095396563866e-01
2.457320307073183052e-01
6.475010279762053456e-01
3.032123440658603397e-01
2.482756689495091984e-01
3.422734166867197336e-01
2.957054997513802741e-01
2.686792956558243239e-01
2.544905780619251545e-01
4.287865241232306501e-01
3.719382523248276340e-01
4.480599338759245209e-01
3.042078756527046846e-01
4.480599338759245209e-01
3.042078756527046846e-01
2.854733747461044580e-01
2.401488733714497170e-01
2.794287933264474888e-01
3.444271529346988880e-01
2.785950025126253671e-01
3.537778823324892463e-01
2.672770677443976339e-01
1.743432319484494175e-01
3.619905566838159672e-01
2.541851244615897509e-01
2.308636624816491345e-01
2.701171349377401998e-01
2.782666977078960269e-01
3.083317191745877928e-01
4.177443485718733140e-01
5.453789280189735855e-01
2.860292150007365253e-01
3.431076828863678374e-01
2.409380729031774804e-01
3.186709799027306889e-01
4.152779642257294901e-01
5.854621140743285768e-01
2.662995453448105398e-01
4.801489995064379679e-01
2.709090225883897252e-01
3.518645156180505440e-01
2.964367325208872028e-01
2.820337459479508868e-01
3.542162396427345761e-01
3.653790763920621854e-01
3.479459207097221896e-01
2.724476398232886232e-01
2.643034660249507506e-01
2.753588737801239694e-01
3.193351045425169010e-01
2.951416370484775120e-01
2.996682540772666603e-01
1.326815460619771736e+00
2.499960429209406587e-01
1.299895278952799549e+00
2.860804276114566891e-01
2.846173190291221844e-01
2.745891725557839669e-01
2.586700686436758101e-01
2.639380964363990389e-01
2.677151733770899433e-01
1.450018507883548802e+00
3.349548523852819426e-01
1.419926699876683740e+00
3.191442215461579579e-01
1.746509631157648901e-01
7.825769519275669328e-01
2.438058034620247949e-01
2.687967779705058846e-01
2.782433777285820420e-01
2.781438225784039209e-01
3.443381391129466951e-01
3.633585351483359926e-01
3.703454750499239889e-01
2.792207771583245512e-01
4.434579176233097719e-01
5.161841282437880096e-01
5.146625179453683252e-01
5.432527801239677157e-01
2.624278538952953266e-01
2.496775587132662177e-01
2.570497050924619442e-01
4.738460955173311451e-01
4.880633366881879098e-01
4.963127308403968985e-01
1.029070721952842105e+00
8.545221082666866197e-01
2.492834850525040280e-01
2.962387446766269750e-01
2.188634556331942593e-01
3.612083487919039992e-01
2.364217507717232269e-01
1.227909980131862255e+00
1.058294526232384403e+00
3.545234435048852939e-01
3.603104033553687913e-01
2.548877290324467748e-01
2.880776704732664339e-01
2.468189367655341249e-01
2.483851123124775906e-01
1.181996187093348638e+00
2.668188725016867324e-01
4.238305618759478643e-01
2.949085019190728629e-01
3.707012384796926630e-01
2.364286477704350964e-01
2.403801367358221197e-01
2.545908180887427319e-01
3.550693873201125061e-01
3.631938812195572019e-01
4.599287806035012305e-01
2.805772663029069136e-01
2.483260623061894212e-01
4.967059791026366411e-01
4.970104140424191352e-01
2.451308315591985143e-01
