6.470541559865430337e+00
7.071850419370477425e+00
8.553319296849739573e+00
8.440334730965968646e+00
8.741560465693973825e+00
9.806583768471876184e+00
8.188435835537788421e+00
7.440746975497030569e+00
8.281764091539951522e+00
7.434588215714631687e+00
7.453006577712793401e+00
7.813948414458647740e+00
7.234294992171149907e+00
7.873686563791523874e+00
7.558177607104779483e+00
7.473189038952029684e+00
8.946503543809097181e+00
8.796608002050755104e+00
8.037571878101360312e+00
8.468898357622469675e+00
8.428181748318014144e+00
9.252532533320092512e+00
1.152494953572564995e+01
9.778331693563270477e+00
8.978967841557491170e+00
8.618379331971588897e+00
8.765201565644574089e+00
8.953751823037903179e+00
9.832799288810221583e+00
9.600777487910052699e+00
9.713176050516658222e+00
9.675725254657603358e+00
9.563011135786785744e+00
8.740098918528188321e+00
8.814487620141751023e+00
7.775304275389442132e+00
7.304107200039738679e+00
7.202172669866557797e+00
6.784081064337961209e+00
8.177488864961485859e+00
6.925343851976556664e+00
7.141511796996978134e+00
7.911648107450116818e+00
8.639315789721308647e+00
9.743602681500957985e+00
8.506837119032264027e+00
9.296135216552524838e+00
8.901069818684666402e+00
9.380837982028737088e+00
9.989572071452734292e+00
8.394958379179312757e+00
1.057928087633389858e+01
1.111306998497643583e+01
9.572187720868210903e+00
1.003699453545467435e+01
9.463640178097064037e+00
8.429320101539417465e+00
8.409162444874613840e+00
7.695955075017042013e+00
7.536968191626135294e+00
7.536467318450056574e+00
8.043459237970958853e+00
7.816143964143472012e+00
9.404439837447924333e+00
8.474956159804806433e+00
7.457011125466565638e+00
7.147858472032953436e+00
5.874134596332793556e+00
4.752077675578526339e+00
3.952738104587870893e+00
5.040566553156065943e+00
6.495187976434101174e+00
6.704392181921750904e+00
9.228298931343029921e+00
9.532860103843125543e+00
8.074243862882781286e+00
8.476629252548397275e+00
1.055469159635587673e+01
9.930842023318991352e+00
7.580808528791495249e+00
7.572218865341026728e+00
7.582921898371225211e+00
8.451442324967597841e+00
9.154177026286564711e+00
8.824264490957109075e+00
7.856256131381526231e+00
8.561668628784367741e+00
8.877515949936478634e+00
9.285525838794427500e+00
8.607232321154713262e+00
8.831826872113017757e+00
9.100847023602305796e+00
8.286008045635032460e+00
8.389326493011397545e+00
1.036719181656801325e+01
9.082474663493140810e+00
7.992996702884397564e+00
8.463055390180439730e+00
8.746756143890188184e+00
8.748804469554663399e+00
7.567736354672019772e+00
7.158126585887144344e+00
6.259087576593372226e+00
5.077691290760499854e+00
6.622466934219392698e+00
6.333545265932023050e+00
5.570894695881679404e+00
