8.391941509433959112e+00
8.371949056603767758e+00
8.664801886792451668e+00
8.490413207547174324e+00
8.064607547169808655e+00
8.154707547169813608e+00
8.146488679245281972e+00
7.812450943396221703e+00
7.928186792452828868e+00
8.234752830188680761e+00
8.206005660377361011e+00
7.754215094339624414e+00
8.472526415094339569e+00
7.880083018867924949e+00
7.538969811320753500e+00
7.002526415094340706e+00
7.602645283018870437e+00
7.626881132075470582e+00
7.999552830188678243e+00
7.932852830188679150e+00
8.339999999999990976e+00
8.038971698113204667e+00
8.299166037735849599e+00
8.404224528301890373e+00
8.190688679245285542e+00
8.120213207547166689e+00
7.996284905660379749e+00
7.728607547169810132e+00
7.906966037735851494e+00
8.045083018867920543e+00
8.047898113207544668e+00
8.127069811320753345e+00
8.102641509433965439e+00
8.018513207547167454e+00
8.273788679245281941e+00
8.690639622641503692e+00
8.007260377358495163e+00
7.794866037735848074e+00
8.151326415094338529e+00
8.037307547169811883e+00
7.946211320754720475e+00
7.882971698113202308e+00
7.834469811320755817e+00
7.947100000000002495e+00
7.805388679245281125e+00
8.459171698113205906e+00
8.014377358490563097e+00
8.339999999999990976e+00
8.080333962264150571e+00
8.151718867924525824e+00
8.221464150943392113e+00
7.930737735849056058e+00
7.892032075471698604e+00
8.391130188679246871e+00
8.372401886792456338e+00
8.079290566037732546e+00
8.038654716981133319e+00
8.140222641509437196e+00
8.475230188679242715e+00
8.372788679245289245e+00
8.106371698113207458e+00
8.260024528301885383e+00
8.056011320754718597e+00
8.243064150943400392e+00
8.146192452830190334e+00
8.103032075471697127e+00
8.054375471698111966e+00
8.258298113207544588e+00
7.948947169811321878e+00
7.698307547169810583e+00
8.053301886792453956e+00
7.919069811320754937e+00
7.494973584905659791e+00
8.351671698113207754e+00
7.984632075471700396e+00
8.070939622641505551e+00
8.063181132075470714e+00
8.188747169811316340e+00
8.261803773584903254e+00
8.107333962264151594e+00
7.964598113207546071e+00
7.954428301886790287e+00
8.371798113207548298e+00
8.123171698113209160e+00
8.189290566037737307e+00
8.328043396226412654e+00
8.173435849056600588e+00
7.869750943396225829e+00
8.312941509433963816e+00
8.510811320754717357e+00
8.079441509433962665e+00
8.273633962264151265e+00
7.999639622641512737e+00
8.179696226415099858e+00
8.381756603773588665e+00
7.836003773584907961e+00
8.052694339622640030e+00
8.105483018867921885e+00
8.047818867924531716e+00
8.292950943396231622e+00
8.275335849056606463e+00
8.053607547169811198e+00
7.986777358490564360e+00
8.014656603773588017e+00
8.062773584905659874e+00
7.943343396226417497e+00
8.041111320754716019e+00
7.939607547169816648e+00
8.129105660377355491e+00
8.019803773584900597e+00
8.168018867924532245e+00
8.293856603773576808e+00
7.964284905660378833e+00
8.068873584905663421e+00
