2.352990508079528809e-01
2.621146440505981445e-01
2.542952895164489746e-01
2.835045754909515381e-01
1.112814188003540039e+00
2.846345901489257812e-01
3.579181134700775146e-01
2.894681692123413086e-01
3.569756746292114258e-01
2.895271182060241699e-01
3.575518131256103516e-01
2.706232368946075439e-01
2.799147665500640869e-01
3.613339662551879883e-01
2.821662127971649170e-01
3.587486743927001953e-01
3.201133310794830322e-01
3.482270538806915283e-01
3.524025976657867432e-01
3.132269382476806641e-01
2.822274267673492432e-01
3.595855534076690674e-01
2.887169420719146729e-01
3.620578050613403320e-01
1.754750311374664307e-01
4.004081785678863525e-01
3.572412431240081787e-01
3.434081375598907471e-01
2.403667718172073364e-01
2.825594842433929443e-01
3.576373755931854248e-01
3.451409935951232910e-01
1.095244646072387695e+00
9.789174795150756836e-01
3.560979664325714111e-01
3.843134939670562744e-01
3.199700117111206055e-01
5.401009917259216309e-01
2.484541833400726318e-01
2.959988713264465332e-01
3.391041457653045654e-01
2.714215815067291260e-01
2.927038073539733887e-01
3.252413272857666016e-01
2.468110322952270508e-01
4.955955147743225098e-01
4.960393011569976807e-01
2.496167272329330444e-01
