2.357875555753707886e-01
2.772110998630523682e-01
2.552914917469024658e-01
2.885377407073974609e-01
8.301923871040344238e-01
2.981118857860565186e-01
2.370514124631881714e-01
2.826992273330688477e-01
3.533835411071777344e-01
2.891696989536285400e-01
3.577823638916015625e-01
2.703460752964019775e-01
2.807853519916534424e-01
3.582364320755004883e-01
2.848847210407257080e-01
3.583864569664001465e-01
2.753570973873138428e-01
3.768824934959411621e-01
4.080196619033813477e-01
2.692196369171142578e-01
2.834182381629943848e-01
3.599601984024047852e-01
2.878340482711791992e-01
3.600209355354309082e-01
1.754960268735885620e-01
3.946187198162078857e-01
3.688923716545104980e-01
3.274317979812622070e-01
2.657330632209777832e-01
2.861590683460235596e-01
3.575206995010375977e-01
3.530652821063995361e-01
9.204662442207336426e-01
9.527766704559326172e-01
3.556474149227142334e-01
3.271909356117248535e-01
3.219698369503021240e-01
5.182865262031555176e-01
2.471564263105392456e-01
2.967696189880371094e-01
2.951313555240631104e-01
3.189551532268524170e-01
3.202459216117858887e-01
3.001263141632080078e-01
2.481605112552642822e-01
4.963582158088684082e-01
4.966476261615753174e-01
2.483876347541809082e-01
