2.351894825696945190e-01
3.161458969116210938e-01
2.589334547519683838e-01
2.869925498962402344e-01
8.343788385391235352e-01
2.830646634101867676e-01
3.622393012046813965e-01
2.796468734741210938e-01
3.462699651718139648e-01
2.871596813201904297e-01
3.565142750740051270e-01
2.611229419708251953e-01
2.821722030639648438e-01
3.550160229206085205e-01
2.750393748283386230e-01
3.622637689113616943e-01
3.129195570945739746e-01
3.163231611251831055e-01
3.571457862854003906e-01
3.456503748893737793e-01
2.837608456611633301e-01
3.564294278621673584e-01
3.067796230316162109e-01
3.610389828681945801e-01
1.757875829935073853e-01
3.859093487262725830e-01
3.713176846504211426e-01
3.042679429054260254e-01
2.757075428962707520e-01
2.798183858394622803e-01
3.590677976608276367e-01
3.534547686576843262e-01
1.380893111228942871e+00
1.438857913017272949e+00
3.558427393436431885e-01
3.818061351776123047e-01
3.253319263458251953e-01
5.320215821266174316e-01
2.473689764738082886e-01
3.006744980812072754e-01
2.940470278263092041e-01
3.239298462867736816e-01
3.042719960212707520e-01
3.254904150962829590e-01
2.492985129356384277e-01
4.967827200889587402e-01
4.970225691795349121e-01
2.424254715442657471e-01
