2.427179366350173950e-01
3.823838829994201660e-01
2.559266090393066406e-01
2.859519720077514648e-01
1.398035168647766113e+00
2.838332951068878174e-01
3.590176999568939209e-01
2.912452518939971924e-01
3.574651181697845459e-01
2.837449014186859131e-01
3.587108552455902100e-01
2.851905524730682373e-01
2.845668792724609375e-01
3.577234447002410889e-01
2.858288884162902832e-01
3.582238852977752686e-01
2.795567512512207031e-01
3.805817663669586182e-01
4.083600044250488281e-01
2.639436423778533936e-01
2.854510545730590820e-01
3.508526682853698730e-01
2.970072031021118164e-01
3.615601360797882080e-01
1.740262359380722046e-01
3.839051425457000732e-01
3.781506419181823730e-01
3.038653433322906494e-01
2.910977303981781006e-01
2.969994843006134033e-01
3.598671257495880127e-01
3.526231944561004639e-01
1.354667305946350098e+00
1.617032527923583984e+00
3.557802736759185791e-01
2.619617581367492676e-01
3.639352619647979736e-01
4.412201046943664551e-01
2.503482699394226074e-01
2.976182103157043457e-01
2.408980876207351685e-01
3.685298562049865723e-01
3.559578657150268555e-01
2.622427642345428467e-01
2.485096454620361328e-01
4.975547492504119873e-01
4.959486126899719238e-01
2.499538511037826538e-01
