2.451246380805969238e-01
2.807611525058746338e-01
2.540237605571746826e-01
2.924793362617492676e-01
5.953700542449951172e-01
2.931454777717590332e-01
2.394373565912246704e-01
2.803635001182556152e-01
3.377522528171539307e-01
2.908464670181274414e-01
3.565611541271209717e-01
2.754510045051574707e-01
2.825530767440795898e-01
3.546169996261596680e-01
2.901167273521423340e-01
3.570906817913055420e-01
2.786188125610351562e-01
3.859598934650421143e-01
4.125124812126159668e-01
2.667736113071441650e-01
2.774155437946319580e-01
3.624415695667266846e-01
2.688075304031372070e-01
3.579424321651458740e-01
1.735563427209854126e-01
4.018390774726867676e-01
3.597975671291351318e-01
3.422722518444061279e-01
2.426601052284240723e-01
2.843171656131744385e-01
3.576371669769287109e-01
3.553074002265930176e-01
1.275644540786743164e+00
1.160000801086425781e+00
2.963496744632720947e-01
3.548042178153991699e-01
2.470358163118362427e-01
2.361011356115341187e-01
2.564840614795684814e-01
2.983681559562683105e-01
3.793830275535583496e-01
2.269501537084579468e-01
2.709868550300598145e-01
3.444623351097106934e-01
2.519402801990509033e-01
4.946962594985961914e-01
4.997934699058532715e-01
2.525836229324340820e-01
