2.467000931501388550e-01
3.651072680950164795e-01
2.546675801277160645e-01
2.857983112335205078e-01
6.721515655517578125e-01
2.804140150547027588e-01
3.607349395751953125e-01
2.894688248634338379e-01
3.248368799686431885e-01
2.958812713623046875e-01
3.615023195743560791e-01
2.841643691062927246e-01
2.809174954891204834e-01
3.617771565914154053e-01
2.658158540725708008e-01
3.607168495655059814e-01
3.848863542079925537e-01
2.732891440391540527e-01
2.593347430229187012e-01
4.124593734741210938e-01
2.763641476631164551e-01
3.542415201663970947e-01
3.187864422798156738e-01
3.592743575572967529e-01
1.767732799053192139e-01
3.666643798351287842e-01
3.821591734886169434e-01
2.682226002216339111e-01
3.019439280033111572e-01
2.818809747695922852e-01
3.597981035709381104e-01
3.386508524417877197e-01
7.219478487968444824e-01
1.087126016616821289e+00
3.595968782901763916e-01
3.846316039562225342e-01
3.279294669628143311e-01
5.381777882575988770e-01
2.416076511144638062e-01
2.986949384212493896e-01
2.621198296546936035e-01
3.542032837867736816e-01
3.377081453800201416e-01
2.729491591453552246e-01
2.453103810548782349e-01
4.965780079364776611e-01
4.983801543712615967e-01
2.546985149383544922e-01
