2.256121486425399780e-01
3.700736165046691895e-01
2.570027112960815430e-01
2.899143397808074951e-01
9.419553279876708984e-01
2.970815002918243408e-01
2.193462103605270386e-01
2.965735793113708496e-01
2.254153639078140259e-01
2.958890795707702637e-01
2.637556493282318115e-01
2.292800843715667725e-01
2.391329109668731689e-01
3.425335586071014404e-01
2.932355701923370361e-01
3.516423106193542480e-01
3.536164462566375732e-01
2.976931035518646240e-01
2.976123690605163574e-01
3.801552951335906982e-01
2.929626703262329102e-01
2.256843745708465576e-01
2.565517723560333252e-01
2.219795435667037964e-01
1.741709560155868530e-01
3.926897048950195312e-01
3.694721460342407227e-01
3.230755031108856201e-01
2.691649496555328369e-01
2.979958951473236084e-01
2.325221449136734009e-01
2.129833549261093140e-01
2.995299100875854492e-01
2.706497311592102051e-01
2.290562540292739868e-01
2.855716347694396973e-01
3.643080890178680420e-01
4.273033142089843750e-01
2.459197640419006348e-01
2.965867817401885986e-01
3.175124824047088623e-01
3.110358119010925293e-01
2.842099368572235107e-01
3.357090353965759277e-01
2.450415492057800293e-01
4.944033026695251465e-01
4.986353516578674316e-01
2.501570582389831543e-01
