2.220212370157241821e-01
3.842067122459411621e-01
2.535278201103210449e-01
2.885541915893554688e-01
1.145841121673583984e+00
2.802137434482574463e-01
3.539142310619354248e-01
2.884024083614349365e-01
3.281621634960174561e-01
2.991546094417572021e-01
3.586215376853942871e-01
2.807180583477020264e-01
2.768472433090209961e-01
3.582902550697326660e-01
2.748998999595642090e-01
3.538264632225036621e-01
3.013122677803039551e-01
2.583211958408355713e-01
3.801394701004028320e-01
4.215149879455566406e-01
2.922930717468261719e-01
3.522678017616271973e-01
3.100180029869079590e-01
3.549126982688903809e-01
1.754844337701797485e-01
3.613337278366088867e-01
4.044257998466491699e-01
2.516376972198486328e-01
3.545899391174316406e-01
2.900082170963287354e-01
3.348142504692077637e-01
3.380884230136871338e-01
1.129825830459594727e+00
1.402278780937194824e+00
3.466739654541015625e-01
3.607002496719360352e-01
2.460913956165313721e-01
4.678808748722076416e-01
2.483047246932983398e-01
2.949079275131225586e-01
3.584952652454376221e-01
2.576741576194763184e-01
2.489627748727798462e-01
3.761938512325286865e-01
2.478305399417877197e-01
4.954586327075958252e-01
5.011649727821350098e-01
2.490546405315399170e-01
