2.252769619226455688e-01
3.699550628662109375e-01
2.557440698146820068e-01
2.854497730731964111e-01
6.942915916442871094e-01
2.831229865550994873e-01
3.512482643127441406e-01
2.779949605464935303e-01
3.434432446956634521e-01
2.929143607616424561e-01
3.532965481281280518e-01
2.737521231174468994e-01
2.801536917686462402e-01
3.564428985118865967e-01
2.837403118610382080e-01
3.559426069259643555e-01
2.727010548114776611e-01
2.757815420627593994e-01
4.175367057323455811e-01
4.147943258285522461e-01
2.882277965545654297e-01
3.649030029773712158e-01
2.814873158931732178e-01
3.600106239318847656e-01
1.756455153226852417e-01
3.682536780834197998e-01
4.088116884231567383e-01
2.624176442623138428e-01
3.548008203506469727e-01
2.813011109828948975e-01
3.585977852344512939e-01
3.570158481597900391e-01
1.272497177124023438e+00
1.647319436073303223e+00
3.577116429805755615e-01
3.816585838794708252e-01
3.271967768669128418e-01
5.409164428710937500e-01
2.486456632614135742e-01
2.950749397277832031e-01
3.710242211818695068e-01
2.529677450656890869e-01
2.660884559154510498e-01
3.587825298309326172e-01
2.430584281682968140e-01
4.960720539093017578e-01
4.909429848194122314e-01
2.454655021429061890e-01
