2.206123620271682739e-01
3.810872137546539307e-01
2.512156367301940918e-01
2.821016013622283936e-01
4.049027860164642334e-01
2.934294939041137695e-01
2.279364615678787231e-01
2.935675084590911865e-01
3.556417822837829590e-01
2.945559024810791016e-01
3.550880551338195801e-01
3.201973140239715576e-01
2.874309420585632324e-01
3.444198071956634521e-01
2.744539678096771240e-01
3.588066995143890381e-01
2.569777965545654297e-01
3.750973939895629883e-01
4.067105054855346680e-01
2.604120373725891113e-01
2.788242697715759277e-01
3.519112467765808105e-01
3.181168138980865479e-01
3.610920310020446777e-01
1.738880723714828491e-01
4.144165515899658203e-01
3.626608252525329590e-01
3.584723472595214844e-01
2.459011822938919067e-01
2.815262079238891602e-01
3.531134724617004395e-01
3.585481047630310059e-01
8.254807591438293457e-01
1.178577899932861328e+00
3.449124693870544434e-01
3.887294530868530273e-01
3.188180625438690186e-01
5.386446714401245117e-01
2.455714493989944458e-01
2.975997030735015869e-01
3.008797168731689453e-01
3.063407540321350098e-01
3.029066026210784912e-01
3.023774027824401855e-01
2.572613060474395752e-01
4.945717453956604004e-01
4.961169660091400146e-01
2.516943812370300293e-01
