2.315103560686111450e-01
2.521307766437530518e-01
2.582042217254638672e-01
2.873995900154113770e-01
1.303012728691101074e+00
2.853948473930358887e-01
3.535422682762145996e-01
2.857219278812408447e-01
3.598801493644714355e-01
2.876034975051879883e-01
3.594439625740051270e-01
2.723670303821563721e-01
2.825368642807006836e-01
3.588974475860595703e-01
2.819938659667968750e-01
3.584188520908355713e-01
2.781262397766113281e-01
3.691765964031219482e-01
4.060578346252441406e-01
2.836431264877319336e-01
2.834236025810241699e-01
3.578902184963226318e-01
2.979701161384582520e-01
3.609517216682434082e-01
1.749333292245864868e-01
3.925086855888366699e-01
3.686194121837615967e-01
3.134739100933074951e-01
2.688608765602111816e-01
2.822939455509185791e-01
3.613883256912231445e-01
3.532107472419738770e-01
1.324110746383666992e+00
1.192639946937561035e+00
3.497773408889770508e-01
3.843103051185607910e-01
3.168393969535827637e-01
5.302097797393798828e-01
2.475394457578659058e-01
2.964016199111938477e-01
2.703976929187774658e-01
3.452351093292236328e-01
3.458821177482604980e-01
2.661190330982208252e-01
2.520669102668762207e-01
4.978941977024078369e-01
4.958485662937164307e-01
2.491502016782760620e-01
