2.347349673509597778e-01
2.664515376091003418e-01
2.551304399967193604e-01
2.886807322502136230e-01
1.082627415657043457e+00
2.841988801956176758e-01
3.568045794963836670e-01
2.881144881248474121e-01
3.539580404758453369e-01
2.867910265922546387e-01
3.588492572307586670e-01
2.748814821243286133e-01
2.813050448894500732e-01
3.587543964385986328e-01
2.841760814189910889e-01
3.599840700626373291e-01
2.752231955528259277e-01
3.777292668819427490e-01
4.082881510257720947e-01
2.666515707969665527e-01
2.818318903446197510e-01
3.579464554786682129e-01
2.875822782516479492e-01
3.562806546688079834e-01
1.751797646284103394e-01
3.883259296417236328e-01
3.768563866615295410e-01
3.111222088336944580e-01
2.849943339824676514e-01
2.905811965465545654e-01
3.580260872840881348e-01
3.535035550594329834e-01
1.169497489929199219e+00
1.114175677299499512e+00
3.536152541637420654e-01
2.795735001564025879e-01
3.439223468303680420e-01
4.865775108337402344e-01
2.481424510478973389e-01
2.966889441013336182e-01
3.232285976409912109e-01
2.925216853618621826e-01
2.996764779090881348e-01
3.183803856372833252e-01
2.488349974155426025e-01
4.967780411243438721e-01
4.964243471622467041e-01
2.484359890222549438e-01
