2.403187006711959839e-01
3.837388157844543457e-01
2.514543533325195312e-01
2.921913266181945801e-01
5.043010711669921875e-01
2.976649999618530273e-01
2.258498519659042358e-01
2.939725220203399658e-01
2.323708236217498779e-01
2.983460426330566406e-01
2.233960479497909546e-01
2.170527577400207520e-01
2.257246077060699463e-01
3.259003162384033203e-01
2.942895293235778809e-01
3.613517880439758301e-01
3.803615868091583252e-01
2.677835226058959961e-01
2.635563611984252930e-01
4.136196970939636230e-01
2.917969822883605957e-01
2.344200313091278076e-01
2.638896703720092773e-01
2.161811441183090210e-01
1.745905578136444092e-01
4.106159806251525879e-01
3.619804084300994873e-01
3.704372346401214600e-01
2.637807726860046387e-01
2.956328094005584717e-01
2.552270591259002686e-01
2.182326018810272217e-01
3.239693641662597656e-01
3.708427250385284424e-01
3.537453711032867432e-01
3.730870485305786133e-01
2.622966468334197998e-01
3.797574043273925781e-01
2.528173327445983887e-01
2.937656641006469727e-01
2.668011784553527832e-01
3.579173982143402100e-01
3.759781718254089355e-01
2.416845858097076416e-01
2.467079013586044312e-01
4.962389171123504639e-01
4.932942986488342285e-01
2.473763227462768555e-01
