2.378650307655334473e-01
2.535791099071502686e-01
2.520827949047088623e-01
2.887141108512878418e-01
1.127844810485839844e+00
2.840066552162170410e-01
3.481757938861846924e-01
2.797484993934631348e-01
3.542321920394897461e-01
2.894623279571533203e-01
3.541085124015808105e-01
2.707056403160095215e-01
2.823488116264343262e-01
3.597389161586761475e-01
2.824184894561767578e-01
3.556210994720458984e-01
3.641898930072784424e-01
2.483351677656173706e-01
2.918962240219116211e-01
4.257866740226745605e-01
2.840480208396911621e-01
3.585543632507324219e-01
2.910009920597076416e-01
3.623980879783630371e-01
1.750794798135757446e-01
3.793996572494506836e-01
3.748298287391662598e-01
2.964089512825012207e-01
2.833048105239868164e-01
2.827815413475036621e-01
3.596373796463012695e-01
3.391765356063842773e-01
1.162884831428527832e+00
8.096445798873901367e-01
3.541194796562194824e-01
2.543277740478515625e-01
3.114216923713684082e-01
4.794506132602691650e-01
2.456560134887695312e-01
2.965357303619384766e-01
3.736153841018676758e-01
2.370982468128204346e-01
2.717692255973815918e-01
3.495653867721557617e-01
2.461906671524047852e-01
4.953927993774414062e-01
4.955449104309082031e-01
2.506322562694549561e-01
