2.350503951311111450e-01
2.653855383396148682e-01
2.562612295150756836e-01
2.898354232311248779e-01
1.386197924613952637e+00
2.830251455307006836e-01
3.596064448356628418e-01
2.870271503925323486e-01
3.670682609081268311e-01
2.884920239448547363e-01
3.565156161785125732e-01
2.685527205467224121e-01
2.825673818588256836e-01
3.613375425338745117e-01
2.842850983142852783e-01
3.632073402404785156e-01
3.802712559700012207e-01
3.321460485458374023e-01
2.622827589511871338e-01
3.419028222560882568e-01
2.806207239627838135e-01
3.536554574966430664e-01
2.953622937202453613e-01
3.578661084175109863e-01
1.767621487379074097e-01
4.086437225341796875e-01
3.658112287521362305e-01
3.643811643123626709e-01
2.629158496856689453e-01
2.844097316265106201e-01
3.551516532897949219e-01
3.588668704032897949e-01
1.382326602935791016e+00
1.784894943237304688e+00
3.559021949768066406e-01
3.818095326423645020e-01
3.365937769412994385e-01
5.378594398498535156e-01
2.471482455730438232e-01
2.949317097663879395e-01
3.724843263626098633e-01
2.427968680858612061e-01
2.623514831066131592e-01
3.542471230030059814e-01
2.485094815492630005e-01
4.942894577980041504e-01
4.968261718750000000e-01
2.440240383148193359e-01
