2.400512695312500000e-01
3.866502344608306885e-01
2.539308965206146240e-01
2.838888466358184814e-01
7.393622398376464844e-01
2.939798831939697266e-01
2.381718903779983521e-01
2.797194123268127441e-01
3.487870693206787109e-01
2.900802195072174072e-01
3.572638034820556641e-01
2.707948386669158936e-01
2.797317802906036377e-01
3.619441688060760498e-01
2.819200456142425537e-01
3.574666082859039307e-01
3.860467374324798584e-01
3.289854526519775391e-01
2.676976621150970459e-01
3.537277281284332275e-01
2.848903834819793701e-01
3.546165525913238525e-01
2.899654805660247803e-01
3.612025082111358643e-01
1.748684197664260864e-01
3.977799713611602783e-01
3.637988269329071045e-01
3.365042209625244141e-01
2.558560073375701904e-01
2.747701704502105713e-01
3.630201816558837891e-01
3.521376550197601318e-01
3.040992915630340576e-01
5.373571515083312988e-01
3.567762374877929688e-01
2.798705995082855225e-01
3.813819885253906250e-01
5.411539673805236816e-01
2.449984103441238403e-01
2.904836833477020264e-01
3.593192100524902344e-01
2.577539384365081787e-01
2.466080933809280396e-01
3.632327616214752197e-01
2.542276382446289062e-01
4.959749281406402588e-01
4.971745312213897705e-01
2.519634068012237549e-01
