2.341322600841522217e-01
2.588516473770141602e-01
2.550098598003387451e-01
2.886586487293243408e-01
1.243895173072814941e+00
2.849654257297515869e-01
3.559464216232299805e-01
2.880272567272186279e-01
3.558691442012786865e-01
2.865842282772064209e-01
3.581015765666961670e-01
2.709749042987823486e-01
2.824551463127136230e-01
3.596204519271850586e-01
2.810096144676208496e-01
3.593350946903228760e-01
2.729307413101196289e-01
3.775254786014556885e-01
4.100626111030578613e-01
2.691629827022552490e-01
2.827736437320709229e-01
3.561530411243438721e-01
2.938441634178161621e-01
3.606294393539428711e-01
1.752899736166000366e-01
3.914390206336975098e-01
3.764206171035766602e-01
3.171897232532501221e-01
2.830801010131835938e-01
2.825850844383239746e-01
3.560643792152404785e-01
3.449653387069702148e-01
1.267572164535522461e+00
1.164635658264160156e+00
3.520430624485015869e-01
3.474726080894470215e-01
3.208169341087341309e-01
5.037577748298645020e-01
2.480236440896987915e-01
2.955930531024932861e-01
3.007159531116485596e-01
3.151043057441711426e-01
3.148533701896667480e-01
2.998771667480468750e-01
2.490283995866775513e-01
4.965647161006927490e-01
4.964412152767181396e-01
2.488726824522018433e-01
