2.230143547058105469e-01
2.752006649971008301e-01
2.526459097862243652e-01
2.855657339096069336e-01
7.625368237495422363e-01
2.995528578758239746e-01
2.224488705396652222e-01
2.937260866165161133e-01
2.384167909622192383e-01
2.894068658351898193e-01
2.121852934360504150e-01
2.082314491271972656e-01
2.372460663318634033e-01
3.370283842086791992e-01
2.973726093769073486e-01
3.554193377494812012e-01
2.502529323101043701e-01
3.691683411598205566e-01
4.258397817611694336e-01
2.785391509532928467e-01
2.986738681793212891e-01
2.513934969902038574e-01
2.555934488773345947e-01
2.205850630998611450e-01
1.756740957498550415e-01
3.824951946735382080e-01
3.803833127021789551e-01
2.905551493167877197e-01
2.883228659629821777e-01
3.011692166328430176e-01
2.232974469661712646e-01
2.193564325571060181e-01
2.993420660495758057e-01
2.366989701986312866e-01
3.341531157493591309e-01
3.851629495620727539e-01
2.698342800140380859e-01
6.045740842819213867e-01
2.519212961196899414e-01
2.941942811012268066e-01
3.699059486389160156e-01
2.523732781410217285e-01
2.932161390781402588e-01
3.293846249580383301e-01
2.481629401445388794e-01
4.956610798835754395e-01
4.943875074386596680e-01
2.403748631477355957e-01
