2.576149106025695801e-01
3.867437243461608887e-01
2.604081630706787109e-01
2.815777063369750977e-01
1.703808784484863281e+00
2.838810384273529053e-01
3.575872778892517090e-01
2.859744429588317871e-01
3.463864624500274658e-01
2.905589640140533447e-01
3.541514873504638672e-01
3.083869218826293945e-01
2.798367440700531006e-01
2.247476577758789062e-01
2.878872752189636230e-01
2.370489239692687988e-01
2.788893580436706543e-01
3.856064081192016602e-01
4.076622724533081055e-01
2.634474635124206543e-01
2.653385102748870850e-01
3.619039058685302734e-01
4.619030952453613281e-01
3.606478273868560791e-01
1.755902767181396484e-01
4.136163592338562012e-01
3.691421747207641602e-01
3.639392852783203125e-01
2.628917992115020752e-01
2.835929989814758301e-01
3.581498861312866211e-01
3.539904356002807617e-01
1.307456970214843750e+00
1.402177333831787109e+00
3.545508086681365967e-01
3.818874061107635498e-01
3.259292244911193848e-01
5.373811721801757812e-01
2.450337707996368408e-01
2.944942116737365723e-01
2.386551350355148315e-01
3.739610314369201660e-01
3.467925786972045898e-01
2.691212892532348633e-01
2.516595721244812012e-01
4.977607727050781250e-01
4.971391558647155762e-01
2.438039779663085938e-01
