2.278537750244140625e-01
2.551044225692749023e-01
2.573625445365905762e-01
2.754640579223632812e-01
8.860571384429931641e-01
2.925734817981719971e-01
2.649923264980316162e-01
2.925257682800292969e-01
3.344662785530090332e-01
2.239560484886169434e-01
2.462055981159210205e-01
2.508723735809326172e-01
2.249117195606231689e-01
3.538811206817626953e-01
2.996647357940673828e-01
3.467720150947570801e-01
2.625595331192016602e-01
3.792102336883544922e-01
4.123933613300323486e-01
2.759928107261657715e-01
2.837220430374145508e-01
3.394722938537597656e-01
2.014240324497222900e-01
3.551129102706909180e-01
1.726519614458084106e-01
4.110750257968902588e-01
3.578851521015167236e-01
3.511725068092346191e-01
2.382715493440628052e-01
2.989556193351745605e-01
3.470312952995300293e-01
2.222599089145660400e-01
1.207365274429321289e+00
1.226760149002075195e+00
2.213992476463317871e-01
3.829180598258972168e-01
2.623397111892700195e-01
6.082968711853027344e-01
2.560392022132873535e-01
2.885594069957733154e-01
2.479570806026458740e-01
3.690792918205261230e-01
3.776669502258300781e-01
2.560638487339019775e-01
2.397009581327438354e-01
4.959855079650878906e-01
4.964988827705383301e-01
2.514971792697906494e-01
