2.264451235532760620e-01
2.627862095832824707e-01
2.544102370738983154e-01
2.920275032520294189e-01
1.225493073463439941e+00
2.807721793651580811e-01
3.578186035156250000e-01
2.859609425067901611e-01
3.548768758773803711e-01
2.891471087932586670e-01
3.592118024826049805e-01
2.810584306716918945e-01
2.822777926921844482e-01
3.590763509273529053e-01
2.855012118816375732e-01
3.602922856807708740e-01
3.559230864048004150e-01
2.513957321643829346e-01
3.056533634662628174e-01
4.293825328350067139e-01
2.826762199401855469e-01
3.557225167751312256e-01
2.916814684867858887e-01
3.602631986141204834e-01
1.752582937479019165e-01
3.701975047588348389e-01
3.948149979114532471e-01
2.649384438991546631e-01
3.217872977256774902e-01
2.892528474330902100e-01
3.579833805561065674e-01
3.509460985660552979e-01
1.372461438179016113e+00
1.438923954963684082e+00
3.509666621685028076e-01
2.509511709213256836e-01
3.505593240261077881e-01
4.724012911319732666e-01
2.459406852722167969e-01
2.978048920631408691e-01
3.719108402729034424e-01
2.466352432966232300e-01
2.607336044311523438e-01
3.579939603805541992e-01
2.475835829973220825e-01
4.976717531681060791e-01
4.945579767227172852e-01
2.485851794481277466e-01
