2.421818077564239502e-01
3.513511717319488525e-01
2.555509805679321289e-01
2.863057255744934082e-01
8.169510960578918457e-01
2.960281670093536377e-01
2.388930022716522217e-01
2.844538688659667969e-01
3.548378944396972656e-01
2.883785665035247803e-01
3.532277345657348633e-01
2.654264271259307861e-01
2.847846150398254395e-01
3.585846722126007080e-01
2.787218093872070312e-01
3.598358631134033203e-01
2.743035256862640381e-01
3.825139403343200684e-01
4.101321101188659668e-01
2.595715522766113281e-01
2.818692326545715332e-01
3.585996627807617188e-01
2.963334918022155762e-01
3.611926436424255371e-01
1.761160194873809814e-01
4.024904668331146240e-01
3.646932244300842285e-01
3.373337984085083008e-01
2.552561759948730469e-01
2.832402884960174561e-01
3.566698431968688965e-01
3.453123867511749268e-01
9.992777109146118164e-01
1.072101831436157227e+00
3.532963991165161133e-01
3.370137512683868408e-01
3.208652436733245850e-01
5.229501724243164062e-01
2.455691397190093994e-01
2.953037619590759277e-01
2.632050514221191406e-01
3.518390655517578125e-01
3.333597481250762939e-01
2.873155772686004639e-01
2.481161952018737793e-01
4.974748492240905762e-01
4.971031546592712402e-01
2.476444542407989502e-01
