2.328391522169113159e-01
3.565356433391571045e-01
2.574710249900817871e-01
2.855384051799774170e-01
6.399677991867065430e-01
2.968984842300415039e-01
2.424411326646804810e-01
2.851975262165069580e-01
3.553935885429382324e-01
2.885490953922271729e-01
3.580853641033172607e-01
2.742222249507904053e-01
2.816964983940124512e-01
3.594469428062438965e-01
2.839370369911193848e-01
3.588659763336181641e-01
2.729582488536834717e-01
3.749567568302154541e-01
4.098636209964752197e-01
2.732589542865753174e-01
2.811790704727172852e-01
3.583647310733795166e-01
2.857663333415985107e-01
3.568218052387237549e-01
1.744675934314727783e-01
4.049364626407623291e-01
3.712781369686126709e-01
3.431972861289978027e-01
2.715941667556762695e-01
2.850717008113861084e-01
3.606010079383850098e-01
3.515267372131347656e-01
9.835146069526672363e-01
1.130469679832458496e+00
3.563836216926574707e-01
3.731710612773895264e-01
3.217509388923645020e-01
5.385262370109558105e-01
2.483504563570022583e-01
2.961146235466003418e-01
2.593172192573547363e-01
3.541569113731384277e-01
3.447625935077667236e-01
2.751562595367431641e-01
2.486179620027542114e-01
4.964120388031005859e-01
4.967157244682312012e-01
2.482066601514816284e-01
