2.469440549612045288e-01
2.446126043796539307e-01
2.533970475196838379e-01
2.914789915084838867e-01
6.133741736412048340e-01
2.729947566986083984e-01
3.660163879394531250e-01
2.828205227851867676e-01
3.579092025756835938e-01
2.880828380584716797e-01
3.695125877857208252e-01
2.755417525768280029e-01
2.754834592342376709e-01
3.584909439086914062e-01
2.871091663837432861e-01
3.619776368141174316e-01
3.667873144149780273e-01
2.567992806434631348e-01
2.952076196670532227e-01
4.223418533802032471e-01
2.807479500770568848e-01
3.553329408168792725e-01
3.030180633068084717e-01
3.598037660121917725e-01
1.755168139934539795e-01
3.820440769195556641e-01
3.912418484687805176e-01
2.996646165847778320e-01
3.096179366111755371e-01
2.811039984226226807e-01
3.618660867214202881e-01
3.680846393108367920e-01
1.052733063697814941e+00
4.475783705711364746e-01
3.572627305984497070e-01
2.657225728034973145e-01
3.702663779258728027e-01
5.018128752708435059e-01
2.490838170051574707e-01
2.964065670967102051e-01
2.404818832874298096e-01
3.771443367004394531e-01
3.544912040233612061e-01
2.646108269691467285e-01
2.502279877662658691e-01
4.968628287315368652e-01
4.972420334815979004e-01
2.443216145038604736e-01
