2.443058937788009644e-01
3.661607801914215088e-01
2.533002197742462158e-01
2.879188358783721924e-01
4.102040231227874756e-01
2.806271612644195557e-01
3.567098677158355713e-01
2.920068204402923584e-01
3.154427111148834229e-01
2.803171575069427490e-01
2.803465723991394043e-01
2.418271303176879883e-01
2.569090127944946289e-01
2.657196819782257080e-01
2.899151742458343506e-01
2.454945594072341919e-01
2.748104631900787354e-01
3.809638619422912598e-01
4.000184834003448486e-01
2.594222724437713623e-01
2.683958709239959717e-01
3.619156777858734131e-01
4.602042734622955322e-01
3.602761030197143555e-01
1.746284365653991699e-01
3.765131533145904541e-01
4.013638496398925781e-01
2.859874665737152100e-01
3.366303145885467529e-01
2.899386286735534668e-01
3.553597331047058105e-01
3.491476476192474365e-01
5.184907317161560059e-01
3.171468377113342285e-01
2.254536747932434082e-01
3.793935179710388184e-01
2.685770392417907715e-01
4.358428120613098145e-01
2.473926246166229248e-01
2.747812569141387939e-01
3.440894484519958496e-01
2.729670107364654541e-01
2.995023131370544434e-01
3.259017765522003174e-01
2.501952350139617920e-01
4.978028237819671631e-01
4.956890940666198730e-01
2.456886619329452515e-01
