3.594254255294799805e-01
2.619227766990661621e-01
2.621412277221679688e-01
2.779809832572937012e-01
5.182015895843505859e-01
2.998615801334381104e-01
3.600816726684570312e-01
2.948508858680725098e-01
3.298398554325103760e-01
2.954971194267272949e-01
3.671607077121734619e-01
2.987164855003356934e-01
2.784582376480102539e-01
3.674553632736206055e-01
2.915476560592651367e-01
3.620837926864624023e-01
3.454205393791198730e-01
2.433183938264846802e-01
3.056194484233856201e-01
4.301262497901916504e-01
2.730420231819152832e-01
3.563374876976013184e-01
2.646685242652893066e-01
3.655946254730224609e-01
1.696776747703552246e-01
3.743551671504974365e-01
4.120859503746032715e-01
2.746650278568267822e-01
3.735754489898681641e-01
2.829160690307617188e-01
3.540915250778198242e-01
3.379029631614685059e-01
6.308037638664245605e-01
4.421262741088867188e-01
3.542313575744628906e-01
3.587956428527832031e-01
2.466899156570434570e-01
3.932074308395385742e-01
2.585159540176391602e-01
2.938468456268310547e-01
3.615543842315673828e-01
2.496800124645233154e-01
2.412747889757156372e-01
3.671984374523162842e-01
2.460817247629165649e-01
4.972923994064331055e-01
4.947960376739501953e-01
2.463426589965820312e-01
