2.323968708515167236e-01
2.648179829120635986e-01
2.525823712348937988e-01
2.864775359630584717e-01
1.002860546112060547e+00
2.984067797660827637e-01
2.197683900594711304e-01
2.973999679088592529e-01
2.290728390216827393e-01
2.982539832592010498e-01
2.354266494512557983e-01
2.228182703256607056e-01
2.353444546461105347e-01
3.377589881420135498e-01
2.949275970458984375e-01
3.424421846866607666e-01
3.624930381774902344e-01
2.826088070869445801e-01
2.928683757781982422e-01
3.984166979789733887e-01
2.949338555335998535e-01
2.220013588666915894e-01
2.366037219762802124e-01
2.153246253728866577e-01
1.749252974987030029e-01
3.922203481197357178e-01
3.713400065898895264e-01
3.146270811557769775e-01
2.700083553791046143e-01
2.979190051555633545e-01
2.311016619205474854e-01
2.164724767208099365e-01
3.097241520881652832e-01
2.704846262931823730e-01
3.344547152519226074e-01
3.010099232196807861e-01
3.314909636974334717e-01
4.493913054466247559e-01
2.451466023921966553e-01
2.896473705768585205e-01
2.952711582183837891e-01
3.285395205020904541e-01
3.241698741912841797e-01
2.951458394527435303e-01
2.454585731029510498e-01
4.958984851837158203e-01
4.958343505859375000e-01
2.485567331314086914e-01
