2.416004985570907593e-01
2.452106922864913940e-01
2.575087249279022217e-01
2.893655002117156982e-01
7.993488907814025879e-01
2.849276363849639893e-01
3.564055860042572021e-01
2.927445471286773682e-01
3.475413322448730469e-01
2.964570522308349609e-01
3.178734779357910156e-01
2.780969738960266113e-01
2.710843384265899658e-01
3.575794100761413574e-01
2.850322723388671875e-01
3.548941910266876221e-01
2.597032189369201660e-01
3.773645758628845215e-01
4.218282401561737061e-01
2.767004668712615967e-01
2.909673154354095459e-01
3.590795993804931641e-01
2.765184044837951660e-01
3.592906296253204346e-01
1.764508932828903198e-01
3.858298957347869873e-01
3.805929124355316162e-01
3.032866418361663818e-01
2.913469672203063965e-01
2.819899618625640869e-01
3.600904345512390137e-01
3.471460938453674316e-01
1.275938987731933594e+00
1.609409451484680176e+00
3.573537170886993408e-01
3.818313479423522949e-01
3.312815129756927490e-01
5.354431271553039551e-01
2.506662309169769287e-01
2.949816584587097168e-01
3.106970489025115967e-01
3.057561814785003662e-01
3.065499961376190186e-01
3.120197057723999023e-01
2.455567866563796997e-01
4.960275590419769287e-01
4.973133802413940430e-01
2.501752972602844238e-01
