2.466661781072616577e-01
3.903272151947021484e-01
2.470888793468475342e-01
2.950567603111267090e-01
4.618341624736785889e-01
2.623957991600036621e-01
2.138995230197906494e-01
2.579883038997650146e-01
3.608322143554687500e-01
2.921697199344635010e-01
3.566362261772155762e-01
2.869891524314880371e-01
2.710272669792175293e-01
3.621299862861633301e-01
2.762035131454467773e-01
3.596926629543304443e-01
2.930064797401428223e-01
3.902061283588409424e-01
3.930857181549072266e-01
2.385135591030120850e-01
2.871871292591094971e-01
3.534982800483703613e-01
3.121644258499145508e-01
3.541388213634490967e-01
1.763652414083480835e-01
3.649566173553466797e-01
4.178999066352844238e-01
2.624098658561706543e-01
3.716778159141540527e-01
2.768143415451049805e-01
3.620547950267791748e-01
3.563304543495178223e-01
1.009523868560791016e+00
1.231459736824035645e+00
3.555440902709960938e-01
2.777031064033508301e-01
3.893371820449829102e-01
3.585064411163330078e-01
2.490065395832061768e-01
2.921866774559020996e-01
3.680905103683471680e-01
2.442262023687362671e-01
2.526021003723144531e-01
3.622989654541015625e-01
2.534680664539337158e-01
4.899205565452575684e-01
4.971271157264709473e-01
2.437017560005187988e-01
