2.328176200389862061e-01
2.551794350147247314e-01
2.549421787261962891e-01
2.897906303405761719e-01
1.119325757026672363e+00
2.860736250877380371e-01
3.571234643459320068e-01
2.907133102416992188e-01
3.291998505592346191e-01
2.932618558406829834e-01
3.596179485321044922e-01
2.710147202014923096e-01
2.837253510951995850e-01
3.581427335739135742e-01
2.808597385883331299e-01
3.607554435729980469e-01
2.807677388191223145e-01
3.779965937137603760e-01
3.992069363594055176e-01
2.685255110263824463e-01
2.834680974483489990e-01
3.567320108413696289e-01
3.040057420730590820e-01
3.605313897132873535e-01
1.749500930309295654e-01
3.765662014484405518e-01
3.872735500335693359e-01
2.852553129196166992e-01
3.051958084106445312e-01
2.818074226379394531e-01
3.599600195884704590e-01
3.467806577682495117e-01
1.260828375816345215e+00
1.378228187561035156e+00
3.587021529674530029e-01
3.797852694988250732e-01
3.336674869060516357e-01
5.311341881752014160e-01
2.476128786802291870e-01
2.961401045322418213e-01
2.940536439418792725e-01
3.224280178546905518e-01
3.188009560108184814e-01
2.957535386085510254e-01
2.500091791152954102e-01
4.963238835334777832e-01
4.965006709098815918e-01
2.486901283264160156e-01
