2.238690555095672607e-01
3.297558426856994629e-01
2.588191032409667969e-01
2.852187156677246094e-01
1.257213711738586426e+00
2.768235504627227783e-01
3.674308955669403076e-01
2.918870449066162109e-01
3.624045848846435547e-01
2.953338623046875000e-01
3.583081364631652832e-01
3.009437322616577148e-01
2.862643301486968994e-01
3.531675934791564941e-01
2.737382650375366211e-01
3.571614921092987061e-01
3.650642037391662598e-01
2.572452723979949951e-01
2.813716828823089600e-01
4.225030243396759033e-01
2.842799723148345947e-01
3.530328273773193359e-01
3.054437041282653809e-01
3.624041676521301270e-01
1.707861721515655518e-01
4.167903065681457520e-01
3.816672563552856445e-01
3.749685287475585938e-01
2.799254655838012695e-01
2.758118510246276855e-01
3.578565120697021484e-01
3.173497915267944336e-01
1.291746735572814941e+00
1.144045948982238770e+00
3.530152738094329834e-01
3.936372995376586914e-01
3.271265029907226562e-01
5.389032363891601562e-01
2.379804849624633789e-01
2.966174483299255371e-01
2.661971449851989746e-01
3.642441034317016602e-01
3.742537498474121094e-01
2.433209121227264404e-01
2.352375090122222900e-01
4.940568506717681885e-01
4.962326884269714355e-01
2.600702643394470215e-01
