2.345327734947204590e-01
3.064825534820556641e-01
2.559305429458618164e-01
2.879437208175659180e-01
6.599339246749877930e-01
2.960530221462249756e-01
2.329791337251663208e-01
2.852466106414794922e-01
3.513545095920562744e-01
2.875370681285858154e-01
3.603882491588592529e-01
2.712098956108093262e-01
2.809005677700042725e-01
3.586285412311553955e-01
2.837114930152893066e-01
3.591853380203247070e-01
2.685890793800354004e-01
3.802750110626220703e-01
4.133793115615844727e-01
2.634022235870361328e-01
2.838667631149291992e-01
3.582830131053924561e-01
2.912092506885528564e-01
3.595545589923858643e-01
1.755401045083999634e-01
4.002199470996856689e-01
3.683752715587615967e-01
3.365090489387512207e-01
2.607997655868530273e-01
2.847748100757598877e-01
3.567366003990173340e-01
3.499222397804260254e-01
1.271347403526306152e+00
1.344156622886657715e+00
3.565506339073181152e-01
3.821327090263366699e-01
3.231647610664367676e-01
5.419509410858154297e-01
2.486360222101211548e-01
2.955350279808044434e-01
3.181131184101104736e-01
2.963806688785552979e-01
3.047561645507812500e-01
3.165352940559387207e-01
2.486790418624877930e-01
4.971013367176055908e-01
4.967764914035797119e-01
2.498111128807067871e-01
