2.477162927389144897e-01
2.462983131408691406e-01
2.540606856346130371e-01
2.997985482215881348e-01
1.052612304687500000e+00
2.807125449180603027e-01
3.676757812500000000e-01
2.914015650749206543e-01
3.201248645782470703e-01
2.909353673458099365e-01
2.245079725980758667e-01
3.190222680568695068e-01
2.388103604316711426e-01
2.287728488445281982e-01
2.776323556900024414e-01
3.579765558242797852e-01
3.567172288894653320e-01
2.493882030248641968e-01
2.888262867927551270e-01
4.150295555591583252e-01
2.859701514244079590e-01
3.504543900489807129e-01
3.238335251808166504e-01
3.645574748516082764e-01
1.769348829984664917e-01
3.702315092086791992e-01
4.167143404483795166e-01
2.594792246818542480e-01
3.658137917518615723e-01
2.697276473045349121e-01
3.670970201492309570e-01
3.579856157302856445e-01
4.052369296550750732e-01
5.690952539443969727e-01
3.362798690795898438e-01
2.561671435832977295e-01
3.642275333404541016e-01
4.815819859504699707e-01
2.422056794166564941e-01
2.984742522239685059e-01
2.264669835567474365e-01
3.733083009719848633e-01
3.450005650520324707e-01
2.498069107532501221e-01
2.514855265617370605e-01
4.998186826705932617e-01
4.960247278213500977e-01
2.520972192287445068e-01
