2.359823584556579590e-01
2.544825375080108643e-01
2.559923231601715088e-01
2.911812961101531982e-01
4.529746472835540771e-01
2.877842187881469727e-01
3.465966880321502686e-01
2.999394834041595459e-01
3.480999171733856201e-01
2.958798110485076904e-01
3.617607653141021729e-01
3.133856058120727539e-01
2.854160368442535400e-01
2.162704318761825562e-01
2.853275239467620850e-01
2.648891508579254150e-01
2.562832832336425781e-01
3.738277256488800049e-01
4.132378101348876953e-01
2.580656111240386963e-01
2.729838490486145020e-01
3.577532768249511719e-01
4.600059986114501953e-01
3.561171591281890869e-01
1.752250045537948608e-01
3.852874040603637695e-01
3.759476840496063232e-01
3.087239563465118408e-01
2.773840129375457764e-01
2.915311753749847412e-01
3.651113510131835938e-01
3.445349633693695068e-01
6.606444716453552246e-01
7.972272038459777832e-01
3.527797460556030273e-01
3.426520526409149170e-01
3.450005948543548584e-01
5.508347153663635254e-01
2.521706223487854004e-01
2.815964519977569580e-01
3.048972189426422119e-01
3.169253170490264893e-01
3.411022126674652100e-01
2.825298011302947998e-01
2.507168948650360107e-01
4.941371381282806396e-01
4.947983026504516602e-01
2.397775501012802124e-01
