2.253467291593551636e-01
3.828482627868652344e-01
2.523954808712005615e-01
2.969010174274444580e-01
6.246547102928161621e-01
2.968124151229858398e-01
2.289542704820632935e-01
2.784578800201416016e-01
3.485994040966033936e-01
2.909180819988250732e-01
3.567426204681396484e-01
2.720431089401245117e-01
2.850934863090515137e-01
3.659924566745758057e-01
2.823104560375213623e-01
3.646718561649322510e-01
2.908781766891479492e-01
3.874142169952392578e-01
4.034911394119262695e-01
2.583476006984710693e-01
2.830394208431243896e-01
3.596504628658294678e-01
2.991402447223663330e-01
3.565282523632049561e-01
1.737650036811828613e-01
3.624464571475982666e-01
4.111333191394805908e-01
2.484595775604248047e-01
3.574365675449371338e-01
2.877912819385528564e-01
3.490728437900543213e-01
3.501543998718261719e-01
1.312924981117248535e+00
1.283873677253723145e+00
2.758568227291107178e-01
3.842436969280242920e-01
3.054157197475433350e-01
5.104318857192993164e-01
2.480633854866027832e-01
2.900230884552001953e-01
2.634945213794708252e-01
3.574883043766021729e-01
3.713684380054473877e-01
2.494224309921264648e-01
2.443686574697494507e-01
4.964305460453033447e-01
4.988481998443603516e-01
2.525360286235809326e-01
