2.296618521213531494e-01
2.725300788879394531e-01
2.537707984447479248e-01
2.868804633617401123e-01
1.010152101516723633e+00
2.932536602020263672e-01
2.185388505458831787e-01
2.998192310333251953e-01
2.317429184913635254e-01
3.012408316135406494e-01
2.194199264049530029e-01
2.248767018318176270e-01
2.244346737861633301e-01
3.193849921226501465e-01
2.927798926830291748e-01
3.256012797355651855e-01
3.697921037673950195e-01
2.535579502582550049e-01
2.695704400539398193e-01
4.170440733432769775e-01
2.876400947570800781e-01
3.522496819496154785e-01
2.379817068576812744e-01
2.145064324140548706e-01
1.737422943115234375e-01
3.900341093540191650e-01
3.824136257171630859e-01
3.132599592208862305e-01
3.059982657432556152e-01
2.972992956638336182e-01
2.284041941165924072e-01
2.348260283470153809e-01
7.057815790176391602e-01
5.601834654808044434e-01
2.566967010498046875e-01
3.614328503608703613e-01
2.457052171230316162e-01
2.946299314498901367e-01
2.497093081474304199e-01
2.953055799007415771e-01
2.494167387485504150e-01
3.635837435722351074e-01
3.688100576400756836e-01
2.449870705604553223e-01
2.479619681835174561e-01
4.945101439952850342e-01
4.997383654117584229e-01
2.473781108856201172e-01
