2.240629941225051880e-01
3.795553147792816162e-01
2.565728127956390381e-01
2.871181666851043701e-01
8.841392993927001953e-01
2.982684671878814697e-01
2.217207998037338257e-01
2.972832620143890381e-01
2.263618260622024536e-01
2.979134023189544678e-01
2.270341962575912476e-01
2.237147241830825806e-01
2.331850975751876831e-01
3.354090154170989990e-01
2.966299057006835938e-01
3.373234868049621582e-01
3.805418312549591064e-01
2.695743739604949951e-01
2.667374610900878906e-01
4.158838093280792236e-01
2.952168881893157959e-01
2.340464890003204346e-01
2.330101877450942993e-01
2.181517183780670166e-01
1.754515171051025391e-01
3.685853481292724609e-01
3.928646445274353027e-01
2.592124938964843750e-01
3.178883492946624756e-01
2.972602248191833496e-01
2.390524893999099731e-01
2.167811393737792969e-01
3.070130646228790283e-01
2.594973146915435791e-01
3.327810764312744141e-01
2.630980610847473145e-01
3.735896348953247070e-01
4.255383014678955078e-01
2.490578144788742065e-01
2.933225333690643311e-01
3.027535974979400635e-01
3.128734230995178223e-01
3.143831193447113037e-01
2.994804382324218750e-01
2.513851225376129150e-01
4.971196055412292480e-01
4.972059726715087891e-01
2.469534873962402344e-01
