2.361597567796707153e-01
2.694500982761383057e-01
2.545210123062133789e-01
2.872672975063323975e-01
8.793599009513854980e-01
2.874629199504852295e-01
3.559180796146392822e-01
2.851269543170928955e-01
3.587442338466644287e-01
2.868158221244812012e-01
3.597598969936370850e-01
2.773010730743408203e-01
2.799879312515258789e-01
3.582570850849151611e-01
2.856797575950622559e-01
3.594705760478973389e-01
2.687416076660156250e-01
3.804911971092224121e-01
4.113821387290954590e-01
2.614127099514007568e-01
2.849187552928924561e-01
3.543726801872253418e-01
2.841680943965911865e-01
3.630808591842651367e-01
1.749027967453002930e-01
3.689998686313629150e-01
3.870007991790771484e-01
2.688769400119781494e-01
3.059518337249755859e-01
2.889431715011596680e-01
3.183531463146209717e-01
3.525370955467224121e-01
6.062028408050537109e-01
9.391894340515136719e-01
2.685173153877258301e-01
3.870753943920135498e-01
3.207830488681793213e-01
4.944929778575897217e-01
2.490024715662002563e-01
2.842054665088653564e-01
3.517056703567504883e-01
2.650811672210693359e-01
2.821039259433746338e-01
3.370744585990905762e-01
2.459044605493545532e-01
4.961675703525543213e-01
4.971250593662261963e-01
2.491339892148971558e-01
