2.333196848630905151e-01
2.847397029399871826e-01
2.559736073017120361e-01
2.879455387592315674e-01
5.961335301399230957e-01
2.982944548130035400e-01
2.372754961252212524e-01
2.819629907608032227e-01
3.520552217960357666e-01
2.907074689865112305e-01
3.572775125503540039e-01
2.717413306236267090e-01
2.813448607921600342e-01
3.594179451465606689e-01
2.830002605915069580e-01
3.597762882709503174e-01
2.725455164909362793e-01
3.768611252307891846e-01
4.115853309631347656e-01
2.704749703407287598e-01
2.832574248313903809e-01
3.582873642444610596e-01
2.888925075531005859e-01
3.606026470661163330e-01
1.754025518894195557e-01
3.983847498893737793e-01
3.673616051673889160e-01
3.338596820831298828e-01
2.622358500957489014e-01
2.835199534893035889e-01
3.588822782039642334e-01
3.508173525333404541e-01
1.065412402153015137e+00
1.177988886833190918e+00
3.557853698730468750e-01
3.810817301273345947e-01
3.282447159290313721e-01
5.335481762886047363e-01
2.482243031263351440e-01
2.966378033161163330e-01
3.313485682010650635e-01
2.824354469776153564e-01
2.923755049705505371e-01
3.261760473251342773e-01
2.490829974412918091e-01
4.965425133705139160e-01
4.965959191322326660e-01
2.485545724630355835e-01
