2.262105792760848999e-01
3.740557134151458740e-01
2.551227211952209473e-01
2.874791622161865234e-01
7.744364738464355469e-01
2.865447103977203369e-01
3.553625643253326416e-01
2.804794907569885254e-01
3.436025381088256836e-01
2.888099253177642822e-01
3.588848114013671875e-01
2.745682001113891602e-01
2.837755084037780762e-01
3.614799082279205322e-01
2.802343368530273438e-01
3.592803180217742920e-01
2.761886119842529297e-01
3.731399774551391602e-01
4.045880734920501709e-01
2.767675518989562988e-01
2.837292551994323730e-01
3.575662076473236084e-01
2.997058033943176270e-01
3.604601025581359863e-01
1.749513447284698486e-01
3.636100590229034424e-01
4.022584557533264160e-01
2.559338212013244629e-01
3.416894376277923584e-01
2.823715209960937500e-01
3.583647310733795166e-01
3.498627841472625732e-01
1.283708333969116211e+00
1.658077001571655273e+00
3.581178486347198486e-01
3.843713104724884033e-01
3.250645995140075684e-01
5.416118502616882324e-01
2.471959888935089111e-01
2.958007156848907471e-01
3.748886585235595703e-01
2.418905049562454224e-01
2.640488445758819580e-01
3.556353151798248291e-01
2.488415390253067017e-01
4.966008067131042480e-01
4.983863830566406250e-01
2.504774034023284912e-01
