2.163319587707519531e-01
2.976633608341217041e-01
2.507127225399017334e-01
2.850603461265563965e-01
1.326538443565368652e+00
2.841165959835052490e-01
3.480721712112426758e-01
2.801781892776489258e-01
3.627293109893798828e-01
2.879831194877624512e-01
3.597813844680786133e-01
2.679778635501861572e-01
2.750180363655090332e-01
3.666214942932128906e-01
2.897366881370544434e-01
3.606677651405334473e-01
3.581427335739135742e-01
2.499877512454986572e-01
3.131854534149169922e-01
4.423399567604064941e-01
2.850730717182159424e-01
3.623867034912109375e-01
2.881528139114379883e-01
3.564267158508300781e-01
1.750223487615585327e-01
3.916312158107757568e-01
3.872137367725372314e-01
3.146275281906127930e-01
3.065486252307891846e-01
2.958685457706451416e-01
3.597303628921508789e-01
3.450695276260375977e-01
1.105539798736572266e+00
1.337318301200866699e+00
3.584853112697601318e-01
2.462493181228637695e-01
3.514255285263061523e-01
4.388120770454406738e-01
2.425328046083450317e-01
2.972515821456909180e-01
3.667995929718017578e-01
2.377984672784805298e-01
2.588548362255096436e-01
3.557388484477996826e-01
2.555322647094726562e-01
4.981526732444763184e-01
4.970334470272064209e-01
2.506430447101593018e-01
