2.387770861387252808e-01
2.608230113983154297e-01
2.556674182415008545e-01
2.888008058071136475e-01
1.193723917007446289e+00
2.844367027282714844e-01
3.554954826831817627e-01
2.895428538322448730e-01
3.570072054862976074e-01
2.867942750453948975e-01
3.581893444061279297e-01
2.713984847068786621e-01
2.839164435863494873e-01
3.591564595699310303e-01
2.807941436767578125e-01
3.596514761447906494e-01
2.702843546867370605e-01
3.800570666790008545e-01
4.131738543510437012e-01
2.636774182319641113e-01
2.828404009342193604e-01
3.569962084293365479e-01
2.949796319007873535e-01
3.604206442832946777e-01
1.753809750080108643e-01
3.924607336521148682e-01
3.729029595851898193e-01
3.200411200523376465e-01
2.759335637092590332e-01
2.827367782592773438e-01
3.561746478080749512e-01
3.376303315162658691e-01
1.214019656181335449e+00
1.158519625663757324e+00
3.510422408580780029e-01
3.220377266407012939e-01
3.415005505084991455e-01
4.373280704021453857e-01
2.479528635740280151e-01
2.935742735862731934e-01
3.225260078907012939e-01
2.955706715583801270e-01
2.860495746135711670e-01
3.285849690437316895e-01
2.486327588558197021e-01
4.965198636054992676e-01
4.966229796409606934e-01
2.487797886133193970e-01
