2.444373220205307007e-01
3.823344707489013672e-01
2.552157640457153320e-01
2.931248843669891357e-01
1.061152696609497070e+00
2.968624532222747803e-01
2.225197106599807739e-01
2.996309697628021240e-01
2.381452769041061401e-01
2.993825376033782959e-01
2.243986725807189941e-01
2.216406017541885376e-01
2.319042086601257324e-01
3.365108072757720947e-01
2.952987849712371826e-01
3.423003256320953369e-01
3.798777163028717041e-01
2.612481117248535156e-01
2.667005360126495361e-01
4.122767448425292969e-01
2.972493171691894531e-01
2.355608493089675903e-01
2.349192500114440918e-01
2.262362390756607056e-01
1.756183356046676636e-01
3.940296173095703125e-01
3.815046250820159912e-01
3.254701197147369385e-01
2.937013208866119385e-01
2.964040338993072510e-01
2.339468598365783691e-01
2.158715575933456421e-01
3.114118576049804688e-01
3.239785134792327881e-01
3.512545824050903320e-01
3.839335441589355469e-01
2.830666601657867432e-01
5.756294727325439453e-01
2.434067577123641968e-01
2.985015213489532471e-01
2.906498610973358154e-01
3.298946619033813477e-01
3.193617761135101318e-01
2.975927889347076416e-01
2.504760921001434326e-01
4.937833845615386963e-01
4.984596073627471924e-01
2.461597174406051636e-01
