2.398242200563441284e-01
3.267173542438238099e-01
2.555376912216675844e-01
2.861693661209633865e-01
4.831348304609052180e-01
2.973664080014237210e-01
2.358494860686939643e-01
2.866552451015981218e-01
3.454747865336046386e-01
2.836860104223119516e-01
3.564744037183421033e-01
2.617364570944839541e-01
2.830474618651131480e-01
3.585984243697498131e-01
2.769550332155696348e-01
3.606791739304778255e-01
2.669176727722257780e-01
3.830795647237375534e-01
4.139803532402754338e-01
2.628932900670872264e-01
2.803951135579442755e-01
3.596453989383425198e-01
2.900836163905771703e-01
3.574636198176313062e-01
1.768315965703113335e-01
4.081774641556162320e-01
3.569674070865422322e-01
3.532826024342332061e-01
2.363520391147793942e-01
2.826921005763462502e-01
3.519767441347363968e-01
3.470587330764774436e-01
6.272643876338954705e-01
5.635107016171394534e-01
3.549721456505890438e-01
3.808855446239775566e-01
3.196351219624780082e-01
5.303704138267425483e-01
2.425046953326441268e-01
2.958924167789659387e-01
2.460184519230448064e-01
3.316529412930826481e-01
3.285374367133978013e-01
2.663741977869186761e-01
2.447276080965533895e-01
4.944781005138749741e-01
4.969066015091182509e-01
2.467106762793793429e-01
