2.290991847758505340e-01
3.927227985219667872e-01
2.530486739737342616e-01
2.910933118367844963e-01
7.701891351659646556e-01
2.770855079607304483e-01
3.432188073035978837e-01
2.795886456876339743e-01
3.707107875422513410e-01
2.860563335844042432e-01
3.538620441000900341e-01
2.726857077508978988e-01
2.844420197211635637e-01
3.572255212522503220e-01
2.815387640375985878e-01
3.570594270686874294e-01
3.705535438292049677e-01
2.545737940335044414e-01
2.746087214429873136e-01
4.246877600192307534e-01
2.930170991010971893e-01
3.551124616170967530e-01
3.058183261122747743e-01
3.564877274447864064e-01
1.762257158084362674e-01
4.150601467961102520e-01
3.602307571633242556e-01
3.573917000815924339e-01
2.416613218673897279e-01
2.933835297377377360e-01
3.671366186705899426e-01
3.537681302972671693e-01
1.393028342679823561e+00
1.106990429952118271e+00
3.647336027416014925e-01
3.875352689951706564e-01
2.966704284276632242e-01
3.358811617681892736e-01
2.531535663484779097e-01
2.977077472891941912e-01
3.675517463178295530e-01
2.419949804031630014e-01
2.411348439415704203e-01
3.672573027270407686e-01
2.568007862295660360e-01
5.006403454432820643e-01
4.927740814903957545e-01
2.467664152870737149e-01
