2.288414520500319516e-01
2.529626828260316818e-01
2.549962289949458394e-01
2.875126484942569505e-01
7.109928166385104387e-01
2.845964713479727237e-01
3.544072796020500404e-01
2.865794918367868260e-01
3.561028791313368691e-01
2.867501349008456102e-01
3.586279542747663474e-01
2.694373063947362312e-01
2.798980626590372167e-01
3.597940099791414603e-01
2.817044789759012846e-01
3.600221935209194646e-01
2.708377838303993035e-01
3.450387698401621850e-01
3.871665756238937273e-01
2.624012041444047094e-01
2.835177072334738035e-01
3.581769354050272081e-01
2.855026037511131376e-01
3.598148403784612315e-01
1.752996270075728447e-01
3.841604391929276940e-01
3.685956551567950434e-01
2.794955815937626986e-01
2.512233609598918394e-01
2.826062525988525809e-01
3.553401335293171481e-01
3.352214961034577501e-01
6.630872478295115613e-01
5.845603076574265033e-01
3.493464645689334791e-01
3.388523640823265515e-01
3.071860255060853695e-01
4.273421178003785070e-01
2.482656049074302151e-01
2.950826766174744487e-01
2.865231512463012886e-01
2.789720054954347161e-01
2.607997366498746028e-01
2.681398318062810926e-01
2.484749373984438403e-01
4.959105874525492896e-01
4.973224338143115708e-01
2.475995931302656383e-01
