2.438839612970826465e-01
3.869106541893346796e-01
2.531565328355003808e-01
2.947359080851186253e-01
1.377643815539019156e+00
2.817543020937925413e-01
3.603331298946895744e-01
2.907026807813222757e-01
3.559123693154160328e-01
2.858081794364849548e-01
3.635334993802522563e-01
2.622264181157982210e-01
2.649644235028227879e-01
3.575078170089606155e-01
2.784835172457773012e-01
3.536468675652272853e-01
3.563727397589517842e-01
2.590974918049306353e-01
3.093903734507021941e-01
4.339496540477822406e-01
2.848351538227427149e-01
3.447239012303947026e-01
2.943266825227109917e-01
3.501239443086381908e-01
1.770425192371541945e-01
4.021174259159803199e-01
3.829561523775323884e-01
3.288197613526250285e-01
2.568895185617871557e-01
2.882469832433324219e-01
3.589562941605332069e-01
3.578722064261378732e-01
1.629806484764368957e+00
1.198919028695758948e+00
2.922200426082472990e-01
3.757404986287879445e-01
3.234121116253836359e-01
5.093754754288156716e-01
2.630047699711803855e-01
2.863672074061739958e-01
3.588770079668370805e-01
2.732959192173635143e-01
2.623936193028550412e-01
3.174930968528646980e-01
2.507553384328783941e-01
4.969364688902575544e-01
4.954779046049444524e-01
2.533746111439559301e-01
