2.244618881355592288e-01
3.925875954294677506e-01
2.508859990253653471e-01
2.870485706334091613e-01
1.123411122839879761e+00
2.978690995657848894e-01
2.378266609115225194e-01
2.853775531132370369e-01
3.471196101679180912e-01
2.964926154338055064e-01
3.588918103244457813e-01
2.725478166786240442e-01
2.813303025589477535e-01
3.605478478634305817e-01
2.840175067339080206e-01
3.539014974167337679e-01
2.682701957981787344e-01
2.834905258715030851e-01
4.189145630715783719e-01
3.942483511359003434e-01
2.883085683403100452e-01
3.646887851077252884e-01
2.792462078432471073e-01
3.601308868430795340e-01
1.759689934730623850e-01
3.692910872509251874e-01
3.845932690165583812e-01
2.793065057785233951e-01
2.824785372620289836e-01
2.838148527944227006e-01
3.553995260783641141e-01
3.497391422329969579e-01
7.625756365833620265e-01
4.694443461499342996e-01
3.555134479148526205e-01
2.473000337796428527e-01
3.533925771276688610e-01
4.523599078448672928e-01
2.399280212554164016e-01
2.911157316253076832e-01
2.618918946152998251e-01
2.711115464219989724e-01
2.831214453511471940e-01
2.772134716091788631e-01
2.485733332926484962e-01
4.937782002188453312e-01
4.985926178725455515e-01
2.447275630766886090e-01
