2.339869278867682534e-01
3.869101316838667870e-01
2.518500114561629810e-01
2.904277373183551392e-01
1.419013228536648796e+00
2.901609503102334231e-01
3.056746745795494435e-01
2.812072228163957632e-01
3.332900920041937387e-01
2.964022009765876486e-01
3.595601419537879373e-01
2.862820643509008667e-01
2.712039060725222606e-01
2.205204736552487665e-01
2.891907955958180620e-01
3.315409874928944567e-01
3.105592071203818749e-01
3.885303219377512218e-01
3.581752487591800538e-01
2.532074854114610418e-01
2.968042258088232632e-01
3.533323544288148876e-01
2.765634138439762024e-01
2.354652048741688042e-01
1.736437279486741370e-01
3.847213916315413429e-01
3.773358973836780095e-01
2.924885206563345164e-01
2.771310944834529111e-01
2.836755731817244275e-01
2.155591394046249276e-01
2.943010041153963363e-01
1.221002283677172562e+00
1.102474775442887189e+00
2.094339831754686021e-01
3.858761655436947491e-01
2.945709496162344787e-01
4.073136042878712226e-01
2.432741883425280360e-01
2.951698046813831522e-01
2.600905528463924310e-01
3.530147248178290842e-01
3.743799240506548998e-01
2.336451765770470035e-01
2.475144928481397832e-01
4.954203271288951660e-01
4.965003693443590382e-01
2.477106949894720966e-01
