2.375212093265218483e-01
2.706244518093640639e-01
2.509739382887644643e-01
2.867226621421080091e-01
1.000396437079512424e+00
2.825276732010539860e-01
3.581055982149866090e-01
2.864033869444780889e-01
3.347336516181675381e-01
3.013782728920704757e-01
3.554083891837661047e-01
2.275759396847418237e-01
2.324211716201829703e-01
2.852732231021151144e-01
2.827976766886139970e-01
3.396468620690946127e-01
3.692097077022835627e-01
2.533989115650163715e-01
2.790342173634871026e-01
4.271294882719062769e-01
2.890033505756979260e-01
3.297687854539108065e-01
2.702250472592567232e-01
3.626804198504425258e-01
1.744533177746854791e-01
3.676967741752399377e-01
3.852625882744855623e-01
2.483826260301184863e-01
2.734921798244992486e-01
2.899065808178525327e-01
3.412419447791798510e-01
2.438094012713024339e-01
1.034169004603609610e+00
1.046155699603325884e+00
3.538487695096291796e-01
3.589251299758948188e-01
2.509817979900155205e-01
3.819687445208960197e-01
2.435938111709982923e-01
2.826409030972989456e-01
2.626355300243208846e-01
2.538926888010403227e-01
2.965728159600494740e-01
2.807726749111928433e-01
2.472420578270014269e-01
4.956737879200122654e-01
4.954989894469330469e-01
2.488876524716260863e-01
