2.219589121228495165e-01
2.755879378174528327e-01
2.533872930291047876e-01
2.862861688199132559e-01
9.902294859579602315e-01
2.806704737987322229e-01
3.532031238545643714e-01
2.881955601775196274e-01
3.569009925107721193e-01
2.894975810007806016e-01
3.548357817402429393e-01
2.664027831442181693e-01
2.783682707169170545e-01
3.597940784531363234e-01
2.803863682479383890e-01
3.585138517636858313e-01
2.874588483250999360e-01
2.759378466840162747e-01
3.162103452942455206e-01
2.968087393748142233e-01
2.833290203042959088e-01
3.559883896377808998e-01
2.878686263234325748e-01
3.615440874615897249e-01
1.743283623976917551e-01
3.834657877372386614e-01
3.695547153474681434e-01
2.783585856469967812e-01
2.601481515570071568e-01
2.817430080005171589e-01
3.562813206276415623e-01
3.517171769042094498e-01
1.214237463767690484e+00
1.053081991468771461e+00
3.549472573264262909e-01
3.804673177848609811e-01
3.347157462216723278e-01
5.252791000593292070e-01
2.495525294747245049e-01
2.964372305633628524e-01
2.516113052729414545e-01
2.868525267488039043e-01
3.089745904192860437e-01
2.662295829773123068e-01
2.490132090380757779e-01
4.957930872054707727e-01
4.973553284597956869e-01
2.493564188404365223e-01
