2.311822743929663748e-01
3.009575281276701819e-01
2.545249517438927800e-01
2.868752325169267592e-01
4.209369672009760643e-01
2.970825922260642571e-01
2.330314239680358057e-01
2.852855192576706500e-01
3.521789748703343381e-01
2.883025485600509419e-01
3.568127880664265783e-01
2.670037279289260157e-01
2.806901320858865567e-01
3.590265114364408205e-01
2.813232443833890706e-01
3.600218057458559051e-01
2.685965361035090870e-01
3.647833240941134036e-01
4.041513104178739435e-01
2.600156508599498761e-01
2.822563134562055542e-01
3.589764694202355333e-01
2.871208836759178706e-01
3.605439859552014292e-01
1.750184398148524334e-01
3.931533972360500839e-01
3.655832137753109445e-01
2.991925484927803747e-01
2.508531553792849311e-01
2.823949296613028070e-01
3.584999498726504363e-01
3.491254900287554808e-01
6.488606280888111755e-01
6.215551819475038098e-01
3.547640297675929699e-01
2.983642718320532738e-01
3.167997238096881274e-01
5.047095435433724964e-01
2.472103469600260561e-01
2.963570089063021773e-01
2.740642793175667169e-01
2.569387355887001734e-01
2.770416474419339914e-01
2.891735490328039559e-01
2.479882068895536973e-01
4.963457255637070964e-01
4.964244983855938820e-01
2.473704559176460316e-01
