2.351921735930242452e-01
2.506514787120601162e-01
2.478262948733004623e-01
2.860919860954967975e-01
1.397760637295856423e+00
2.961552928562648512e-01
2.273004936002817333e-01
2.813831803379364671e-01
3.535453814446968823e-01
2.914324316662132430e-01
3.621408843113618214e-01
2.642328392049395624e-01
2.829025225468110305e-01
3.552240730167887661e-01
2.772381750726335414e-01
3.551816070008920745e-01
2.696297946664648060e-01
3.795194596131820086e-01
4.027823670637344922e-01
2.506255985010025777e-01
2.853294687540278707e-01
3.416913984632101164e-01
2.951389498125170374e-01
3.625281141595588785e-01
1.741287118620269969e-01
3.691408634329200189e-01
3.718523712801229952e-01
2.595588118770975616e-01
2.656418166037057826e-01
2.890411658271188622e-01
3.429475850854923347e-01
2.203285401244570729e-01
9.787658778346104427e-01
9.940345804585598577e-01
2.298052198455215744e-01
3.877329248752784396e-01
2.828268464226638690e-01
5.802364524493714981e-01
2.450711833678352880e-01
2.802241378633829605e-01
2.639625345652347743e-01
2.723680808573193390e-01
3.014348333127379598e-01
2.808774669122514056e-01
2.449550157678681006e-01
5.001134636077814166e-01
4.959438759325987545e-01
2.498155381791873908e-01
