2.174709251728891846e-01
2.503033531420068014e-01
2.468902995545923518e-01
2.939529304451625746e-01
8.944637563336631514e-01
2.808685281772453912e-01
3.566740734837782201e-01
2.923221056333902279e-01
3.263064461459385668e-01
2.873098649941719929e-01
3.629128508322893021e-01
2.872479968117385152e-01
2.846966389783581741e-01
3.489800547264360620e-01
2.985894676663383707e-01
3.594047487290888965e-01
2.616576013251299404e-01
3.726491805171439631e-01
4.205566763073940173e-01
2.672845310476886227e-01
2.777279493154929946e-01
3.554401345725187178e-01
2.727992019419220315e-01
3.620922078733875282e-01
1.753077776644568209e-01
4.162350378004184281e-01
3.619719624351159237e-01
3.631421618951672925e-01
2.470568532078070700e-01
2.914472049061122561e-01
3.310621726313813240e-01
3.515505694144093751e-01
5.773619899125256305e-01
5.119723549231339765e-01
2.227115618136943642e-01
3.773151225324656854e-01
2.572661370863572605e-01
4.330731144240968500e-01
2.438906712581741798e-01
2.938403276054645241e-01
3.754274038462410701e-01
2.361992501310084258e-01
2.697794623758711929e-01
3.364371490358178951e-01
2.431948292603141326e-01
4.984480061444048760e-01
4.949299446465977859e-01
2.486048322795906818e-01
