2.265966645043394900e-01
2.527560467907071229e-01
2.544482226961846116e-01
2.929492752221681817e-01
1.119686366644264686e+00
3.018203517004000580e-01
2.029811815906145955e-01
2.887221421905180607e-01
3.541625886541767132e-01
2.796054650458115742e-01
3.621021089872438203e-01
2.647587917907801569e-01
2.792386084891052556e-01
3.557683878965437474e-01
2.913335694794090269e-01
3.577452499419213061e-01
3.725472823562233637e-01
2.546950546643204083e-01
3.029424815170695950e-01
4.334359875113629190e-01
2.803119907001620503e-01
3.520873813365120730e-01
2.831875696881347992e-01
3.522273051212101436e-01
1.748018582272164723e-01
4.093575625560771369e-01
3.680069465494406611e-01
3.524031706500787564e-01
2.467296177200510587e-01
2.874790307733515182e-01
3.655433297621735189e-01
3.617034845458991232e-01
1.391711529955598214e+00
1.160351512028071852e+00
3.598701426067371090e-01
3.878494953017186941e-01
2.964400926902904798e-01
3.180886084206846487e-01
2.476094593577680691e-01
2.762543542384271467e-01
3.782521238794339657e-01
2.219840806553983747e-01
2.639555944994395609e-01
3.549460614361771849e-01
2.435898196728459031e-01
4.937153380037477279e-01
4.913728579058408985e-01
2.441604300750787881e-01
