2.319565247124339702e-01
3.603732451202191212e-01
2.559525527721783211e-01
2.950082697916286412e-01
1.040777434701811721e+00
2.723710885727386732e-01
3.509096767390202376e-01
2.786916264303453405e-01
3.612722762597565529e-01
2.862812077660885079e-01
3.568656317315073156e-01
2.729983850383250754e-01
2.831694398584578831e-01
3.614966360828654746e-01
2.843541324346424148e-01
3.528970605564081264e-01
3.627269405378384937e-01
2.503000632446151785e-01
2.874487917130328363e-01
4.212511111977479406e-01
2.880831616257539807e-01
3.544993616781761392e-01
2.816365569852239958e-01
3.600844885345862445e-01
1.728772926148846867e-01
3.856327715273599188e-01
3.773803336944531184e-01
2.690591099086774851e-01
2.693376450178140424e-01
2.796534399992718356e-01
3.621802310606120345e-01
3.333765962947451422e-01
1.240903900421945316e+00
1.491195572491211152e+00
3.511420494706023465e-01
3.325704628878892732e-01
3.364850781451194650e-01
5.151383630613436404e-01
2.477164074619943313e-01
2.962047972203574187e-01
2.596027484909614880e-01
2.991977820303081126e-01
3.111905150163846723e-01
2.588083563267105647e-01
2.502652103383533611e-01
5.019543789286992075e-01
4.972427990246015006e-01
2.490948468041900010e-01
