2.352146955219378277e-01
2.926385006047466653e-01
2.541997633348979102e-01
2.872228384467704898e-01
8.059545108594023954e-01
2.833355717686908970e-01
3.546472959834539029e-01
2.879652056719376185e-01
3.548029213559430461e-01
2.888259471131199296e-01
3.560310503082810829e-01
2.721628391855235862e-01
2.799105390200165577e-01
3.577062085494864818e-01
2.781256369460545774e-01
3.588519168530875936e-01
3.030822432253805210e-01
2.694454299315415247e-01
3.108410703892571791e-01
3.015284492569844099e-01
2.815983078481130719e-01
3.551724328983272283e-01
2.922023965249559430e-01
3.600985744574088931e-01
1.749969441661078373e-01
3.864057061331142573e-01
3.684565095753714048e-01
2.824521506184167197e-01
2.558832773935917904e-01
2.797111297258225160e-01
3.582058799343574296e-01
3.442375512868746101e-01
9.205102808843366180e-01
9.267323094720771870e-01
3.534556812855540464e-01
3.784167222102348127e-01
3.197254625821323026e-01
5.300426516209044703e-01
2.467226785937352562e-01
2.962054217319939342e-01
2.757851718784715689e-01
2.553027255397265494e-01
2.685591620855024564e-01
3.020822808693793271e-01
2.484232622898746023e-01
4.959466646751244934e-01
4.970311634230276665e-01
2.471873980133672266e-01
