2.347844712711154858e-01
3.615784915090576868e-01
2.556613436656168803e-01
2.836701721236571383e-01
6.686890039239318240e-01
2.943335446506576969e-01
2.231218154344149218e-01
2.821808413441150853e-01
3.513178478422727125e-01
2.916303160546497297e-01
3.624644893925171862e-01
2.874216335208049644e-01
2.813061781399497363e-01
3.622457489239103712e-01
2.751982496431207847e-01
3.550025245787576389e-01
2.659576209896244436e-01
3.825443789494140101e-01
4.127873157213179933e-01
2.603145293891757084e-01
2.819425910992729434e-01
3.544847091127757976e-01
2.857627864235910420e-01
3.582820472287749358e-01
1.749424208475579279e-01
4.079801242585354704e-01
3.610461067344406527e-01
3.564981719143735517e-01
2.446311484055362639e-01
2.827547362153369215e-01
3.460157792691038736e-01
3.447212278268703689e-01
1.124578189267418482e+00
9.487921988941744322e-01
3.530865178409550720e-01
3.829540746204218582e-01
3.224297033212926711e-01
5.227958706077590056e-01
2.449515771257738672e-01
2.968708205525135702e-01
2.996703432235199860e-01
2.423502735710128531e-01
2.553541037312106465e-01
3.175630717002824732e-01
2.465603651019918630e-01
4.951712167189690206e-01
4.966832311674668210e-01
2.565496564124061241e-01
