2.225887839751662101e-01
2.665760498808466550e-01
2.542793409582064790e-01
2.897736067410196514e-01
9.749178208552948810e-01
2.987871568700887215e-01
2.136570708332447277e-01
2.969333081575057931e-01
2.241025720090570883e-01
2.943515230510885261e-01
2.476480044545520676e-01
2.144482927022598739e-01
2.275040700577495301e-01
3.250052376238835583e-01
2.974486539787564721e-01
3.538590626223876434e-01
2.540214797036665639e-01
3.701331896251652820e-01
4.213042642404267735e-01
2.745008335445632830e-01
2.962474927570388772e-01
3.254277665421295151e-01
1.939416451564927590e-01
2.283344805926351417e-01
1.754692049120182007e-01
3.584312684834678464e-01
3.757817050080684562e-01
2.470472588245677947e-01
2.753308815225006256e-01
2.964107567817015898e-01
2.209767461855528248e-01
2.369668293079406074e-01
7.193782003230320132e-01
5.520668386080664902e-01
2.643950419526077678e-01
3.030553480431181779e-01
3.853106217419981494e-01
2.729280204760888284e-01
2.463831508819525895e-01
2.939980260333189266e-01
2.549680419040259993e-01
2.703973629370124421e-01
2.970506916104462269e-01
2.830863152253181303e-01
2.484356888083367743e-01
4.978955366389762882e-01
4.961063266834141450e-01
2.502814075323787635e-01
