2.403119556711394988e-01
3.812428541252184666e-01
2.462669080826991597e-01
3.024709754964550745e-01
1.633193056195966220e+00
2.815859511078114830e-01
3.576865283328215517e-01
2.963408549952229465e-01
3.595818593238604977e-01
3.032109414058763996e-01
3.544938627316459590e-01
2.685328731930451407e-01
2.676722313705183764e-01
3.630836340255449435e-01
2.778671165308737590e-01
3.566176269030341128e-01
3.490982312881022454e-01
2.533865432342083390e-01
3.086783083558418128e-01
4.226978802062115737e-01
2.961542176495741696e-01
3.612119080437582452e-01
2.885288446885430624e-01
3.598795565881374725e-01
1.792722152132126268e-01
4.031427999093555314e-01
3.550751570996136253e-01
3.510929974044794122e-01
2.416020357334291435e-01
2.730500072334474115e-01
3.577084626341697771e-01
3.534255352617957091e-01
1.504348176575966312e+00
1.455746772580113424e+00
3.502713586336087537e-01
2.610114169751412971e-01
3.728525459117420504e-01
5.771385896201203236e-01
2.428935951710335661e-01
2.807891112331395433e-01
3.729684544801163959e-01
2.414884947704004359e-01
2.505006057078276172e-01
3.513944506747115337e-01
2.512452088072145151e-01
4.961445270629016857e-01
4.967278524848716126e-01
2.524002821691525011e-01
