2.305700660583618333e-01
2.486626034042072053e-01
2.557918673134901288e-01
2.847693534325836939e-01
4.809187449986489504e-01
2.846947325193363021e-01
3.520399256010739997e-01
2.912742791953782939e-01
3.503841751650910719e-01
3.002202031604661592e-01
3.567648594748877300e-01
2.924609134822221401e-01
2.764674980001625704e-01
3.538890996682053092e-01
2.752135919681177323e-01
3.560836498260784855e-01
3.148322766889634639e-01
2.638127500070446274e-01
3.127381630125031231e-01
3.216229417610276808e-01
2.845350834732391920e-01
3.523895326726408372e-01
2.962192762801594825e-01
3.581764841921616926e-01
1.747614649480493110e-01
3.831961207089564225e-01
3.713052485478687270e-01
2.802792403780542951e-01
2.558498804494998002e-01
2.784798373702744856e-01
3.562651384650691311e-01
3.461378333376818883e-01
9.127055894614352072e-01
1.014020071135580014e+00
3.551608034085672605e-01
3.841350945412759788e-01
3.055147231343322556e-01
5.435668609792817518e-01
2.482760104558206504e-01
2.939300720851657500e-01
2.547491195873033965e-01
2.868971880791898466e-01
2.876249500423436190e-01
2.688998037689568354e-01
2.479225660574146950e-01
4.971243263865772755e-01
4.970419833579423630e-01
2.487456338845265014e-01
