2.287151347794888212e-01
2.538158380427986693e-01
2.541387012541734269e-01
2.869299938663031901e-01
6.433333194097782259e-01
2.967065249596888554e-01
2.284388957677331855e-01
2.819005911597156633e-01
3.515953537452576327e-01
2.886596980465588880e-01
3.572677176621529838e-01
2.696665135604731645e-01
2.812925865280742621e-01
3.598515762456049871e-01
2.796085122972422066e-01
3.595699243470861783e-01
2.682720621156714502e-01
3.661372101111260990e-01
4.023561626730416396e-01
2.598927483622378576e-01
2.828926818211112693e-01
3.577051948082516364e-01
2.900235775401261984e-01
3.550455660463682772e-01
1.753697921606006405e-01
3.829191500600991893e-01
3.720389367299657968e-01
2.778632513091564005e-01
2.611045236394392566e-01
2.865092689428642148e-01
3.571367703700805141e-01
3.480881943479171015e-01
5.827671994889922491e-01
6.546086973745853799e-01
3.500288027474065533e-01
3.123365431748814647e-01
2.840745111037901172e-01
3.744534861665252401e-01
2.464571622412828900e-01
2.946323800599744414e-01
2.770607096102510325e-01
2.733115027198097513e-01
2.612695756282260584e-01
2.732893145137600954e-01
2.485713621878213597e-01
4.968540213749234602e-01
4.964895263104341372e-01
2.480830662059189951e-01
