2.235837838433887559e-01
3.688846160116888706e-01
2.577510368758764159e-01
2.899566249655267658e-01
3.746343455665587241e-01
2.980760159749824001e-01
2.143287300233320536e-01
2.947626819910746931e-01
2.342244121043234317e-01
2.967313811410316471e-01
1.978613043830867446e-01
2.223414317247543459e-01
2.284823005055544587e-01
3.313280976922157728e-01
2.926112772783558413e-01
3.253827277389609307e-01
2.813657910389144590e-01
3.061893204964212245e-01
2.955200887302765755e-01
3.229826307289779264e-01
2.987893987070502355e-01
2.381754193031642153e-01
2.672270456210038558e-01
2.168793717344635608e-01
1.713369198744452426e-01
3.836064098426934521e-01
3.785669376682415654e-01
2.791326839202522003e-01
2.641056610334896471e-01
2.965522261936006099e-01
2.216412805696650057e-01
2.241973367878433709e-01
3.007974490458774630e-01
2.660229134289663344e-01
2.281326329185879298e-01
3.739167891480803529e-01
2.654789982468852005e-01
3.970830235157258303e-01
2.500158279569215103e-01
2.891496943972392542e-01
3.212828263327235923e-01
2.966533505735052811e-01
2.387692536167313195e-01
3.659891713804323543e-01
2.464671942881615507e-01
4.961586793108379023e-01
4.967226495263653008e-01
2.512470298480667386e-01
