2.574055157671449878e-01
3.852586704007697205e-01
2.644691952788607026e-01
2.809283791806158614e-01
1.592043419788373715e+00
2.855972295387999571e-01
3.524661097852975211e-01
2.968317648376361251e-01
3.649610633990101327e-01
3.033012379038403927e-01
3.547306416424898523e-01
2.604273019782697429e-01
2.802435455972726031e-01
3.598886802523134643e-01
2.887448372582441802e-01
3.560955843434540080e-01
2.657240401919646056e-01
3.773782865258236141e-01
4.203867327664266851e-01
2.653236549976512038e-01
2.792891803342169021e-01
3.577246163923432642e-01
2.728217863810644128e-01
3.557565351935814135e-01
1.754943521844405663e-01
4.037849811221893570e-01
3.482935718187735730e-01
3.324040023057565629e-01
2.225678765659385161e-01
2.902425070238099925e-01
3.529526114649605417e-01
3.579551996368365852e-01
1.146205291801078996e+00
1.151260006590457241e+00
3.356434796974642198e-01
2.549408277415641799e-01
3.284154903567179096e-01
5.217256536483974028e-01
2.493504773537930930e-01
2.854185816991999247e-01
2.568253802482963200e-01
3.605013745060160479e-01
3.743522872334241192e-01
2.358952140065795344e-01
2.447748987726489356e-01
4.955940582520375615e-01
4.924122518377082591e-01
2.487955743969913480e-01
