2.250523721184655157e-01
2.448600618377692606e-01
2.559500262386417146e-01
2.819430087446905264e-01
4.607483915878123337e-01
2.899151409753352726e-01
3.565637020061709905e-01
2.919209058814312141e-01
3.511684765430786448e-01
2.823011318434773265e-01
3.553691333154891385e-01
2.636411633768895313e-01
2.870809178371567794e-01
3.624031302537525367e-01
2.737562957682874720e-01
3.600776801470778055e-01
3.820117230834862432e-01
3.175578808854168655e-01
2.700104302332339556e-01
3.251619524227576385e-01
2.827197589961528701e-01
3.660310490276996176e-01
2.851233845703988745e-01
3.563649848876191406e-01
1.737311018305688903e-01
4.050732234421061118e-01
3.660944646046677686e-01
3.618092979165768441e-01
2.587780223431097593e-01
2.823392048424103740e-01
3.601769801708630259e-01
3.403589443886420596e-01
3.808377950772161569e-01
6.450178754170413642e-01
3.538867052484412912e-01
3.830458253264168444e-01
3.152297517719315767e-01
5.319061230461904488e-01
2.521327461107712442e-01
2.941757532707836020e-01
3.697182893418300975e-01
2.396135961318625607e-01
2.499015445802030277e-01
3.628724395464846264e-01
2.478749511307120623e-01
4.990484657690571479e-01
4.940743006648851132e-01
2.442756440435057408e-01
