2.366055055052958822e-01
3.819039396179787493e-01
2.624807898756533198e-01
2.781377330883350596e-01
1.104237277868178158e+00
2.872843765632979718e-01
3.428362539754684080e-01
2.833671375359935185e-01
3.428007031841404650e-01
3.016707656733804699e-01
3.441443893542361909e-01
3.059584219785498327e-01
2.394140406352964490e-01
2.332579990993143559e-01
2.918125329062505879e-01
2.509642000218818558e-01
3.540814166401708984e-01
2.473053187662631325e-01
2.958181882107193128e-01
4.248424464339302653e-01
2.776842238444093280e-01
3.444409451133068067e-01
4.530315922065541456e-01
2.265369847684182703e-01
1.758440275962488419e-01
3.504434368616933249e-01
4.142079483517479566e-01
2.359523116720302904e-01
3.591887173696614588e-01
2.921787556330112112e-01
2.142723685259655120e-01
3.486840463779122268e-01
9.454982905894794287e-01
8.298277858546941887e-01
2.374868108078780904e-01
3.881376486429582995e-01
3.186088539628100236e-01
3.820594892325951952e-01
2.515063805033225242e-01
2.930184376505430843e-01
3.615036888419808081e-01
2.568398137523744684e-01
2.405200978280145341e-01
3.717678596599190421e-01
2.506439578929421375e-01
4.972462993109161844e-01
4.963070623400456238e-01
2.483980797560919884e-01
