2.372025499867380094e-01
2.556021413088094274e-01
2.522284994037751749e-01
2.857442852498547348e-01
6.731844593249448616e-01
2.929509478102258480e-01
2.205939490556051708e-01
2.750910542067876996e-01
3.598969037795501369e-01
2.936505422342871041e-01
3.569654148735386112e-01
2.618614894883991573e-01
2.828057255329586295e-01
3.525211178342174678e-01
2.855569788904975259e-01
3.565456638135862666e-01
3.604813511557943828e-01
2.535771665847707523e-01
2.894895980206079744e-01
4.290170575004873532e-01
2.872754655470081686e-01
3.556807846741658619e-01
2.784058592920501396e-01
3.567920644111441941e-01
1.759494157648909818e-01
3.846966614395692652e-01
3.654916669439746135e-01
2.790013944458372142e-01
2.522150508383946277e-01
2.849840040424892473e-01
3.353919192545247729e-01
3.506456944348944615e-01
1.406194436998584152e+00
1.190490266206651659e+00
3.538753225139378289e-01
3.831944389662957362e-01
3.227366589611093128e-01
5.371333100207537070e-01
2.502505113436360729e-01
2.954025561097667896e-01
3.548508421598629003e-01
2.437231740575699357e-01
2.932060080689408155e-01
3.100599814990940284e-01
2.487854523939045936e-01
4.925102728342929392e-01
4.992497084473005997e-01
2.493308912186923409e-01
