2.254412141301835593e-01
3.648232724272265082e-01
2.537148421464429648e-01
2.906173351369409352e-01
6.224643188029836960e-01
2.948337697556099313e-01
2.189968321673464446e-01
2.956247144862090837e-01
2.341565177599533309e-01
2.972915760569836419e-01
2.241741935739676728e-01
2.136135988150603959e-01
2.282457723746753875e-01
3.318383620171785342e-01
2.970691128870429076e-01
3.369914847906199107e-01
3.531948758072427919e-01
2.631995508074700951e-01
2.692936332588633519e-01
4.129946294048278954e-01
2.943819926715121604e-01
2.249230669616558154e-01
2.291095410734007021e-01
2.204658786627150258e-01
1.746337528127322181e-01
3.652110147397419904e-01
3.735301041629675023e-01
2.537316222044810332e-01
2.690186549200286326e-01
2.948551208312612526e-01
2.348688576274340356e-01
2.112112848767156714e-01
2.829979257340184406e-01
2.653471485882337166e-01
2.192216958188833720e-01
2.841143990361469918e-01
2.869699299404015469e-01
4.487764982544593106e-01
2.457206981022241887e-01
2.949229883142302500e-01
2.784680048578156430e-01
3.146264110359500155e-01
3.110830745967637645e-01
2.407991429281571560e-01
2.480281499050630001e-01
4.968559652622382417e-01
4.957638104371392962e-01
2.493393063572912627e-01
