2.433037851498222603e-01
3.830371750713315038e-01
2.577934460997206578e-01
2.954739694460629118e-01
9.009898117535597439e-01
2.959631983459447002e-01
2.318133422036876001e-01
2.921027395107236302e-01
2.356720259055476996e-01
2.939348447124941477e-01
1.973526760140016378e-01
2.115612780747444799e-01
2.466863003802249321e-01
3.340747273847333165e-01
3.022628388378013620e-01
3.419112693115761714e-01
2.679370110848732778e-01
3.860442867334992756e-01
4.211981127727578156e-01
2.641806809323541949e-01
2.991033573851971661e-01
2.253080062733064937e-01
2.390618845593917297e-01
2.191260832285421289e-01
1.705462469436028750e-01
4.116992567888874133e-01
3.549702986880207689e-01
3.688707069539082228e-01
2.541297008793259593e-01
2.991857289778374063e-01
2.171731387558119286e-01
2.068916133546084002e-01
3.590471350367521741e-01
4.379343081531493764e-01
3.486833297619906236e-01
2.646585367203424521e-01
3.767531879894075453e-01
3.620753101108205585e-01
2.461009319314028942e-01
2.773653848638775177e-01
3.593264924862600296e-01
2.426074360728327772e-01
2.295432249960651927e-01
3.690230357349580936e-01
2.481800044745154366e-01
4.991599479142491691e-01
4.981077902257413648e-01
2.521108463215632756e-01
