2.551976048914877393e-01
3.865228094557078831e-01
2.597235489027694411e-01
2.808393670594897529e-01
1.683129352961977299e+00
2.834127518615288666e-01
3.572672402426643745e-01
2.848718161393742898e-01
3.456347866622589970e-01
2.901756388587511393e-01
3.532537956610531382e-01
3.065417201083172616e-01
2.786159216093834212e-01
2.240234638555116120e-01
2.869994490388815267e-01
2.349567013142121463e-01
2.757896457546974434e-01
3.850081973949463499e-01
4.059723322745702467e-01
2.620458683195905358e-01
2.637326498198523939e-01
3.614104988405557606e-01
4.612763445379655103e-01
3.603007611984475056e-01
1.752695116803403286e-01
4.127987551546175582e-01
3.667845518684931805e-01
3.633921213301912201e-01
2.573831963351853047e-01
2.833428990547230408e-01
3.580032755572376546e-01
3.531814182735311114e-01
1.279697028867746278e+00
1.387160903464546458e+00
3.539034211795566431e-01
3.818517619371499805e-01
3.220845196567761470e-01
5.364954404650118525e-01
2.440147761326674769e-01
2.943323772024786789e-01
2.364712403995937740e-01
3.732865825091664091e-01
3.413789036944215316e-01
2.667385944975641521e-01
2.514069383091665499e-01
4.976091107703276561e-01
4.970403686692405620e-01
2.433028494287305665e-01
