2.292784265526906784e-01
3.250319027361781576e-01
2.614394291482100008e-01
2.814760427742649118e-01
4.643609981158137723e-01
2.943573840508756367e-01
2.203093197788917046e-01
2.979400305560386264e-01
2.286841471637784673e-01
2.994487545511900772e-01
2.134730254256559934e-01
2.207660836132503135e-01
2.291910211823234844e-01
3.317716340353862869e-01
2.966298825229865543e-01
3.398500943001809826e-01
3.295629437070682899e-01
2.642176269296999669e-01
2.832349907982043002e-01
3.384623102790609850e-01
2.938898287211446081e-01
2.307575184721074035e-01
2.209537816359438689e-01
2.166668040905482540e-01
1.753160917049408907e-01
3.645211705618884301e-01
3.795189930472287476e-01
2.397417696055739178e-01
2.872874596492595578e-01
2.966412373713948614e-01
2.295130666947071407e-01
2.130323529160991214e-01
2.929606481543299279e-01
2.661667235136774279e-01
2.239453954038977124e-01
3.423028183687759074e-01
2.675701177338247749e-01
4.246954597107330809e-01
2.443562877807111122e-01
2.958888668970787172e-01
3.224751708657573324e-01
2.804782283230414786e-01
2.429399858630954256e-01
3.335528829129462691e-01
2.439658661392799244e-01
4.935466674995049319e-01
4.968789739083541712e-01
2.455556784362188383e-01
