2.384767740168608485e-01
3.068027972229050993e-01
2.529318454367491253e-01
2.886642720221503922e-01
9.041242419110933071e-01
2.964340835771345217e-01
2.332828852320212309e-01
2.855856205850865193e-01
3.599356609417019848e-01
2.898223534153732683e-01
3.583434692142811739e-01
2.627042945698320198e-01
2.809873572408623787e-01
3.578102076893365235e-01
2.830383807843853128e-01
3.615082138177096449e-01
3.016360039323494058e-01
3.634686922403247977e-01
3.120735233325218072e-01
2.659897316878474527e-01
2.771042628018044462e-01
3.557205887740106376e-01
2.995157403346663805e-01
3.632620303590075039e-01
1.758224703798897115e-01
3.929018895817541490e-01
3.581032540663205421e-01
3.085317272140924438e-01
2.538828276239690207e-01
2.739532886075400353e-01
3.532510443710314973e-01
3.530342497487186648e-01
1.460456584090853438e-01
5.256610381865521875e-01
3.394143887602052434e-01
2.810515476385004874e-01
3.879952321400677584e-01
3.581175762099589877e-01
2.397307324780168780e-01
2.944264261657780213e-01
2.955430125113734929e-01
2.627412325147035488e-01
2.731732537695729657e-01
2.607155571330047050e-01
2.475703903997849287e-01
4.958621302103243256e-01
4.925605406547740039e-01
2.491829142432698818e-01
