2.402731261584087341e-01
3.818741628566255653e-01
2.547156486668330500e-01
2.843998119466938368e-01
1.303790656915124080e+00
2.826946712386420590e-01
3.583662392365484783e-01
2.906226493786467358e-01
3.566625552443952185e-01
2.833182213247706360e-01
3.582489909344535040e-01
2.807314048099105452e-01
2.841255809797883503e-01
3.571591272263470174e-01
2.853128897558867005e-01
3.573533724599447514e-01
2.711910635280626036e-01
3.787478658986201951e-01
4.036868795246512653e-01
2.590958991345201912e-01
2.847245738789904723e-01
3.500930614222108050e-01
2.941861526481369116e-01
3.608588923553887051e-01
1.735695195949956693e-01
3.780603051689507832e-01
3.755539245188535546e-01
2.708847958252991739e-01
2.723372548253274461e-01
2.967765147656998281e-01
3.590868226841057442e-01
3.500764409023429669e-01
4.407881001055237169e-01
1.051204527114847798e+00
3.554631358700115484e-01
2.586498300328144984e-01
3.602865191629704977e-01
4.209862028068154793e-01
2.493199305693556411e-01
2.974280766485882244e-01
2.386071542192117756e-01
3.676708534875172685e-01
3.512508476558128256e-01
2.566242820848545492e-01
2.481755983769823870e-01
4.973901678057645048e-01
4.957871934420113313e-01
2.494332085173130986e-01
