3.575767792896787922e-01
2.663675462817609585e-01
2.570880932569609700e-01
2.900875039275838674e-01
1.430615218016219048e+00
2.888513858189618033e-01
3.577421500822602907e-01
2.894381536980462633e-01
3.415120131758410671e-01
2.859180326175176923e-01
3.600652980256709990e-01
2.650046224063730693e-01
2.771451499348534520e-01
3.586688085390783431e-01
2.793055595742175989e-01
3.572919139407131350e-01
2.714351554768216768e-01
3.811706028094507537e-01
4.081844902716756374e-01
2.587709641784973758e-01
2.869430412233107686e-01
3.571841739970169072e-01
2.959907362678446119e-01
3.625175505758266858e-01
1.739058838780236371e-01
3.885563129687229500e-01
3.788952103714127162e-01
2.799507016041566376e-01
2.688264271984356357e-01
2.840685790217489237e-01
3.553519638314792117e-01
3.386608255823831404e-01
1.311295424723643688e+00
1.236759855269749853e+00
3.501503321535159308e-01
2.645124310377384158e-01
3.777935556086859381e-01
3.270026326831900199e-01
2.483585882880302298e-01
2.920321854423712504e-01
2.574917907840823528e-01
3.535610424319253764e-01
3.710962895367504455e-01
2.380992754381133503e-01
2.476189914343154552e-01
4.942578857586467644e-01
4.951764171725828723e-01
2.451358537954121952e-01
