2.407657802104949951e-01
2.645796537399291992e-01
2.555747628211975098e-01
2.816218733787536621e-01
5.398980975151062012e-01
2.873938679695129395e-01
2.357191294431686401e-01
2.929337024688720703e-01
2.014059275388717651e-01
2.826979160308837891e-01
2.216441929340362549e-01
2.335138022899627686e-01
2.382946610450744629e-01
3.412706255912780762e-01
2.875299751758575439e-01
3.534951806068420410e-01
3.924387693405151367e-01
2.946894764900207520e-01
2.449103146791458130e-01
3.969833254814147949e-01
2.850205898284912109e-01
3.653697371482849121e-01
2.653968036174774170e-01
2.386897057294845581e-01
1.758309602737426758e-01
3.557246029376983643e-01
4.075430631637573242e-01
2.536031603813171387e-01
3.598580956459045410e-01
3.013179898262023926e-01
2.119418233633041382e-01
2.161894291639328003e-01
3.438971638679504395e-01
3.886861801147460938e-01
3.571946024894714355e-01
2.811794579029083252e-01
3.842012584209442139e-01
3.268144130706787109e-01
2.457982301712036133e-01
3.019033074378967285e-01
2.638673186302185059e-01
3.451797962188720703e-01
3.726447820663452148e-01
2.389448881149291992e-01
2.471312582492828369e-01
4.958084225654602051e-01
4.981437623500823975e-01
2.459817677736282349e-01
