2.568817138671875000e-01
2.418750226497650146e-01
2.582124173641204834e-01
2.821666598320007324e-01
9.144923686981201172e-01
3.001624345779418945e-01
2.188664674758911133e-01
2.898732423782348633e-01
2.019919902086257935e-01
2.898745536804199219e-01
3.535716235637664795e-01
2.207494974136352539e-01
2.935243844985961914e-01
3.284492194652557373e-01
2.936813533306121826e-01
3.547784984111785889e-01
3.839308619499206543e-01
2.709886431694030762e-01
2.525878250598907471e-01
4.061869084835052490e-01
2.861051857471466064e-01
2.177051007747650146e-01
2.590735554695129395e-01
2.271633148193359375e-01
1.775583922863006592e-01
3.522455692291259766e-01
4.099527895450592041e-01
2.209905683994293213e-01
3.463090062141418457e-01
2.957744002342224121e-01
2.294624447822570801e-01
2.109673023223876953e-01
6.167689561843872070e-01
9.182877540588378906e-01
2.219934314489364624e-01
2.785171866416931152e-01
3.868984878063201904e-01
3.967384397983551025e-01
2.570683658123016357e-01
2.878843545913696289e-01
3.595409989356994629e-01
2.412931323051452637e-01
2.393130213022232056e-01
3.603491187095642090e-01
2.509629726409912109e-01
4.933515787124633789e-01
4.983999133110046387e-01
2.618529200553894043e-01
