2.154121100902557373e-01
3.757070600986480713e-01
2.571833133697509766e-01
2.867575287818908691e-01
9.036700129508972168e-01
2.973794639110565186e-01
2.236818373203277588e-01
2.971290647983551025e-01
2.203167974948883057e-01
2.961464524269104004e-01
2.416514456272125244e-01
2.256249040365219116e-01
2.328990250825881958e-01
3.234191834926605225e-01
2.882706522941589355e-01
3.537320494651794434e-01
3.862723410129547119e-01
2.778834402561187744e-01
2.524714767932891846e-01
3.995299935340881348e-01
2.935823500156402588e-01
3.554114401340484619e-01
2.701106667518615723e-01
2.336697876453399658e-01
1.758332103490829468e-01
3.988142311573028564e-01
3.642247319221496582e-01
3.358525335788726807e-01
2.563669979572296143e-01
2.956175506114959717e-01
2.307902425527572632e-01
2.169597595930099487e-01
4.151876270771026611e-01
5.252609848976135254e-01
2.625229060649871826e-01
3.618688583374023438e-01
2.584629058837890625e-01
2.925428450107574463e-01
2.479541003704071045e-01
2.831776440143585205e-01
3.732812702655792236e-01
2.411812990903854370e-01
2.713914215564727783e-01
3.461097180843353271e-01
2.479374706745147705e-01
4.948618412017822266e-01
4.968763291835784912e-01
2.469841539859771729e-01
