2.231120318174362183e-01
3.598259389400482178e-01
2.565628886222839355e-01
2.882657349109649658e-01
1.293211698532104492e+00
2.861175835132598877e-01
2.287448197603225708e-01
2.742748558521270752e-01
3.565579950809478760e-01
2.918053269386291504e-01
3.580300211906433105e-01
3.240799009799957275e-01
2.859492599964141846e-01
2.229881435632705688e-01
2.912667095661163330e-01
2.167640030384063721e-01
3.696457743644714355e-01
2.633962035179138184e-01
2.786359190940856934e-01
4.182977378368377686e-01
2.259656041860580444e-01
3.485251963138580322e-01
3.985239267349243164e-01
2.452400922775268555e-01
1.748764961957931519e-01
4.008334279060363770e-01
3.658319413661956787e-01
3.435851335525512695e-01
2.687025368213653564e-01
2.871017754077911377e-01
2.178742438554763794e-01
3.512894511222839355e-01
7.635316252708435059e-01
8.255992531776428223e-01
3.041394352912902832e-01
3.844975233078002930e-01
2.926284670829772949e-01
4.566309154033660889e-01
2.480357587337493896e-01
2.948797345161437988e-01
3.595127761363983154e-01
2.568557858467102051e-01
2.544798851013183594e-01
3.630988299846649170e-01
2.484212219715118408e-01
4.963980317115783691e-01
4.971029460430145264e-01
2.498525679111480713e-01
