2.310931682586669922e-01
3.588666319847106934e-01
2.572218775749206543e-01
2.867157757282257080e-01
8.172679543495178223e-01
2.980152368545532227e-01
2.207142263650894165e-01
2.970208525657653809e-01
2.222038656473159790e-01
2.963729202747344971e-01
2.259803116321563721e-01
2.301755547523498535e-01
2.317820340394973755e-01
3.415918648242950439e-01
2.952440679073333740e-01
3.444085717201232910e-01
2.821607291698455811e-01
3.536790609359741211e-01
3.936913311481475830e-01
3.036423325538635254e-01
2.928695082664489746e-01
2.321539074182510376e-01
2.260228395462036133e-01
2.198587656021118164e-01
1.755441874265670776e-01
3.951484560966491699e-01
3.650523126125335693e-01
3.271490335464477539e-01
2.578194737434387207e-01
2.963084280490875244e-01
2.300158739089965820e-01
2.168580144643783569e-01
3.017961978912353516e-01
2.554701566696166992e-01
2.288072705268859863e-01
3.182300925254821777e-01
3.306238949298858643e-01
4.242761731147766113e-01
2.474252432584762573e-01
2.937295436859130859e-01
3.139385581016540527e-01
3.060346245765686035e-01
3.044467568397521973e-01
3.105774223804473877e-01
2.481310069561004639e-01
4.965451657772064209e-01
4.960547983646392822e-01
2.487512975931167603e-01
