2.314853221178054810e-01
3.692323863506317139e-01
2.569277584552764893e-01
2.876103222370147705e-01
7.392881512641906738e-01
2.969980239868164062e-01
2.206888645887374878e-01
2.962498366832733154e-01
2.304027527570724487e-01
2.970182299613952637e-01
2.230699956417083740e-01
2.342744916677474976e-01
2.316443622112274170e-01
3.445090353488922119e-01
2.961985766887664795e-01
3.479152619838714600e-01
3.663139343261718750e-01
2.815564870834350586e-01
2.826403975486755371e-01
3.973606824874877930e-01
2.910496592521667480e-01
2.307875156402587891e-01
2.166485637426376343e-01
2.187321931123733521e-01
1.757857948541641235e-01
3.840744793415069580e-01
3.732832968235015869e-01
3.035273253917694092e-01
2.781599462032318115e-01
2.959044277667999268e-01
2.391736805438995361e-01
2.177940309047698975e-01
2.928656041622161865e-01
2.707803547382354736e-01
2.230836749076843262e-01
3.150438368320465088e-01
3.310362994670867920e-01
3.971718251705169678e-01
2.485284358263015747e-01
2.944334149360656738e-01
3.260874450206756592e-01
2.946867942810058594e-01
2.750419378280639648e-01
3.394379615783691406e-01
2.484897077083587646e-01
4.963498115539550781e-01
4.963030219078063965e-01
2.480197846889495850e-01
