2.296930104494094849e-01
3.202630877494812012e-01
2.580118775367736816e-01
2.880920171737670898e-01
7.810678482055664062e-01
2.944613695144653320e-01
2.264757752418518066e-01
2.980865836143493652e-01
2.166205942630767822e-01
2.967336475849151611e-01
2.057702094316482544e-01
2.297520488500595093e-01
2.325681447982788086e-01
3.508457243442535400e-01
2.957432270050048828e-01
3.278189301490783691e-01
2.628597319126129150e-01
3.779299855232238770e-01
4.255518317222595215e-01
2.802320420742034912e-01
2.909467518329620361e-01
2.557013034820556641e-01
2.334702312946319580e-01
2.216013967990875244e-01
1.751161515712738037e-01
4.085015952587127686e-01
3.721329867839813232e-01
3.518395125865936279e-01
2.592165470123291016e-01
2.995003461837768555e-01
2.394325584173202515e-01
2.215320169925689697e-01
3.033562302589416504e-01
3.798505663871765137e-01
3.625513613224029541e-01
3.319380283355712891e-01
3.322373032569885254e-01
4.104836881160736084e-01
2.527210414409637451e-01
2.920566797256469727e-01
3.695135116577148438e-01
2.388610541820526123e-01
2.502006292343139648e-01
3.602237403392791748e-01
2.455850243568420410e-01
4.966249465942382812e-01
4.931531548500061035e-01
2.480507194995880127e-01
