2.671833336353302002e-01
3.719343543052673340e-01
2.609616816043853760e-01
2.939988374710083008e-01
6.581827998161315918e-01
3.021320700645446777e-01
3.543252348899841309e-01
2.985672354698181152e-01
2.964166998863220215e-01
2.918645441532135010e-01
2.420697212219238281e-01
2.261243760585784912e-01
2.574005126953125000e-01
2.944563627243041992e-01
2.950208187103271484e-01
2.610850632190704346e-01
3.842199444770812988e-01
2.867476046085357666e-01
2.584456801414489746e-01
3.960178494453430176e-01
2.749835848808288574e-01
3.558938801288604736e-01
4.363825917243957520e-01
3.614356517791748047e-01
1.772337257862091064e-01
3.578142523765563965e-01
4.111657738685607910e-01
2.426752299070358276e-01
3.611060082912445068e-01
2.989488542079925537e-01
2.218754738569259644e-01
2.201583385467529297e-01
1.031060934066772461e+00
6.325215101242065430e-01
2.021477669477462769e-01
2.996702790260314941e-01
3.613850474357604980e-01
5.661398172378540039e-01
2.454217374324798584e-01
2.949256300926208496e-01
3.575086891651153564e-01
2.631191611289978027e-01
2.465295046567916870e-01
3.751135468482971191e-01
2.463815659284591675e-01
4.986546635627746582e-01
4.947802424430847168e-01
2.418634444475173950e-01
