2.303234785795211792e-01
3.242350220680236816e-01
2.564420104026794434e-01
2.819338738918304443e-01
4.242691695690155029e-01
2.986728250980377197e-01
2.202014923095703125e-01
2.949500679969787598e-01
2.267068177461624146e-01
2.955330312252044678e-01
2.242407500743865967e-01
2.328598201274871826e-01
2.274636924266815186e-01
3.448121547698974609e-01
2.965963780879974365e-01
3.394242227077484131e-01
2.877856194972991943e-01
3.450036644935607910e-01
3.860327005386352539e-01
3.136827051639556885e-01
2.920065820217132568e-01
2.327864319086074829e-01
2.110725641250610352e-01
2.225741147994995117e-01
1.761926561594009399e-01
3.754374086856842041e-01
3.793625235557556152e-01
2.841304242610931396e-01
2.905086278915405273e-01
2.970149815082550049e-01
2.364666759967803955e-01
2.165299803018569946e-01
2.931563556194305420e-01
2.610035538673400879e-01
2.122584134340286255e-01
2.661406695842742920e-01
3.764359652996063232e-01
6.015876531600952148e-01
2.496147155761718750e-01
2.923263907432556152e-01
2.736952602863311768e-01
3.435673117637634277e-01
3.442348539829254150e-01
2.691209018230438232e-01
2.487205117940902710e-01
4.972027242183685303e-01
4.982809424400329590e-01
2.489957809448242188e-01
