2.288390994071960449e-01
3.851479589939117432e-01
2.579475045204162598e-01
2.815254330635070801e-01
9.660977721214294434e-01
2.772257626056671143e-01
2.201306968927383423e-01
2.914244830608367920e-01
2.208382040262222290e-01
2.950980365276336670e-01
2.416959255933761597e-01
2.783439457416534424e-01
2.926898598670959473e-01
2.292585968971252441e-01
2.952464818954467773e-01
3.437994420528411865e-01
3.830354809761047363e-01
2.789852917194366455e-01
2.613798379898071289e-01
4.019032716751098633e-01
2.939350903034210205e-01
3.552137315273284912e-01
2.845060527324676514e-01
2.512167394161224365e-01
1.754292398691177368e-01
3.845418691635131836e-01
3.772374093532562256e-01
3.052365183830261230e-01
2.858817875385284424e-01
2.980532348155975342e-01
2.228295207023620605e-01
2.204149365425109863e-01
7.851054668426513672e-01
8.975587487220764160e-01
3.448320925235748291e-01
3.480651080608367920e-01
2.964545488357543945e-01
3.340057432651519775e-01
2.443178594112396240e-01
2.844979465007781982e-01
2.829740345478057861e-01
3.376093208789825439e-01
3.337612748146057129e-01
2.826196849346160889e-01
2.465696930885314941e-01
4.978549182415008545e-01
4.956110715866088867e-01
2.508369088172912598e-01
