2.252104431390762329e-01
3.865073323249816895e-01
2.535349130630493164e-01
2.885653376579284668e-01
1.229249835014343262e+00
2.784886360168457031e-01
2.205163985490798950e-01
2.900589108467102051e-01
2.222793847322463989e-01
2.962449193000793457e-01
2.283488363027572632e-01
3.259792625904083252e-01
2.899732291698455811e-01
2.226642370223999023e-01
2.947126924991607666e-01
3.436234891414642334e-01
3.121983408927917480e-01
3.317908346652984619e-01
3.542768359184265137e-01
3.344184160232543945e-01
2.947575747966766357e-01
3.554387986660003662e-01
2.895597517490386963e-01
2.352874130010604858e-01
1.755251288414001465e-01
3.814303278923034668e-01
3.805107474327087402e-01
2.984193861484527588e-01
2.967734932899475098e-01
2.944284379482269287e-01
2.193886339664459229e-01
2.236791253089904785e-01
9.586631655693054199e-01
1.112340331077575684e+00
3.135986030101776123e-01
2.954873144626617432e-01
3.869524002075195312e-01
3.724346458911895752e-01
2.483801692724227905e-01
2.762869894504547119e-01
3.479957878589630127e-01
2.718012332916259766e-01
2.467785030603408813e-01
3.658985197544097900e-01
2.484943121671676636e-01
4.962845146656036377e-01
4.961409866809844971e-01
2.488689869642257690e-01
