2.293229848146438599e-01
3.667338788509368896e-01
2.564819157123565674e-01
2.886191308498382568e-01
9.001219868659973145e-01
2.980325520038604736e-01
2.187467813491821289e-01
2.975353896617889404e-01
2.301587462425231934e-01
2.952015101909637451e-01
2.290903925895690918e-01
2.339505106210708618e-01
2.333748340606689453e-01
3.413132131099700928e-01
2.941163778305053711e-01
3.465014398097991943e-01
3.561133146286010742e-01
2.983403205871582031e-01
2.977289855480194092e-01
3.752377927303314209e-01
2.918362915515899658e-01
2.357842475175857544e-01
2.243860512971878052e-01
2.201291769742965698e-01
1.758953481912612915e-01
3.780803680419921875e-01
3.765617609024047852e-01
2.919661402702331543e-01
2.882751822471618652e-01
2.967572510242462158e-01
2.341361790895462036e-01
2.175880521535873413e-01
2.963969111442565918e-01
2.730405032634735107e-01
2.262510210275650024e-01
3.704361021518707275e-01
2.840470373630523682e-01
4.439253807067871094e-01
2.473464459180831909e-01
2.939647138118743896e-01
3.020773828029632568e-01
3.187117278575897217e-01
3.269594609737396240e-01
2.874742150306701660e-01
2.479252070188522339e-01
4.967276751995086670e-01
4.960654675960540771e-01
2.487645596265792847e-01
