2.319086641073226929e-01
2.609703242778778076e-01
2.548586726188659668e-01
2.868066430091857910e-01
8.938931822776794434e-01
2.983591854572296143e-01
2.176705449819564819e-01
2.971830368041992188e-01
2.325174063444137573e-01
2.949800491333007812e-01
2.227328121662139893e-01
2.308085858821868896e-01
2.330663204193115234e-01
3.457880914211273193e-01
2.965401709079742432e-01
3.401697576045989990e-01
2.683978378772735596e-01
3.699030876159667969e-01
4.109128415584564209e-01
2.824699580669403076e-01
2.954098582267761230e-01
2.441854178905487061e-01
2.189819812774658203e-01
2.207052707672119141e-01
1.762429326772689819e-01
3.724158108234405518e-01
3.862256407737731934e-01
2.732893824577331543e-01
3.047377169132232666e-01
2.972468733787536621e-01
2.301336228847503662e-01
2.201835662126541138e-01
2.996230125427246094e-01
2.539266943931579590e-01
3.278674483299255371e-01
3.557228446006774902e-01
2.745080292224884033e-01
5.523782372474670410e-01
2.479862421751022339e-01
2.895441651344299316e-01
3.075891137123107910e-01
3.075418472290039062e-01
3.130941987037658691e-01
3.039040267467498779e-01
2.496431767940521240e-01
4.972568154335021973e-01
4.962520599365234375e-01
2.475288659334182739e-01
