2.276263087987899780e-01
3.753895759582519531e-01
2.569711506366729736e-01
2.875928580760955811e-01
7.741196155548095703e-01
2.991480529308319092e-01
2.205718755722045898e-01
2.969918251037597656e-01
2.241602689027786255e-01
2.959165871143341064e-01
2.303760647773742676e-01
2.323373109102249146e-01
2.341634333133697510e-01
3.431916534900665283e-01
2.946343123912811279e-01
3.497297167778015137e-01
3.584259748458862305e-01
2.865153253078460693e-01
2.927213609218597412e-01
3.881956934928894043e-01
2.894372940063476562e-01
2.266948223114013672e-01
2.247206717729568481e-01
2.181546986103057861e-01
1.756248474121093750e-01
3.903750181198120117e-01
3.684553802013397217e-01
3.121879398822784424e-01
2.616151571273803711e-01
2.948534190654754639e-01
2.329977899789810181e-01
2.153673917055130005e-01
3.057563304901123047e-01
2.579763531684875488e-01
2.289147824048995972e-01
2.977381348609924316e-01
3.468519151210784912e-01
4.573166966438293457e-01
2.487222105264663696e-01
2.921091616153717041e-01
2.984618842601776123e-01
3.228773474693298340e-01
3.325126469135284424e-01
2.843291163444519043e-01
2.476979792118072510e-01
4.958722293376922607e-01
4.969891607761383057e-01
2.477536797523498535e-01
