2.252550870180130005e-01
3.700265288352966309e-01
2.563455998897552490e-01
2.914243936538696289e-01
5.030475854873657227e-01
2.968136668205261230e-01
2.214691340923309326e-01
2.957369685173034668e-01
3.531883060932159424e-01
2.961111664772033691e-01
2.148601710796356201e-01
2.210105657577514648e-01
2.824263274669647217e-01
3.314647674560546875e-01
2.906310558319091797e-01
3.515297472476959229e-01
2.584135532379150391e-01
3.662917613983154297e-01
4.251162409782409668e-01
2.915709614753723145e-01
2.974213957786560059e-01
2.438537776470184326e-01
2.638463079929351807e-01
2.285386770963668823e-01
1.755420118570327759e-01
3.765642046928405762e-01
3.805146515369415283e-01
2.802011072635650635e-01
3.004809916019439697e-01
2.962586283683776855e-01
2.103908061981201172e-01
2.195926606655120850e-01
3.042605817317962646e-01
3.013086616992950439e-01
2.210878431797027588e-01
3.595204949378967285e-01
2.904680073261260986e-01
4.609339833259582520e-01
2.470835447311401367e-01
2.937757074832916260e-01
3.465336859226226807e-01
2.779015302658081055e-01
2.652949094772338867e-01
3.473380208015441895e-01
2.485359162092208862e-01
4.990528225898742676e-01
4.980404973030090332e-01
2.488594055175781250e-01
