2.216422259807586670e-01
3.056077361106872559e-01
2.565934956073760986e-01
2.871205806732177734e-01
6.920110583305358887e-01
2.929418385028839111e-01
2.190774828195571899e-01
2.969996035099029541e-01
2.211866825819015503e-01
2.967993319034576416e-01
2.293576747179031372e-01
2.339286506175994873e-01
2.327998429536819458e-01
3.450767695903778076e-01
2.945532798767089844e-01
3.400887846946716309e-01
3.071883618831634521e-01
3.359610140323638916e-01
3.607880473136901855e-01
3.242746591567993164e-01
2.952491939067840576e-01
2.319938987493515015e-01
2.288395613431930542e-01
2.180854529142379761e-01
1.756950765848159790e-01
3.844714164733886719e-01
3.723443448543548584e-01
3.016172945499420166e-01
2.760956585407257080e-01
2.960307896137237549e-01
2.446366399526596069e-01
2.144186496734619141e-01
3.144627511501312256e-01
2.607440352439880371e-01
2.275271266698837280e-01
2.820234298706054688e-01
3.598556220531463623e-01
4.851184785366058350e-01
2.474190145730972290e-01
2.919420003890991211e-01
3.215669989585876465e-01
3.008116483688354492e-01
2.969100773334503174e-01
3.208153247833251953e-01
2.465095967054367065e-01
4.968359470367431641e-01
4.968850612640380859e-01
2.487602233886718750e-01
