2.325276881456375122e-01
2.722620964050292969e-01
2.536637485027313232e-01
2.757074236869812012e-01
4.148595035076141357e-01
3.037313222885131836e-01
2.149093002080917358e-01
2.939094007015228271e-01
2.054069340229034424e-01
2.966300249099731445e-01
2.441969215869903564e-01
2.245422899723052979e-01
2.223298400640487671e-01
3.428338766098022461e-01
3.006836473941802979e-01
3.464742302894592285e-01
3.916676044464111328e-01
2.927874922752380371e-01
2.539224028587341309e-01
4.054634571075439453e-01
2.856225371360778809e-01
3.564146161079406738e-01
2.273933887481689453e-01
2.293747961521148682e-01
1.770228594541549683e-01
3.478445410728454590e-01
3.888365030288696289e-01
2.162962704896926880e-01
3.211824893951416016e-01
2.908715605735778809e-01
2.385213524103164673e-01
2.341083586215972900e-01
3.073524832725524902e-01
2.559651136398315430e-01
3.337385654449462891e-01
2.523458003997802734e-01
3.608207404613494873e-01
5.092505216598510742e-01
2.504868805408477783e-01
2.999432682991027832e-01
2.438999116420745850e-01
3.719117641448974609e-01
3.659027218818664551e-01
2.533661723136901855e-01
2.443592697381973267e-01
4.981144964694976807e-01
4.990928173065185547e-01
2.509647607803344727e-01
