2.362946271896362305e-01
3.466032445430755615e-01
2.565540075302124023e-01
2.872959971427917480e-01
7.109882831573486328e-01
2.998360097408294678e-01
2.182796597480773926e-01
2.970175147056579590e-01
2.197593152523040771e-01
2.958605587482452393e-01
2.338436245918273926e-01
2.281037569046020508e-01
2.336698472499847412e-01
3.445404171943664551e-01
2.933541834354400635e-01
3.464903235435485840e-01
2.671027183532714844e-01
3.697423636913299561e-01
4.103308320045471191e-01
2.832252979278564453e-01
2.925409078598022461e-01
2.280667722225189209e-01
2.289357036352157593e-01
2.185341417789459229e-01
1.760399341583251953e-01
4.025238454341888428e-01
3.604973256587982178e-01
3.447529077529907227e-01
2.460115402936935425e-01
2.948788404464721680e-01
2.252952158451080322e-01
2.186843454837799072e-01
2.996134757995605469e-01
2.536754012107849121e-01
2.321966141462326050e-01
3.298213481903076172e-01
2.995141744613647461e-01
5.066630244255065918e-01
2.479542344808578491e-01
2.930757105350494385e-01
3.237576484680175781e-01
2.909975349903106689e-01
2.881286144256591797e-01
3.260574936866760254e-01
2.498132735490798950e-01
4.965920746326446533e-01
4.966533482074737549e-01
2.495085448026657104e-01
