2.251340597867965698e-01
3.731673955917358398e-01
2.583947181701660156e-01
2.818678617477416992e-01
1.154517531394958496e+00
2.966474592685699463e-01
2.225926965475082397e-01
2.978160381317138672e-01
2.277937680482864380e-01
2.959001362323760986e-01
3.175386786460876465e-01
2.448097020387649536e-01
2.739058434963226318e-01
3.315867483615875244e-01
2.897261083126068115e-01
3.508299887180328369e-01
2.818221151828765869e-01
3.668839931488037109e-01
4.042104184627532959e-01
2.863940298557281494e-01
2.915305197238922119e-01
2.550322115421295166e-01
2.532516717910766602e-01
2.272471636533737183e-01
1.747811287641525269e-01
3.580218851566314697e-01
3.936760425567626953e-01
2.428122907876968384e-01
3.271642625331878662e-01
2.969831526279449463e-01
2.301007956266403198e-01
2.195869833230972290e-01
2.789171040058135986e-01
2.649303376674652100e-01
2.215375602245330811e-01
2.762190103530883789e-01
3.709381818771362305e-01
3.750725984573364258e-01
2.500984966754913330e-01
2.925934791564941406e-01
3.281980752944946289e-01
3.032921552658081055e-01
2.388481497764587402e-01
3.737573325634002686e-01
2.395097166299819946e-01
4.959921240806579590e-01
4.951294362545013428e-01
2.393341809511184692e-01
