2.263973951339721680e-01
3.850046396255493164e-01
2.561148703098297119e-01
2.871361970901489258e-01
1.212944149971008301e+00
2.793725728988647461e-01
2.211375534534454346e-01
2.867016494274139404e-01
2.177754640579223633e-01
2.971978783607482910e-01
2.317434251308441162e-01
2.853718101978302002e-01
2.884136438369750977e-01
2.275542616844177246e-01
2.961771190166473389e-01
3.508338630199432373e-01
2.619926631450653076e-01
3.677841424942016602e-01
4.173403680324554443e-01
2.851420044898986816e-01
2.962547540664672852e-01
3.556020259857177734e-01
2.280347347259521484e-01
2.415444999933242798e-01
1.742158979177474976e-01
3.733336925506591797e-01
3.823035657405853271e-01
2.810381650924682617e-01
2.989082932472229004e-01
2.958157658576965332e-01
2.278407514095306396e-01
2.289291769266128540e-01
6.778529882431030273e-01
8.520346879959106445e-01
3.387926220893859863e-01
3.000527024269104004e-01
3.853663206100463867e-01
4.279550313949584961e-01
2.488311380147933960e-01
2.833353281021118164e-01
2.913863956928253174e-01
3.247310221195220947e-01
3.215611875057220459e-01
2.912140190601348877e-01
2.495583444833755493e-01
4.956805109977722168e-01
4.970975816249847412e-01
2.493199408054351807e-01
