2.453232705593109131e-01
3.795153796672821045e-01
2.583268582820892334e-01
2.913169562816619873e-01
1.102077126502990723e+00
2.961503565311431885e-01
2.130136936902999878e-01
2.913827300071716309e-01
3.622929155826568604e-01
2.910596728324890137e-01
2.111587971448898315e-01
2.454454153776168823e-01
2.491052150726318359e-01
3.535252213478088379e-01
2.825162112712860107e-01
3.623340725898742676e-01
2.659424543380737305e-01
3.779068291187286377e-01
4.221610128879547119e-01
2.741618752479553223e-01
2.933073043823242188e-01
2.227379381656646729e-01
2.942036986351013184e-01
2.143585234880447388e-01
1.770223975181579590e-01
3.606398701667785645e-01
4.052887856960296631e-01
2.531241476535797119e-01
3.611449301242828369e-01
2.949789166450500488e-01
2.189948111772537231e-01
2.224176824092864990e-01
2.915922999382019043e-01
2.480515688657760620e-01
2.353293448686599731e-01
2.661386132240295410e-01
3.775356411933898926e-01
5.004003047943115234e-01
2.461968213319778442e-01
2.946977019309997559e-01
3.689726293087005615e-01
2.447048425674438477e-01
2.509970068931579590e-01
3.676638007164001465e-01
2.555314302444458008e-01
4.961579740047454834e-01
4.982153475284576416e-01
2.511824965476989746e-01
