2.304597496986389160e-01
3.650190532207489014e-01
2.571802735328674316e-01
2.874616384506225586e-01
9.022866487503051758e-01
2.976563870906829834e-01
2.192533165216445923e-01
2.969507873058319092e-01
2.265577167272567749e-01
2.957738935947418213e-01
2.314151972532272339e-01
2.299728244543075562e-01
2.339367717504501343e-01
3.433756232261657715e-01
2.949466407299041748e-01
3.409061133861541748e-01
2.919014394283294678e-01
3.476351499557495117e-01
3.822099566459655762e-01
3.111015856266021729e-01
2.942291200160980225e-01
2.358986586332321167e-01
2.331315577030181885e-01
2.195565998554229736e-01
1.755521297454833984e-01
3.906659483909606934e-01
3.694465458393096924e-01
3.174839317798614502e-01
2.689009308815002441e-01
2.963078618049621582e-01
2.358480095863342285e-01
2.174651324748992920e-01
2.973275780677795410e-01
2.823853790760040283e-01
2.295977920293807983e-01
3.444210588932037354e-01
3.059622347354888916e-01
4.346250295639038086e-01
2.475494444370269775e-01
2.934529185295104980e-01
3.116550147533416748e-01
3.129780888557434082e-01
3.099566102027893066e-01
3.068937659263610840e-01
2.477630823850631714e-01
4.961385428905487061e-01
4.963544309139251709e-01
2.475157976150512695e-01
