2.343934327363967896e-01
3.550162017345428467e-01
2.603626549243927002e-01
2.833691537380218506e-01
9.091591238975524902e-01
2.994412481784820557e-01
2.208077162504196167e-01
2.913643121719360352e-01
2.239597588777542114e-01
2.905897200107574463e-01
2.749436795711517334e-01
2.849312722682952881e-01
2.611541748046875000e-01
3.252826631069183350e-01
2.934950888156890869e-01
3.505351245403289795e-01
3.547023236751556396e-01
3.155488967895507812e-01
2.958116233348846436e-01
3.490860164165496826e-01
2.960553467273712158e-01
2.348751574754714966e-01
2.466188222169876099e-01
2.187419384717941284e-01
1.776957362890243530e-01
3.688323497772216797e-01
3.992731869220733643e-01
2.588877975940704346e-01
3.378610908985137939e-01
2.970212399959564209e-01
2.576040923595428467e-01
2.227448076009750366e-01
2.875557243824005127e-01
2.772225141525268555e-01
2.276604622602462769e-01
3.488071262836456299e-01
2.695063352584838867e-01
5.364480614662170410e-01
2.516356110572814941e-01
2.910190224647521973e-01
2.775828838348388672e-01
3.356408178806304932e-01
3.531527817249298096e-01
2.669742405414581299e-01
2.443299442529678345e-01
4.973569214344024658e-01
4.959371984004974365e-01
2.524888217449188232e-01
