2.735082507133483887e-01
3.701555132865905762e-01
2.578024268150329590e-01
2.798959612846374512e-01
9.622347354888916016e-01
2.941985726356506348e-01
2.140461802482604980e-01
2.986568212509155273e-01
2.287424951791763306e-01
2.916995882987976074e-01
2.131120264530181885e-01
1.982604116201400757e-01
2.258173823356628418e-01
3.265314102172851562e-01
2.977025508880615234e-01
2.877705991268157959e-01
2.536084353923797607e-01
3.705285191535949707e-01
4.361210763454437256e-01
3.023199439048767090e-01
2.922286987304687500e-01
2.426482737064361572e-01
2.753989994525909424e-01
2.172559499740600586e-01
1.795343756675720215e-01
4.099549055099487305e-01
3.645294010639190674e-01
3.553646206855773926e-01
2.433251291513442993e-01
2.979275584220886230e-01
2.352993786334991455e-01
2.180403470993041992e-01
3.629190921783447266e-01
5.999259352684020996e-01
2.153999507427215576e-01
3.757106959819793701e-01
2.718487977981567383e-01
3.949813544750213623e-01
2.557024359703063965e-01
2.926254868507385254e-01
3.630871772766113281e-01
2.649227380752563477e-01
2.346806079149246216e-01
3.784491717815399170e-01
2.493283152580261230e-01
4.943773150444030762e-01
4.884995222091674805e-01
2.439970821142196655e-01
