2.326036989688873291e-01
2.760106921195983887e-01
2.579514086246490479e-01
2.854835093021392822e-01
1.045038580894470215e+00
2.990534603595733643e-01
2.145775854587554932e-01
2.990985810756683350e-01
2.412985265254974365e-01
2.978024482727050781e-01
2.379904687404632568e-01
2.368369400501251221e-01
2.344461381435394287e-01
3.473848402500152588e-01
2.936334311962127686e-01
3.471116423606872559e-01
3.532169461250305176e-01
2.890691757202148438e-01
3.038364350795745850e-01
3.849658071994781494e-01
2.950848042964935303e-01
2.363635003566741943e-01
2.237050980329513550e-01
2.230399101972579956e-01
1.752667278051376343e-01
3.836089670658111572e-01
3.818681240081787109e-01
2.984756827354431152e-01
3.006449341773986816e-01
2.983679473400115967e-01
2.279695272445678711e-01
2.153315544128417969e-01
3.030585050582885742e-01
2.556635737419128418e-01
3.402231931686401367e-01
2.867437303066253662e-01
3.624654412269592285e-01
5.178313851356506348e-01
2.522674798965454102e-01
2.841336429119110107e-01
2.828024923801422119e-01
3.340690732002258301e-01
3.433811068534851074e-01
2.708029747009277344e-01
2.488289773464202881e-01
4.961318969726562500e-01
4.974664747714996338e-01
2.497264593839645386e-01
