2.340681999921798706e-01
2.642154991626739502e-01
2.558479607105255127e-01
2.864062786102294922e-01
9.486828446388244629e-01
2.982856929302215576e-01
2.171550542116165161e-01
2.973070144653320312e-01
2.357507795095443726e-01
2.979991734027862549e-01
2.559245824813842773e-01
2.660768032073974609e-01
2.522542774677276611e-01
3.277849256992340088e-01
2.902099490165710449e-01
3.488313853740692139e-01
2.958686947822570801e-01
3.533364236354827881e-01
3.738478720188140869e-01
3.009068667888641357e-01
2.932262420654296875e-01
2.472146153450012207e-01
2.450832575559616089e-01
2.238565832376480103e-01
1.752360016107559204e-01
3.830505907535552979e-01
3.676285147666931152e-01
3.025626242160797119e-01
2.677155733108520508e-01
2.954762876033782959e-01
2.334395647048950195e-01
2.162041664123535156e-01
2.925854623317718506e-01
2.709299325942993164e-01
2.274505347013473511e-01
3.032416999340057373e-01
3.436077237129211426e-01
4.515690207481384277e-01
2.475868463516235352e-01
2.947469949722290039e-01
3.195887506008148193e-01
3.022726774215698242e-01
3.019343316555023193e-01
3.153611123561859131e-01
2.483598142862319946e-01
4.974515736103057861e-01
4.956417381763458252e-01
2.468628734350204468e-01
