2.332721054553985596e-01
2.974796295166015625e-01
2.547304034233093262e-01
2.884703278541564941e-01
1.200067996978759766e+00
2.984711527824401855e-01
2.911291718482971191e-01
2.961779236793518066e-01
2.306884229183197021e-01
2.946698069572448730e-01
2.339026033878326416e-01
3.279036879539489746e-01
2.889240384101867676e-01
2.120055705308914185e-01
2.244169861078262329e-01
3.579200506210327148e-01
2.527112364768981934e-01
3.663008809089660645e-01
4.269797205924987793e-01
2.875492572784423828e-01
2.988154888153076172e-01
3.228154778480529785e-01
4.094393849372863770e-01
2.683320641517639160e-01
1.742528229951858521e-01
3.787221908569335938e-01
3.775908350944519043e-01
2.959033846855163574e-01
2.954619526863098145e-01
2.961891293525695801e-01
2.393229901790618896e-01
2.328863590955734253e-01
1.147143959999084473e+00
9.671750664710998535e-01
2.677727937698364258e-01
3.018751740455627441e-01
3.914471566677093506e-01
3.005955815315246582e-01
2.409333288669586182e-01
2.945165634155273438e-01
2.578725516796112061e-01
3.578318357467651367e-01
3.690568804740905762e-01
2.427465170621871948e-01
2.459046244621276855e-01
4.964961111545562744e-01
4.943829178810119629e-01
2.521781027317047119e-01
