2.304430603981018066e-01
3.674680888652801514e-01
2.571427822113037109e-01
2.876160144805908203e-01
8.580726981163024902e-01
2.978916168212890625e-01
2.197660058736801147e-01
2.970465719699859619e-01
2.274319827556610107e-01
2.963351011276245117e-01
2.425431907176971436e-01
2.325646430253982544e-01
2.364990264177322388e-01
3.435175716876983643e-01
2.939694523811340332e-01
3.484157025814056396e-01
3.510051965713500977e-01
2.953011691570281982e-01
3.041425645351409912e-01
3.799766898155212402e-01
2.922509610652923584e-01
2.262765169143676758e-01
2.334612011909484863e-01
2.202227860689163208e-01
1.756535023450851440e-01
3.909319639205932617e-01
3.715034127235412598e-01
3.166385293006896973e-01
2.724103629589080811e-01
2.953212857246398926e-01
2.382452636957168579e-01
2.166393101215362549e-01
2.957506775856018066e-01
2.680832147598266602e-01
2.290132045745849609e-01
3.052302896976470947e-01
3.442680835723876953e-01
4.285325706005096436e-01
2.479130327701568604e-01
2.941244542598724365e-01
3.104950785636901855e-01
3.131098449230194092e-01
3.162994086742401123e-01
3.001796603202819824e-01
2.481843978166580200e-01
4.962832629680633545e-01
4.963975250720977783e-01
2.478722631931304932e-01
