2.332734316587448120e-01
2.663007676601409912e-01
2.540662586688995361e-01
2.870701253414154053e-01
8.171165585517883301e-01
2.975704371929168701e-01
2.177206724882125854e-01
2.969830036163330078e-01
2.293489426374435425e-01
2.967151701450347900e-01
2.801088392734527588e-01
2.425255775451660156e-01
2.455777674913406372e-01
3.514195084571838379e-01
2.920996546745300293e-01
3.475634455680847168e-01
2.607853710651397705e-01
3.733697235584259033e-01
4.231844544410705566e-01
2.784932255744934082e-01
2.968586385250091553e-01
2.441861778497695923e-01
2.311173826456069946e-01
2.223555594682693481e-01
1.747721284627914429e-01
3.783672153949737549e-01
3.771764934062957764e-01
2.913843989372253418e-01
2.907944321632385254e-01
2.957721054553985596e-01
2.402428239583969116e-01
2.210621088743209839e-01
2.905095219612121582e-01
2.520616650581359863e-01
2.387698590755462646e-01
3.573978245258331299e-01
2.833151221275329590e-01
5.443426966667175293e-01
2.472174465656280518e-01
2.900608479976654053e-01
2.937264442443847656e-01
3.191471099853515625e-01
3.261058032512664795e-01
2.918729782104492188e-01
2.476973980665206909e-01
4.967871606349945068e-01
4.966773390769958496e-01
2.512807548046112061e-01
