2.242960780858993530e-01
3.647821247577667236e-01
2.555869221687316895e-01
2.888127565383911133e-01
9.049192667007446289e-01
2.972221076488494873e-01
2.213837504386901855e-01
2.968148887157440186e-01
2.219335883855819702e-01
2.967827618122100830e-01
2.265596091747283936e-01
2.302005141973495483e-01
2.326058745384216309e-01
3.421154022216796875e-01
2.955489158630371094e-01
3.418516814708709717e-01
3.115555346012115479e-01
3.145601451396942139e-01
3.533033132553100586e-01
3.482409119606018066e-01
2.929636836051940918e-01
2.421824187040328979e-01
2.300830483436584473e-01
2.236355841159820557e-01
1.760857999324798584e-01
3.820011317729949951e-01
3.772233426570892334e-01
2.964660823345184326e-01
2.874295115470886230e-01
2.956807911396026611e-01
2.374115586280822754e-01
2.174997478723526001e-01
3.073141872882843018e-01
3.061893284320831299e-01
3.408567011356353760e-01
3.015293180942535400e-01
3.386106789112091064e-01
4.311281442642211914e-01
2.468966692686080933e-01
2.918657958507537842e-01
3.098229169845581055e-01
3.127691149711608887e-01
3.087764084339141846e-01
3.084647953510284424e-01
2.472372204065322876e-01
4.965881705284118652e-01
4.950626790523529053e-01
2.493034005165100098e-01
