2.383764237165451050e-01
3.862494230270385742e-01
2.534382343292236328e-01
2.893283367156982422e-01
8.102600574493408203e-01
2.951263189315795898e-01
2.217645496129989624e-01
2.950614094734191895e-01
2.391025274991989136e-01
2.974822819232940674e-01
2.195955961942672729e-01
2.346568703651428223e-01
2.264415174722671509e-01
3.439502716064453125e-01
2.958788275718688965e-01
3.482629656791687012e-01
3.587260246276855469e-01
2.864814400672912598e-01
2.973718643188476562e-01
3.936402797698974609e-01
2.938795685768127441e-01
2.367063909769058228e-01
2.208094745874404907e-01
2.167209088802337646e-01
1.748210489749908447e-01
3.683724701404571533e-01
3.829648792743682861e-01
2.665719687938690186e-01
3.006651997566223145e-01
2.946687638759613037e-01
2.447851449251174927e-01
2.136623263359069824e-01
2.886488139629364014e-01
2.530143558979034424e-01
2.135897874832153320e-01
3.269843161106109619e-01
3.206797242164611816e-01
4.908124208450317383e-01
2.495726943016052246e-01
2.902103960514068604e-01
3.255013227462768555e-01
2.895991802215576172e-01
2.899838387966156006e-01
3.235461711883544922e-01
2.499286979436874390e-01
4.971160292625427246e-01
4.967356324195861816e-01
2.467152327299118042e-01
