2.232890874147415161e-01
3.442697823047637939e-01
2.560247778892517090e-01
2.900228202342987061e-01
7.446354031562805176e-01
2.951509654521942139e-01
2.228554785251617432e-01
2.968252599239349365e-01
2.267456799745559692e-01
2.955592572689056396e-01
2.209962755441665649e-01
2.278605848550796509e-01
2.284559011459350586e-01
3.408780992031097412e-01
2.958502471446990967e-01
3.422583937644958496e-01
3.485264778137207031e-01
2.995714545249938965e-01
3.086239397525787354e-01
3.770349919795989990e-01
2.930065691471099854e-01
2.257878631353378296e-01
2.233983278274536133e-01
2.172730267047882080e-01
1.757040917873382568e-01
3.873067498207092285e-01
3.725008368492126465e-01
3.130621016025543213e-01
2.760305106639862061e-01
2.957244217395782471e-01
2.364376485347747803e-01
2.117323875427246094e-01
3.116078376770019531e-01
2.493147104978561401e-01
2.263374179601669312e-01
3.019274175167083740e-01
3.405843079090118408e-01
4.741483926773071289e-01
2.472315430641174316e-01
2.940621078014373779e-01
3.269671201705932617e-01
2.937827110290527344e-01
2.811365425586700439e-01
3.334501981735229492e-01
2.481906265020370483e-01
4.966417849063873291e-01
4.965378046035766602e-01
2.476515322923660278e-01
