2.601569890975952148e-01
3.863948881626129150e-01
2.579706907272338867e-01
2.904915213584899902e-01
1.071858406066894531e+00
2.925283610820770264e-01
3.632895052433013916e-01
2.991359233856201172e-01
2.262760847806930542e-01
3.006871938705444336e-01
2.284292280673980713e-01
2.276003807783126831e-01
2.569548487663269043e-01
3.003669679164886475e-01
2.940623760223388672e-01
2.536659240722656250e-01
3.663103878498077393e-01
2.632148265838623047e-01
2.866497039794921875e-01
4.239217042922973633e-01
2.692559957504272461e-01
3.541070222854614258e-01
4.247578680515289307e-01
3.540260493755340576e-01
1.752614080905914307e-01
3.613126575946807861e-01
3.907904028892517090e-01
2.478503584861755371e-01
3.183314204216003418e-01
2.982928752899169922e-01
2.185674160718917847e-01
2.139765322208404541e-01
9.900540113449096680e-01
9.395519495010375977e-01
2.107715308666229248e-01
2.700893878936767578e-01
3.769166469573974609e-01
5.886282920837402344e-01
2.465188205242156982e-01
2.888595461845397949e-01
2.610070705413818359e-01
3.481286466121673584e-01
3.716664314270019531e-01
2.390223443508148193e-01
2.510191798210144043e-01
4.943308234214782715e-01
4.964152574539184570e-01
2.495895028114318848e-01
