2.201751023530960083e-01
2.681491971015930176e-01
2.529044449329376221e-01
2.817121744155883789e-01
1.044042348861694336e+00
2.979429662227630615e-01
2.196345478296279907e-01
2.971661686897277832e-01
2.274253815412521362e-01
2.959341108798980713e-01
2.285553961992263794e-01
2.417311817407608032e-01
2.216954082250595093e-01
3.478735387325286865e-01
2.986509203910827637e-01
3.365979194641113281e-01
3.725163936614990234e-01
2.600080668926239014e-01
2.755970060825347900e-01
4.222526252269744873e-01
2.949242591857910156e-01
2.516537010669708252e-01
2.140759229660034180e-01
2.075489014387130737e-01
1.766971498727798462e-01
4.032582342624664307e-01
3.538263142108917236e-01
3.519384860992431641e-01
2.349108606576919556e-01
2.987713217735290527e-01
2.183031439781188965e-01
2.144423872232437134e-01
3.215424120426177979e-01
3.791061639785766602e-01
3.544311225414276123e-01
3.840844631195068359e-01
2.777235805988311768e-01
5.923958420753479004e-01
2.397836893796920776e-01
2.869881689548492432e-01
3.551576435565948486e-01
2.583916485309600830e-01
2.335603833198547363e-01
3.760211467742919922e-01
2.507567107677459717e-01
4.957770407199859619e-01
4.958949983119964600e-01
2.500810921192169189e-01
