2.270279675722122192e-01
2.696762681007385254e-01
2.567334175109863281e-01
2.885266244411468506e-01
6.410720944404602051e-01
2.974559664726257324e-01
2.198814451694488525e-01
2.975068688392639160e-01
2.202404588460922241e-01
2.966072559356689453e-01
2.243066132068634033e-01
2.319381982088088989e-01
2.318939566612243652e-01
3.455173969268798828e-01
2.975000739097595215e-01
3.410697877407073975e-01
2.911296188831329346e-01
3.504611849784851074e-01
3.827712535858154297e-01
3.084136247634887695e-01
2.948058247566223145e-01
2.358116805553436279e-01
2.174874395132064819e-01
2.200540304183959961e-01
1.756886541843414307e-01
4.016874730587005615e-01
3.613139986991882324e-01
3.430293798446655273e-01
2.505800127983093262e-01
2.966241538524627686e-01
2.297233939170837402e-01
2.150320112705230713e-01
3.170043230056762695e-01
2.591176033020019531e-01
3.566622138023376465e-01
3.137847781181335449e-01
3.378009498119354248e-01
4.453282356262207031e-01
2.477670609951019287e-01
2.855736017227172852e-01
3.209621012210845947e-01
2.940968573093414307e-01
2.924363911151885986e-01
3.243485391139984131e-01
2.491667717695236206e-01
4.964267611503601074e-01
4.975422620773315430e-01
2.480356246232986450e-01
