2.301555275917053223e-01
2.738804817199707031e-01
2.546743452548980713e-01
2.890577018260955811e-01
6.141154170036315918e-01
2.976298928260803223e-01
2.192554622888565063e-01
2.974674999713897705e-01
2.214924544095993042e-01
2.971122562885284424e-01
2.289043366909027100e-01
2.275730967521667480e-01
2.341851592063903809e-01
3.383925259113311768e-01
2.955071628093719482e-01
3.450329601764678955e-01
3.800506591796875000e-01
2.684428393840789795e-01
2.677806615829467773e-01
4.170634746551513672e-01
2.911820709705352783e-01
2.260698080062866211e-01
2.223830372095108032e-01
2.207581996917724609e-01
1.756512820720672607e-01
3.911943733692169189e-01
3.681207895278930664e-01
3.214797675609588623e-01
2.658184468746185303e-01
2.971601486206054688e-01
2.235092371702194214e-01
2.151644229888916016e-01
3.007834851741790771e-01
2.606237530708312988e-01
2.977140247821807861e-01
2.647957503795623779e-01
3.562549054622650146e-01
5.376277565956115723e-01
2.450472712516784668e-01
2.922564148902893066e-01
3.017724454402923584e-01
3.121685385704040527e-01
3.204180300235748291e-01
2.945897281169891357e-01
2.492474913597106934e-01
4.957975149154663086e-01
4.964825212955474854e-01
2.502986192703247070e-01
