2.750088870525360107e-01
3.875719606876373291e-01
2.599014639854431152e-01
2.842287421226501465e-01
1.393795013427734375e+00
2.990955412387847900e-01
2.515801787376403809e-01
2.964693903923034668e-01
2.232495844364166260e-01
2.897618710994720459e-01
2.212121188640594482e-01
2.473525553941726685e-01
2.657829821109771729e-01
2.611280977725982666e-01
2.276518344879150391e-01
3.424076437950134277e-01
3.797709643840789795e-01
3.381146192550659180e-01
2.696481347084045410e-01
3.360859155654907227e-01
2.924361228942871094e-01
3.514322340488433838e-01
4.195156395435333252e-01
3.596471548080444336e-01
1.755221486091613770e-01
3.863808512687683105e-01
3.710498511791229248e-01
3.159720003604888916e-01
2.759475111961364746e-01
2.939190268516540527e-01
2.198151946067810059e-01
2.261965274810791016e-01
1.099074602127075195e+00
9.716815352439880371e-01
2.204187959432601929e-01
3.269614875316619873e-01
3.784205019474029541e-01
3.181725442409515381e-01
2.463710755109786987e-01
2.842676341533660889e-01
2.480392009019851685e-01
3.701643943786621094e-01
3.575337827205657959e-01
2.604022026062011719e-01
2.458599954843521118e-01
4.966039061546325684e-01
4.958159625530242920e-01
2.480121552944183350e-01
