2.323963046073913574e-01
3.038780391216278076e-01
2.555240094661712646e-01
2.891166806221008301e-01
4.505778551101684570e-01
2.965974509716033936e-01
2.217712849378585815e-01
2.962768375873565674e-01
2.341646552085876465e-01
2.967546284198760986e-01
2.288987785577774048e-01
2.423081398010253906e-01
2.342310845851898193e-01
3.481553494930267334e-01
2.942503690719604492e-01
3.474371731281280518e-01
3.481725156307220459e-01
2.971443235874176025e-01
3.092438280582427979e-01
3.768585324287414551e-01
2.890569865703582764e-01
2.244342416524887085e-01
2.125323861837387085e-01
2.210630476474761963e-01
1.770142018795013428e-01
3.868400752544403076e-01
3.741433322429656982e-01
3.108260929584503174e-01
2.761412560939788818e-01
2.940375506877899170e-01
2.279147952795028687e-01
2.181473821401596069e-01
2.970027625560760498e-01
2.733104825019836426e-01
3.495651483535766602e-01
2.669671177864074707e-01
3.790974318981170654e-01
4.615978896617889404e-01
2.476906627416610718e-01
2.890148460865020752e-01
3.280448913574218750e-01
2.819784581661224365e-01
3.075589239597320557e-01
3.098133802413940430e-01
2.509903609752655029e-01
4.960988759994506836e-01
4.971235990524291992e-01
2.524743080139160156e-01
