2.258339971303939819e-01
3.721361160278320312e-01
2.588353157043457031e-01
2.851077318191528320e-01
4.582551717758178711e-01
2.984240949153900146e-01
2.217559814453125000e-01
2.969140410423278809e-01
2.226686030626296997e-01
2.955078184604644775e-01
2.364212274551391602e-01
2.313107252120971680e-01
2.413609176874160767e-01
3.436666727066040039e-01
2.948552966117858887e-01
3.466304838657379150e-01
3.732247352600097656e-01
2.761038243770599365e-01
2.774855792522430420e-01
4.057360291481018066e-01
2.921664714813232422e-01
2.424584180116653442e-01
2.274611592292785645e-01
2.180633842945098877e-01
1.750647723674774170e-01
3.700788021087646484e-01
3.757749497890472412e-01
2.693921923637390137e-01
2.843444943428039551e-01
3.006193935871124268e-01
2.183187901973724365e-01
2.148969024419784546e-01
3.010801374912261963e-01
2.720059454441070557e-01
2.207305282354354858e-01
3.777107298374176025e-01
2.653757929801940918e-01
3.940349221229553223e-01
2.500813305377960205e-01
2.941319048404693604e-01
3.402185440063476562e-01
2.796300947666168213e-01
2.572927474975585938e-01
3.576484024524688721e-01
2.471128553152084351e-01
4.968078136444091797e-01
4.967554509639739990e-01
2.468224316835403442e-01
