2.273647785186767578e-01
3.841443061828613281e-01
2.528536915779113770e-01
2.843349874019622803e-01
1.452140569686889648e+00
2.792539000511169434e-01
2.286504209041595459e-01
2.858785986900329590e-01
2.140036672353744507e-01
2.909641861915588379e-01
2.309989780187606812e-01
2.709623873233795166e-01
2.937684357166290283e-01
2.509550154209136963e-01
2.520970106124877930e-01
3.535027205944061279e-01
3.840675652027130127e-01
2.893651425838470459e-01
2.493291199207305908e-01
3.927436769008636475e-01
2.954102158546447754e-01
3.190919756889343262e-01
3.669819235801696777e-01
2.545091211795806885e-01
1.778230518102645874e-01
4.084622859954833984e-01
3.582552075386047363e-01
3.535412251949310303e-01
2.363021671772003174e-01
2.974833548069000244e-01
2.227924168109893799e-01
2.301086634397506714e-01
8.289342522621154785e-01
1.037186861038208008e+00
3.342997133731842041e-01
3.516874611377716064e-01
2.492228001356124878e-01
2.521200776100158691e-01
2.481422573328018188e-01
2.878925800323486328e-01
3.647473454475402832e-01
2.562787234783172607e-01
2.479163408279418945e-01
3.665319383144378662e-01
2.450694292783737183e-01
4.963221848011016846e-01
4.992825686931610107e-01
2.509967386722564697e-01
