2.274549901485443115e-01
3.418448567390441895e-01
2.575078606605529785e-01
2.891220748424530029e-01
5.370400547981262207e-01
2.976791560649871826e-01
2.185207456350326538e-01
2.982055544853210449e-01
2.215093523263931274e-01
2.963258326053619385e-01
2.556428909301757812e-01
2.284956872463226318e-01
2.438165545463562012e-01
3.447901308536529541e-01
2.949297130107879639e-01
3.465426564216613770e-01
2.808051705360412598e-01
3.560501337051391602e-01
3.940979242324829102e-01
2.940577268600463867e-01
2.968179881572723389e-01
2.322480678558349609e-01
2.411997914314270020e-01
2.238714843988418579e-01
1.759855598211288452e-01
3.834375441074371338e-01
3.752504289150238037e-01
2.973979711532592773e-01
2.793166041374206543e-01
2.975365817546844482e-01
2.309771031141281128e-01
2.181620746850967407e-01
3.095802068710327148e-01
2.704704105854034424e-01
3.262082934379577637e-01
3.488617241382598877e-01
3.119216263294219971e-01
3.374275267124176025e-01
2.474401444196701050e-01
2.733576297760009766e-01
2.910425961017608643e-01
3.304050862789154053e-01
3.249508142471313477e-01
2.970323562622070312e-01
2.465947270393371582e-01
4.964511692523956299e-01
4.961905181407928467e-01
2.451978623867034912e-01
