2.365968227386474609e-01
3.772463798522949219e-01
2.543250620365142822e-01
2.932532727718353271e-01
6.939542889595031738e-01
2.951429188251495361e-01
2.193450331687927246e-01
2.956971824169158936e-01
3.522605895996093750e-01
2.961724698543548584e-01
2.202056199312210083e-01
2.240133285522460938e-01
2.896306216716766357e-01
3.271986246109008789e-01
2.821785509586334229e-01
3.519939482212066650e-01
2.587608397006988525e-01
3.707627356052398682e-01
4.191873073577880859e-01
2.767298817634582520e-01
2.949447035789489746e-01
2.686293125152587891e-01
2.789271473884582520e-01
2.236404865980148315e-01
1.755326539278030396e-01
3.757967054843902588e-01
3.784382641315460205e-01
2.878526449203491211e-01
2.999525070190429688e-01
2.956964671611785889e-01
2.225595712661743164e-01
2.218194007873535156e-01
2.909654676914215088e-01
2.788266241550445557e-01
2.245352715253829956e-01
3.767425715923309326e-01
2.729831635951995850e-01
3.550531566143035889e-01
2.467039227485656738e-01
2.939693033695220947e-01
3.191899359226226807e-01
3.113350570201873779e-01
3.677248656749725342e-01
2.479863166809082031e-01
2.489479780197143555e-01
4.951987266540527344e-01
4.979290664196014404e-01
2.468446940183639526e-01
