2.295662909746170044e-01
3.126310408115386963e-01
2.575918734073638916e-01
2.858941256999969482e-01
6.917898058891296387e-01
2.980747222900390625e-01
2.224385291337966919e-01
2.974394261837005615e-01
2.262738049030303955e-01
2.969880998134613037e-01
2.246224582195281982e-01
2.352068871259689331e-01
2.318341284990310669e-01
3.458634614944458008e-01
2.959861159324645996e-01
3.467998206615447998e-01
2.614643275737762451e-01
3.751032352447509766e-01
4.202881157398223877e-01
2.740140259265899658e-01
2.928476929664611816e-01
2.337893396615982056e-01
2.221016883850097656e-01
2.201276421546936035e-01
1.763023436069488525e-01
3.908833563327789307e-01
3.693415224552154541e-01
3.194810450077056885e-01
2.710874378681182861e-01
2.941442131996154785e-01
2.317159026861190796e-01
2.162310630083084106e-01
3.047981262207031250e-01
2.576183974742889404e-01
2.360091656446456909e-01
2.832071781158447266e-01
3.591223657131195068e-01
4.731017053127288818e-01
2.490636855363845825e-01
2.932026088237762451e-01
3.265881836414337158e-01
2.923014163970947266e-01
2.641530334949493408e-01
3.488251566886901855e-01
2.486176490783691406e-01
4.962943494319915771e-01
4.968048930168151855e-01
2.500019669532775879e-01
