2.303224205970764160e-01
3.377881348133087158e-01
2.580573260784149170e-01
2.833878099918365479e-01
6.575913429260253906e-01
2.997545897960662842e-01
2.218302339315414429e-01
2.931958138942718506e-01
2.288287878036499023e-01
2.942581474781036377e-01
2.542638480663299561e-01
2.535315155982971191e-01
2.442474365234375000e-01
3.351942598819732666e-01
2.880204916000366211e-01
3.506470024585723877e-01
3.226153254508972168e-01
3.702228069305419922e-01
3.491400778293609619e-01
2.795422971248626709e-01
2.965360581874847412e-01
2.619490921497344971e-01
2.475975602865219116e-01
2.238125652074813843e-01
1.763648539781570435e-01
3.651992380619049072e-01
3.917756378650665283e-01
2.588585317134857178e-01
3.184314370155334473e-01
2.956714034080505371e-01
2.319499105215072632e-01
2.160062789916992188e-01
2.989146113395690918e-01
2.624296844005584717e-01
2.248263955116271973e-01
2.732991874217987061e-01
3.627811968326568604e-01
5.874989628791809082e-01
2.456613332033157349e-01
2.944548428058624268e-01
2.885309457778930664e-01
3.366692364215850830e-01
3.524180948734283447e-01
2.704183757305145264e-01
2.465043216943740845e-01
4.975235760211944580e-01
4.967677295207977295e-01
2.469731569290161133e-01
