2.240300139072428365e-01
2.953315315453018397e-01
2.562683156903288739e-01
2.849151165165212940e-01
5.782837912305406336e-01
2.977506352962399072e-01
2.162683626702941730e-01
2.964932029585591877e-01
2.216681069315174502e-01
2.964053109296714839e-01
2.220202345725702242e-01
2.246339094666167380e-01
2.299111665297451923e-01
3.405237466928509038e-01
2.956972802682596990e-01
3.340822900351575475e-01
2.686156304203153877e-01
3.262252632298833221e-01
3.344645520604939692e-01
2.790855600841903872e-01
2.935102394603282261e-01
2.307635039599603144e-01
2.016230637975828521e-01
2.188124389093500932e-01
1.748210831382014940e-01
3.764136391496042955e-01
3.743133321365967880e-01
2.612067268738567649e-01
2.595631839932301954e-01
2.945239204328508054e-01
2.198620942998481265e-01
2.149410214995473578e-01
2.988025712415539603e-01
2.477737771989495519e-01
2.793498225772823584e-01
2.688106918434989834e-01
3.286840817877695331e-01
3.759461921055112787e-01
2.453043752569084579e-01
2.887885348990217316e-01
2.866739000061833131e-01
2.630612656669460980e-01
2.690091946911742360e-01
2.817182291764462887e-01
2.476265305439273035e-01
4.971278694381076613e-01
4.961286148375210203e-01
2.467528367476458928e-01
