2.289880618772718868e-01
2.937703743305681292e-01
2.570156127843050142e-01
2.863257740816531061e-01
5.025936105990391756e-01
2.943356328700664215e-01
2.235980136463653623e-01
2.979684262815953666e-01
2.160377459056612159e-01
2.964226397074700148e-01
2.007951535504579610e-01
2.296611793554466929e-01
2.315666316700372984e-01
3.505964741500208204e-01
2.952426712556273647e-01
3.263661009406096380e-01
2.579864136376686101e-01
3.775624569837370825e-01
4.254194445494495769e-01
2.798281459601018595e-01
2.903663098374048013e-01
2.509273016639287923e-01
1.929409373144590489e-01
2.199699918293394341e-01
1.749018286653764576e-01
4.077202779394669685e-01
3.695180422432997047e-01
3.514114438338233337e-01
2.482579011960135695e-01
2.993988222651619568e-01
2.316892295265063073e-01
2.207258756939910749e-01
3.024445755162880056e-01
3.617063014269972232e-01
3.622622662912329816e-01
3.032265921920596630e-01
3.068007803098710129e-01
2.679184375086938741e-01
2.526435220220950573e-01
2.915459556745210179e-01
3.687323748564492187e-01
2.342041141386742853e-01
2.481823407409926296e-01
3.593006601327828342e-01
2.445297635602842745e-01
4.965740152104687888e-01
4.931320327334053344e-01
2.470505937572956556e-01
