2.285304911456998711e-01
2.609554484209785641e-01
2.542946445715598691e-01
2.905290161209144739e-01
7.450971048643885430e-02
2.984895483932754612e-01
2.165097783450112556e-01
2.970377732255713443e-01
2.183037704230221532e-01
2.940045191834282368e-01
2.319585419355927880e-01
2.265085163724345207e-01
2.393621722827307674e-01
3.438798949109440617e-01
2.918211586132199997e-01
3.442955250310480442e-01
2.766383167762925255e-01
3.112001501653151037e-01
2.967372496665993120e-01
2.935306251052467452e-01
2.940924057457977581e-01
2.349321911933616724e-01
2.187071312966168413e-01
2.184573432456024256e-01
1.747341009707773507e-01
3.957908666753676141e-01
3.599078209045096788e-01
3.040516666030335657e-01
2.395560851268540847e-01
2.966422220125661813e-01
2.188151343036684182e-01
2.139391233211518639e-01
3.178622102285272866e-01
2.309506470760464281e-01
3.536308686023701964e-01
3.372672143410463397e-01
2.762509394761284431e-01
2.967105934571088177e-01
2.473620185308443298e-01
2.830746424027106301e-01
2.664025414264981073e-01
2.826512422951787951e-01
2.769091968037900031e-01
2.612197732058273436e-01
2.486907059569807565e-01
4.954846371214455258e-01
4.969393482407918894e-01
2.464889877850806599e-01
