2.311462747862911560e-01
2.578149351277976842e-01
2.537705705016293223e-01
2.873579119204492383e-01
4.756809280365731918e-01
2.971130871176256849e-01
2.209039529837129034e-01
2.965254457737751537e-01
2.184263565445410393e-01
2.970024325710765578e-01
2.212812986510532542e-01
2.332469430983933056e-01
2.299794798478656810e-01
3.456646445005311929e-01
2.972674584964929978e-01
3.363779491489849449e-01
2.665268939963089112e-01
3.111850551919333463e-01
3.138259672510515519e-01
2.841705554534251221e-01
2.883301763557459263e-01
2.247158824100271846e-01
1.974347311417091744e-01
2.191006303360392427e-01
1.748527382236477468e-01
3.655079121246669338e-01
3.759536272446412086e-01
2.413815192556297284e-01
2.666886618317550472e-01
2.965556733429682845e-01
2.237503647505758586e-01
2.125710021449229159e-01
2.975909216726627671e-01
2.458351093661199638e-01
2.633496980947454547e-01
2.590892693190971485e-01
3.457850871551603755e-01
5.812770877333071073e-01
2.488770239120457750e-01
2.929723175349109310e-01
2.570883961868367651e-01
2.835269061869967744e-01
2.806833340516529107e-01
2.680568936044259720e-01
2.478920551133267092e-01
4.962751232235097509e-01
4.968481720748157415e-01
2.485328562617754866e-01
