2.322241674932274125e-01
2.809453540041733088e-01
2.572740481807350710e-01
2.839607071071239552e-01
4.321429054476009779e-01
2.969918459069196826e-01
2.166426603743556722e-01
2.961876807210707674e-01
2.225020827021329528e-01
2.960520605404419747e-01
2.177264695020985352e-01
2.280241596950528249e-01
2.301124685224100463e-01
3.422928139422108940e-01
2.937692110630132358e-01
3.424555656112556190e-01
3.581777304371512316e-01
2.665413349294604717e-01
2.668489580565707731e-01
3.698316824283302551e-01
2.886690324294714505e-01
2.216391342010703980e-01
2.036924059480401117e-01
2.189423351710262089e-01
1.758735094180834124e-01
3.758186489074848979e-01
3.712578351575797075e-01
2.572968160289998418e-01
2.588090412773829674e-01
2.972222678559775511e-01
2.226559925473468038e-01
2.153854010690233189e-01
2.949526331955887870e-01
2.414384818239115604e-01
2.293286436551825458e-01
3.315278942385189165e-01
2.654550314979035042e-01
4.978752452416390639e-01
2.455876763548171249e-01
2.910263847893050926e-01
2.807157295092585492e-01
2.753355482636678508e-01
2.595060217504153166e-01
2.747039610178655389e-01
2.481275022143758502e-01
4.969606638864998982e-01
4.968375372335788187e-01
2.471005177297926347e-01
