2.312869994877287672e-01
3.414579781685668780e-01
2.516710506701591021e-01
2.862900864093024245e-01
4.016287044910720749e-01
2.981789088624782758e-01
2.198558852845321765e-01
2.978027156758921157e-01
2.208382428210643456e-01
2.938244054734586719e-01
2.148120130494763080e-01
2.273482827093067926e-01
2.311935052294222803e-01
3.416085130209862153e-01
2.937038267667836933e-01
3.333070917933901312e-01
2.551933296919267069e-01
3.306149647945465508e-01
3.229032311331797578e-01
2.826323647048047949e-01
2.917285368734377493e-01
2.386273168296189351e-01
2.041674715513122351e-01
2.143867237216897925e-01
1.760107872888277414e-01
3.655262677624099288e-01
3.782652575296988617e-01
2.444346618684877792e-01
2.731003685825270644e-01
2.949194450198956430e-01
2.264358120523816686e-01
2.129334076812202381e-01
2.905365686308121753e-01
2.509397955090542642e-01
3.086177159131328618e-01
3.023847038431823897e-01
2.749505232537042265e-01
4.832827484147439456e-01
2.454771800328209852e-01
2.876576355013248931e-01
2.336760414307111344e-01
3.715634868448541850e-01
3.469394892996640611e-01
2.599733963804219394e-01
2.462827120757800359e-01
4.965888607620125295e-01
4.946083279604809868e-01
2.469958507850728846e-01
