2.362936659654254201e-01
3.898504779998775982e-01
2.530484479315949220e-01
2.850478584807220050e-01
8.982699466641947961e-01
2.973124267710210433e-01
2.149231534643190611e-01
2.979185407317335166e-01
2.183932181498714764e-01
2.931291163099644659e-01
2.186351716787200139e-01
2.264727832297014631e-01
2.298849442229707329e-01
3.372391868719338270e-01
2.959390963028684096e-01
3.545657452225288719e-01
3.784081872261242374e-01
2.623053811049479433e-01
2.595666101323024222e-01
4.131254648444359634e-01
2.874917181790897502e-01
2.151855854676210378e-01
2.109069852434613535e-01
2.147119203178136093e-01
1.746696799608274120e-01
3.989290780236658951e-01
3.595292242347016276e-01
3.314351536489486549e-01
2.427054511758523769e-01
2.952516976304090379e-01
2.216851677391984410e-01
2.115770037474902776e-01
2.942049387214957235e-01
2.422049882826338985e-01
2.090799738858200585e-01
3.197299919343749575e-01
2.590569618303587007e-01
4.175708347490756922e-01
2.459908392361543905e-01
2.935000577325198035e-01
2.649190097227708263e-01
2.755618445257005389e-01
2.773282193468958878e-01
2.728095217633007552e-01
2.465765350084113960e-01
4.969549600621990804e-01
4.964843258290487227e-01
2.486601872039484462e-01
