2.289720613175842967e-01
2.968183552681181725e-01
2.555839683150926134e-01
2.855617287282674610e-01
2.641261056126560369e-01
2.975617798103330491e-01
2.166072893511967190e-01
2.966292230163193322e-01
2.265781547010969899e-01
2.958245088899518205e-01
2.180925521288964997e-01
2.283315081095761978e-01
2.300848062631800639e-01
3.437916472664546697e-01
2.962611937141077512e-01
3.375216265552699602e-01
2.728735245762360928e-01
3.123200606872476026e-01
3.087696264499038556e-01
2.860897940795965599e-01
2.919216074953326356e-01
2.356084200390110017e-01
2.029909489933351407e-01
2.185608359942396994e-01
1.753523613156275085e-01
3.654265107914351773e-01
3.769171155983533361e-01
2.417462529007839700e-01
2.685121293402646381e-01
2.954669886003674084e-01
2.287757678249116577e-01
2.142190430995921102e-01
2.916607972103752999e-01
2.603064864664913491e-01
2.262449100227215126e-01
2.990439762196349660e-01
2.798312744056245527e-01
4.280688852364399333e-01
2.463433545007111536e-01
2.929530676230759356e-01
3.009831402292623137e-01
3.031085484349121950e-01
2.783428556445289859e-01
2.549171620853217246e-01
2.467850531860776020e-01
4.960698876278043512e-01
4.959040432962121270e-01
2.469015955217082336e-01
