2.220096943816840251e-01
3.281678979343724545e-01
2.540784096982549589e-01
2.885485828671632835e-01
3.854362271623489877e-01
2.946978856719835727e-01
2.181563731177019461e-01
2.958671932030157992e-01
2.194014442878252924e-01
2.909273382671788699e-01
2.567141535936237062e-01
2.234691409455424882e-01
2.320507043866584518e-01
3.132544335268966362e-01
2.869793394701709577e-01
3.458853835786492303e-01
3.832843213406499361e-01
2.778270792450188154e-01
2.453126688491884255e-01
4.002816643881607073e-01
2.960377359166358469e-01
3.526948349790618997e-01
2.408143349739077788e-01
2.183173396392487364e-01
1.750500498518736958e-01
3.974001489284710309e-01
3.576879055381144146e-01
3.313747775659365846e-01
2.454079207304394050e-01
2.958889601451025753e-01
2.505685415136475469e-01
2.169057071773905221e-01
2.889398090957560616e-01
2.369570682159530817e-01
2.928449350009701413e-01
3.042210490372933562e-01
2.635179613383654140e-01
5.029113028797199680e-01
2.490301935768826358e-01
2.871613767457970590e-01
2.365409016506321294e-01
3.391517270564893272e-01
3.136840289121513026e-01
2.709907096623671574e-01
2.488663133323348320e-01
4.942877268081262709e-01
4.972177621744918730e-01
2.442479204866580267e-01
