2.223022780415759569e-01
3.235290220641932613e-01
2.546074503739856332e-01
2.867498038678863437e-01
7.177912557362123858e-01
2.945099564402287040e-01
2.206975873899774954e-01
2.959425752791770003e-01
2.257531897264353493e-01
2.968671382068326370e-01
2.189619070319792082e-01
2.265547836877822019e-01
2.315013180634336865e-01
3.384329105781496705e-01
2.943475375321470966e-01
3.437151667628673413e-01
3.610096088764814803e-01
2.680699464221489858e-01
2.629210962405930108e-01
3.931596825781854543e-01
2.923993108077395653e-01
2.296132739836288517e-01
2.064823278798475770e-01
2.146691269860171447e-01
1.747174558192279015e-01
3.785969188434679666e-01
3.680060386639618097e-01
2.645783632761823934e-01
2.501980200957792944e-01
2.952479812938845760e-01
2.338835879151051900e-01
2.133802630011675805e-01
2.983137402762330304e-01
2.468175761204675078e-01
2.648009110615910378e-01
2.628037392520911064e-01
3.746724194458432855e-01
2.803896849967851823e-01
2.462322596265735797e-01
2.892846970181907063e-01
2.635228985343679442e-01
3.048991832768924715e-01
2.918796314418541926e-01
2.494392029081046458e-01
2.463905442402322676e-01
4.966859423435640020e-01
4.956800020225769488e-01
2.469694638570521794e-01
