2.615680418511217575e-01
3.834886993163398317e-01
2.510064279019069700e-01
2.917485159284426421e-01
8.960530915691277132e-01
3.039178062620197518e-01
3.634243079250072950e-01
2.926247629443895493e-01
2.054738144785649145e-01
2.981027303922816896e-01
2.482789007963794037e-01
2.647731226012655648e-01
2.895511686328648970e-01
2.372495969667257065e-01
2.977354568543481572e-01
2.125678507049428845e-01
3.748602835607789396e-01
2.617907498627391472e-01
2.732586062830290596e-01
4.202180033818788685e-01
2.213210951868898879e-01
3.493810470767204635e-01
4.029559345435771434e-01
3.654312173841213207e-01
1.755273736437916177e-01
3.441000203130221147e-01
3.830956772895672824e-01
2.154441953644209706e-01
3.252715366349227533e-01
2.995861896286230452e-01
2.370153374154701786e-01
2.159982611829119048e-01
1.145238553508072799e-01
3.809328361849214639e-01
2.243836921858724798e-01
2.688653456426397526e-01
3.775649750276843797e-01
5.819507586101092533e-01
2.278037680197755321e-01
2.934777116487296000e-01
3.369238828315918033e-01
2.735524941602593962e-01
2.227218591001313142e-01
3.760920076024546477e-01
2.531054441489150042e-01
4.943345165383876694e-01
4.985662418993472289e-01
2.455305619434313136e-01
