2.300577557815192131e-01
3.420238139920362963e-01
2.546487526389062950e-01
2.841653562336005079e-01
6.504474735003223929e-01
2.853653218746219355e-01
2.344500827506491025e-01
2.745678876964423032e-01
3.543160698979239132e-01
2.935980716356406117e-01
3.519068127383074840e-01
3.389064821771903824e-01
2.788854850867095725e-01
2.200719104247705893e-01
2.893038873635701558e-01
2.146604612204637830e-01
3.796637924749565740e-01
2.671523399935193388e-01
2.542340401857033916e-01
4.075383897939762190e-01
2.226897710228633864e-01
3.428465063462218798e-01
3.971356672048556580e-01
2.292698526873106213e-01
1.745834192501999615e-01
3.606373736140170427e-01
3.891100912708782000e-01
2.411412326236908876e-01
2.975621987206212848e-01
2.825830110404951578e-01
2.127155982477187957e-01
3.540649277775542170e-01
7.186291179371875337e-01
6.112954355173026988e-01
2.204891476550020490e-01
3.863974226551889490e-01
2.980108622104917782e-01
3.867991371438541104e-01
2.453666482092781154e-01
2.973617990785425436e-01
2.355083851715543131e-01
3.548202239970982830e-01
3.423524442865877870e-01
2.720744851716011548e-01
2.457035454802299901e-01
4.953175972384490922e-01
4.958466701009459632e-01
2.487955398474743784e-01
