2.296971937765875105e-01
2.952700961935882384e-01
2.548425114511015943e-01
2.864391115825062895e-01
3.787322616530992003e-01
2.983446827993093131e-01
2.172037701416071886e-01
2.958464499448560936e-01
2.217868627868372078e-01
2.962250292378695860e-01
2.199359248704091108e-01
2.308657318309064732e-01
2.324662148293997199e-01
3.369925645025435013e-01
2.931718650110430313e-01
3.430833171440073048e-01
3.475611885222401054e-01
2.716181699029561192e-01
2.593825389775574197e-01
3.762667106880514534e-01
2.923819895877647901e-01
2.339782631364573651e-01
2.051263881158038593e-01
2.208710691446945651e-01
1.749712998763679195e-01
3.666650087058069274e-01
3.780653324113032454e-01
2.442769536007596276e-01
2.704795103357184871e-01
2.950346263322571327e-01
2.318155593487881694e-01
2.143831479120291705e-01
2.891696046779422269e-01
2.540355013542079932e-01
2.236400456345899734e-01
3.384141424331790216e-01
2.742723398147189351e-01
4.203124102685186214e-01
2.477000281768540202e-01
2.912270286118655571e-01
2.866898570966072701e-01
2.958166460989188895e-01
2.688695146221236065e-01
2.618365999983516268e-01
2.475278322312184920e-01
4.962525260670732075e-01
4.957115296136658800e-01
2.469135425633668113e-01
