2.271241921893670246e-01
2.699770446210305597e-01
2.582162709460198990e-01
2.806607474264604107e-01
8.503367757532008797e-01
2.976063486312963136e-01
2.140830904229970300e-01
2.965772721854357807e-01
2.183317509026796999e-01
2.954369445907090719e-01
2.130424500127620357e-01
2.211460667225123022e-01
2.297655935100423596e-01
3.391573848676138203e-01
2.967718964878554577e-01
3.404838105412833493e-01
3.763946994855879580e-01
2.627108527417904571e-01
2.650473818215253186e-01
4.161629890788718922e-01
2.909141063101982061e-01
2.219516235046407049e-01
2.019416581085529960e-01
2.160089669418224778e-01
1.747374368751228868e-01
4.006672533219253762e-01
3.603095433940813330e-01
3.202866155441594920e-01
2.373199988486145162e-01
2.955904364382933580e-01
2.161100922111697520e-01
2.122355290180757137e-01
3.062973721151347473e-01
2.952325193462936315e-01
3.000178492660423024e-01
2.647263626203198439e-01
3.613961365284609761e-01
3.091298941113328480e-01
2.443352795323823212e-01
2.918212258313133689e-01
2.588620311725471357e-01
3.249998569125725489e-01
3.183918818361626824e-01
2.436579412836251401e-01
2.453649255433947851e-01
4.954623782980593916e-01
4.954424755404640557e-01
2.442760115280872557e-01
