2.321010726761681964e-01
3.265681530918926323e-01
2.550139075172373482e-01
2.856824741321871697e-01
5.193877161488521521e-01
2.983734249530810567e-01
2.159868406842883337e-01
2.968664858218267866e-01
2.207969685258887871e-01
2.957055121939751730e-01
2.174035867809092082e-01
2.307122346232220456e-01
2.307197269402578577e-01
3.452672275896113141e-01
2.959357003360252314e-01
3.368741413274210506e-01
2.628925885735633461e-01
3.360888616757972680e-01
3.285481864133761865e-01
2.778961986641565463e-01
2.930346259714255996e-01
2.292509216703806918e-01
2.065143454467410211e-01
2.140818127544120986e-01
1.749992823682015308e-01
3.911480701966177365e-01
3.612503645972817701e-01
2.865399647556496343e-01
2.440304438947014654e-01
2.956300735219404285e-01
2.299093494662997339e-01
2.146754400693806353e-01
2.926643742169575679e-01
2.350453126874408327e-01
2.253484467526448709e-01
3.328637427833315288e-01
2.595512774563424885e-01
4.973226936773968432e-01
2.469559407302128196e-01
2.914967773992162559e-01
2.746287445067820965e-01
2.795109298740010018e-01
2.607251309009870899e-01
2.766689931441249084e-01
2.472164501947522186e-01
4.957469137164492445e-01
4.950759663619750950e-01
2.473989447932690988e-01
