2.291267766925932370e-01
2.909339895911456919e-01
2.560833879128067703e-01
2.858467841724490199e-01
6.573440699755008776e-01
2.967045358081565332e-01
2.178669474603865952e-01
2.968086037671573418e-01
2.210710354488771567e-01
2.947383575805874734e-01
2.441503533789208813e-01
2.279250475406572052e-01
2.396538380108743094e-01
3.436387722449875670e-01
2.890808713355982329e-01
3.457524001226738863e-01
2.979902187358278165e-01
2.896612869148684766e-01
2.740927833559402282e-01
3.145041706168450468e-01
2.947152253307864789e-01
2.325384378241627525e-01
2.375000998308020861e-01
2.193843428615733504e-01
1.749790954002846954e-01
3.852541569990002857e-01
3.657739789416518672e-01
2.757631977343776297e-01
2.497592538640863447e-01
2.965473744059196060e-01
2.316945709913471596e-01
2.142112684818563151e-01
2.904870642165338634e-01
2.640478222795816787e-01
2.252360525150376158e-01
3.156641567263474002e-01
2.712264508122800843e-01
4.289060850175372974e-01
2.461233059944754331e-01
2.922415353639020164e-01
3.061640488366430546e-01
3.001287651572051018e-01
2.553162849669656786e-01
2.756633208368822197e-01
2.453768511127726037e-01
4.964265070325860063e-01
4.960070285264823742e-01
2.465533762575762289e-01
