2.309407459433239218e-01
2.605899446342718195e-01
2.532013251101161710e-01
2.851748317354965145e-01
5.616818502451107475e-01
2.972586199370174098e-01
2.155093125026266987e-01
2.966232796174103070e-01
2.253037151884926814e-01
2.962276024961130183e-01
2.431136112366724666e-01
2.362578405953409677e-01
2.391983168563150408e-01
3.509399545957741506e-01
2.912779690223818441e-01
3.456219110454356591e-01
2.569972943506914631e-01
3.723261341829765536e-01
4.207616581835689207e-01
2.728208988096715304e-01
2.962821066368496181e-01
2.392023964609769904e-01
2.154906744553041487e-01
2.195336578929525106e-01
1.744959457993781882e-01
3.728594034924488931e-01
3.721333790601482616e-01
2.564875248866762547e-01
2.604359490836761215e-01
2.953739478893487314e-01
2.327619170555817740e-01
2.186602327876130403e-01
2.866641374270780807e-01
2.473295007159070080e-01
2.320609067294638339e-01
3.259703085026446900e-01
2.683346958002648663e-01
5.186992342291494307e-01
2.466950404544191178e-01
2.885927148248663143e-01
2.631316207378963101e-01
2.687142830736712895e-01
2.922548747530411828e-01
2.670650117520829703e-01
2.470420242524674070e-01
4.967094026750717983e-01
4.965992246322107340e-01
2.503237887969577136e-01
