2.357419931381727618e-01
3.561278585478132586e-01
2.536384863415167557e-01
2.856234982257976340e-01
5.221588961763387049e-01
2.955763346980858630e-01
2.150481517431778733e-01
2.961776878405522062e-01
2.203251385242605553e-01
2.971183890933329907e-01
2.303331374805248632e-01
2.276120246110416578e-01
2.330842192766114651e-01
3.334940054876805449e-01
2.894720737992362292e-01
3.432201347603250907e-01
2.817249618787331378e-01
3.009365458506585433e-01
2.824964980784774315e-01
3.088350468294618900e-01
2.951798664545141615e-01
2.499060596142442803e-01
2.278856782722591401e-01
2.229016256760915082e-01
1.754266578951365063e-01
3.611417462567203529e-01
3.813692784071106012e-01
2.367090739708091474e-01
2.856076655822062937e-01
2.944263295150736370e-01
2.341613306437780595e-01
2.135947835243777737e-01
2.838400789467859231e-01
2.493426920584940476e-01
2.202191323823284586e-01
2.629916342544764696e-01
3.185084751980363782e-01
4.835807047987500384e-01
2.455376422658890334e-01
2.915461775908328446e-01
2.969993127333667715e-01
2.904558404350615075e-01
2.617221270005571365e-01
2.658555273800010665e-01
2.466122062546899918e-01
4.970311891261544601e-01
4.959659206334241510e-01
2.480247648239429781e-01
