2.296111996488878759e-01
2.559308509317103630e-01
2.559092641966866366e-01
2.840366371004464652e-01
1.809112065654814305e-01
2.966186066300286472e-01
2.183534677951861902e-01
2.964563017927738797e-01
2.232128511883043898e-01
2.952101646873758201e-01
2.218788671839038440e-01
2.283724944588950978e-01
2.316010888548948043e-01
3.399124338664060163e-01
2.936533021590467252e-01
3.396628957646241065e-01
2.928381768096653959e-01
2.884914484019063807e-01
2.882480362738479851e-01
3.046949345756621019e-01
2.933960367748504328e-01
2.327845670844920223e-01
2.091631913374556728e-01
2.180612858762313033e-01
1.754982920952593561e-01
3.712321600145946920e-01
3.732903194072177411e-01
2.505708822710963624e-01
2.612560396522869421e-01
2.964174123554732532e-01
2.274888211932793447e-01
2.144346567276321225e-01
2.918511209326898892e-01
2.431176024306966332e-01
2.288764148264899601e-01
2.854247530707276770e-01
2.868663253011075054e-01
4.208428282254209063e-01
2.468919920587417660e-01
2.914895830216764350e-01
2.950992207557043834e-01
2.758715777365355892e-01
2.558430940228801909e-01
2.798228851765509617e-01
2.471046801190248943e-01
4.963788394784054425e-01
4.966112463260218268e-01
2.457018100271676220e-01
