2.337272793902313295e-01
2.574815889197093477e-01
2.553594703175223746e-01
2.857007132947488315e-01
1.162655288999949882e-01
2.971442481225443077e-01
2.162529967965911570e-01
2.967172962638036648e-01
2.227506699339723839e-01
2.953258574881336140e-01
2.201543347276956331e-01
2.233695390608067544e-01
2.309931967660769081e-01
3.403607612573316676e-01
2.941950304627065638e-01
3.307258696570834489e-01
2.740758671379298073e-01
3.042975542424701807e-01
3.036746232688564695e-01
2.943885071449900970e-01
2.954237508725317540e-01
2.312424947077718340e-01
2.160993874885727972e-01
2.158851648114562816e-01
1.751623211401754643e-01
3.834525978227797394e-01
3.658431112724096490e-01
2.730494286858654585e-01
2.486290220269038176e-01
2.965453839365229660e-01
2.298470603559736314e-01
2.134370209311554911e-01
2.889587860265973029e-01
2.424653926626476608e-01
2.256786834373891160e-01
2.974184498410171185e-01
2.900191121688032170e-01
3.901161402636654785e-01
2.459771424698045106e-01
2.931504379713000263e-01
2.980203197547135474e-01
2.999556066941472254e-01
2.799927831459625427e-01
2.544341912533656935e-01
2.461617275009070349e-01
4.960133256456178974e-01
4.963913649221629587e-01
2.466050429018530332e-01
