2.255677239949570034e-01
3.827765732887486450e-01
2.555036704163738959e-01
2.871874672644469939e-01
1.176081103376868109e+00
2.782897113114110033e-01
2.142477127798166903e-01
2.927330766985764554e-01
2.202686359514181569e-01
2.966547182388248882e-01
2.361556429597314599e-01
2.732943672456683015e-01
2.915623940066841002e-01
2.215201542817314684e-01
2.969544626997915326e-01
3.456657197978913465e-01
2.606801585580354463e-01
3.308393313871604846e-01
3.401469290199213846e-01
2.856916115543684520e-01
2.960999280619297513e-01
3.519976593750661631e-01
2.226123474645124722e-01
2.441614470952324367e-01
1.753176301291949069e-01
3.696496399261743337e-01
3.778968929362281903e-01
2.578576886756709929e-01
2.704837704444615909e-01
2.963612527175191191e-01
2.208177932378906916e-01
2.133572351666999101e-01
4.357323455262469558e-01
6.251411910642540315e-01
3.188562628787153241e-01
2.959055144332977116e-01
3.856572646233805690e-01
3.612770483224850837e-01
2.456535150599165329e-01
2.770476969517959298e-01
2.783511784990592153e-01
2.992812283620512326e-01
2.741848481524668535e-01
2.521714288791879199e-01
2.460459125669336167e-01
4.958007726031254947e-01
4.951386988140553669e-01
2.482640502317273734e-01
