2.194148364931397255e-01
3.887449817937190799e-01
2.615531879094843970e-01
2.786199896201538295e-01
1.525494715741859686e+00
2.944420119141534786e-01
2.236575449614326416e-01
2.982216860965580252e-01
2.096817469052116578e-01
2.857218008723970137e-01
2.074587553647392613e-01
3.366157084748971351e-01
2.944638848848351587e-01
2.114122781355305125e-01
2.935936268954237316e-01
3.489857927104432211e-01
3.835236674808669144e-01
2.820788432659048217e-01
2.658194194098696950e-01
4.074761352028801187e-01
2.977081407453759931e-01
3.530520209259714326e-01
3.172070730738850153e-01
2.314406817137061312e-01
1.762915967286680097e-01
4.027731304547478297e-01
3.718684468213923622e-01
3.506067491645826761e-01
2.590020578507966631e-01
2.873828904526848360e-01
2.139166693173740197e-01
2.178277636128997941e-01
1.124122688425494898e+00
9.277697118811363275e-01
2.081225348763031946e-01
3.704712625015155192e-01
2.552619766629665166e-01
3.573965779330677273e-01
2.503246762768081002e-01
3.017067695890306989e-01
2.565671440701059458e-01
3.523194121357611230e-01
3.751382857361356127e-01
2.405950045846977081e-01
2.519262733487627748e-01
5.007289690801405291e-01
4.973587143077649597e-01
2.472785719612564381e-01
