2.255081729056730155e-01
2.799252739111311450e-01
2.565223375451908816e-01
2.795845410799461250e-01
3.377532195423149641e-01
2.957075113434248226e-01
2.224628293947911173e-01
2.944465063044353070e-01
2.165378104378928581e-01
2.876859603309995794e-01
2.315726464690028019e-01
2.212462088676147853e-01
2.279515948537537973e-01
3.049742227825893437e-01
2.816576304780533668e-01
3.508961620372122447e-01
3.838649583425826628e-01
2.745071125543209201e-01
2.480864779774788198e-01
3.981433988104141619e-01
2.900468109820485418e-01
3.560872473515481751e-01
2.758270204315724783e-01
2.289392432043362013e-01
1.746348076525072457e-01
3.886963235592739152e-01
3.611051391145866374e-01
2.892557765470242792e-01
2.508499873572351269e-01
2.957021733044081224e-01
2.340285374175685440e-01
2.208655582950322660e-01
2.849604743400122042e-01
2.567740889892680123e-01
2.191831940532723566e-01
2.681505964447086776e-01
3.361534408604659463e-01
4.335980885813970898e-01
2.480032146058475939e-01
2.927023781134866498e-01
3.450159740119968510e-01
2.658890681311799620e-01
2.386788957187377935e-01
3.727366487489747193e-01
2.471298039142379999e-01
4.971282426558883416e-01
4.985685442082072316e-01
2.451662115242433659e-01
