2.240053777304026883e-01
3.205366216370006960e-01
2.561699020039198693e-01
2.860680174277471788e-01
2.027589820910031260e-01
2.971808576109480349e-01
2.169347170046636575e-01
2.978783292977871255e-01
2.221898234102632763e-01
2.961085188242338351e-01
2.188256216890189787e-01
2.301417880465863874e-01
2.284927510045154653e-01
3.425018468925564719e-01
2.954998026891279550e-01
3.455904328463739739e-01
3.600239051953099678e-01
2.672592015896304574e-01
2.624005985772405181e-01
3.893396992640317245e-01
2.902206678279410368e-01
2.265302889475649950e-01
2.113619758060970577e-01
2.176465275305489999e-01
1.753089445021734638e-01
3.791218838241547928e-01
3.668212879496817735e-01
2.616542555752759958e-01
2.489464073732992611e-01
2.970621535938416380e-01
2.287530595780620235e-01
2.140620927373578231e-01
3.030866011710782182e-01
2.469950139356809626e-01
2.582471289284407612e-01
3.151844983790748067e-01
2.882181738973936258e-01
3.143992307124701679e-01
2.467377382589515666e-01
2.608552877738251619e-01
3.110625337645422372e-01
2.550170290091059444e-01
2.493660173253320345e-01
3.052901267823694420e-01
2.479236615308953173e-01
4.962469354320644399e-01
4.961884357660106826e-01
2.483099393290396917e-01
