2.376852859728311174e-01
3.892915028022298496e-01
2.618619090533464977e-01
2.788543244942502941e-01
5.259011547604730552e-01
2.982354377324398231e-01
2.132704546116121203e-01
2.959386324291952142e-01
2.190225294149233393e-01
2.969656074111421407e-01
2.114245987756045997e-01
2.268450376106518618e-01
2.323365853384688207e-01
3.388994363299246415e-01
2.892465153660596089e-01
3.484537449094857742e-01
3.811731316354916577e-01
2.663265111017113496e-01
2.559539957012597622e-01
4.088310357481196866e-01
2.998183781362174227e-01
2.108173711431828579e-01
2.710688281684210388e-01
2.165191373338021807e-01
1.740357681868160977e-01
3.820741875471507232e-01
3.451565117222539225e-01
3.286055534387660737e-01
2.238685782700730320e-01
2.993699357497450753e-01
2.336899023095660999e-01
2.155348577630022133e-01
3.081247997937014427e-01
2.344690300314766773e-01
2.158642873674804508e-01
2.576883623114047395e-01
3.805394766019413177e-01
6.116791486410568801e-01
2.558218497997233887e-01
2.987683552249761898e-01
2.239518712194336902e-01
3.759018209257924958e-01
3.629331190538095386e-01
2.633552577992988586e-01
2.496510289558050710e-01
4.932106852036159395e-01
5.011215733100977676e-01
2.550060150431087136e-01
