2.298859740358323300e-01
3.860740344883101249e-01
2.587210782722719205e-01
2.847887499054175264e-01
5.874719374049379716e-01
2.879615331390963928e-01
3.498556731637150752e-01
2.935231711846016389e-01
2.335077207209591277e-01
2.970155928350330932e-01
2.336720863998635322e-01
2.167166265868972208e-01
2.603496722324428747e-01
2.879549818960559504e-01
2.885724024494398243e-01
2.772987528219794662e-01
3.868810114837906156e-01
2.861853972703382598e-01
2.485637248418351153e-01
3.881267368613903757e-01
2.755735528059141681e-01
3.539046694007473293e-01
4.163941456413912667e-01
3.545260773327126302e-01
1.762376234891081250e-01
3.828840077600955683e-01
3.640856739150256649e-01
2.811571247775656590e-01
2.462653189287415945e-01
2.971920281142113041e-01
2.144233247148839838e-01
2.151311571833467717e-01
8.500518505864257390e-01
5.569379096272626395e-01
2.159255616069172545e-01
3.579081475495312636e-01
2.608368634212067660e-01
3.692048144763158124e-01
2.438195229027791400e-01
2.898978941978048174e-01
3.507145366438246259e-01
2.528544786182628790e-01
2.362913964718502402e-01
3.698373909098436885e-01
2.467445181300599311e-01
4.966033784606979640e-01
4.970163937839388035e-01
2.518019072730147134e-01
