2.292731129322640171e-01
2.585956711967783428e-01
2.552065258093817457e-01
2.854329907692330082e-01
2.091612173927967222e-01
2.980606337351381363e-01
2.168071579543385530e-01
2.964503520791403890e-01
2.291421322014627615e-01
2.961818517410707563e-01
2.296318489157772869e-01
2.312691447553904822e-01
2.333943330804603145e-01
3.446261950830044052e-01
2.930942157627869360e-01
3.450249592744590865e-01
3.146442999657989015e-01
2.789860219721192469e-01
2.684596173256524332e-01
3.348165463226954741e-01
2.921058061336655465e-01
2.293532239272908502e-01
2.156491505280451193e-01
2.192149005599502154e-01
1.753116136872349962e-01
3.754586748005612207e-01
3.700567202045124682e-01
2.594916438065055231e-01
2.556450804595108983e-01
2.959633532905843745e-01
2.235328185698635950e-01
2.150228334276369779e-01
2.982691264231613348e-01
2.335636451212562970e-01
2.297372686364127226e-01
3.039612869827877928e-01
2.686263093001709512e-01
5.328055566004780141e-01
2.461619170374298171e-01
2.898604484766478251e-01
2.902741646524716335e-01
2.697153790352037062e-01
2.641634720438539863e-01
2.708278738196711610e-01
2.474154779631737022e-01
4.960405607793532679e-01
4.962709239232347969e-01
2.470166241308963673e-01
