2.348777295824437394e-01
2.505830258624170970e-01
2.547089397213431194e-01
2.849197113064846354e-01
4.543163606471832261e-01
2.989087673001874501e-01
2.148249467411134372e-01
2.959223704562427559e-01
2.348821633656313357e-01
2.974219422361550902e-01
2.182498593824847566e-01
2.265823885100557433e-01
2.318125520344329615e-01
3.450778876849838195e-01
2.966445827456187789e-01
3.381906830917005280e-01
3.795630809624110369e-01
2.678931820433088640e-01
2.564522981255328848e-01
4.053516426290194041e-01
2.920780830140753404e-01
2.240131180547109413e-01
2.041428140393889423e-01
2.208222476808668067e-01
1.760548711059723714e-01
3.639065453613059553e-01
3.762363509804197426e-01
2.368990620938792313e-01
2.631675307757300186e-01
2.957116386537971264e-01
2.190028985440256037e-01
2.130026445706341420e-01
6.008168910049670464e-01
7.350645339549993773e-01
2.471138149058710598e-01
3.101615277587373432e-01
2.893753871781570841e-01
2.842739012796684506e-01
2.495664834688241795e-01
2.769287893999333172e-01
2.522071852874100406e-01
2.773242399493184296e-01
2.971759093843360233e-01
2.782621684215840219e-01
2.461748437936348566e-01
4.956608957902821633e-01
4.962194668820292809e-01
2.472791435037952068e-01
