2.233755808242053609e-01
2.631955931900948342e-01
2.542945732943349690e-01
2.873233342245016253e-01
4.778098115467069862e-01
2.952841690297009491e-01
2.190133425814458079e-01
2.956475893870297300e-01
2.188547061839823671e-01
2.957348865299578300e-01
2.209952386517453071e-01
2.243687176464243538e-01
2.308430244342239701e-01
3.411783610433843372e-01
2.954078109669600605e-01
3.384974775565900984e-01
2.680661223096694745e-01
3.253438101779461689e-01
3.211673517109553955e-01
2.820679441442561219e-01
2.937780112366468188e-01
2.348303484152111376e-01
2.113950105194006279e-01
2.178891718460549964e-01
1.755120460860773723e-01
3.857813490350139873e-01
3.633536511682896597e-01
2.779452758632191545e-01
2.451853151643949846e-01
2.961682312031619357e-01
2.199325322780256997e-01
2.165146529509737738e-01
3.116809195538203237e-01
2.494803015756132669e-01
3.450480132623793827e-01
2.611726600863549241e-01
3.464457200682847793e-01
2.621835031637561042e-01
2.459593689101980674e-01
2.893800927975057613e-01
2.643442536774404106e-01
2.876088776760515886e-01
2.867657965914570672e-01
2.567800930933099024e-01
2.483062781086536053e-01
4.963538125831609693e-01
4.958659506059971411e-01
2.470842668784359875e-01
