2.316734228468467216e-01
2.460383887826565197e-01
2.538477974860858799e-01
2.906786894702720891e-01
6.545300983099255898e-01
2.988109763926894979e-01
2.279044894184321379e-01
2.942858546678493448e-01
2.168429995190101767e-01
2.961319618029852330e-01
2.235192659243219471e-01
2.236272613357773165e-01
2.329556651116103660e-01
3.324676871617635032e-01
2.907435002961362702e-01
3.570040434615541769e-01
3.753154476479811374e-01
2.557742098807840869e-01
2.695849807499166584e-01
4.246341494960667595e-01
2.879876002637468679e-01
2.099801789721086054e-01
2.201303567492777780e-01
2.251258504460205145e-01
1.751232304642056925e-01
4.098328625974740902e-01
3.608539026329577459e-01
3.531278149460557181e-01
2.368884844826150138e-01
2.950254607954198027e-01
2.241638684718758046e-01
2.170357443168494660e-01
3.277787480088018568e-01
3.211808676530880091e-01
3.009769531812832022e-01
2.698177646708014854e-01
3.098797122653195735e-01
3.490510442625848753e-01
2.440548249951941528e-01
2.887458031108784406e-01
3.642128191139248350e-01
2.496215398525905571e-01
2.458769636427112493e-01
3.744039465526467492e-01
2.462373234449702908e-01
5.005159132504672925e-01
4.964789633315110917e-01
2.506707360319002653e-01
