2.237641189579022138e-01
3.664261152703583990e-01
2.574027041263249882e-01
2.873998301207950079e-01
5.720560340814735412e-01
2.967406702210433900e-01
2.176937100458342100e-01
2.926628749404927565e-01
2.259985038326791096e-01
2.947343021092539428e-01
2.238659567044116727e-01
2.308556581799355856e-01
2.321013712391452877e-01
3.464310956098093364e-01
2.957253074356467892e-01
3.387658229268099008e-01
2.651345587168181805e-01
3.263970980557157064e-01
3.255962592800428212e-01
2.894769194236968546e-01
2.944533498043357400e-01
2.395380701971507320e-01
2.060173875232236274e-01
2.210852612108354931e-01
1.773697474200222612e-01
3.538609774438071232e-01
3.865968565076004504e-01
2.247424110031654987e-01
3.017835575588533881e-01
2.954187031879204617e-01
2.379349619062534060e-01
2.158854005149410116e-01
3.038237082102581144e-01
2.488879767332959070e-01
3.549175710011036045e-01
2.520174775510274356e-01
3.358944619439948043e-01
4.323999154735627126e-01
2.457901984497449233e-01
2.798651113673616408e-01
2.383297600213897804e-01
3.707852424371418376e-01
3.577080460517967353e-01
2.479951881406006475e-01
2.497911112731170669e-01
4.960409157427039251e-01
4.963608628087789465e-01
2.475323954985224617e-01
