2.198074191523163301e-01
3.848338844534744951e-01
2.540778949675930876e-01
2.847768575508097255e-01
3.892752833096392306e-01
2.920304291926780205e-01
2.184276589477450181e-01
2.962921840426412934e-01
2.198111649604890805e-01
2.925868532367231212e-01
2.385432923879182154e-01
2.194539904494605675e-01
2.316263421296926583e-01
3.103913803668691962e-01
2.848259562043768400e-01
3.516986352423552287e-01
3.835191363858999614e-01
2.777363579566004548e-01
2.509949455673357588e-01
4.010701919901243917e-01
2.905365334968044166e-01
3.529518314268036416e-01
2.620213742282965774e-01
2.189776327699471392e-01
1.737293283913024511e-01
3.690929160790274999e-01
3.733357209063585258e-01
2.483649597613638571e-01
2.649542053539542530e-01
2.951053703865627043e-01
2.428350090393043004e-01
2.115355674942950015e-01
2.973281009423124344e-01
2.477743955621720673e-01
2.327355863890085974e-01
3.645325439338472640e-01
2.607422210780532823e-01
5.297690152043580403e-01
2.469936059489695190e-01
2.942035252530004752e-01
2.676620906374018727e-01
2.783183118737221906e-01
2.715648869547801492e-01
2.797367326292435341e-01
2.500093774354958942e-01
4.967805607262613665e-01
4.960929287073668204e-01
2.472872873197707877e-01
