2.228371020699762839e-01
3.844938763054690511e-01
2.548061202016510540e-01
2.855946206715549995e-01
1.194273351556702112e+00
2.766422530422819603e-01
2.168391149576136823e-01
2.890924118745889504e-01
2.144266376655503958e-01
2.952675457754485033e-01
2.299260952071266739e-01
2.822096275909916074e-01
2.879928627854968504e-01
2.189756766299775226e-01
2.953138161659600303e-01
3.486531173275603801e-01
2.540393963636028984e-01
3.659833564618528712e-01
4.136939366131205942e-01
2.782564059170055115e-01
2.949400117836987190e-01
3.549349155197626393e-01
2.184755212099486199e-01
2.411296398272902985e-01
1.751996790141928939e-01
3.746572353853109272e-01
3.683626066524950393e-01
2.657502878599045659e-01
2.519790462670098430e-01
2.954197400662932904e-01
2.292612718446145614e-01
2.265110966514794766e-01
5.108060227301847167e-01
4.589303496362073798e-01
2.989863037246356381e-01
2.931678900292563061e-01
3.866886198312824430e-01
3.329597748249171207e-01
2.464460417254727975e-01
2.744297478282540226e-01
2.977379032449312124e-01
2.713829632751991738e-01
2.529312863477577444e-01
2.758627837045567466e-01
2.472537583497547709e-01
4.961168252086630703e-01
4.964780829023189845e-01
2.477434762060471696e-01
