2.168567538969917718e-01
2.916527445471875923e-01
2.527708366436708376e-01
2.880412662494402642e-01
7.305554535904120739e-01
2.917459199915343193e-01
2.132489891387213399e-01
2.955588776039846932e-01
2.247586934112014434e-01
2.965480878390015507e-01
2.248159465607034446e-01
2.224852348153243953e-01
2.269202933230949626e-01
3.409992590927987677e-01
2.983785872904566316e-01
3.418153489710762383e-01
3.301336165502552489e-01
2.765159597061888630e-01
2.713038630000328411e-01
3.282099386421036269e-01
2.918621714677775980e-01
2.248537001277425562e-01
1.962395285219732111e-01
2.124432916722817088e-01
1.747412522562239445e-01
3.873284741627947003e-01
3.623372142550025932e-01
2.876299283714313093e-01
2.375691952352083358e-01
2.963187368630278984e-01
2.407039173188942338e-01
2.134757385286893405e-01
2.815662865028427664e-01
2.554789984976003625e-01
3.380993915483877510e-01
3.260696755507201949e-01
2.724232703918688658e-01
4.083336557342213680e-01
2.474719265145096936e-01
2.734861890740704071e-01
2.429438782828162724e-01
3.146009963151655264e-01
3.106295586394638986e-01
2.721079355661998878e-01
2.489387795657152236e-01
4.959910798002105659e-01
4.958900028639730562e-01
2.473732478435497761e-01
