2.207299067633775869e-01
3.664693075384934384e-01
2.570905366194355390e-01
2.867788718392828007e-01
3.188269867775763156e-01
2.979656728631405738e-01
2.155657138191703903e-01
2.987969365083980589e-01
2.240027615579456011e-01
2.967991469543763694e-01
2.277055056280760659e-01
2.286568360483856865e-01
2.317739357310898141e-01
3.471772246025550679e-01
2.947619087455429221e-01
3.530659586656907378e-01
2.856730359918673856e-01
2.982962672729418396e-01
3.044760270016387271e-01
2.943778914372491284e-01
2.882470080479271890e-01
2.259118600055039783e-01
1.981039343516450280e-01
2.194291590939512204e-01
1.755858647981931031e-01
3.685930165130942293e-01
3.683846260584818788e-01
2.408247979668356742e-01
2.548733774192469825e-01
2.935479544332603719e-01
2.208466852886175891e-01
2.155614183189732136e-01
2.993147962603571188e-01
2.733196211358216998e-01
3.537420300676806795e-01
2.643450159596756333e-01
3.566559837924819787e-01
4.337251642037378008e-01
2.478569333159305610e-01
2.732824253276621707e-01
2.665865751034064979e-01
2.501604354117432094e-01
2.743809149068774933e-01
3.065845917354849126e-01
2.495801677082412073e-01
4.981377884578167548e-01
4.953921718768980464e-01
2.452200650727312803e-01
