2.395158889715509054e-01
2.919530187775088992e-01
2.607531959420426038e-01
2.860925175803777920e-01
8.456807371072060375e-01
2.988375139569933725e-01
3.504139045292524735e-01
2.882858446084451409e-01
2.296033825754884850e-01
2.942505944665657625e-01
2.277114033544293259e-01
2.232985305652213370e-01
2.804335115652143995e-01
2.891645242970944940e-01
2.930427710608016767e-01
2.172988942504918697e-01
3.746777640456365743e-01
2.561136444511365462e-01
2.771635863867837335e-01
4.258973310535942303e-01
2.257909853284431057e-01
3.416969971107928772e-01
3.979237731527240918e-01
3.571626672242886880e-01
1.753580202296480262e-01
3.756018480304323948e-01
3.644973520518580146e-01
2.782730298615476716e-01
2.429176731877397688e-01
2.959041099453242341e-01
2.047174310191019753e-01
2.199476784944931207e-01
1.049858734208354072e+00
9.972877590031649087e-01
2.085028634783249180e-01
3.733261326602566044e-01
2.602723420680074784e-01
4.213671135629695752e-01
2.527429172902671550e-01
2.938798740597376447e-01
3.645348780179585857e-01
2.343521914220983993e-01
2.406318823222155234e-01
3.519802297628669141e-01
2.512120942496260390e-01
4.967236731860793508e-01
4.946229498766905319e-01
2.553484683946638523e-01
