2.354955730775052936e-01
3.244257410096400007e-01
2.559849429381041985e-01
2.866181654577497073e-01
8.273203794553716239e-01
2.965868332324029244e-01
2.194717168948933095e-01
2.969709822169908087e-01
2.263530572715315159e-01
2.978543548046010958e-01
2.220237974407189840e-01
2.119126118988774732e-01
2.260526190112126521e-01
3.352951522507654492e-01
2.957134555381916163e-01
3.468743230339861872e-01
3.306945747461771945e-01
2.658547878918690044e-01
2.721470719494333834e-01
3.357997748859155029e-01
2.938826360228549706e-01
2.253030395145440012e-01
2.049855627861914553e-01
2.105970329460733481e-01
1.730383073454570819e-01
3.831148199266806720e-01
3.615275283614820534e-01
2.722454606041853631e-01
2.437338950618789246e-01
2.989231776523761930e-01
2.197192859637669415e-01
2.136996260894296062e-01
3.067807364722937025e-01
2.948097962159630381e-01
2.214980638611406261e-01
3.689304238697305172e-01
2.519445464686577152e-01
3.951941842792907056e-01
2.460038931893981928e-01
2.928344775162001756e-01
2.490722883851208824e-01
3.117806796807846004e-01
2.835423639246685834e-01
2.698037899136094819e-01
2.482451072204960307e-01
4.965666429869287080e-01
4.972197034328906806e-01
2.473296487216910255e-01
