2.213883102515077639e-01
3.087712187389142215e-01
2.568235486603100970e-01
2.867742719648536109e-01
5.626506649619780198e-01
2.993125103259658970e-01
2.181833175253659329e-01
2.975723228414990928e-01
2.204327847439869481e-01
2.972284684521008802e-01
2.212454015015009323e-01
2.280428184786688628e-01
2.289224312661090888e-01
3.435490018406275325e-01
2.918727311122251145e-01
3.387975735432324775e-01
2.690573383927863382e-01
3.157689380418161051e-01
3.186162820896938364e-01
2.796920250271546227e-01
2.920140163891252749e-01
2.269928736578825379e-01
2.106588342070379039e-01
2.136301482100003146e-01
1.747213893283325881e-01
3.785330439211128106e-01
3.743863658390028659e-01
2.655973835040355002e-01
2.608742743318798185e-01
2.956855468939664777e-01
2.226059301120966449e-01
2.167428446296473243e-01
3.067665810021511508e-01
2.564677825697022073e-01
3.019179925680369747e-01
2.602668200446594526e-01
3.746044253590030682e-01
3.725802362726707284e-01
2.487415494827345808e-01
2.887699864880132195e-01
2.939560521645870894e-01
2.596997159546607925e-01
2.511759125589116404e-01
2.967851972065221888e-01
2.468574338981863181e-01
4.961672461363738629e-01
4.954391122406980319e-01
2.502478977361258794e-01
