2.344464155824645402e-01
3.754266798979025710e-01
2.538124872132725418e-01
2.921340451384922265e-01
4.741510450345348127e-01
2.944192074176855134e-01
2.181670866953195620e-01
2.946507914591820487e-01
3.513600319764267343e-01
2.957590346554825333e-01
2.176908809287315949e-01
2.217809203830323483e-01
2.869816321761097799e-01
3.221532707339579971e-01
2.808604557912786071e-01
3.508589647418910995e-01
2.570131580791912285e-01
3.696770169287618146e-01
4.184047935591218015e-01
2.718259406189467153e-01
2.944939400944766028e-01
2.616254080201969590e-01
2.701936105871735050e-01
2.211163045305362673e-01
1.753288681403422089e-01
3.704640948151241564e-01
3.711795403287077577e-01
2.585743091946199890e-01
2.609932298111349858e-01
2.952198560073077127e-01
2.206332527720862580e-01
2.195870614093548556e-01
2.886427096789165869e-01
2.644843695683190554e-01
2.201880179675582139e-01
3.764158410030978841e-01
2.706112809342691161e-01
3.328325672823577719e-01
2.458483965270125970e-01
2.933529031622552075e-01
3.149421177406803718e-01
3.051830903323569655e-01
3.371183220624064947e-01
2.378021269105307367e-01
2.473740644862489624e-01
4.949578049680655178e-01
4.977880381543557387e-01
2.460750785298771171e-01
