2.234750024141965441e-01
3.631986617566433373e-01
2.558095108460184952e-01
2.862280672863066755e-01
7.537821728967603052e-01
2.974562679738887994e-01
2.184264173349297899e-01
2.963669438176432802e-01
2.266145106683497834e-01
2.969896167794198183e-01
2.158617002268068130e-01
2.274101588173808586e-01
2.306675828142547013e-01
3.418909218076967571e-01
2.932550620665334562e-01
3.444935566678221650e-01
3.483855148536941782e-01
2.644380553721504268e-01
2.668061815259128999e-01
3.831862351866097138e-01
2.889930908673690180e-01
2.226791536693688844e-01
1.970863535458085569e-01
2.150001962817395529e-01
1.758188797990878349e-01
3.883274810551428091e-01
3.679111873177676184e-01
2.765844059254528031e-01
2.485809224920338123e-01
2.958622486083999914e-01
2.335142679308253033e-01
2.176243939931431226e-01
2.940593172213502582e-01
2.511073614681235688e-01
2.252328909586954475e-01
2.732986167662173060e-01
3.102835921813972275e-01
4.376349981906332842e-01
2.461638062140851790e-01
2.932190105769185151e-01
2.868401613225191604e-01
2.730295998302451066e-01
2.666185700802466418e-01
2.629375499679008077e-01
2.487058907977224564e-01
4.968091472846439816e-01
4.961457620793789935e-01
2.499212829198328434e-01
