2.167731702298820173e-01
2.933733654797557877e-01
2.555757413880309081e-01
2.878410720597044947e-01
4.788806891136186961e-01
2.978610637753509871e-01
2.152858887982003755e-01
2.992386104583618089e-01
2.187608620372870905e-01
3.000638954341514619e-01
2.201649466314893333e-01
2.303123045335714603e-01
2.271557194134115887e-01
3.471544989647595281e-01
2.953044121630782337e-01
3.358661176048345354e-01
2.549694935440580679e-01
3.628456042803847037e-01
4.190113867648290746e-01
2.773649947811846483e-01
2.921724977328844508e-01
2.278741544496054872e-01
2.255743369428528933e-01
2.082560928515025944e-01
1.747441085927168569e-01
4.063310834223343160e-01
3.544291898756799508e-01
3.504876574055155736e-01
2.334808984797147047e-01
2.961835886377410243e-01
2.371495672332812055e-01
2.192133618193354561e-01
3.005640303065230112e-01
2.462531267856837291e-01
3.222784214600381003e-01
2.860204107841559096e-01
2.997170140922743031e-01
3.660067751517308565e-01
2.476546052933430719e-01
2.806758362090938652e-01
2.495227724981265993e-01
3.656555270364955090e-01
3.497890214790947416e-01
2.512761874209686885e-01
2.460971487083545572e-01
4.952235181679161546e-01
4.962571234403941878e-01
2.434332319676413559e-01
