2.320875163672344033e-01
2.629154968987225671e-01
2.543473401930640976e-01
2.858802819925999050e-01
3.890309547882295216e-01
2.962654981917720032e-01
2.198378090154353981e-01
2.957965253385159698e-01
2.254672834367536516e-01
2.964427989241638639e-01
2.208265642680194707e-01
2.283029509874052732e-01
2.323743253283397092e-01
3.432115938002711641e-01
2.951279337697195193e-01
3.403835173622680732e-01
3.178878900463922297e-01
2.797620146748324710e-01
2.713582460416946729e-01
3.201291019207139765e-01
2.925980013856492867e-01
2.366862812062432708e-01
2.068660152991023682e-01
2.198001095996402754e-01
1.754914546727357472e-01
3.647915739994994633e-01
3.774410036170992022e-01
2.413032143537160723e-01
2.694535479446677484e-01
2.955964839128081278e-01
2.300979092085161104e-01
2.151533360980077414e-01
2.902202273092405749e-01
2.499768461118937468e-01
2.239883751857250915e-01
2.790325045762802048e-01
3.211741010482190850e-01
4.156707205321293341e-01
2.470134205699192065e-01
2.935318836842097379e-01
2.907575881928979866e-01
3.014423415187488242e-01
2.856544988952163799e-01
2.508841296207844906e-01
2.471369603931204417e-01
4.962453655029381294e-01
4.962744149755560774e-01
2.479138398761618067e-01
