2.205437436819109587e-01
3.071221472887149528e-01
2.565374863310207476e-01
2.848120288074117989e-01
4.213423374863154436e-01
2.966497192507747127e-01
2.163973024482010454e-01
2.964020828341072944e-01
2.246086823908211849e-01
2.943434296218775392e-01
2.164082961325284882e-01
2.302909945715174989e-01
2.285026869403677663e-01
3.410151373537052000e-01
2.959030926537472017e-01
3.437655381422843881e-01
3.668160299860050433e-01
2.664353823277513800e-01
2.635074327144045769e-01
3.900675100313735211e-01
2.938441416045021182e-01
2.381069082212573240e-01
2.070123805310354059e-01
2.232408192680103431e-01
1.757746024233949600e-01
3.632440280085754702e-01
3.806190103284022297e-01
2.374065391104955014e-01
2.752745094140582327e-01
2.944249355192177231e-01
2.308482676527160715e-01
2.115324034730607927e-01
2.957665820558713632e-01
2.436315394723810590e-01
3.320034268345425921e-01
2.991008767383367961e-01
2.845887681483545428e-01
4.089829703048766252e-01
2.473626552977688520e-01
2.830388764296624671e-01
2.586071757477206301e-01
2.761227019517907832e-01
2.863691298242717065e-01
2.732651589554503935e-01
2.464089728751323594e-01
4.964156210667945435e-01
4.953541976529536317e-01
2.485160673468438663e-01
