2.293971851146407448e-01
2.752880244392750808e-01
2.555756965264025515e-01
2.848052598727947027e-01
5.163049671799838647e-01
2.923261013370022088e-01
2.177133576752710853e-01
2.964569321402921731e-01
2.185381860888308270e-01
2.943593743317632905e-01
2.542012536702233927e-01
2.298522801176505481e-01
2.420237442051609289e-01
3.452913109820794912e-01
2.851298922411908410e-01
3.542192143408497973e-01
2.807173465851303673e-01
3.177066107088757363e-01
3.102753138038183978e-01
2.795254719166184731e-01
2.953953012755377583e-01
2.432920014813457765e-01
2.652652026203912161e-01
2.185649619307178937e-01
1.761354425976492111e-01
3.691152567348160440e-01
3.768306324744979396e-01
2.448947804563864628e-01
2.725126417468596296e-01
2.942267243025141199e-01
2.306619192402755147e-01
2.174853739125713892e-01
2.987702544485896783e-01
2.431829891420783374e-01
2.161845668685702937e-01
2.640276143132277431e-01
3.747539045491471987e-01
4.652112906709308660e-01
2.484446932368616634e-01
2.930399796263586376e-01
3.187144625322674840e-01
2.588050968235713900e-01
2.492394146981616598e-01
3.003144190401090818e-01
2.466368542557174082e-01
4.950693129909845558e-01
4.963925079357993098e-01
2.444233647977500923e-01
