2.268241511450001524e-01
3.701387775618769083e-01
2.548923731776730484e-01
2.864924424717592566e-01
3.580462220009266172e-01
2.952798113109614819e-01
2.176433658928183523e-01
2.952756076198320145e-01
2.287345230568939292e-01
2.967455406411106389e-01
2.317941033552311791e-01
2.343965710372594990e-01
2.366286842988533090e-01
3.466925020812766101e-01
2.942442889879892109e-01
3.451471769231996278e-01
2.664417812882627912e-01
3.275585192462191486e-01
3.177322621353946830e-01
2.796670076805721772e-01
2.933055027313852814e-01
2.306506538860407796e-01
2.099138233190143699e-01
2.183447191173936153e-01
1.752725082425499736e-01
3.710541939240563081e-01
3.717828727190590210e-01
2.492692733047560949e-01
2.577152883042942988e-01
2.946520166794471263e-01
2.356080465672145685e-01
2.154263478151172140e-01
2.843640009785284861e-01
2.628863688639817009e-01
2.157092773568174138e-01
3.408456398957399047e-01
2.666372455986474321e-01
3.600034788376808570e-01
2.475499711586282015e-01
2.948659817510298486e-01
2.799552951391131028e-01
2.923775234640186849e-01
2.734719454787813975e-01
2.578860449379202779e-01
2.468675749856303336e-01
4.963582223181632891e-01
4.960578050169289765e-01
2.480745507097354696e-01
