2.132984873472102416e-01
3.705146899968999041e-01
2.549446593774444270e-01
2.847903235833644797e-01
6.381407097446731846e-01
2.978249776215560751e-01
2.162779880141353916e-01
2.969940748289076615e-01
2.253115359357042990e-01
2.974746539380872523e-01
2.189979283165340296e-01
2.316409673953498116e-01
2.299893412138800108e-01
3.452059301677782299e-01
2.956274630147153748e-01
3.396663513702626869e-01
2.892895942743562432e-01
2.886266427299952197e-01
2.890089415714777177e-01
3.053816148700208011e-01
2.913583307539292511e-01
2.295116407225143706e-01
2.092568617144251464e-01
2.198761366481009338e-01
1.753324273327369898e-01
3.717600502679386243e-01
3.746001991425356170e-01
2.497969568818516894e-01
2.623623792152171008e-01
2.963735734589326709e-01
2.284174160314653979e-01
2.141603039426669131e-01
3.064235179348714366e-01
2.425076876082662425e-01
3.369226698942311971e-01
2.610266001621266430e-01
3.683941598576672138e-01
3.410884369716613573e-01
2.457697196032238851e-01
2.889212201086312493e-01
2.590486086889380313e-01
2.895732379360011488e-01
3.000621474528687438e-01
2.521287160758977630e-01
2.489865776157121902e-01
4.958314178967365149e-01
4.960289036457682932e-01
2.474518362176807984e-01
