2.726403428479033386e-01
3.853505684134359566e-01
2.557574559213010579e-01
2.836595328285431705e-01
1.646200174932186122e-01
2.960048687681832713e-01
3.545139798022419741e-01
2.960422577224238738e-01
2.244785364507934089e-01
2.969331394282743730e-01
2.240086024523034458e-01
2.230099969356706957e-01
2.552911995157982616e-01
2.843911424668543186e-01
2.932407445360222242e-01
2.823671654365335071e-01
3.861636123169877033e-01
2.813125049200146943e-01
2.524528081671562063e-01
3.952982741789859977e-01
2.792172895450143466e-01
3.555482449086679320e-01
3.133024917423644640e-01
3.587601219107507955e-01
1.750182142124431517e-01
3.814747401320416342e-01
3.684487423376890947e-01
2.754564200718255251e-01
2.548184824858431563e-01
2.966983925328558480e-01
2.132959781273739142e-01
2.161906746534630330e-01
5.962056593844973218e-01
6.184746794757361998e-01
2.116371097540506452e-01
3.003432479709191028e-01
3.424572060381836924e-01
3.243611308450830566e-01
2.478571800867383490e-01
2.954229908289324746e-01
2.596772440499101053e-01
3.096540285233707612e-01
3.004391074203999201e-01
2.501796083733454634e-01
2.482147272104255065e-01
4.972355007361101142e-01
4.956333338176001080e-01
2.473512917860661298e-01
