2.864000499248504639e-01
3.363815546035766602e-01
2.424570173025131226e-01
3.341248333454132080e-01
1.747333109378814697e-01
2.935231029987335205e-01
3.058930039405822754e-01
2.752557098865509033e-01
3.026888668537139893e-01
3.049451410770416260e-01
2.512213289737701416e-01
2.645055651664733887e-01
2.759817242622375488e-01
2.531898617744445801e-01
2.966308593750000000e-01
2.394852042198181152e-01
3.560972809791564941e-01
3.078304827213287354e-01
2.571203708648681641e-01
2.552995085716247559e-01
2.879350185394287109e-01
1.244994044303894043e+00
2.494639754295349121e-01
2.483677566051483154e-01
7.507140636444091797e-01
2.831989228725433350e-01
2.731035649776458740e-01
2.820757925510406494e-01
3.576890230178833008e-01
3.063513040542602539e-01
1.025573015213012695e+00
9.988092780113220215e-01
3.299373686313629150e-01
2.772516906261444092e-01
2.458460777997970581e-01
2.760234773159027100e-01
2.824048399925231934e-01
2.452905625104904175e-01
3.805427253246307373e-01
2.534932792186737061e-01
4.030517637729644775e-01
5.717187523841857910e-01
3.528562486171722412e-01
2.256901860237121582e-01
3.608453869819641113e-01
8.550512194633483887e-01
9.940251708030700684e-01
3.311581313610076904e-01
3.518857061862945557e-01
3.025894165039062500e-01
2.466689944267272949e-01
2.649880051612854004e-01
3.108572363853454590e-01
2.969985008239746094e-01
3.350610136985778809e-01
2.487620413303375244e-01
3.647062182426452637e-01
2.607677876949310303e-01
2.943144440650939941e-01
2.985739707946777344e-01
2.678752243518829346e-01
2.941499054431915283e-01
3.530706763267517090e-01
2.630606889724731445e-01
2.787617146968841553e-01
4.326133430004119873e-01
4.259693324565887451e-01
2.516518831253051758e-01
3.618658483028411865e-01
3.638091087341308594e-01
2.849078476428985596e-01
2.185147851705551147e-01
9.621862769126892090e-01
2.686813175678253174e-01
3.580879271030426025e-01
2.322990596294403076e-01
2.676070332527160645e-01
2.489607930183410645e-01
3.034393787384033203e-01
2.892385423183441162e-01
4.814619123935699463e-01
2.804217040538787842e-01
3.512211441993713379e-01
2.397183179855346680e-01
3.790080845355987549e-01
2.658346891403198242e-01
2.602318227291107178e-01
4.722355306148529053e-01
2.556144297122955322e-01
2.884054780006408691e-01
2.509558796882629395e-01
2.478611767292022705e-01
4.703795909881591797e-01
3.019329011440277100e-01
2.516973614692687988e-01
3.194942772388458252e-01
2.970421016216278076e-01
3.552360534667968750e-01
2.570853829383850098e-01
2.917066514492034912e-01
3.644559085369110107e-01
3.697534501552581787e-01
3.065072298049926758e-01
3.697534501552581787e-01
3.065072298049926758e-01
2.968343198299407959e-01
3.008399009704589844e-01
3.059027791023254395e-01
2.525720000267028809e-01
2.814191281795501709e-01
3.629094958305358887e-01
2.662668824195861816e-01
1.746735274791717529e-01
3.667078912258148193e-01
2.656521499156951904e-01
4.496463239192962646e-01
2.371287345886230469e-01
3.902331590652465820e-01
3.738341331481933594e-01
5.149140357971191406e-01
3.923128247261047363e-01
2.879803478717803955e-01
3.190978169441223145e-01
3.665379583835601807e-01
4.352543354034423828e-01
4.437693059444427490e-01
5.473949313163757324e-01
2.657869458198547363e-01
4.038371443748474121e-01
3.187276721000671387e-01
3.364953696727752686e-01
3.048257529735565186e-01
3.180914521217346191e-01
5.304256677627563477e-01
5.131251811981201172e-01
5.291999578475952148e-01
2.876091599464416504e-01
2.660471200942993164e-01
2.686627805233001709e-01
2.942177653312683105e-01
2.975416779518127441e-01
3.551969528198242188e-01
1.251381278038024902e+00
2.692546248435974121e-01
1.222900867462158203e+00
3.436850309371948242e-01
3.348921537399291992e-01
3.487950861454010010e-01
2.618361115455627441e-01
2.675771713256835938e-01
2.487408220767974854e-01
1.155036568641662598e+00
4.159501791000366211e-01
1.186359524726867676e+00
3.615044355392456055e-01
1.740901023149490356e-01
9.155471324920654297e-01
2.950602173805236816e-01
3.063088059425354004e-01
2.922371625900268555e-01
3.133319318294525146e-01
3.321318030357360840e-01
3.266863524913787842e-01
3.486242890357971191e-01
3.590676188468933105e-01
2.619897127151489258e-01
4.361740350723266602e-01
4.502079486846923828e-01
4.465157985687255859e-01
2.731889486312866211e-01
2.675234377384185791e-01
2.578544020652770996e-01
4.497235715389251709e-01
4.222408235073089600e-01
4.424486160278320312e-01
1.180000901222229004e+00
1.167140960693359375e+00
2.430568039417266846e-01
2.931089103221893311e-01
2.886998355388641357e-01
2.545189857482910156e-01
2.546943724155426025e-01
1.177279472351074219e+00
1.181663870811462402e+00
3.592731654644012451e-01
3.645674586296081543e-01
2.559054791927337646e-01
2.879658639430999756e-01
2.475845217704772949e-01
2.493443638086318970e-01
9.787043929100036621e-01
3.532560169696807861e-01
3.396192491054534912e-01
2.553885281085968018e-01
2.899057865142822266e-01
3.241863548755645752e-01
2.749086618423461914e-01
3.260278105735778809e-01
2.914810776710510254e-01
3.524980843067169189e-01
3.660831749439239502e-01
3.862786889076232910e-01
2.492426484823226929e-01
4.961938858032226562e-01
4.971448481082916260e-01
2.487881928682327271e-01
