2.757419347763061523e-01
2.760658562183380127e-01
3.022676110267639160e-01
3.658185601234436035e-01
1.754831373691558838e-01
2.566797733306884766e-01
2.795863151550292969e-01
2.828565835952758789e-01
3.140701055526733398e-01
3.037354648113250732e-01
2.498763054609298706e-01
2.525450289249420166e-01
2.836224734783172607e-01
4.643997848033905029e-01
2.735817134380340576e-01
3.576420843601226807e-01
3.618197441101074219e-01
2.894128859043121338e-01
3.633597791194915771e-01
2.550395131111145020e-01
2.887494564056396484e-01
1.265736937522888184e+00
2.486732006072998047e-01
2.487498223781585693e-01
5.682770609855651855e-01
2.802664339542388916e-01
2.884063124656677246e-01
2.983210682868957520e-01
3.550801277160644531e-01
3.269098103046417236e-01
1.288192272186279297e+00
1.226642847061157227e+00
3.120124638080596924e-01
2.760299742221832275e-01
2.650405764579772949e-01
3.088398277759552002e-01
2.762040495872497559e-01
2.439477145671844482e-01
3.857702612876892090e-01
2.569793164730072021e-01
3.995320796966552734e-01
5.469740629196166992e-01
3.563641011714935303e-01
2.174936980009078979e-01
3.595748245716094971e-01
9.266449213027954102e-01
9.581893086433410645e-01
3.288654983043670654e-01
3.243414461612701416e-01
2.878840267658233643e-01
2.700870037078857422e-01
2.760130167007446289e-01
3.008085787296295166e-01
2.883490324020385742e-01
3.555377125740051270e-01
2.513495683670043945e-01
3.320919275283813477e-01
2.786059081554412842e-01
2.794353067874908447e-01
2.955554425716400146e-01
2.950133085250854492e-01
2.865154743194580078e-01
3.577883541584014893e-01
2.461924254894256592e-01
3.130029141902923584e-01
3.853580355644226074e-01
3.763763010501861572e-01
2.826590538024902344e-01
3.044438958168029785e-01
3.329172432422637939e-01
2.880063056945800781e-01
3.568907976150512695e-01
8.881252408027648926e-01
2.811036407947540283e-01
3.608614802360534668e-01
2.286520600318908691e-01
2.703279256820678711e-01
2.411741167306900024e-01
3.019916713237762451e-01
3.097580969333648682e-01
4.661433100700378418e-01
2.816712558269500732e-01
3.590632379055023193e-01
2.525650858879089355e-01
3.746650516986846924e-01
2.711738049983978271e-01
2.479262053966522217e-01
4.892750382423400879e-01
2.560615539550781250e-01
2.892908155918121338e-01
2.495447844266891479e-01
2.479770630598068237e-01
3.247089385986328125e-01
2.587535679340362549e-01
2.993038892745971680e-01
2.569885551929473877e-01
2.831203937530517578e-01
3.576944470405578613e-01
2.441299408674240112e-01
3.783592283725738525e-01
2.759422361850738525e-01
2.768636345863342285e-01
4.211617410182952881e-01
2.768636345863342285e-01
4.211617410182952881e-01
2.890246510505676270e-01
2.824285030364990234e-01
3.074076473712921143e-01
2.929622232913970947e-01
2.845947742462158203e-01
3.620028197765350342e-01
2.984982728958129883e-01
1.752108633518218994e-01
3.792579770088195801e-01
2.865190804004669189e-01
4.003607630729675293e-01
3.020563721656799316e-01
2.666566073894500732e-01
2.853291034698486328e-01
5.638734102249145508e-01
5.479838848114013672e-01
2.822077870368957520e-01
3.586705625057220459e-01
2.373654693365097046e-01
2.731586396694183350e-01
4.239347279071807861e-01
5.665099024772644043e-01
3.563252091407775879e-01
5.068886280059814453e-01
2.591370344161987305e-01
4.533236026763916016e-01
4.515352547168731689e-01
4.516758918762207031e-01
4.119905233383178711e-01
4.071695208549499512e-01
4.074022173881530762e-01
2.584266364574432373e-01
2.993310689926147461e-01
3.609151244163513184e-01
3.263716697692871094e-01
2.845586836338043213e-01
3.519414365291595459e-01
1.269752740859985352e+00
2.375852465629577637e-01
1.256276726722717285e+00
2.686153948307037354e-01
3.572283685207366943e-01
3.978696465492248535e-01
2.916189432144165039e-01
2.381382286548614502e-01
2.655464708805084229e-01
1.214037179946899414e+00
4.323540925979614258e-01
1.215248942375183105e+00
4.488075971603393555e-01
1.732843965291976929e-01
1.216139793395996094e+00
2.849229276180267334e-01
3.229561746120452881e-01
3.077892363071441650e-01
3.430033624172210693e-01
3.102920949459075928e-01
3.282489180564880371e-01
3.428849875926971436e-01
3.506110906600952148e-01
3.266330659389495850e-01
4.451429247856140137e-01
4.628061056137084961e-01
4.619375467300415039e-01
2.730129659175872803e-01
2.624960243701934814e-01
2.653315067291259766e-01
4.753872156143188477e-01
4.719666838645935059e-01
4.711614251136779785e-01
1.306912899017333984e+00
1.233078360557556152e+00
2.480961531400680542e-01
2.911530435085296631e-01
3.542466759681701660e-01
3.813432455062866211e-01
2.542932331562042236e-01
1.237249851226806641e+00
1.182193517684936523e+00
3.323820829391479492e-01
3.640220165252685547e-01
2.566138207912445068e-01
2.870947420597076416e-01
2.484198808670043945e-01
2.473486661911010742e-01
1.287055134773254395e+00
4.039710164070129395e-01
3.046733736991882324e-01
2.988590002059936523e-01
2.644203305244445801e-01
3.496592342853546143e-01
2.675537765026092529e-01
3.346249461174011230e-01
2.858768403530120850e-01
3.696433007717132568e-01
3.689669370651245117e-01
4.388697147369384766e-01
2.482076287269592285e-01
4.968357682228088379e-01
4.966666102409362793e-01
2.490723729133605957e-01
