2.576717734336853027e-01
3.377537429332733154e-01
2.558335065841674805e-01
3.087721168994903564e-01
1.748595237731933594e-01
3.449642062187194824e-01
2.881752252578735352e-01
2.889818251132965088e-01
3.093071281909942627e-01
3.018082678318023682e-01
2.524913251399993896e-01
2.541126310825347900e-01
2.787105441093444824e-01
4.453995525836944580e-01
2.885219156742095947e-01
2.376875132322311401e-01
2.788010239601135254e-01
4.071018397808074951e-01
2.881626486778259277e-01
2.563160061836242676e-01
2.858821749687194824e-01
1.239324331283569336e+00
2.526201605796813965e-01
2.476769834756851196e-01
4.982408881187438965e-01
2.624973058700561523e-01
3.343463838100433350e-01
3.062468767166137695e-01
3.571291565895080566e-01
2.805748879909515381e-01
8.479062318801879883e-01
9.036238789558410645e-01
3.768045008182525635e-01
2.716838121414184570e-01
2.460441887378692627e-01
3.414918780326843262e-01
2.726336717605590820e-01
2.582579255104064941e-01
4.305965304374694824e-01
2.412608414888381958e-01
3.967763185501098633e-01
5.261152982711791992e-01
2.383724898099899292e-01
2.350656390190124512e-01
3.817514479160308838e-01
1.022713780403137207e+00
1.152562260627746582e+00
3.602346777915954590e-01
4.532715082168579102e-01
2.705024778842926025e-01
2.726997733116149902e-01
2.949444949626922607e-01
2.977578639984130859e-01
2.817224860191345215e-01
3.555060625076293945e-01
2.666102051734924316e-01
2.972762882709503174e-01
2.542237937450408936e-01
2.973701357841491699e-01
3.089443743228912354e-01
2.646972835063934326e-01
2.845609188079833984e-01
3.592602014541625977e-01
2.476177215576171875e-01
2.755426466464996338e-01
4.377583265304565430e-01
4.109263122081756592e-01
3.020395934581756592e-01
2.609774768352508545e-01
2.929818630218505859e-01
2.903405129909515381e-01
3.604741692543029785e-01
8.677139878273010254e-01
2.818378210067749023e-01
3.594036400318145752e-01
2.308038324117660522e-01
2.802418470382690430e-01
2.421820759773254395e-01
3.000897765159606934e-01
4.363205432891845703e-01
2.950458228588104248e-01
2.858629524707794189e-01
3.564476072788238525e-01
2.582346498966217041e-01
2.553901374340057373e-01
4.275034070014953613e-01
2.520231306552886963e-01
4.855209887027740479e-01
2.562965452671051025e-01
2.894746065139770508e-01
2.490397244691848755e-01
2.442710101604461670e-01
6.714334487915039062e-01
2.617481350898742676e-01
2.927638888359069824e-01
2.903740704059600830e-01
2.811703979969024658e-01
3.551303148269653320e-01
2.412170618772506714e-01
3.774925470352172852e-01
2.791429460048675537e-01
3.000988364219665527e-01
4.146134257316589355e-01
3.000988364219665527e-01
4.146134257316589355e-01
2.940887212753295898e-01
2.596666812896728516e-01
3.155309855937957764e-01
3.584886491298675537e-01
2.928304374217987061e-01
3.576104044914245605e-01
3.416613340377807617e-01
1.746141761541366577e-01
4.039709270000457764e-01
3.456075489521026611e-01
3.022435307502746582e-01
3.027715086936950684e-01
3.255484402179718018e-01
3.837919235229492188e-01
6.384353637695312500e-01
6.513131260871887207e-01
2.972019910812377930e-01
3.625678122043609619e-01
2.685675621032714844e-01
2.390650659799575806e-01
4.390991032123565674e-01
5.740932226181030273e-01
2.724804580211639404e-01
4.211957156658172607e-01
4.021429121494293213e-01
4.733940660953521729e-01
4.614240229129791260e-01
4.736182987689971924e-01
4.086582362651824951e-01
3.964409828186035156e-01
4.343322217464447021e-01
2.992625534534454346e-01
2.458661645650863647e-01
3.293923139572143555e-01
3.734757602214813232e-01
2.863827049732208252e-01
3.373771309852600098e-01
7.339293956756591797e-01
2.689906060695648193e-01
8.125667572021484375e-01
3.638685643672943115e-01
4.086323678493499756e-01
3.654180467128753662e-01
2.942842543125152588e-01
2.567764520645141602e-01
2.414424717426300049e-01
5.493525266647338867e-01
2.621534764766693115e-01
6.682366132736206055e-01
3.814074993133544922e-01
1.754506230354309082e-01
1.052105784416198730e+00
2.495306134223937988e-01
3.058582246303558350e-01
3.355308771133422852e-01
3.213467895984649658e-01
3.642897009849548340e-01
3.736575245857238770e-01
3.795961737632751465e-01
3.534809648990631104e-01
3.937824070453643799e-01
4.703360199928283691e-01
4.755031764507293701e-01
4.942737817764282227e-01
2.691748738288879395e-01
2.504899203777313232e-01
2.690093517303466797e-01
3.615846037864685059e-01
3.940237760543823242e-01
4.001601040363311768e-01
1.271463990211486816e+00
1.165646195411682129e+00
2.420310676097869873e-01
2.972544431686401367e-01
3.512524962425231934e-01
3.755291700363159180e-01
3.790778815746307373e-01
1.310115337371826172e+00
1.129032373428344727e+00
2.602199912071228027e-01
3.157773911952972412e-01
2.561795413494110107e-01
2.878752052783966064e-01
2.500493228435516357e-01
2.480241656303405762e-01
1.055150151252746582e+00
3.540552258491516113e-01
3.429820835590362549e-01
2.919897437095642090e-01
3.223321735858917236e-01
2.972603142261505127e-01
2.655895650386810303e-01
2.997647523880004883e-01
3.153147995471954346e-01
2.574394345283508301e-01
4.832273721694946289e-01
4.769810438156127930e-01
2.481454461812973022e-01
4.963953197002410889e-01
4.974354505538940430e-01
2.486411929130554199e-01
