2.631653249263763428e-01
2.706533074378967285e-01
3.572941422462463379e-01
3.572062253952026367e-01
1.736909747123718262e-01
2.550749480724334717e-01
2.937041819095611572e-01
2.570810019969940186e-01
3.675965964794158936e-01
3.046438992023468018e-01
2.517738044261932373e-01
2.418518811464309692e-01
2.643330991268157959e-01
4.250028431415557861e-01
2.933339774608612061e-01
2.414800673723220825e-01
2.926417291164398193e-01
3.902284204959869385e-01
3.386657536029815674e-01
2.550286650657653809e-01
2.868145108222961426e-01
1.125345349311828613e+00
2.505437433719635010e-01
2.468231171369552612e-01
6.328685283660888672e-01
2.942625284194946289e-01
2.720006406307220459e-01
2.970132529735565186e-01
3.505668044090270996e-01
3.458288908004760742e-01
1.366093397140502930e+00
1.251977205276489258e+00
3.575269281864166260e-01
2.721052169799804688e-01
2.477812469005584717e-01
3.157109320163726807e-01
2.581218481063842773e-01
2.471440583467483521e-01
3.947420418262481689e-01
2.337896674871444702e-01
3.363374769687652588e-01
5.277764797210693359e-01
2.220049351453781128e-01
2.170978337526321411e-01
3.505424559116363525e-01
1.182948946952819824e+00
1.178325414657592773e+00
4.809604287147521973e-01
3.636149168014526367e-01
2.793551683425903320e-01
2.787348628044128418e-01
2.815021276473999023e-01
2.858320176601409912e-01
2.838183343410491943e-01
3.534825146198272705e-01
2.469537109136581421e-01
3.129492104053497314e-01
2.573513686656951904e-01
2.965579330921173096e-01
2.942899167537689209e-01
2.471534907817840576e-01
2.814432084560394287e-01
3.570547103881835938e-01
2.332179397344589233e-01
2.819023132324218750e-01
4.385979771614074707e-01
4.003469347953796387e-01
3.053620755672454834e-01
2.572745382785797119e-01
2.828311920166015625e-01
2.882633507251739502e-01
3.626071512699127197e-01
9.174849390983581543e-01
2.791441977024078369e-01
3.599569201469421387e-01
2.291572988033294678e-01
2.751074135303497314e-01
2.409129589796066284e-01
3.011819422245025635e-01
4.533303678035736084e-01
2.696413993835449219e-01
2.812334895133972168e-01
3.618088960647583008e-01
2.497233599424362183e-01
2.547318339347839355e-01
4.291140437126159668e-01
2.417971342802047729e-01
4.886356592178344727e-01
2.591311037540435791e-01
2.874738276004791260e-01
2.466118782758712769e-01
2.473791688680648804e-01
6.665364503860473633e-01
2.495106607675552368e-01
3.017042577266693115e-01
2.643769681453704834e-01
2.854548096656799316e-01
3.584324121475219727e-01
2.511830925941467285e-01
3.994649052619934082e-01
2.515648305416107178e-01
2.679963409900665283e-01
4.498587846755981445e-01
2.679963409900665283e-01
4.498587846755981445e-01
2.958519756793975830e-01
2.981940507888793945e-01
3.027885556221008301e-01
2.530187070369720459e-01
2.866129279136657715e-01
3.625366389751434326e-01
2.656127810478210449e-01
1.763833910226821899e-01
4.041614532470703125e-01
3.457468152046203613e-01
4.346851408481597900e-01
2.915759086608886719e-01
2.780646681785583496e-01
3.030362427234649658e-01
5.476444959640502930e-01
4.187120795249938965e-01
2.839804589748382568e-01
3.563295900821685791e-01
2.640185952186584473e-01
2.893483340740203857e-01
4.364715218544006348e-01
5.784883499145507812e-01
3.288685083389282227e-01
4.772172570228576660e-01
2.535134851932525635e-01
4.440585672855377197e-01
4.141080677509307861e-01
4.448083043098449707e-01
4.600270092487335205e-01
3.777677416801452637e-01
4.607884287834167480e-01
3.011825680732727051e-01
2.584944069385528564e-01
2.558918595314025879e-01
3.602552413940429688e-01
2.847587168216705322e-01
3.307568728923797607e-01
1.229523181915283203e+00
2.406952530145645142e-01
1.338358044624328613e+00
3.605103194713592529e-01
3.490741550922393799e-01
2.780053019523620605e-01
2.845111787319183350e-01
2.918620705604553223e-01
2.507299184799194336e-01
1.151372790336608887e+00
2.868468463420867920e-01
1.121941685676574707e+00
3.270891606807708740e-01
1.731266528367996216e-01
1.317562580108642578e+00
3.012456595897674561e-01
3.240824043750762939e-01
3.375203013420104980e-01
2.895745038986206055e-01
3.088952302932739258e-01
3.009225726127624512e-01
3.321856260299682617e-01
3.500450849533081055e-01
2.798623740673065186e-01
4.731128811836242676e-01
4.290035963058471680e-01
4.381495118141174316e-01
2.743378281593322754e-01
2.738825976848602295e-01
2.597030401229858398e-01
5.000503659248352051e-01
4.771944582462310791e-01
4.841312170028686523e-01
1.254200816154479980e+00
1.459627866744995117e+00
2.432782948017120361e-01
2.956760227680206299e-01
3.536013960838317871e-01
3.830316662788391113e-01
2.581564486026763916e-01
1.358225226402282715e+00
1.338628053665161133e+00
2.890051901340484619e-01
3.665696680545806885e-01
2.583724856376647949e-01
2.927964627742767334e-01
2.490701675415039062e-01
2.440183460712432861e-01
1.264862179756164551e+00
4.355554878711700439e-01
2.831190228462219238e-01
2.928701043128967285e-01
3.280854225158691406e-01
2.932428419589996338e-01
2.852312624454498291e-01
2.632514238357543945e-01
3.439564704895019531e-01
2.548031806945800781e-01
4.630161225795745850e-01
4.493413269519805908e-01
2.481132596731185913e-01
4.977483451366424561e-01
4.951167106628417969e-01
2.500678896903991699e-01
