2.592653632164001465e-01
3.120030760765075684e-01
2.432172745466232300e-01
3.433295786380767822e-01
1.736887693405151367e-01
3.508239984512329102e-01
3.284089863300323486e-01
2.799778580665588379e-01
3.023976385593414307e-01
3.030128777027130127e-01
2.478076368570327759e-01
2.743247747421264648e-01
2.605500221252441406e-01
4.349620938301086426e-01
2.935239076614379883e-01
2.406979352235794067e-01
2.900975346565246582e-01
3.958777487277984619e-01
3.034998774528503418e-01
2.559771835803985596e-01
2.868130207061767578e-01
1.190691709518432617e+00
2.481671571731567383e-01
2.491427809000015259e-01
5.697118639945983887e-01
2.753354907035827637e-01
2.924721837043762207e-01
2.867322862148284912e-01
3.574636280536651611e-01
2.936208248138427734e-01
1.014090061187744141e+00
1.086675286293029785e+00
3.148241937160491943e-01
2.772932648658752441e-01
2.658317983150482178e-01
3.181458115577697754e-01
2.699735164642333984e-01
2.492282390594482422e-01
4.022984802722930908e-01
2.382699102163314819e-01
3.988917171955108643e-01
5.264723896980285645e-01
2.410108447074890137e-01
2.351429909467697144e-01
3.909054696559906006e-01
9.859204888343811035e-01
1.032724738121032715e+00
3.828006982803344727e-01
4.379976093769073486e-01
2.815306782722473145e-01
2.593006789684295654e-01
2.891652584075927734e-01
3.129967153072357178e-01
2.845552861690521240e-01
3.523360490798950195e-01
2.726859152317047119e-01
3.197759985923767090e-01
2.909534871578216553e-01
2.649118602275848389e-01
2.777396738529205322e-01
3.013068735599517822e-01
2.884756922721862793e-01
3.582472503185272217e-01
2.474783360958099365e-01
3.348081111907958984e-01
3.697407245635986328e-01
3.109332919120788574e-01
3.020714223384857178e-01
2.847329676151275635e-01
3.262959122657775879e-01
2.899773716926574707e-01
3.580157756805419922e-01
9.399213194847106934e-01
2.798144817352294922e-01
3.603615164756774902e-01
2.314987182617187500e-01
2.712790369987487793e-01
2.408684641122817993e-01
3.016025424003601074e-01
4.519181549549102783e-01
2.653178572654724121e-01
2.826954722404479980e-01
3.598411381244659424e-01
2.595000565052032471e-01
2.616389989852905273e-01
4.200271964073181152e-01
2.430802136659622192e-01
4.888752400875091553e-01
2.542019188404083252e-01
2.893778383731842041e-01
2.492390722036361694e-01
2.481689900159835815e-01
6.122949719429016113e-01
2.673431038856506348e-01
2.871554791927337646e-01
2.692423462867736816e-01
2.841224074363708496e-01
3.579010367393493652e-01
2.456643730401992798e-01
3.511089086532592773e-01
2.940161526203155518e-01
2.936451435089111328e-01
3.793722987174987793e-01
2.936451435089111328e-01
3.793722987174987793e-01
2.928902208805084229e-01
2.777898907661437988e-01
2.844921350479125977e-01
3.040744364261627197e-01
2.848530411720275879e-01
3.561214208602905273e-01
3.101600110530853271e-01
1.750930398702621460e-01
3.891080021858215332e-01
3.122447729110717773e-01
3.802042305469512939e-01
3.015329539775848389e-01
2.687114477157592773e-01
3.034895360469818115e-01
6.120446920394897461e-01
5.615211725234985352e-01
2.897050976753234863e-01
3.576506674289703369e-01
2.421766072511672974e-01
2.638885080814361572e-01
4.522984623908996582e-01
5.716313123703002930e-01
3.457994461059570312e-01
4.906544983386993408e-01
2.852000594139099121e-01
4.543971717357635498e-01
4.576769769191741943e-01
4.480393528938293457e-01
4.152896702289581299e-01
4.143989086151123047e-01
3.911669254302978516e-01
2.544870376586914062e-01
2.997103035449981689e-01
3.771688640117645264e-01
3.202530741691589355e-01
2.782746851444244385e-01
3.497450053691864014e-01
1.032836318016052246e+00
2.350003421306610107e-01
1.039670228958129883e+00
2.664065659046173096e-01
3.595023155212402344e-01
4.166582822799682617e-01
2.955107390880584717e-01
2.308608740568161011e-01
2.633856534957885742e-01
1.170983791351318359e+00
4.383137822151184082e-01
1.187289714813232422e+00
4.499779641628265381e-01
1.738934218883514404e-01
1.107405424118041992e+00
2.595377862453460693e-01
3.232333660125732422e-01
3.144515752792358398e-01
3.191164135932922363e-01
3.555144965648651123e-01
3.569664657115936279e-01
3.719376027584075928e-01
3.443247675895690918e-01
3.861437141895294189e-01
4.874360859394073486e-01
4.856159090995788574e-01
4.871517121791839600e-01
2.727058231830596924e-01
2.589128613471984863e-01
2.630870640277862549e-01
4.222716391086578369e-01
4.251227974891662598e-01
4.408266544342041016e-01
1.184026360511779785e+00
1.133030891418457031e+00
2.419053614139556885e-01
2.965635955333709717e-01
3.488914072513580322e-01
3.729662895202636719e-01
3.570884466171264648e-01
1.131204009056091309e+00
1.021528720855712891e+00
2.736787796020507812e-01
3.240344524383544922e-01
2.550310194492340088e-01
2.888015210628509521e-01
2.471737265586853027e-01
2.485439777374267578e-01
1.093882322311401367e+00
3.467983007431030273e-01
3.482186198234558105e-01
2.945384383201599121e-01
3.191507458686828613e-01
2.975137233734130859e-01
2.814389169216156006e-01
2.998552322387695312e-01
3.147611618041992188e-01
2.713280320167541504e-01
4.785895943641662598e-01
4.742904901504516602e-01
2.476615458726882935e-01
4.968578815460205078e-01
4.963728785514831543e-01
2.490811049938201904e-01
