2.774233818054199219e-01
3.114175200462341309e-01
2.481139600276947021e-01
3.544162511825561523e-01
1.748361885547637939e-01
3.125484585762023926e-01
2.860619723796844482e-01
2.754208743572235107e-01
3.018516600131988525e-01
3.024094104766845703e-01
2.509953081607818604e-01
2.605543732643127441e-01
2.881730794906616211e-01
4.366716146469116211e-01
2.835085391998291016e-01
3.558864295482635498e-01
3.750322163105010986e-01
2.721254229545593262e-01
2.568279206752777100e-01
2.555216252803802490e-01
2.897648513317108154e-01
1.177926421165466309e+00
2.494865953922271729e-01
2.478592395782470703e-01
7.081018686294555664e-01
2.664918899536132812e-01
2.965567409992218018e-01
2.740964293479919434e-01
3.572677969932556152e-01
2.924099564552307129e-01
1.240295052528381348e+00
1.220461487770080566e+00
3.197445273399353027e-01
2.741635441780090332e-01
2.610798180103302002e-01
3.134843707084655762e-01
2.695388197898864746e-01
2.472803145647048950e-01
4.146306514739990234e-01
2.540871202945709229e-01
4.004719555377960205e-01
5.649132728576660156e-01
3.567087352275848389e-01
2.255329489707946777e-01
3.600480556488037109e-01
9.534862637519836426e-01
1.047260880470275879e+00
3.293766677379608154e-01
3.337346315383911133e-01
2.941191196441650391e-01
2.624630928039550781e-01
2.768900692462921143e-01
3.079529106616973877e-01
2.866557836532592773e-01
3.569148778915405273e-01
2.474444359540939331e-01
3.443648815155029297e-01
2.665767669677734375e-01
2.912597060203552246e-01
3.240050673484802246e-01
2.936753630638122559e-01
2.862071692943572998e-01
3.569239974021911621e-01
2.450092285871505737e-01
2.921024262905120850e-01
4.171732366085052490e-01
4.115111529827117920e-01
3.008746504783630371e-01
2.759865820407867432e-01
3.120618462562561035e-01
2.870237827301025391e-01
3.602017760276794434e-01
9.163554310798645020e-01
2.814122140407562256e-01
3.588585853576660156e-01
2.300557345151901245e-01
2.743042707443237305e-01
2.427147626876831055e-01
3.015906512737274170e-01
3.160647153854370117e-01
4.561814367771148682e-01
2.838642001152038574e-01
3.599253892898559570e-01
2.563768923282623291e-01
3.706359565258026123e-01
2.800447344779968262e-01
2.457400709390640259e-01
4.930495023727416992e-01
2.555125653743743896e-01
2.896683216094970703e-01
2.498943954706192017e-01
2.458010166883468628e-01
3.476084172725677490e-01
2.588613927364349365e-01
2.985009253025054932e-01
2.601900398731231689e-01
2.817009985446929932e-01
3.575435876846313477e-01
2.388627231121063232e-01
3.726699650287628174e-01
2.776397168636322021e-01
2.749462723731994629e-01
4.159669280052185059e-01
2.749462723731994629e-01
4.159669280052185059e-01
2.897437810897827148e-01
2.648126780986785889e-01
2.878121733665466309e-01
3.223100304603576660e-01
2.848166525363922119e-01
3.521971106529235840e-01
3.372204303741455078e-01
1.752559989690780640e-01
3.938432931900024414e-01
3.233447670936584473e-01
3.427661955356597900e-01
2.993463575839996338e-01
2.778978347778320312e-01
3.165046274662017822e-01
6.360394954681396484e-01
6.292464137077331543e-01
2.922328710556030273e-01
3.576415479183197021e-01
2.494154572486877441e-01
2.676010131835937500e-01
4.605426788330078125e-01
5.782704949378967285e-01
3.397971093654632568e-01
4.782232344150543213e-01
3.013362884521484375e-01
4.516073167324066162e-01
4.501740634441375732e-01
4.491397142410278320e-01
4.126227796077728271e-01
4.175076484680175781e-01
4.144822955131530762e-01
2.589649558067321777e-01
2.972438037395477295e-01
3.663844764232635498e-01
3.208941817283630371e-01
2.783550620079040527e-01
3.505427539348602295e-01
1.169152975082397461e+00
2.323094457387924194e-01
1.181749224662780762e+00
2.722299695014953613e-01
3.545683622360229492e-01
4.013604223728179932e-01
2.934998869895935059e-01
2.347191870212554932e-01
2.651790678501129150e-01
1.165349483489990234e+00
4.267190396785736084e-01
1.149787664413452148e+00
4.401496648788452148e-01
1.737338453531265259e-01
1.146078467369079590e+00
2.580113410949707031e-01
3.138929605484008789e-01
3.081146478652954102e-01
3.007458150386810303e-01
3.744508922100067139e-01
3.756916821002960205e-01
3.723098933696746826e-01
3.434015810489654541e-01
3.898132443428039551e-01
5.156484246253967285e-01
5.142140984535217285e-01
5.030780434608459473e-01
2.624588608741760254e-01
2.686410248279571533e-01
2.653568089008331299e-01
4.196737110614776611e-01
4.098633527755737305e-01
4.063358306884765625e-01
9.433055520057678223e-01
1.079786539077758789e+00
2.464221864938735962e-01
2.950219213962554932e-01
3.491611480712890625e-01
3.643438518047332764e-01
3.498692214488983154e-01
1.157440900802612305e+00
1.178627371788024902e+00
2.851016819477081299e-01
3.285501897335052490e-01
2.548101544380187988e-01
2.895547747611999512e-01
2.477932125329971313e-01
2.477085441350936890e-01
1.195027112960815430e+00
3.197079896926879883e-01
3.833574056625366211e-01
2.942701578140258789e-01
2.964107692241668701e-01
3.218228518962860107e-01
2.793079018592834473e-01
3.292813301086425781e-01
2.869898378849029541e-01
2.738985717296600342e-01
4.760975837707519531e-01
4.643062055110931396e-01
2.477030307054519653e-01
4.957934021949768066e-01
4.965363740921020508e-01
2.484250217676162720e-01
