2.400447726249694824e-01
2.441483438014984131e-01
3.727607727050781250e-01
3.888938426971435547e-01
1.779940277338027954e-01
2.421112954616546631e-01
2.592072486877441406e-01
2.781134247779846191e-01
3.257179856300354004e-01
3.090941905975341797e-01
2.447983622550964355e-01
2.373584508895874023e-01
3.056054711341857910e-01
4.936745762825012207e-01
3.010516166687011719e-01
2.424855828285217285e-01
2.670299112796783447e-01
4.120566248893737793e-01
2.683490812778472900e-01
2.556994855403900146e-01
2.989779710769653320e-01
1.156807184219360352e+00
2.505829334259033203e-01
2.358608841896057129e-01
7.566572427749633789e-01
3.012591004371643066e-01
2.351062297821044922e-01
2.838810086250305176e-01
3.637686967849731445e-01
3.370169401168823242e-01
1.111517786979675293e+00
9.029569625854492188e-01
3.175511956214904785e-01
2.320549488067626953e-01
2.443378269672393799e-01
2.472257018089294434e-01
3.010262846946716309e-01
2.190554738044738770e-01
3.517659306526184082e-01
2.486004084348678589e-01
4.082041978836059570e-01
5.721616744995117188e-01
3.519254326820373535e-01
2.343763411045074463e-01
3.559780120849609375e-01
1.077654838562011719e+00
9.765335321426391602e-01
3.218035399913787842e-01
3.172145485877990723e-01
3.063506484031677246e-01
2.489947676658630371e-01
3.368484973907470703e-01
3.792791068553924561e-01
2.928923964500427246e-01
3.551621437072753906e-01
2.489094734191894531e-01
3.655475080013275146e-01
3.068669438362121582e-01
2.561762928962707520e-01
3.154645562171936035e-01
3.790772259235382080e-01
2.865088880062103271e-01
3.516511321067810059e-01
2.614333629608154297e-01
3.720435500144958496e-01
2.363789677619934082e-01
3.788067102432250977e-01
2.997025847434997559e-01
3.092495799064636230e-01
3.745722770690917969e-01
2.821589112281799316e-01
3.604167699813842773e-01
6.141482591629028320e-01
2.865412831306457520e-01
3.597899079322814941e-01
2.326485067605972290e-01
2.763855457305908203e-01
2.523727416992187500e-01
2.996107935905456543e-01
3.252471685409545898e-01
4.431852698326110840e-01
2.914300262928009033e-01
3.612690865993499756e-01
2.481220364570617676e-01
3.792535066604614258e-01
2.773989140987396240e-01
2.634063959121704102e-01
4.746065735816955566e-01
2.518622875213623047e-01
3.051798343658447266e-01
2.387684583663940430e-01
2.476067841053009033e-01
3.237322270870208740e-01
2.449408173561096191e-01
3.038266301155090332e-01
2.628113031387329102e-01
2.945055365562438965e-01
3.639691472053527832e-01
2.607201337814331055e-01
4.153312444686889648e-01
2.421219348907470703e-01
2.901044785976409912e-01
4.507806897163391113e-01
2.901044785976409912e-01
4.507806897163391113e-01
2.696103155612945557e-01
2.965099215507507324e-01
2.898402512073516846e-01
2.511628866195678711e-01
2.976136207580566406e-01
3.561914563179016113e-01
2.472044229507446289e-01
1.762668192386627197e-01
3.708078265190124512e-01
2.508333921432495117e-01
4.571749567985534668e-01
3.018388450145721436e-01
3.414214253425598145e-01
3.838883936405181885e-01
5.448685884475708008e-01
4.073928594589233398e-01
2.894812226295471191e-01
3.474220037460327148e-01
2.668368816375732422e-01
3.083361089229583740e-01
4.112133979797363281e-01
6.084431409835815430e-01
2.340117841958999634e-01
4.274351000785827637e-01
3.751676678657531738e-01
4.482391476631164551e-01
4.563920497894287109e-01
4.749397635459899902e-01
4.312964379787445068e-01
5.141406655311584473e-01
5.220910310745239258e-01
3.037259876728057861e-01
2.539242804050445557e-01
2.596387565135955811e-01
2.713173627853393555e-01
2.369973063468933105e-01
2.525376677513122559e-01
1.151418209075927734e+00
3.452333807945251465e-01
1.025499582290649414e+00
4.105769395828247070e-01
3.060085773468017578e-01
2.794592976570129395e-01
2.737025618553161621e-01
2.274615019559860229e-01
2.960504889488220215e-01
9.056267738342285156e-01
3.895875811576843262e-01
9.873338937759399414e-01
2.726443111896514893e-01
1.735146194696426392e-01
1.062094688415527344e+00
2.587935924530029297e-01
3.561012148857116699e-01
3.131365180015563965e-01
2.946475148200988770e-01
3.813585638999938965e-01
4.269467890262603760e-01
3.720692098140716553e-01
3.142658472061157227e-01
4.495125412940979004e-01
5.549035072326660156e-01
5.659265518188476562e-01
5.228433609008789062e-01
2.413262128829956055e-01
2.450304329395294189e-01
3.014352321624755859e-01
3.840733170509338379e-01
5.129323005676269531e-01
3.910821080207824707e-01
1.215380907058715820e+00
9.760583639144897461e-01
2.195294201374053955e-01
2.892034649848937988e-01
3.151348829269409180e-01
3.710631132125854492e-01
3.609497547149658203e-01
1.166084051132202148e+00
7.437728643417358398e-01
2.543843090534210205e-01
2.956527173519134521e-01
2.533608973026275635e-01
2.856218814849853516e-01
2.472184002399444580e-01
2.562497556209564209e-01
1.043040037155151367e+00
4.441663622856140137e-01
4.081453979015350342e-01
2.908133864402770996e-01
3.551912605762481689e-01
2.660856842994689941e-01
3.617300391197204590e-01
2.402401119470596313e-01
3.742476105690002441e-01
2.694150209426879883e-01
2.900575995445251465e-01
4.090136289596557617e-01
2.478019744157791138e-01
4.928337633609771729e-01
4.934028089046478271e-01
2.463524043560028076e-01
