2.387392073869705200e-01
3.783389031887054443e-01
2.510222792625427246e-01
2.500195801258087158e-01
1.738434582948684692e-01
3.897519111633300781e-01
2.696166038513183594e-01
2.856908440589904785e-01
3.672792911529541016e-01
3.032155930995941162e-01
2.655574083328247070e-01
2.445198297500610352e-01
2.529221773147583008e-01
4.458444416522979736e-01
2.942432165145874023e-01
2.424615472555160522e-01
2.878722548484802246e-01
4.076693654060363770e-01
2.988927364349365234e-01
2.571517229080200195e-01
2.838309407234191895e-01
9.012847542762756348e-01
2.544406056404113770e-01
2.465040832757949829e-01
4.931400716304779053e-01
2.789489626884460449e-01
3.258837163448333740e-01
3.442289531230926514e-01
2.389933168888092041e-01
3.293562531471252441e-01
6.220750212669372559e-01
4.280410408973693848e-01
3.107656240463256836e-01
2.621689140796661377e-01
2.512642443180084229e-01
2.630827128887176514e-01
3.045067787170410156e-01
3.105702996253967285e-01
3.306598663330078125e-01
3.046205639839172363e-01
3.548195660114288330e-01
4.981197118759155273e-01
2.144654393196105957e-01
2.305603623390197754e-01
2.762615978717803955e-01
7.159390449523925781e-01
5.519399642944335938e-01
4.064903557300567627e-01
5.223544836044311523e-01
3.042913079261779785e-01
2.538105249404907227e-01
2.745541930198669434e-01
3.438712358474731445e-01
2.971404790878295898e-01
2.463869750499725342e-01
2.569563686847686768e-01
3.729475736618041992e-01
2.527237534523010254e-01
3.099958002567291260e-01
3.101880848407745361e-01
2.610023915767669678e-01
3.022459447383880615e-01
2.185427546501159668e-01
3.052009940147399902e-01
2.632559835910797119e-01
4.442349672317504883e-01
4.748751819133758545e-01
3.063984215259552002e-01
3.107721209526062012e-01
3.344891071319580078e-01
2.997272014617919922e-01
2.182122319936752319e-01
8.052721619606018066e-01
2.368998527526855469e-01
3.313859999179840088e-01
2.911079227924346924e-01
2.128638327121734619e-01
2.468737065792083740e-01
2.333704680204391479e-01
4.350736737251281738e-01
4.545371234416961670e-01
2.945157587528228760e-01
3.523953557014465332e-01
3.678504824638366699e-01
2.701964378356933594e-01
4.168735742568969727e-01
2.841933369636535645e-01
2.405933439731597900e-01
2.444976568222045898e-01
2.978705763816833496e-01
2.453553974628448486e-01
2.524269819259643555e-01
2.881478369235992432e-01
2.800090312957763672e-01
2.820138335227966309e-01
2.694143950939178467e-01
2.909576296806335449e-01
2.271977514028549194e-01
2.571578919887542725e-01
4.078577160835266113e-01
3.065353631973266602e-01
3.428372442722320557e-01
3.454082012176513672e-01
3.428372442722320557e-01
3.454082012176513672e-01
2.515818178653717041e-01
2.510421276092529297e-01
2.327563017606735229e-01
3.027455806732177734e-01
2.980337738990783691e-01
2.187623679637908936e-01
3.746252059936523438e-01
1.734918504953384399e-01
4.105786681175231934e-01
3.594996929168701172e-01
4.020141363143920898e-01
2.688015699386596680e-01
3.207777738571166992e-01
3.037636280059814453e-01
6.891452074050903320e-01
6.423465013504028320e-01
2.984820008277893066e-01
2.267906367778778076e-01
2.926820516586303711e-01
4.119634032249450684e-01
5.105040073394775391e-01
4.803103804588317871e-01
3.879450857639312744e-01
4.003908634185791016e-01
4.462538361549377441e-01
4.355551898479461670e-01
3.788263797760009766e-01
3.755819499492645264e-01
3.962148725986480713e-01
4.747609496116638184e-01
3.692898154258728027e-01
2.998391091823577881e-01
2.424829304218292236e-01
2.518498897552490234e-01
3.004552125930786133e-01
2.956472039222717285e-01
2.215586602687835693e-01
6.444131135940551758e-01
2.531136870384216309e-01
5.295017957687377930e-01
3.675818741321563721e-01
3.734223842620849609e-01
3.717154264450073242e-01
2.680020332336425781e-01
2.432673722505569458e-01
2.534981071949005127e-01
6.191925406455993652e-01
3.896430432796478271e-01
7.363944053649902344e-01
2.795514166355133057e-01
1.733897030353546143e-01
7.577377557754516602e-01
2.683266401290893555e-01
3.205718696117401123e-01
3.807410299777984619e-01
3.608189225196838379e-01
2.527168393135070801e-01
3.542924821376800537e-01
3.509154617786407471e-01
2.294414192438125610e-01
3.890596330165863037e-01
4.057231247425079346e-01
4.082162976264953613e-01
3.785918951034545898e-01
2.762131690979003906e-01
2.424487024545669556e-01
2.786382436752319336e-01
3.459807038307189941e-01
4.559258222579956055e-01
3.893629908561706543e-01
3.199681043624877930e-01
6.388721466064453125e-01
2.721667289733886719e-01
2.902263998985290527e-01
2.403939068317413330e-01
3.046510219573974609e-01
2.555002272129058838e-01
9.768474102020263672e-01
6.861385107040405273e-01
3.140189349651336670e-01
3.005179762840270996e-01
2.578990161418914795e-01
2.903607487678527832e-01
2.458018660545349121e-01
2.527507543563842773e-01
8.269485235214233398e-01
3.257572054862976074e-01
3.565394878387451172e-01
2.941322922706604004e-01
3.650479316711425781e-01
2.557480633258819580e-01
2.301121652126312256e-01
2.399400770664215088e-01
3.716087937355041504e-01
3.157426714897155762e-01
4.947641491889953613e-01
3.718282580375671387e-01
2.507297098636627197e-01
4.941562116146087646e-01
4.956451654434204102e-01
2.470009028911590576e-01
