2.578746080398559570e-01
2.249727100133895874e-01
3.596697151660919189e-01
3.936229348182678223e-01
1.724786758422851562e-01
2.708911001682281494e-01
2.665385007858276367e-01
2.841110825538635254e-01
2.682446241378784180e-01
3.107513189315795898e-01
2.616915404796600342e-01
2.590821981430053711e-01
3.013814687728881836e-01
4.519034028053283691e-01
3.002517521381378174e-01
3.248268365859985352e-01
3.028088808059692383e-01
3.726698458194732666e-01
3.104814589023590088e-01
2.526735067367553711e-01
2.946794629096984863e-01
1.349750041961669922e+00
2.612930238246917725e-01
2.481973469257354736e-01
5.752782821655273438e-01
2.989017367362976074e-01
2.610606849193572998e-01
3.221895694732666016e-01
3.578274250030517578e-01
3.419189453125000000e-01
9.834979772567749023e-01
1.131846427917480469e+00
3.791239857673645020e-01
2.952412664890289307e-01
2.385529875755310059e-01
3.071647286415100098e-01
2.484696507453918457e-01
2.477918714284896851e-01
3.563981056213378906e-01
2.479834258556365967e-01
4.055339992046356201e-01
5.679982900619506836e-01
3.572428226470947266e-01
2.222506105899810791e-01
3.526444435119628906e-01
9.306025505065917969e-01
1.084033727645874023e+00
3.314247131347656250e-01
3.462458252906799316e-01
3.034242987632751465e-01
2.529462575912475586e-01
2.846841812133789062e-01
3.686815202236175537e-01
2.936224937438964844e-01
3.602652847766876221e-01
2.336694747209548950e-01
3.549014329910278320e-01
2.583097219467163086e-01
3.017365336418151855e-01
2.929011285305023193e-01
2.632368206977844238e-01
2.956129908561706543e-01
3.648009002208709717e-01
2.679248452186584473e-01
2.563327252864837646e-01
4.470422863960266113e-01
4.566647708415985107e-01
3.051447868347167969e-01
3.323343098163604736e-01
3.724989295005798340e-01
2.949036955833435059e-01
3.600796461105346680e-01
8.436129093170166016e-01
2.855660319328308105e-01
3.551763892173767090e-01
2.299947440624237061e-01
2.707022130489349365e-01
2.418204098939895630e-01
2.971077859401702881e-01
4.693654179573059082e-01
2.155555188655853271e-01
2.836428582668304443e-01
3.668433427810668945e-01
2.546564340591430664e-01
2.638339996337890625e-01
4.269211888313293457e-01
2.360190153121948242e-01
4.939017295837402344e-01
2.529282867908477783e-01
2.869692444801330566e-01
2.561994493007659912e-01
2.485627233982086182e-01
6.014336347579956055e-01
2.394424825906753540e-01
3.054528534412384033e-01
3.177943229675292969e-01
2.724761068820953369e-01
3.648230135440826416e-01
2.394717335700988770e-01
3.887898623943328857e-01
2.543999552726745605e-01
2.489805072546005249e-01
4.519083499908447266e-01
2.489805072546005249e-01
4.519083499908447266e-01
3.113511204719543457e-01
2.541438639163970947e-01
2.474438399076461792e-01
2.877214252948760986e-01
2.815244197845458984e-01
3.586583137512207031e-01
3.522341847419738770e-01
1.739908009767532349e-01
3.746381700038909912e-01
2.724087834358215332e-01
3.611561357975006104e-01
3.068201541900634766e-01
2.578253746032714844e-01
3.004730045795440674e-01
6.869844198226928711e-01
6.513854265213012695e-01
2.846959531307220459e-01
3.540794849395751953e-01
2.602785825729370117e-01
2.697782218456268311e-01
3.889989256858825684e-01
5.183536410331726074e-01
3.462970256805419922e-01
5.078123807907104492e-01
2.211443781852722168e-01
4.738875627517700195e-01
4.495243430137634277e-01
4.629115164279937744e-01
4.525750875473022461e-01
3.475829362869262695e-01
4.603983163833618164e-01
2.908340692520141602e-01
2.700422108173370361e-01
2.234618365764617920e-01
3.540385663509368896e-01
2.876245379447937012e-01
3.552272319793701172e-01
1.285859823226928711e+00
2.233165204524993896e-01
1.384891629219055176e+00
3.459205627441406250e-01
3.459253609180450439e-01
2.381551563739776611e-01
2.947230339050292969e-01
3.102607727050781250e-01
2.470193952322006226e-01
1.221826076507568359e+00
3.546410202980041504e-01
1.136278152465820312e+00
3.871451914310455322e-01
1.746232807636260986e-01
1.239669680595397949e+00
2.987191677093505859e-01
2.980280518531799316e-01
3.287582695484161377e-01
3.451130986213684082e-01
3.736471533775329590e-01
2.569053173065185547e-01
3.146883249282836914e-01
3.537505865097045898e-01
3.133836984634399414e-01
4.659881591796875000e-01
5.205009579658508301e-01
4.731816649436950684e-01
2.562299966812133789e-01
3.079072237014770508e-01
2.428454607725143433e-01
5.455983877182006836e-01
5.216848254203796387e-01
4.543616771697998047e-01
1.416115760803222656e+00
1.016485691070556641e+00
2.466965764760971069e-01
2.933960556983947754e-01
3.269107341766357422e-01
2.819597125053405762e-01
3.844007849693298340e-01
9.075357913970947266e-01
7.180877923965454102e-01
3.803156316280364990e-01
3.092830777168273926e-01
2.606606483459472656e-01
2.730042934417724609e-01
2.570686936378479004e-01
2.472676634788513184e-01
1.248167276382446289e+00
3.491808176040649414e-01
3.314084410667419434e-01
2.963594496250152588e-01
3.740705251693725586e-01
2.482880055904388428e-01
2.929773330688476562e-01
2.700416445732116699e-01
3.577612042427062988e-01
3.180906176567077637e-01
5.225343704223632812e-01
4.861154556274414062e-01
2.483170926570892334e-01
4.956821203231811523e-01
4.912456274032592773e-01
2.429946064949035645e-01
