2.796992063522338867e-01
2.967121601104736328e-01
2.374464273452758789e-01
4.028430879116058350e-01
1.786718815565109253e-01
3.339843153953552246e-01
2.518091797828674316e-01
2.758223116397857666e-01
3.134864270687103271e-01
3.030444085597991943e-01
2.289018779993057251e-01
2.550274729728698730e-01
2.982597351074218750e-01
5.082675218582153320e-01
2.983304560184478760e-01
2.759901881217956543e-01
2.908326685428619385e-01
3.906669020652770996e-01
2.706371843814849854e-01
2.545551657676696777e-01
2.832197844982147217e-01
9.082076549530029297e-01
2.499158978462219238e-01
2.494064569473266602e-01
7.590966224670410156e-01
3.013072609901428223e-01
2.546318173408508301e-01
3.135082125663757324e-01
3.322342038154602051e-01
4.228017330169677734e-01
9.243562221527099609e-01
8.617199659347534180e-01
3.565328121185302734e-01
2.932158708572387695e-01
2.325823605060577393e-01
2.510424852371215820e-01
2.724586129188537598e-01
2.477243691682815552e-01
3.256907463073730469e-01
2.543098628520965576e-01
4.003832638263702393e-01
5.516678094863891602e-01
2.130139023065567017e-01
2.154966443777084351e-01
3.661531805992126465e-01
4.723605215549468994e-01
4.996950626373291016e-01
3.363910615444183350e-01
4.690958857536315918e-01
2.517462968826293945e-01
3.068438470363616943e-01
3.069372177124023438e-01
2.703878283500671387e-01
2.915536761283874512e-01
2.305535525083541870e-01
2.970342636108398438e-01
2.676535546779632568e-01
3.046754002571105957e-01
2.475341856479644775e-01
2.594787478446960449e-01
2.979225516319274902e-01
2.225566059350967407e-01
2.529409527778625488e-01
3.705067932605743408e-01
4.100897014141082764e-01
3.610230684280395508e-01
2.919019758701324463e-01
3.065200448036193848e-01
3.150734901428222656e-01
3.805389106273651123e-01
3.017412126064300537e-01
2.281109094619750977e-01
6.564624309539794922e-01
2.331204116344451904e-01
3.132787942886352539e-01
2.800040245056152344e-01
2.188769578933715820e-01
2.397450804710388184e-01
2.446667402982711792e-01
4.490404129028320312e-01
4.430693387985229492e-01
2.884556055068969727e-01
3.390257656574249268e-01
3.598393797874450684e-01
2.518972754478454590e-01
4.243399500846862793e-01
2.535865306854248047e-01
2.555213868618011475e-01
2.492417693138122559e-01
2.989766895771026611e-01
2.486077994108200073e-01
2.467733025550842285e-01
3.795164227485656738e-01
2.978117167949676514e-01
2.390959113836288452e-01
3.224927186965942383e-01
2.865772247314453125e-01
3.308110833168029785e-01
2.631298899650573730e-01
3.410550355911254883e-01
3.674027919769287109e-01
4.296926259994506836e-01
2.308239042758941650e-01
4.296926259994506836e-01
2.308239042758941650e-01
2.705094814300537109e-01
2.998217940330505371e-01
3.169976472854614258e-01
2.514306306838989258e-01
2.824167311191558838e-01
2.213398069143295288e-01
2.602636814117431641e-01
1.732345372438430786e-01
3.594844341278076172e-01
2.639763057231903076e-01
4.608717858791351318e-01
2.521551847457885742e-01
3.713696599006652832e-01
3.101754486560821533e-01
4.882614016532897949e-01
3.706812262535095215e-01
2.909382879734039307e-01
2.239478677511215210e-01
3.390161991119384766e-01
4.147323668003082275e-01
5.084143280982971191e-01
2.860129773616790771e-01
5.166276693344116211e-01
4.109728634357452393e-01
4.575820267200469971e-01
2.950522005558013916e-01
3.761238455772399902e-01
3.291695415973663330e-01
4.607750177383422852e-01
4.723047912120819092e-01
5.051451921463012695e-01
2.542850971221923828e-01
3.098799288272857666e-01
2.966762185096740723e-01
3.191364705562591553e-01
2.940207123756408691e-01
2.220342010259628296e-01
7.150300741195678711e-01
2.712827622890472412e-01
8.535254001617431641e-01
2.706148624420166016e-01
3.385843634605407715e-01
3.068225383758544922e-01
2.479415386915206909e-01
2.573497891426086426e-01
3.043795824050903320e-01
6.847332119941711426e-01
4.698438942432403564e-01
6.765934228897094727e-01
4.637128412723541260e-01
1.723382920026779175e-01
8.942348957061767578e-01
2.385249435901641846e-01
2.799789309501647949e-01
3.325712084770202637e-01
2.999751567840576172e-01
4.156455397605895996e-01
3.667005896568298340e-01
4.042504429817199707e-01
3.491988778114318848e-01
3.997646570205688477e-01
4.854760169982910156e-01
5.086997747421264648e-01
5.229734182357788086e-01
2.765603959560394287e-01
2.801639437675476074e-01
2.477257549762725830e-01
3.892233371734619141e-01
2.978963255882263184e-01
3.515915274620056152e-01
7.609285116195678711e-01
6.261256933212280273e-01
2.469112575054168701e-01
3.016712367534637451e-01
2.202411144971847534e-01
2.634144723415374756e-01
2.731614410877227783e-01
9.099736809730529785e-01
9.177133440971374512e-01
3.664137423038482666e-01
3.801533877849578857e-01
2.587511837482452393e-01
2.869890630245208740e-01
2.444284111261367798e-01
2.466902732849121094e-01
8.119380474090576172e-01
3.803475201129913330e-01
3.010917305946350098e-01
2.897999584674835205e-01
3.127532005310058594e-01
3.121999204158782959e-01
2.398449629545211792e-01
3.041230738162994385e-01
3.134521245956420898e-01
2.693582475185394287e-01
4.693978428840637207e-01
4.741406440734863281e-01
2.463613450527191162e-01
4.998221695423126221e-01
4.961967766284942627e-01
2.528539896011352539e-01
