3.061502575874328613e-01
3.053266704082489014e-01
2.407803684473037720e-01
3.580740690231323242e-01
1.787722706794738770e-01
2.267671972513198853e-01
2.572709619998931885e-01
2.601350545883178711e-01
3.172183036804199219e-01
3.070427179336547852e-01
2.489557713270187378e-01
2.524412870407104492e-01
3.052200973033905029e-01
5.046118497848510742e-01
2.991312742233276367e-01
2.719146609306335449e-01
2.950939238071441650e-01
3.844295144081115723e-01
2.535218894481658936e-01
2.577861547470092773e-01
2.866865396499633789e-01
1.338334560394287109e+00
2.513219714164733887e-01
2.373538613319396973e-01
7.382209300994873047e-01
3.072223663330078125e-01
2.534237504005432129e-01
3.088852465152740479e-01
3.464888632297515869e-01
3.795058131217956543e-01
1.430646657943725586e+00
1.070894956588745117e+00
3.814404308795928955e-01
2.939439415931701660e-01
2.374745607376098633e-01
3.057924509048461914e-01
2.434249669313430786e-01
2.544484734535217285e-01
3.578164875507354736e-01
2.636879980564117432e-01
4.078727364540100098e-01
5.481730103492736816e-01
3.521985411643981934e-01
2.198331654071807861e-01
3.548973202705383301e-01
7.433850765228271484e-01
7.667567729949951172e-01
3.256624042987823486e-01
3.559980690479278564e-01
2.361104041337966919e-01
2.502327561378479004e-01
3.839512765407562256e-01
3.762454390525817871e-01
2.776547670364379883e-01
3.512816131114959717e-01
3.598035573959350586e-01
2.430823445320129395e-01
2.463724762201309204e-01
3.030062019824981689e-01
3.201765418052673340e-01
2.500802278518676758e-01
2.926839590072631836e-01
3.543840050697326660e-01
2.576822638511657715e-01
2.497269213199615479e-01
4.467546343803405762e-01
4.490837156772613525e-01
2.996436357498168945e-01
3.311910033226013184e-01
3.826700448989868164e-01
2.928510010242462158e-01
3.519228696823120117e-01
8.017657995223999023e-01
2.667208313941955566e-01
3.573661446571350098e-01
2.313855141401290894e-01
2.982422113418579102e-01
2.427453249692916870e-01
2.471873611211776733e-01
4.520849585533142090e-01
4.313747882843017578e-01
2.826718091964721680e-01
3.537311851978302002e-01
3.603235483169555664e-01
2.602688670158386230e-01
4.276681542396545410e-01
2.482121884822845459e-01
2.581892311573028564e-01
2.586544752120971680e-01
2.898874580860137939e-01
2.506562471389770508e-01
2.511270642280578613e-01
3.218352496623992920e-01
2.588143050670623779e-01
3.058670163154602051e-01
2.544150650501251221e-01
2.881324291229248047e-01
3.545743823051452637e-01
2.423416376113891602e-01
3.820094764232635498e-01
2.721098065376281738e-01
2.658340930938720703e-01
4.461248517036437988e-01
2.658340930938720703e-01
4.461248517036437988e-01
2.802535891532897949e-01
3.082750141620635986e-01
3.163681924343109131e-01
2.536017298698425293e-01
2.869372665882110596e-01
3.569315671920776367e-01
2.537992298603057861e-01
1.754833757877349854e-01
3.643508851528167725e-01
2.669226825237274170e-01
4.575719237327575684e-01
3.050050735473632812e-01
2.519186735153198242e-01
2.844491004943847656e-01
5.385912656784057617e-01
3.976569175720214844e-01
2.824326753616333008e-01
3.615956902503967285e-01
2.422377765178680420e-01
2.658180594444274902e-01
3.973084688186645508e-01
5.760707259178161621e-01
3.476988673210144043e-01
5.117769837379455566e-01
2.145529091358184814e-01
4.357148408889770508e-01
4.492180943489074707e-01
4.626188874244689941e-01
3.262846469879150391e-01
4.307629168033599854e-01
4.541749358177185059e-01
2.493505179882049561e-01
3.043436408042907715e-01
3.803713619709014893e-01
3.100245893001556396e-01
2.823232412338256836e-01
3.548867702484130859e-01
1.674839973449707031e+00
2.419152259826660156e-01
1.767541885375976562e+00
2.566867470741271973e-01
3.471959829330444336e-01
4.161109030246734619e-01
2.928324341773986816e-01
2.273696959018707275e-01
2.681924700736999512e-01
1.701700925827026367e+00
4.515059888362884521e-01
1.820416927337646484e+00
4.478494822978973389e-01
1.736338585615158081e-01
1.761942028999328613e+00
3.008890748023986816e-01
2.726222276687622070e-01
3.794245123863220215e-01
3.285639882087707520e-01
3.699092566967010498e-01
2.558484077453613281e-01
2.959031760692596436e-01
3.561348915100097656e-01
3.070861399173736572e-01
4.914165437221527100e-01
5.055904984474182129e-01
3.930222690105438232e-01
2.464204877614974976e-01
3.057967424392700195e-01
2.549859583377838135e-01
5.347459316253662109e-01
5.269799232482910156e-01
4.612056314945220947e-01
1.345786094665527344e+00
1.639435052871704102e+00
2.474854141473770142e-01
2.926670908927917480e-01
3.590802550315856934e-01
2.479098439216613770e-01
2.393608242273330688e-01
1.707200288772583008e+00
1.417304158210754395e+00
3.603580594062805176e-01
3.648171424865722656e-01
2.610523700714111328e-01
2.923618257045745850e-01
2.536498308181762695e-01
2.460284978151321411e-01
1.165527582168579102e+00
2.603012323379516602e-01
4.403527677059173584e-01
2.981233000755310059e-01
3.693380355834960938e-01
2.533956766128540039e-01
2.636465132236480713e-01
2.500150501728057861e-01
3.599022328853607178e-01
3.664572238922119141e-01
4.688440561294555664e-01
3.402480185031890869e-01
2.440219074487686157e-01
4.978173971176147461e-01
4.953641891479492188e-01
2.457941174507141113e-01
