2.610839605331420898e-01
2.707145214080810547e-01
2.391399741172790527e-01
4.558666348457336426e-01
1.688355207443237305e-01
4.348199665546417236e-01
2.576431632041931152e-01
3.059891462326049805e-01
2.923513650894165039e-01
3.034245371818542480e-01
2.518658041954040527e-01
2.557086646556854248e-01
3.031675219535827637e-01
4.621143937110900879e-01
2.943365573883056641e-01
3.422822952270507812e-01
2.996023595333099365e-01
3.880954384803771973e-01
3.129139244556427002e-01
2.514381706714630127e-01
2.948705554008483887e-01
1.157893657684326172e+00
2.511426806449890137e-01
2.453304231166839600e-01
6.016615629196166992e-01
2.954602241516113281e-01
2.529309689998626709e-01
2.792752385139465332e-01
3.635988235473632812e-01
3.850435614585876465e-01
8.015407919883728027e-01
1.151497960090637207e+00
3.853452801704406738e-01
2.665243744850158691e-01
2.431142032146453857e-01
3.205174803733825684e-01
2.450208067893981934e-01
2.510417997837066650e-01
3.714509606361389160e-01
3.137615323066711426e-01
3.552991151809692383e-01
5.496876239776611328e-01
3.617774844169616699e-01
2.369454503059387207e-01
2.725639939308166504e-01
6.512142419815063477e-01
5.577415227890014648e-01
3.339796662330627441e-01
4.816416203975677490e-01
2.619526386260986328e-01
3.046503961086273193e-01
3.721196651458740234e-01
3.060233592987060547e-01
2.833300232887268066e-01
3.596186041831970215e-01
2.251108437776565552e-01
2.708597779273986816e-01
3.035135269165039062e-01
2.607901692390441895e-01
2.576486468315124512e-01
2.660378813743591309e-01
2.842816412448883057e-01
3.543820679187774658e-01
2.315229475498199463e-01
3.514655530452728271e-01
3.850810527801513672e-01
2.454709410667419434e-01
3.020591735839843750e-01
2.496191263198852539e-01
2.970275282859802246e-01
2.969895899295806885e-01
3.556728363037109375e-01
1.090774774551391602e+00
2.230688631534576416e-01
3.101702332496643066e-01
2.779473066329956055e-01
2.245661616325378418e-01
2.349323332309722900e-01
2.445594966411590576e-01
4.505280256271362305e-01
4.300879836082458496e-01
2.785413861274719238e-01
3.561349213123321533e-01
3.610084950923919678e-01
2.854059338569641113e-01
4.253836274147033691e-01
2.467003464698791504e-01
2.513577044010162354e-01
2.513343393802642822e-01
2.817139625549316406e-01
2.515903413295745850e-01
2.421719133853912354e-01
3.131740391254425049e-01
2.964409589767456055e-01
2.477376163005828857e-01
3.042445778846740723e-01
2.929505407810211182e-01
3.667576313018798828e-01
2.417759299278259277e-01
2.732276916503906250e-01
3.675263524055480957e-01
3.967706859111785889e-01
2.342360019683837891e-01
3.967706859111785889e-01
2.342360019683837891e-01
2.985143065452575684e-01
2.951278686523437500e-01
3.915160298347473145e-01
3.476172089576721191e-01
2.891939282417297363e-01
3.624311387538909912e-01
2.272174656391143799e-01
1.738738417625427246e-01
4.074790775775909424e-01
3.664087653160095215e-01
4.514166116714477539e-01
2.987679541110992432e-01
3.308062255382537842e-01
3.991670012474060059e-01
4.019011855125427246e-01
5.603787302970886230e-01
2.867742478847503662e-01
3.584696650505065918e-01
2.610450387001037598e-01
2.569662630558013916e-01
4.432876408100128174e-01
5.892812013626098633e-01
2.076002657413482666e-01
4.029200077056884766e-01
3.634958863258361816e-01
4.410352110862731934e-01
4.566697478294372559e-01
4.638906419277191162e-01
3.680085241794586182e-01
4.799439907073974609e-01
4.674468636512756348e-01
2.497833073139190674e-01
3.040084838867187500e-01
3.279528617858886719e-01
2.612273395061492920e-01
2.865217328071594238e-01
3.563158214092254639e-01
6.002876758575439453e-01
2.517187595367431641e-01
5.006473064422607422e-01
2.540508508682250977e-01
3.122138381004333496e-01
2.789306640625000000e-01
2.336347699165344238e-01
2.315948009490966797e-01
3.013610243797302246e-01
6.810715198516845703e-01
4.513002932071685791e-01
7.537989616394042969e-01
4.595856666564941406e-01
1.772145926952362061e-01
6.719586849212646484e-01
3.076803088188171387e-01
2.228477895259857178e-01
3.566105961799621582e-01
3.069657087326049805e-01
2.477024197578430176e-01
3.180187642574310303e-01
3.698835074901580811e-01
2.243085801601409912e-01
4.528075456619262695e-01
3.518516421318054199e-01
4.940246343612670898e-01
3.722634315490722656e-01
3.070524036884307861e-01
2.445030510425567627e-01
2.562696337699890137e-01
4.663430750370025635e-01
5.293495059013366699e-01
5.750977993011474609e-01
6.444193720817565918e-01
4.074549078941345215e-01
2.392866313457489014e-01
2.893831729888916016e-01
3.369474112987518311e-01
3.753437101840972900e-01
3.561738133430480957e-01
7.849284410476684570e-01
6.638538837432861328e-01
2.589743137359619141e-01
2.553670108318328857e-01
2.504929006099700928e-01
2.838711738586425781e-01
2.516881227493286133e-01
2.569892406463623047e-01
9.949067831039428711e-01
4.418990612030029297e-01
3.133291006088256836e-01
2.836822867393493652e-01
2.546951472759246826e-01
3.770462572574615479e-01
2.930471897125244141e-01
3.644984364509582520e-01
2.652534544467926025e-01
3.665816783905029297e-01
2.732489705085754395e-01
4.059761464595794678e-01
2.384816259145736694e-01
5.016086697578430176e-01
4.963197112083435059e-01
2.530727386474609375e-01
