2.976820468902587891e-01
2.692023813724517822e-01
2.450956851243972778e-01
4.000572562217712402e-01
1.747459173202514648e-01
2.872533500194549561e-01
2.520577013492584229e-01
2.953470051288604736e-01
3.123157918453216553e-01
3.073118627071380615e-01
2.405359297990798950e-01
2.432907819747924805e-01
3.059306442737579346e-01
2.656330466270446777e-01
2.907002270221710205e-01
2.266147583723068237e-01
3.670291006565093994e-01
2.985569536685943604e-01
2.484238892793655396e-01
2.514642179012298584e-01
2.878254354000091553e-01
1.495612621307373047e+00
2.501070499420166016e-01
2.518309354782104492e-01
7.552314996719360352e-01
2.805236876010894775e-01
2.816757261753082275e-01
2.808702886104583740e-01
3.597531914710998535e-01
2.899374067783355713e-01
1.198953032493591309e+00
1.375775694847106934e+00
3.320140838623046875e-01
2.809066176414489746e-01
2.527309656143188477e-01
3.116120696067810059e-01
2.648534774780273438e-01
2.401994764804840088e-01
3.942797482013702393e-01
2.556862831115722656e-01
3.822678923606872559e-01
5.500574111938476562e-01
3.617452383041381836e-01
2.210447043180465698e-01
3.488493263721466064e-01
9.593046307563781738e-01
1.062292098999023438e+00
3.486191332340240479e-01
3.854052424430847168e-01
3.070716857910156250e-01
2.508620619773864746e-01
2.695170044898986816e-01
3.154124617576599121e-01
2.902290821075439453e-01
3.636423647403717041e-01
2.520747184753417969e-01
3.600471913814544678e-01
2.480452060699462891e-01
3.011804223060607910e-01
3.187768161296844482e-01
2.614870667457580566e-01
2.861111462116241455e-01
3.577113747596740723e-01
2.465254813432693481e-01
2.474275827407836914e-01
4.493427276611328125e-01
4.457521438598632812e-01
3.036593496799468994e-01
3.052914142608642578e-01
3.605837523937225342e-01
2.875404357910156250e-01
3.615630269050598145e-01
1.105021834373474121e+00
2.779764533042907715e-01
3.551514744758605957e-01
2.355082482099533081e-01
2.765039801597595215e-01
2.452648133039474487e-01
3.011077940464019775e-01
2.977629303932189941e-01
4.783373773097991943e-01
2.854531109333038330e-01
3.574676513671875000e-01
2.707406878471374512e-01
3.792549073696136475e-01
2.606740593910217285e-01
2.523117661476135254e-01
5.007060170173645020e-01
2.544790208339691162e-01
2.951411306858062744e-01
2.418281733989715576e-01
2.459983378648757935e-01
3.130390048027038574e-01
2.517504394054412842e-01
3.048414885997772217e-01
2.763165831565856934e-01
2.784732878208160400e-01
3.547522723674774170e-01
2.462889254093170166e-01
4.003738760948181152e-01
2.555616497993469238e-01
2.792219817638397217e-01
4.345098435878753662e-01
2.792219817638397217e-01
4.345098435878753662e-01
2.950584888458251953e-01
2.600969374179840088e-01
3.332538008689880371e-01
3.649687170982360840e-01
2.917876839637756348e-01
3.595292270183563232e-01
3.423689007759094238e-01
1.755820214748382568e-01
4.048453271389007568e-01
3.570862710475921631e-01
2.929655015468597412e-01
2.624381184577941895e-01
3.389041423797607422e-01
3.244858384132385254e-01
6.304541826248168945e-01
6.489404439926147461e-01
2.962454557418823242e-01
3.611766397953033447e-01
3.032855093479156494e-01
3.387641012668609619e-01
5.596301555633544922e-01
5.745393633842468262e-01
4.048244357109069824e-01
4.226995408535003662e-01
4.290911257266998291e-01
3.921054005622863770e-01
4.307934641838073730e-01
3.313217759132385254e-01
3.261965215206146240e-01
3.975339829921722412e-01
3.320669531822204590e-01
2.858907580375671387e-01
2.851741909980773926e-01
3.586463928222656250e-01
2.979250550270080566e-01
2.878451347351074219e-01
3.386172652244567871e-01
1.517861604690551758e+00
2.336748838424682617e-01
1.560401201248168945e+00
3.167649507522583008e-01
3.504122197628021240e-01
3.971676826477050781e-01
2.789339423179626465e-01
2.361044585704803467e-01
2.616473436355590820e-01
1.450514554977416992e+00
4.044447541236877441e-01
1.470153808593750000e+00
4.414645135402679443e-01
1.749471873044967651e-01
1.658139467239379883e+00
2.458735406398773193e-01
3.870061039924621582e-01
4.150549769401550293e-01
3.886219859123229980e-01
2.928814589977264404e-01
3.396385610103607178e-01
2.919230461120605469e-01
3.454241752624511719e-01
4.134390354156494141e-01
3.146282434463500977e-01
4.135228991508483887e-01
3.169213533401489258e-01
2.447799891233444214e-01
2.578380107879638672e-01
2.789555191993713379e-01
5.154303312301635742e-01
5.108247399330139160e-01
4.767080247402191162e-01
1.631305932998657227e+00
1.545060992240905762e+00
2.436062842607498169e-01
2.988354563713073730e-01
3.595985174179077148e-01
3.802320063114166260e-01
3.851830661296844482e-01
1.515599012374877930e+00
1.506476640701293945e+00
2.676953971385955811e-01
3.160908818244934082e-01
2.500913441181182861e-01
2.864786684513092041e-01
2.454046756029129028e-01
2.480861842632293701e-01
1.575348615646362305e+00
3.363462388515472412e-01
3.450389802455902100e-01
2.891770005226135254e-01
3.264086842536926270e-01
2.935788631439208984e-01
2.725589275360107422e-01
2.968533039093017578e-01
3.142514824867248535e-01
2.701177299022674561e-01
4.798749387264251709e-01
4.781783223152160645e-01
2.501659989356994629e-01
4.952372908592224121e-01
4.976628422737121582e-01
2.490139007568359375e-01
