2.847722768783569336e-01
2.772547900676727295e-01
2.348279654979705811e-01
4.090995788574218750e-01
1.773843318223953247e-01
3.282923698425292969e-01
2.845192551612854004e-01
2.918294072151184082e-01
3.432447016239166260e-01
3.057295083999633789e-01
2.521820664405822754e-01
2.378119379281997681e-01
2.738020420074462891e-01
4.982366263866424561e-01
2.927334904670715332e-01
2.406051158905029297e-01
2.862009406089782715e-01
3.921495079994201660e-01
2.678920626640319824e-01
2.586104273796081543e-01
2.806613445281982422e-01
1.027197480201721191e+00
2.523140609264373779e-01
2.531147003173828125e-01
7.339048385620117188e-01
2.774604558944702148e-01
2.960689663887023926e-01
2.732695937156677246e-01
3.578911721706390381e-01
2.951070666313171387e-01
1.793162107467651367e+00
1.599694132804870605e+00
3.513813316822052002e-01
2.567366957664489746e-01
2.292607128620147705e-01
2.736599445343017578e-01
2.780017852783203125e-01
2.361032068729400635e-01
3.900358974933624268e-01
2.572063207626342773e-01
4.025148749351501465e-01
5.842709541320800781e-01
3.532758355140686035e-01
2.396863102912902832e-01
3.628214597702026367e-01
1.021948575973510742e+00
1.164761781692504883e+00
3.070366382598876953e-01
3.680819272994995117e-01
3.068301379680633545e-01
2.460688650608062744e-01
3.578708767890930176e-01
3.181011676788330078e-01
2.879787683486938477e-01
3.512516617774963379e-01
2.665635347366333008e-01
3.671036660671234131e-01
2.425170838832855225e-01
3.007289171218872070e-01
3.018250465393066406e-01
2.463188618421554565e-01
2.887933254241943359e-01
3.596531152725219727e-01
2.442770153284072876e-01
2.590729296207427979e-01
4.561157822608947754e-01
4.420008063316345215e-01
3.021378815174102783e-01
2.878952324390411377e-01
3.372019529342651367e-01
2.867603003978729248e-01
3.584695160388946533e-01
9.687974452972412109e-01
2.819048762321472168e-01
3.549773693084716797e-01
2.330883443355560303e-01
2.792526483535766602e-01
2.587221860885620117e-01
3.063342571258544922e-01
3.237293958663940430e-01
4.441907107830047607e-01
2.826358675956726074e-01
3.590930998325347900e-01
2.450528740882873535e-01
3.697765767574310303e-01
2.642651498317718506e-01
2.784417569637298584e-01
4.746455848217010498e-01
2.613508999347686768e-01
2.878391742706298828e-01
2.497708946466445923e-01
2.437325865030288696e-01
2.676087319850921631e-01
2.447822391986846924e-01
3.016291856765747070e-01
2.528707385063171387e-01
2.759144604206085205e-01
3.629916906356811523e-01
2.403516173362731934e-01
4.150886237621307373e-01
2.504339218139648438e-01
2.947457432746887207e-01
4.332407116889953613e-01
2.947457432746887207e-01
4.332407116889953613e-01
3.038335144519805908e-01
2.447477281093597412e-01
3.405171334743499756e-01
3.787623643875122070e-01
2.875864803791046143e-01
3.562594652175903320e-01
3.610770106315612793e-01
1.757133901119232178e-01
3.804694414138793945e-01
2.908428311347961426e-01
2.433834969997406006e-01
2.307832241058349609e-01
3.843424618244171143e-01
3.705594539642333984e-01
6.491748690605163574e-01
6.466750502586364746e-01
2.960069477558135986e-01
3.486844897270202637e-01
3.730703890323638916e-01
4.067736268043518066e-01
4.638476669788360596e-01
5.211446285247802734e-01
2.367397695779800415e-01
2.986067533493041992e-01
3.348184823989868164e-01
3.941879868507385254e-01
3.425623774528503418e-01
2.437980324029922485e-01
5.403275489807128906e-01
5.040549635887145996e-01
4.421834945678710938e-01
3.070258498191833496e-01
2.518018782138824463e-01
2.591418623924255371e-01
3.017040193080902100e-01
2.267212569713592529e-01
3.237746059894561768e-01
1.284964203834533691e+00
3.504607379436492920e-01
1.187328815460205078e+00
3.989194035530090332e-01
3.468676209449768066e-01
3.161978721618652344e-01
2.813090980052947998e-01
2.392315417528152466e-01
2.795430123805999756e-01
1.156753063201904297e+00
3.495313823223114014e-01
1.292111754417419434e+00
2.809279859066009521e-01
1.746672838926315308e-01
1.172622442245483398e+00
2.408273518085479736e-01
3.024041652679443359e-01
2.727006673812866211e-01
3.153104782104492188e-01
4.044718444347381592e-01
4.015885889530181885e-01
3.888408839702606201e-01
2.379048764705657959e-01
2.822254896163940430e-01
4.671211242675781250e-01
4.476132690906524658e-01
4.849256873130798340e-01
2.525200247764587402e-01
2.748884856700897217e-01
2.799861431121826172e-01
4.639283418655395508e-01
5.015305280685424805e-01
4.795909821987152100e-01
1.365784168243408203e+00
9.720510840415954590e-01
2.377904206514358521e-01
2.829467356204986572e-01
3.493296802043914795e-01
2.587352693080902100e-01
2.591276764869689941e-01
1.376260757446289062e+00
9.813138842582702637e-01
3.729802072048187256e-01
3.552508056163787842e-01
2.514967620372772217e-01
2.838662266731262207e-01
2.505430579185485840e-01
2.520714998245239258e-01
7.475360631942749023e-01
2.547042071819305420e-01
4.343459010124206543e-01
2.829235196113586426e-01
3.740673959255218506e-01
2.528159618377685547e-01
2.652039527893066406e-01
2.551632225513458252e-01
3.627572655677795410e-01
3.631690740585327148e-01
4.539245069026947021e-01
3.183944821357727051e-01
2.526834011077880859e-01
4.971674680709838867e-01
4.983946084976196289e-01
2.507721781730651855e-01
