2.682974040508270264e-01
2.718893289566040039e-01
3.109610378742218018e-01
3.575646877288818359e-01
1.762214750051498413e-01
2.899885773658752441e-01
2.889676392078399658e-01
2.693101167678833008e-01
3.453685045242309570e-01
3.042467236518859863e-01
2.545125186443328857e-01
2.478094846010208130e-01
2.707585692405700684e-01
3.040383458137512207e-01
2.775460779666900635e-01
2.144051343202590942e-01
2.708760797977447510e-01
4.174841046333312988e-01
3.721312284469604492e-01
2.563711106777191162e-01
2.850719988346099854e-01
9.780148267745971680e-01
2.445197850465774536e-01
2.524923682212829590e-01
7.198416590690612793e-01
2.811764180660247803e-01
2.830524146556854248e-01
3.147018551826477051e-01
2.258711755275726318e-01
3.510499000549316406e-01
1.025959253311157227e+00
1.073407411575317383e+00
2.781307101249694824e-01
2.724902629852294922e-01
2.927502989768981934e-01
3.488801121711730957e-01
2.484396249055862427e-01
2.939078509807586670e-01
3.709705173969268799e-01
2.871674299240112305e-01
3.378479480743408203e-01
5.026752948760986328e-01
2.143183946609497070e-01
2.170972079038619995e-01
2.852509617805480957e-01
7.265393733978271484e-01
5.895088315010070801e-01
3.538419008255004883e-01
4.790210723876953125e-01
2.844447791576385498e-01
2.609009742736816406e-01
3.008749485015869141e-01
3.184355199337005615e-01
2.972510457038879395e-01
2.339525967836380005e-01
2.938031852245330811e-01
3.452397882938385010e-01
2.857422828674316406e-01
2.678848505020141602e-01
2.784339189529418945e-01
2.795946002006530762e-01
2.972269058227539062e-01
2.151693850755691528e-01
2.645516991615295410e-01
3.253369331359863281e-01
4.270370006561279297e-01
3.661152422428131104e-01
3.016670346260070801e-01
2.814962267875671387e-01
3.193607330322265625e-01
2.972569465637207031e-01
2.238472998142242432e-01
7.684418559074401855e-01
2.342793196439743042e-01
3.218679130077362061e-01
2.860184311866760254e-01
2.151654213666915894e-01
2.445817291736602783e-01
2.457179129123687744e-01
4.515832364559173584e-01
4.371038079261779785e-01
2.944994866847991943e-01
3.387794792652130127e-01
3.685289025306701660e-01
2.860584855079650879e-01
3.888733983039855957e-01
2.798132896423339844e-01
3.005834519863128662e-01
2.547222077846527100e-01
2.865446209907531738e-01
2.466866225004196167e-01
2.509805262088775635e-01
4.194909036159515381e-01
2.929422855377197266e-01
2.408066093921661377e-01
3.291551470756530762e-01
2.941510081291198730e-01
2.217174023389816284e-01
2.827947735786437988e-01
3.860724568367004395e-01
3.600353896617889404e-01
3.339355587959289551e-01
2.548061609268188477e-01
3.339355587959289551e-01
2.548061609268188477e-01
2.483567744493484497e-01
2.544247806072235107e-01
2.597851157188415527e-01
3.084877133369445801e-01
2.948648333549499512e-01
2.226984053850173950e-01
3.545775711536407471e-01
1.761614531278610229e-01
3.868890106678009033e-01
3.128971755504608154e-01
3.906573355197906494e-01
3.041733503341674805e-01
3.195823729038238525e-01
3.857487440109252930e-01
6.709471344947814941e-01
6.379812955856323242e-01
2.954912185668945312e-01
2.281167805194854736e-01
2.637131214141845703e-01
4.179948866367340088e-01
4.434026181697845459e-01
5.009258985519409180e-01
2.731332182884216309e-01
5.233675241470336914e-01
4.070537090301513672e-01
4.696252346038818359e-01
4.694334864616394043e-01
4.621523022651672363e-01
3.315523266792297363e-01
3.769570887088775635e-01
3.626162409782409668e-01
2.945881783962249756e-01
2.532301545143127441e-01
2.664080858230590820e-01
3.027083575725555420e-01
2.995917201042175293e-01
2.119036167860031128e-01
4.210603237152099609e-01
2.837096452713012695e-01
3.042171597480773926e-01
3.567983508110046387e-01
2.907225191593170166e-01
3.036487996578216553e-01
2.790324985980987549e-01
2.799099087715148926e-01
2.678992152214050293e-01
4.263485968112945557e-01
4.064583182334899902e-01
4.999116361141204834e-01
3.374350368976593018e-01
1.735851019620895386e-01
3.803592622280120850e-01
2.779194414615631104e-01
3.302672207355499268e-01
3.045171499252319336e-01
3.276616930961608887e-01
3.252219259738922119e-01
3.315995633602142334e-01
3.444685935974121094e-01
2.198374569416046143e-01
3.849990367889404297e-01
4.151493012905120850e-01
3.774012029170989990e-01
4.100577831268310547e-01
2.756294310092926025e-01
2.645575106143951416e-01
2.481718808412551880e-01
4.752067029476165771e-01
4.529863893985748291e-01
4.705501198768615723e-01
3.128069043159484863e-01
3.204333782196044922e-01
2.389353066682815552e-01
2.818272709846496582e-01
3.442617058753967285e-01
2.714650332927703857e-01
3.518533408641815186e-01
4.098021388053894043e-01
3.612726330757141113e-01
3.788011372089385986e-01
2.638386487960815430e-01
2.552726864814758301e-01
2.850394248962402344e-01
2.493595778942108154e-01
2.515505552291870117e-01
1.051273107528686523e+00
3.712614178657531738e-01
3.175917863845825195e-01
2.947134375572204590e-01
2.906252145767211914e-01
3.162864148616790771e-01
2.894952893257141113e-01
3.073733747005462646e-01
2.990625500679016113e-01
2.974504828453063965e-01
4.673869609832763672e-01
4.720345437526702881e-01
2.511200606822967529e-01
4.976883530616760254e-01
4.990903437137603760e-01
2.533400654792785645e-01
