2.399860322475433350e-01
3.684189021587371826e-01
2.492983192205429077e-01
2.481370568275451660e-01
1.739082485437393188e-01
3.732489347457885742e-01
2.942424118518829346e-01
2.798498868942260742e-01
3.640973865985870361e-01
3.064670562744140625e-01
2.604047954082489014e-01
2.454033046960830688e-01
2.474284321069717407e-01
4.593927562236785889e-01
2.973133623600006104e-01
2.411502003669738770e-01
3.299683630466461182e-01
3.454087674617767334e-01
3.102140426635742188e-01
2.551216185092926025e-01
2.870472669601440430e-01
6.822448968887329102e-01
2.504050731658935547e-01
2.469692379236221313e-01
5.607687234878540039e-01
2.751751840114593506e-01
3.047931790351867676e-01
3.344596922397613525e-01
2.352591007947921753e-01
3.347037434577941895e-01
7.201977968215942383e-01
6.795451641082763672e-01
3.138649165630340576e-01
2.844162583351135254e-01
2.644221186637878418e-01
2.858245670795440674e-01
2.773016691207885742e-01
3.295557200908660889e-01
3.465857803821563721e-01
2.988730669021606445e-01
3.566883504390716553e-01
4.876610040664672852e-01
2.185025215148925781e-01
2.126497179269790649e-01
2.864690423011779785e-01
6.533027887344360352e-01
5.995068550109863281e-01
3.442004919052124023e-01
5.120500326156616211e-01
2.878718674182891846e-01
2.731285393238067627e-01
2.978365719318389893e-01
3.373928666114807129e-01
2.963275015354156494e-01
2.273225635290145874e-01
2.694115638732910156e-01
3.418602049350738525e-01
2.471208572387695312e-01
3.010740876197814941e-01
2.973146438598632812e-01
2.519239783287048340e-01
2.973821461200714111e-01
2.123073935508728027e-01
2.886755764484405518e-01
2.678451836109161377e-01
4.543482065200805664e-01
4.676972627639770508e-01
3.040460944175720215e-01
2.993769347667694092e-01
2.934081852436065674e-01
2.980090081691741943e-01
2.202398329973220825e-01
8.369582891464233398e-01
2.267158180475234985e-01
3.385618031024932861e-01
2.817508578300476074e-01
2.271618396043777466e-01
2.421948462724685669e-01
2.401558756828308105e-01
4.354782998561859131e-01
4.526666402816772461e-01
2.910021543502807617e-01
3.432935476303100586e-01
3.610247373580932617e-01
2.673077285289764404e-01
4.121607542037963867e-01
2.797515690326690674e-01
2.467905879020690918e-01
2.552963197231292725e-01
2.934826910495758057e-01
2.476578354835510254e-01
2.493680566549301147e-01
3.654142320156097412e-01
2.811133265495300293e-01
2.472674250602722168e-01
3.323765397071838379e-01
2.971084117889404297e-01
2.280546128749847412e-01
2.826130688190460205e-01
3.677707910537719727e-01
3.456734418869018555e-01
3.349976241588592529e-01
2.835849225521087646e-01
3.349976241588592529e-01
2.835849225521087646e-01
2.587752044200897217e-01
2.607777118682861328e-01
2.903547286987304688e-01
3.114212453365325928e-01
2.965018451213836670e-01
2.191799730062484741e-01
3.384263217449188232e-01
1.720403283834457397e-01
3.910751342773437500e-01
3.131800889968872070e-01
3.981777429580688477e-01
2.647623419761657715e-01
3.637343645095825195e-01
3.728332221508026123e-01
6.236882209777832031e-01
5.910320878028869629e-01
2.996152937412261963e-01
2.300288230180740356e-01
3.310548067092895508e-01
3.326304256916046143e-01
4.723788201808929443e-01
4.462967813014984131e-01
2.963820993900299072e-01
4.885325133800506592e-01
3.606386184692382812e-01
3.994482159614562988e-01
4.035023748874664307e-01
3.968223631381988525e-01
4.087220132350921631e-01
4.287045598030090332e-01
4.117421209812164307e-01
2.636740207672119141e-01
2.950242757797241211e-01
2.980318069458007812e-01
2.674492597579956055e-01
2.994695901870727539e-01
2.150505930185317993e-01
6.484955549240112305e-01
2.834099829196929932e-01
6.395301222801208496e-01
2.923194468021392822e-01
3.367004394531250000e-01
3.049785792827606201e-01
2.687739729881286621e-01
2.414479404687881470e-01
2.802071869373321533e-01
5.154137015342712402e-01
4.425400793552398682e-01
5.067506432533264160e-01
4.296465814113616943e-01
1.734602004289627075e-01
1.015661358833312988e+00
2.814350128173828125e-01
3.415225744247436523e-01
3.097457587718963623e-01
2.775268256664276123e-01
3.195426762104034424e-01
3.689949214458465576e-01
3.551902174949645996e-01
2.253511101007461548e-01
3.603890240192413330e-01
4.254283905029296875e-01
3.644317686557769775e-01
3.538365662097930908e-01
2.764338254928588867e-01
2.580783069133758545e-01
2.638297379016876221e-01
4.729287922382354736e-01
5.173110961914062500e-01
4.835960268974304199e-01
2.502502202987670898e-01
5.809568762779235840e-01
2.498755455017089844e-01
2.951119840145111084e-01
2.674604654312133789e-01
3.226326704025268555e-01
2.550532221794128418e-01
9.691577553749084473e-01
9.050544500350952148e-01
3.062244653701782227e-01
3.681556880474090576e-01
2.583654224872589111e-01
2.848381996154785156e-01
2.479676306247711182e-01
2.469880431890487671e-01
8.073471188545227051e-01
3.905611932277679443e-01
4.025509655475616455e-01
2.965898513793945312e-01
2.933708429336547852e-01
3.228289783000946045e-01
3.360262215137481689e-01
3.221256732940673828e-01
2.905075550079345703e-01
3.583761453628540039e-01
4.059553444385528564e-01
3.795945048332214355e-01
2.488792538642883301e-01
4.958435297012329102e-01
4.959979355335235596e-01
2.495137155055999756e-01
