2.587639987468719482e-01
2.834289968013763428e-01
2.319868803024291992e-01
4.209360778331756592e-01
1.739846915006637573e-01
3.768601715564727783e-01
2.773147225379943848e-01
2.412954121828079224e-01
3.429939746856689453e-01
2.991874516010284424e-01
2.375252246856689453e-01
2.449045628309249878e-01
2.907336652278900146e-01
3.857789933681488037e-01
2.931258976459503174e-01
3.266903460025787354e-01
3.721119463443756104e-01
2.610248625278472900e-01
2.853930294513702393e-01
2.585611641407012939e-01
2.897956073284149170e-01
1.043838381767272949e+00
2.483414560556411743e-01
2.419173717498779297e-01
7.331691384315490723e-01
2.361236363649368286e-01
3.853536546230316162e-01
3.747227191925048828e-01
2.276976853609085083e-01
3.827680647373199463e-01
8.322963714599609375e-01
1.052139401435852051e+00
3.100962340831756592e-01
2.882614433765411377e-01
2.414925843477249146e-01
2.628585398197174072e-01
2.994556427001953125e-01
3.735382556915283203e-01
2.341136783361434937e-01
2.379817366600036621e-01
4.004253447055816650e-01
5.107120275497436523e-01
2.450755834579467773e-01
2.477315515279769897e-01
3.946591913700103760e-01
9.187816977500915527e-01
9.203364849090576172e-01
3.614124059677124023e-01
4.632241427898406982e-01
2.702397406101226807e-01
2.507318854331970215e-01
3.444719612598419189e-01
3.579208552837371826e-01
2.814836800098419189e-01
3.580307066440582275e-01
3.395780026912689209e-01
3.027381002902984619e-01
3.039881885051727295e-01
2.416504174470901489e-01
2.837631404399871826e-01
3.356186151504516602e-01
2.890930473804473877e-01
3.633022308349609375e-01
2.541821002960205078e-01
3.642728626728057861e-01
3.221853375434875488e-01
2.872973978519439697e-01
3.051782548427581787e-01
2.580255270004272461e-01
2.768409550189971924e-01
2.820281684398651123e-01
3.706258833408355713e-01
7.135089039802551270e-01
2.717866003513336182e-01
3.630739748477935791e-01
2.318254262208938599e-01
2.817575931549072266e-01
2.505254447460174561e-01
3.038240969181060791e-01
4.548692703247070312e-01
2.422145158052444458e-01
2.826871275901794434e-01
3.625620305538177490e-01
2.431521415710449219e-01
2.592697441577911377e-01
4.264828264713287354e-01
2.595145404338836670e-01
5.125958323478698730e-01
2.547896504402160645e-01
2.896341383457183838e-01
2.331304401159286499e-01
2.466658949851989746e-01
6.836879849433898926e-01
2.883579730987548828e-01
2.777843177318572998e-01
3.075542449951171875e-01
2.804201543331146240e-01
3.627597391605377197e-01
2.330568432807922363e-01
2.983827888965606689e-01
3.278404772281646729e-01
3.105130195617675781e-01
3.075784742832183838e-01
3.105130195617675781e-01
3.075784742832183838e-01
2.892719805240631104e-01
2.535698115825653076e-01
2.584631741046905518e-01
3.395238816738128662e-01
2.872101962566375732e-01
3.518389165401458740e-01
3.584156334400177002e-01
1.749400496482849121e-01
3.895990848541259766e-01
3.051259815692901611e-01
2.915900647640228271e-01
2.981572449207305908e-01
2.286622524261474609e-01
2.755242586135864258e-01
6.984400749206542969e-01
6.752417087554931641e-01
2.860649526119232178e-01
3.593300879001617432e-01
2.416133135557174683e-01
2.864240705966949463e-01
4.705476760864257812e-01
5.858870148658752441e-01
3.670856952667236328e-01
5.124292373657226562e-01
2.430556416511535645e-01
4.568498432636260986e-01
4.596053063869476318e-01
4.650903940200805664e-01
3.874911367893218994e-01
4.240061938762664795e-01
4.540987014770507812e-01
2.524272501468658447e-01
3.013644218444824219e-01
3.757071793079376221e-01
3.069995939731597900e-01
2.853587567806243896e-01
3.439845144748687744e-01
1.516070842742919922e+00
2.408375889062881470e-01
1.447615504264831543e+00
2.745908796787261963e-01
3.680821955204010010e-01
4.203954637050628662e-01
2.823249995708465576e-01
2.313667982816696167e-01
2.523340880870819092e-01
1.390766739845275879e+00
4.638027846813201904e-01
1.289367079734802246e+00
4.651225507259368896e-01
1.761084645986557007e-01
1.186314463615417480e+00
3.104935884475708008e-01
3.497616946697235107e-01
2.994790077209472656e-01
3.527414798736572266e-01
3.286254405975341797e-01
2.614766657352447510e-01
3.147081434726715088e-01
3.635030090808868408e-01
2.825554907321929932e-01
3.803013265132904053e-01
4.108588397502899170e-01
4.470767676830291748e-01
2.671013176441192627e-01
2.895194888114929199e-01
2.541720569133758545e-01
5.109525322914123535e-01
4.946725368499755859e-01
4.841121733188629150e-01
1.217557072639465332e+00
1.198928713798522949e+00
2.488035410642623901e-01
2.805754244327545166e-01
3.553622066974639893e-01
3.872584402561187744e-01
2.578692436218261719e-01
1.049380183219909668e+00
1.254160404205322266e+00
3.075629770755767822e-01
3.634369075298309326e-01
2.611569166183471680e-01
2.901017963886260986e-01
2.448476999998092651e-01
2.498240470886230469e-01
1.029033184051513672e+00
3.823295533657073975e-01
3.415899276733398438e-01
2.977551221847534180e-01
2.882412970066070557e-01
3.335858285427093506e-01
2.786264121532440186e-01
3.328828513622283936e-01
2.944582104682922363e-01
3.838544189929962158e-01
3.534586727619171143e-01
4.367021620273590088e-01
2.526572644710540771e-01
4.954859912395477295e-01
5.016860365867614746e-01
2.424434572458267212e-01
