2.489770650863647461e-01
2.555900812149047852e-01
3.635783493518829346e-01
3.740682899951934814e-01
1.742673963308334351e-01
2.281623035669326782e-01
2.561952471733093262e-01
2.908435165882110596e-01
2.917267382144927979e-01
2.939532101154327393e-01
2.641471624374389648e-01
2.366062551736831665e-01
3.025276362895965576e-01
4.949959218502044678e-01
2.901103496551513672e-01
2.325264215469360352e-01
3.844017684459686279e-01
2.612626850605010986e-01
3.621845245361328125e-01
2.608127593994140625e-01
2.770870029926300049e-01
9.896816611289978027e-01
2.534246742725372314e-01
2.440131753683090210e-01
4.931702613830566406e-01
3.031112253665924072e-01
2.718085050582885742e-01
3.297494947910308838e-01
2.317937463521957397e-01
2.902732193470001221e-01
1.020337343215942383e+00
1.242015838623046875e+00
3.233743011951446533e-01
2.609952986240386963e-01
2.546691596508026123e-01
2.971887886524200439e-01
2.751556038856506348e-01
2.489615082740783691e-01
3.492654263973236084e-01
2.553686201572418213e-01
4.012790024280548096e-01
5.330528616905212402e-01
3.432303965091705322e-01
2.315834611654281616e-01
3.643980026245117188e-01
1.070806145668029785e+00
1.076494693756103516e+00
3.211244642734527588e-01
3.949933052062988281e-01
3.030304908752441406e-01
2.519428431987762451e-01
3.119354248046875000e-01
3.780267536640167236e-01
2.880001962184906006e-01
2.495586127042770386e-01
2.520770132541656494e-01
3.634958565235137939e-01
2.934764027595520020e-01
2.606333494186401367e-01
2.898366451263427734e-01
3.229492604732513428e-01
2.494287937879562378e-01
3.622479140758514404e-01
3.088685870170593262e-01
3.687218427658081055e-01
3.452001810073852539e-01
3.595304191112518311e-01
3.069796264171600342e-01
3.239632844924926758e-01
3.801559209823608398e-01
2.889428436756134033e-01
2.169583439826965332e-01
7.054455280303955078e-01
2.365555763244628906e-01
3.224655091762542725e-01
2.912915945053100586e-01
3.439305722713470459e-01
2.407452315092086792e-01
3.011586964130401611e-01
4.697038829326629639e-01
2.362006753683090210e-01
2.938847243785858154e-01
2.228338122367858887e-01
2.788229882717132568e-01
2.475884556770324707e-01
4.332202970981597900e-01
2.372258454561233521e-01
4.752437174320220947e-01
2.571229636669158936e-01
2.898325622081756592e-01
2.486592382192611694e-01
2.508894801139831543e-01
5.174846053123474121e-01
2.503184080123901367e-01
3.039270341396331787e-01
2.455482929944992065e-01
2.734390795230865479e-01
3.594938218593597412e-01
2.323644906282424927e-01
3.818083107471466064e-01
2.634179592132568359e-01
2.472847253084182739e-01
4.307566881179809570e-01
2.472847253084182739e-01
4.307566881179809570e-01
4.630301296710968018e-01
2.934367358684539795e-01
3.384560644626617432e-01
2.906579673290252686e-01
2.863798439502716064e-01
3.590894639492034912e-01
2.805084586143493652e-01
1.741713285446166992e-01
3.940283358097076416e-01
3.296503126621246338e-01
4.268374443054199219e-01
3.013528585433959961e-01
3.257669210433959961e-01
3.724451065063476562e-01
5.279844999313354492e-01
5.282282233238220215e-01
2.916250824928283691e-01
3.545919358730316162e-01
2.459563463926315308e-01
2.661491930484771729e-01
3.839952051639556885e-01
5.454398393630981445e-01
2.477588802576065063e-01
4.325946867465972900e-01
3.829058408737182617e-01
4.508990943431854248e-01
4.607280194759368896e-01
4.620504081249237061e-01
4.213756024837493896e-01
4.415315687656402588e-01
4.398537576198577881e-01
2.471670955419540405e-01
3.005720376968383789e-01
3.165545165538787842e-01
2.622433304786682129e-01
2.861446142196655273e-01
3.450925350189208984e-01
8.637223243713378906e-01
2.576590478420257568e-01
7.678052783012390137e-01
2.441133111715316772e-01
2.916342914104461670e-01
2.538196742534637451e-01
2.456882447004318237e-01
2.578111588954925537e-01
3.011469542980194092e-01
8.969855308532714844e-01
4.447258710861206055e-01
9.851987957954406738e-01
4.522590637207031250e-01
1.744491457939147949e-01
9.890883564949035645e-01
3.037483692169189453e-01
3.205403983592987061e-01
3.036964237689971924e-01
3.244378566741943359e-01
3.065003156661987305e-01
3.116911351680755615e-01
3.346203565597534180e-01
3.578332960605621338e-01
2.466031461954116821e-01
3.888132274150848389e-01
4.105722010135650635e-01
4.228135049343109131e-01
2.729341387748718262e-01
2.630162537097930908e-01
2.579753696918487549e-01
4.789858758449554443e-01
4.632538855075836182e-01
4.699645340442657471e-01
1.057760596275329590e+00
1.040880203247070312e+00
2.454682141542434692e-01
2.822564840316772461e-01
2.289465814828872681e-01
3.653894960880279541e-01
2.570314109325408936e-01
6.967844963073730469e-01
1.098693966865539551e+00
3.032818734645843506e-01
3.587619364261627197e-01
2.546243667602539062e-01
2.875561714172363281e-01
2.497541159391403198e-01
2.474124282598495483e-01
1.183147311210632324e+00
4.331225454807281494e-01
2.767512500286102295e-01
2.856855094432830811e-01
3.537155091762542725e-01
2.574553787708282471e-01
2.501304447650909424e-01
2.453453540802001953e-01
3.726202249526977539e-01
2.526683211326599121e-01
4.834549129009246826e-01
4.634682238101959229e-01
2.494160383939743042e-01
4.986080229282379150e-01
4.980940520763397217e-01
2.499616295099258423e-01
