2.528264522552490234e-01
2.331994175910949707e-01
2.301563620567321777e-01
4.278850555419921875e-01
1.844823956489562988e-01
3.843087553977966309e-01
2.536821961402893066e-01
2.800351381301879883e-01
2.989446520805358887e-01
2.996962666511535645e-01
2.374932169914245605e-01
2.477417588233947754e-01
3.030418753623962402e-01
2.476062476634979248e-01
2.942807078361511230e-01
2.312564849853515625e-01
3.596122264862060547e-01
3.015949428081512451e-01
2.554968595504760742e-01
2.539894282817840576e-01
2.814145684242248535e-01
1.423887252807617188e+00
2.469129264354705811e-01
2.506617307662963867e-01
7.310267686843872070e-01
3.040626347064971924e-01
2.661405801773071289e-01
3.116315007209777832e-01
2.112575471401214600e-01
3.938912749290466309e-01
1.707443237304687500e+00
1.385379076004028320e+00
2.776603400707244873e-01
2.907912731170654297e-01
2.728395164012908936e-01
2.685477137565612793e-01
3.054349422454833984e-01
2.629463970661163330e-01
3.744862079620361328e-01
2.521393299102783203e-01
4.040732383728027344e-01
5.246379971504211426e-01
2.436798810958862305e-01
2.449553608894348145e-01
3.556033968925476074e-01
1.151625752449035645e+00
1.324086427688598633e+00
2.924062311649322510e-01
4.251769483089447021e-01
2.393423020839691162e-01
3.017416298389434814e-01
3.261705636978149414e-01
2.465836107730865479e-01
2.847049832344055176e-01
3.520804941654205322e-01
2.435754984617233276e-01
2.434765696525573730e-01
3.028297722339630127e-01
2.741605043411254883e-01
3.554683625698089600e-01
2.424462735652923584e-01
2.840591669082641602e-01
3.617234230041503906e-01
2.315205335617065430e-01
3.537439107894897461e-01
4.353863596916198730e-01
4.149823784828186035e-01
3.013480305671691895e-01
3.748111724853515625e-01
2.588827013969421387e-01
2.923759818077087402e-01
3.543979525566101074e-01
9.962924718856811523e-01
2.913824617862701416e-01
3.607438802719116211e-01
2.386154830455780029e-01
2.638851702213287354e-01
2.377361804246902466e-01
3.046099543571472168e-01
4.235729575157165527e-01
3.273214697837829590e-01
2.649147510528564453e-01
3.569736182689666748e-01
2.240552604198455811e-01
2.667191028594970703e-01
4.188034534454345703e-01
2.494887113571166992e-01
4.940262436866760254e-01
2.525443434715270996e-01
2.862351238727569580e-01
2.519991099834442139e-01
2.495255768299102783e-01
6.985925436019897461e-01
3.039159178733825684e-01
2.685485184192657471e-01
2.934721112251281738e-01
2.751839756965637207e-01
3.608053624629974365e-01
2.296966612339019775e-01
3.105658292770385742e-01
3.524963855743408203e-01
3.965791463851928711e-01
2.353426814079284668e-01
3.965791463851928711e-01
2.353426814079284668e-01
2.997244596481323242e-01
2.547577619552612305e-01
2.285551130771636963e-01
2.772550582885742188e-01
2.925315499305725098e-01
3.729825019836425781e-01
3.546723127365112305e-01
1.770379543304443359e-01
4.092850089073181152e-01
3.619281649589538574e-01
3.721104860305786133e-01
3.014828264713287354e-01
2.765542268753051758e-01
3.182099163532257080e-01
6.502554416656494141e-01
6.149324178695678711e-01
2.654443979263305664e-01
3.600827753543853760e-01
2.468902021646499634e-01
2.527550458908081055e-01
4.672998487949371338e-01
5.797494649887084961e-01
3.252807259559631348e-01
5.109117031097412109e-01
2.115844786167144775e-01
4.635592103004455566e-01
4.602001905441284180e-01
4.422174096107482910e-01
4.612323045730590820e-01
3.742085099220275879e-01
4.704138636589050293e-01
3.084925413131713867e-01
2.520862221717834473e-01
2.522063851356506348e-01
3.088688850402832031e-01
2.891186773777008057e-01
3.487690687179565430e-01
1.348088979721069336e+00
2.404634952545166016e-01
1.258801817893981934e+00
3.630573749542236328e-01
2.899066209793090820e-01
2.456653267145156860e-01
2.885110974311828613e-01
2.741091847419738770e-01
3.131245374679565430e-01
1.105349421501159668e+00
3.665494918823242188e-01
1.180986166000366211e+00
2.556385993957519531e-01
1.748701930046081543e-01
1.619330644607543945e+00
3.012617826461791992e-01
3.363046050071716309e-01
2.612401247024536133e-01
3.789510726928710938e-01
3.679842948913574219e-01
2.407023310661315918e-01
3.007297515869140625e-01
3.496440649032592773e-01
3.150576353073120117e-01
3.746493458747863770e-01
4.589809179306030273e-01
5.047125816345214844e-01
2.498214840888977051e-01
3.004763722419738770e-01
2.536849379539489746e-01
5.467575788497924805e-01
5.206892490386962891e-01
4.786555767059326172e-01
1.953985333442687988e+00
1.866873025894165039e+00
2.598426342010498047e-01
2.859796285629272461e-01
3.587032258510589600e-01
3.761994242668151855e-01
2.218079417943954468e-01
1.695254087448120117e+00
1.773755311965942383e+00
3.505626320838928223e-01
3.432965278625488281e-01
2.627163529396057129e-01
2.788549065589904785e-01
2.507526874542236328e-01
2.430245280265808105e-01
1.636110663414001465e+00
2.508416175842285156e-01
4.561391472816467285e-01
3.005274534225463867e-01
3.770332336425781250e-01
2.342662215232849121e-01
2.777920365333557129e-01
2.761141657829284668e-01
3.511658310890197754e-01
3.779944181442260742e-01
4.472525119781494141e-01
3.423426449298858643e-01
2.511846721172332764e-01
4.975689053535461426e-01
4.946387410163879395e-01
2.501018345355987549e-01
