2.409832179546356201e-01
3.695760965347290039e-01
2.481345087289810181e-01
2.623524069786071777e-01
1.745500266551971436e-01
3.822134137153625488e-01
2.599525153636932373e-01
2.654393911361694336e-01
3.015469014644622803e-01
3.051111400127410889e-01
2.525597810745239258e-01
2.561122775077819824e-01
2.985155284404754639e-01
2.577260136604309082e-01
2.986692488193511963e-01
2.630198597908020020e-01
3.613119721412658691e-01
2.948191761970520020e-01
2.690097987651824951e-01
2.579020857810974121e-01
2.865029275417327881e-01
7.477530241012573242e-01
2.500799596309661865e-01
2.463829815387725830e-01
7.533108592033386230e-01
3.035292625427246094e-01
2.502517104148864746e-01
3.064559400081634521e-01
3.554773926734924316e-01
3.772207200527191162e-01
9.012588858604431152e-01
8.265917301177978516e-01
3.349782526493072510e-01
2.797819375991821289e-01
2.394678592681884766e-01
2.654990851879119873e-01
2.871479988098144531e-01
2.504899799823760986e-01
3.908198475837707520e-01
2.460662573575973511e-01
4.012473821640014648e-01
5.048702359199523926e-01
2.271140217781066895e-01
2.230807691812515259e-01
3.691469430923461914e-01
4.393823444843292236e-01
2.916290163993835449e-01
3.435675203800201416e-01
4.486325979232788086e-01
2.750925719738006592e-01
2.879897952079772949e-01
2.808254957199096680e-01
2.934635877609252930e-01
2.958312928676605225e-01
2.334405630826950073e-01
2.859430313110351562e-01
3.184082508087158203e-01
2.985827624797821045e-01
2.484637945890426636e-01
2.729851007461547852e-01
3.224735260009765625e-01
2.985225617885589600e-01
2.092396318912506104e-01
2.703713178634643555e-01
3.670824766159057617e-01
3.736757338047027588e-01
2.898503541946411133e-01
2.986252605915069580e-01
3.269173502922058105e-01
3.749929070472717285e-01
2.988741993904113770e-01
2.323863208293914795e-01
6.757071018218994141e-01
2.345543205738067627e-01
3.332638144493103027e-01
2.855745255947113037e-01
2.184097021818161011e-01
2.452134490013122559e-01
2.456778436899185181e-01
4.408340156078338623e-01
4.457395374774932861e-01
2.950731515884399414e-01
3.375363051891326904e-01
3.663290143013000488e-01
2.789372801780700684e-01
4.058023691177368164e-01
2.823617160320281982e-01
2.731604576110839844e-01
2.546466588973999023e-01
2.905415296554565430e-01
2.477130889892578125e-01
2.448236197233200073e-01
3.894235193729400635e-01
2.809765636920928955e-01
2.526527643203735352e-01
3.322622776031494141e-01
2.959370017051696777e-01
2.388703525066375732e-01
2.988914847373962402e-01
3.330052495002746582e-01
3.386826813220977783e-01
3.054741024971008301e-01
3.020519018173217773e-01
3.054741024971008301e-01
3.020519018173217773e-01
2.465904355049133301e-01
2.548852562904357910e-01
2.597817778587341309e-01
3.094055950641632080e-01
2.962574064731597900e-01
2.207735180854797363e-01
3.647444546222686768e-01
1.731738448143005371e-01
4.062829315662384033e-01
3.558200299739837646e-01
4.142106771469116211e-01
2.541156411170959473e-01
3.674825429916381836e-01
3.676570355892181396e-01
6.551877260208129883e-01
6.150441169738769531e-01
2.980796396732330322e-01
2.279642373323440552e-01
3.730452060699462891e-01
2.911486327648162842e-01
4.835394620895385742e-01
5.789501667022705078e-01
2.646438479423522949e-01
4.887666106224060059e-01
2.971858978271484375e-01
4.028132557868957520e-01
3.863410651683807373e-01
4.152384996414184570e-01
4.350160360336303711e-01
4.568823575973510742e-01
4.700253903865814209e-01
2.780869901180267334e-01
2.856597304344177246e-01
2.824816107749938965e-01
2.750276029109954834e-01
2.982025742530822754e-01
2.173648476600646973e-01
1.118706583976745605e+00
2.603701651096343994e-01
1.098088622093200684e+00
3.045172095298767090e-01
3.441911935806274414e-01
3.500874340534210205e-01
2.601939439773559570e-01
2.572277188301086426e-01
2.537985444068908691e-01
9.865428209304809570e-01
4.347046613693237305e-01
9.957804083824157715e-01
3.913050293922424316e-01
1.741666048765182495e-01
1.089423656463623047e+00
2.724288403987884521e-01
2.676879465579986572e-01
3.374376296997070312e-01
3.194269835948944092e-01
3.588967621326446533e-01
3.544096648693084717e-01
3.843822479248046875e-01
3.538957238197326660e-01
3.173104524612426758e-01
4.957894682884216309e-01
4.803301095962524414e-01
4.549845457077026367e-01
2.719294726848602295e-01
2.643385827541351318e-01
2.597790360450744629e-01
3.939860165119171143e-01
3.823651075363159180e-01
3.904055655002593994e-01
8.438612222671508789e-01
1.022015929222106934e+00
2.409510314464569092e-01
3.002830743789672852e-01
2.389403432607650757e-01
3.670880794525146484e-01
2.650546431541442871e-01
1.100538730621337891e+00
1.016882061958312988e+00
2.831551730632781982e-01
3.762928843498229980e-01
2.551681995391845703e-01
2.902704775333404541e-01
2.492760270833969116e-01
2.494987845420837402e-01
7.274938225746154785e-01
3.687266409397125244e-01
3.392293453216552734e-01
2.908926010131835938e-01
3.013827800750732422e-01
3.181320428848266602e-01
2.663508653640747070e-01
3.163727819919586182e-01
3.048411607742309570e-01
3.567308187484741211e-01
3.672778308391571045e-01
4.316979050636291504e-01
2.489442080259323120e-01
4.971130788326263428e-01
4.969615340232849121e-01
2.459824681282043457e-01
