2.600193917751312256e-01
2.622905671596527100e-01
2.303904742002487183e-01
4.103856980800628662e-01
1.806135028600692749e-01
3.628092706203460693e-01
2.584875524044036865e-01
2.686692774295806885e-01
3.137477934360504150e-01
3.057623207569122314e-01
2.451993674039840698e-01
2.435812503099441528e-01
3.013224303722381592e-01
3.173301219940185547e-01
2.891597449779510498e-01
2.404605746269226074e-01
3.761825263500213623e-01
2.731968760490417480e-01
2.393113374710083008e-01
2.592658698558807373e-01
2.891172468662261963e-01
8.043095469474792480e-01
2.498050481081008911e-01
2.465269416570663452e-01
7.445170283317565918e-01
3.049667179584503174e-01
2.623881101608276367e-01
3.202237188816070557e-01
2.741108834743499756e-01
4.489531815052032471e-01
6.455067992210388184e-01
1.046901345252990723e+00
2.492026835680007935e-01
2.974885404109954834e-01
3.031895458698272705e-01
3.639481365680694580e-01
2.603588998317718506e-01
2.592637836933135986e-01
4.000355005264282227e-01
3.075970411300659180e-01
3.607284128665924072e-01
4.248947799205780029e-01
3.609595298767089844e-01
2.160425633192062378e-01
2.895767986774444580e-01
5.369582176208496094e-01
4.121482372283935547e-01
2.838670313358306885e-01
4.249238073825836182e-01
3.062222301959991455e-01
2.542465329170227051e-01
2.503355741500854492e-01
3.014477193355560303e-01
2.864089310169219971e-01
3.495433330535888672e-01
2.486663460731506348e-01
3.623810708522796631e-01
3.033090829849243164e-01
2.568412721157073975e-01
2.927818298339843750e-01
3.565115630626678467e-01
2.949975728988647461e-01
3.529252111911773682e-01
2.592515349388122559e-01
3.720632791519165039e-01
3.203387558460235596e-01
3.429639339447021484e-01
2.968649566173553467e-01
2.518315017223358154e-01
2.715641558170318604e-01
2.852665483951568604e-01
3.531568050384521484e-01
1.021273016929626465e+00
2.340745180845260620e-01
3.229044377803802490e-01
2.879828512668609619e-01
3.338510096073150635e-01
2.527376413345336914e-01
3.024611771106719971e-01
4.255411326885223389e-01
2.977443337440490723e-01
2.932851314544677734e-01
2.574988603591918945e-01
2.783802449703216553e-01
2.635807991027832031e-01
4.216904640197753906e-01
2.665016055107116699e-01
5.037086009979248047e-01
2.519906163215637207e-01
2.909664511680603027e-01
2.504462301731109619e-01
2.500435113906860352e-01
6.957592964172363281e-01
3.023873269557952881e-01
2.486041337251663208e-01
3.161713480949401855e-01
2.887748777866363525e-01
2.310776710510253906e-01
2.586303055286407471e-01
3.695454597473144531e-01
3.674897253513336182e-01
2.592488229274749756e-01
2.365033179521560669e-01
2.592488229274749756e-01
2.365033179521560669e-01
4.456388056278228760e-01
2.372180372476577759e-01
3.718324601650238037e-01
3.751485347747802734e-01
2.927729785442352295e-01
2.258282750844955444e-01
2.869306206703186035e-01
1.752027869224548340e-01
3.614875376224517822e-01
2.496707886457443237e-01
2.126644998788833618e-01
2.994939684867858887e-01
2.434326261281967163e-01
3.011174798011779785e-01
4.686822891235351562e-01
5.877543091773986816e-01
2.997672259807586670e-01
2.194193154573440552e-01
2.600523531436920166e-01
4.444086551666259766e-01
4.478665888309478760e-01
6.596500277519226074e-01
3.795058429241180420e-01
4.569370448589324951e-01
2.696604430675506592e-01
4.734165668487548828e-01
4.936306774616241455e-01
4.510165154933929443e-01
3.667119741439819336e-01
5.042104721069335938e-01
3.875491619110107422e-01
2.509025335311889648e-01
3.008145689964294434e-01
3.742109835147857666e-01
3.133455216884613037e-01
2.772583365440368652e-01
3.413735926151275635e-01
1.094295144081115723e+00
2.235057801008224487e-01
1.104832172393798828e+00
2.627720832824707031e-01
3.683280050754547119e-01
4.250135421752929688e-01
2.920779287815093994e-01
2.336086034774780273e-01
2.634022533893585205e-01
1.285321831703186035e+00
4.408415257930755615e-01
1.219262599945068359e+00
4.542398452758789062e-01
1.741372346878051758e-01
1.162716865539550781e+00
2.507665455341339111e-01
2.373048812150955200e-01
2.987249493598937988e-01
3.630056679248809814e-01
3.764862120151519775e-01
4.286529719829559326e-01
3.852594792842864990e-01
3.452900946140289307e-01
4.051854908466339111e-01
5.235102772712707520e-01
4.755505025386810303e-01
5.634168982505798340e-01
2.505748569965362549e-01
2.364920824766159058e-01
2.998624444007873535e-01
2.870645225048065186e-01
4.514867365360260010e-01
3.657662868499755859e-01
6.294642686843872070e-01
6.618848443031311035e-01
2.490743994712829590e-01
2.966814339160919189e-01
3.479715883731842041e-01
2.518842816352844238e-01
2.565464973449707031e-01
8.102617263793945312e-01
6.283578276634216309e-01
3.143732249736785889e-01
3.723439276218414307e-01
2.549231350421905518e-01
2.880190014839172363e-01
2.476237267255783081e-01
2.493146210908889771e-01
9.446913599967956543e-01
2.673862576484680176e-01
4.220007956027984619e-01
2.962586581707000732e-01
2.619976699352264404e-01
3.567792177200317383e-01
2.756501138210296631e-01
3.756690025329589844e-01
2.346711605787277222e-01
2.700940072536468506e-01
4.813221395015716553e-01
4.853920042514801025e-01
2.408175468444824219e-01
4.974396228790283203e-01
4.970237016677856445e-01
2.493125796318054199e-01
