2.531936466693878174e-01
3.320559859275817871e-01
2.478974312543869019e-01
3.334309458732604980e-01
1.730781495571136475e-01
3.647815585136413574e-01
2.921823561191558838e-01
2.768132090568542480e-01
3.491336107254028320e-01
2.940159738063812256e-01
2.549047172069549561e-01
2.470935583114624023e-01
2.644899785518646240e-01
4.456593990325927734e-01
2.918199002742767334e-01
2.292912751436233521e-01
3.205508291721343994e-01
3.521370291709899902e-01
2.800109386444091797e-01
2.549386024475097656e-01
2.886825799942016602e-01
6.594858765602111816e-01
2.495254427194595337e-01
2.481544464826583862e-01
5.527854561805725098e-01
2.746544182300567627e-01
2.847651839256286621e-01
2.781449258327484131e-01
3.540013432502746582e-01
3.047639131546020508e-01
1.200335741043090820e+00
1.239789485931396484e+00
2.952490150928497314e-01
2.706567645072937012e-01
2.660450339317321777e-01
3.026294410228729248e-01
2.772927582263946533e-01
2.525716722011566162e-01
4.224438071250915527e-01
2.406450957059860229e-01
3.663974702358245850e-01
5.229821205139160156e-01
2.321989089250564575e-01
2.259961366653442383e-01
3.597713410854339600e-01
1.028341889381408691e+00
1.122750401496887207e+00
4.148600995540618896e-01
3.973835706710815430e-01
2.869536578655242920e-01
2.592995166778564453e-01
2.827431857585906982e-01
3.107685744762420654e-01
2.843737900257110596e-01
3.536553084850311279e-01
2.667723000049591064e-01
3.288714885711669922e-01
3.031934797763824463e-01
2.528577148914337158e-01
2.536582946777343750e-01
3.049400746822357178e-01
2.847376763820648193e-01
3.541231453418731689e-01
2.530710101127624512e-01
3.607647418975830078e-01
3.475820720195770264e-01
2.515966594219207764e-01
3.017170429229736328e-01
2.655667364597320557e-01
3.108175992965698242e-01
2.933256626129150391e-01
3.570704758167266846e-01
8.062589168548583984e-01
2.771579623222351074e-01
3.621979951858520508e-01
2.301134020090103149e-01
2.727254033088684082e-01
3.028072118759155273e-01
2.480683177709579468e-01
2.452723085880279541e-01
5.286137461662292480e-01
2.799716889858245850e-01
3.596802651882171631e-01
2.545549273490905762e-01
3.260330855846405029e-01
3.509442806243896484e-01
3.572342991828918457e-01
3.442189395427703857e-01
2.559153437614440918e-01
2.854352891445159912e-01
2.508749961853027344e-01
2.474865317344665527e-01
6.632207632064819336e-01
2.788383066654205322e-01
2.746998071670532227e-01
2.970226109027862549e-01
2.873897850513458252e-01
3.600558340549468994e-01
2.494513243436813354e-01
3.292564153671264648e-01
3.138489425182342529e-01
3.174432218074798584e-01
3.391057550907135010e-01
3.174432218074798584e-01
3.391057550907135010e-01
2.974803447723388672e-01
2.633462846279144287e-01
3.175823986530303955e-01
3.490788042545318604e-01
2.845779657363891602e-01
3.601408004760742188e-01
3.359428942203521729e-01
1.761356443166732788e-01
4.032691121101379395e-01
3.437369465827941895e-01
3.023552298545837402e-01
3.018769323825836182e-01
2.595612406730651855e-01
2.752585709095001221e-01
6.131542325019836426e-01
6.298314332962036133e-01
2.823503315448760986e-01
3.587851822376251221e-01
2.391202300786972046e-01
2.786448299884796143e-01
4.289036691188812256e-01
5.904537439346313477e-01
3.668857216835021973e-01
5.208641290664672852e-01
2.335896939039230347e-01
4.521733224391937256e-01
4.495397508144378662e-01
4.573363959789276123e-01
4.052105844020843506e-01
4.100553989410400391e-01
4.464249312877655029e-01
2.530738413333892822e-01
3.023591339588165283e-01
3.786521852016448975e-01
3.107528984546661377e-01
2.824153900146484375e-01
3.478693664073944092e-01
1.111955761909484863e+00
2.352257370948791504e-01
1.121193170547485352e+00
2.569088637828826904e-01
3.582803606986999512e-01
4.200503230094909668e-01
2.920817434787750244e-01
2.279955148696899414e-01
2.633876502513885498e-01
1.282589673995971680e+00
4.512724280357360840e-01
1.343434810638427734e+00
4.520756602287292480e-01
1.755600422620773315e-01
1.340198159217834473e+00
3.001662492752075195e-01
3.184845745563507080e-01
3.480963110923767090e-01
3.143417835235595703e-01
3.086117804050445557e-01
3.240115642547607422e-01
2.958749234676361084e-01
3.546393811702728271e-01
2.833348810672760010e-01
4.520145058631896973e-01
4.323856234550476074e-01
4.167337119579315186e-01
2.662928402423858643e-01
2.632201611995697021e-01
2.784794867038726807e-01
4.790641665458679199e-01
4.928203523159027100e-01
4.943148493766784668e-01
1.238786578178405762e+00
1.249577522277832031e+00
2.441295981407165527e-01
2.913730740547180176e-01
3.549065887928009033e-01
3.829631805419921875e-01
2.546682357788085938e-01
1.112839579582214355e+00
1.137178659439086914e+00
3.214224874973297119e-01
3.618259429931640625e-01
2.564923763275146484e-01
2.886808812618255615e-01
2.467296272516250610e-01
2.475556880235671997e-01
7.749804854393005371e-01
3.863140642642974854e-01
3.108272552490234375e-01
2.954386770725250244e-01
3.344757556915283203e-01
2.824742197990417480e-01
2.975500226020812988e-01
2.748764455318450928e-01
3.400180339813232422e-01
2.638989686965942383e-01
4.799238145351409912e-01
4.913648068904876709e-01
2.477938681840896606e-01
4.960842430591583252e-01
4.965254366397857666e-01
2.500011026859283447e-01
