2.977930009365081787e-01
3.066624402999877930e-01
2.408883571624755859e-01
3.783105611801147461e-01
1.755661517381668091e-01
2.792813777923583984e-01
2.786940932273864746e-01
2.841342091560363770e-01
3.058806657791137695e-01
3.043376803398132324e-01
2.526993155479431152e-01
2.548615336418151855e-01
2.901989221572875977e-01
4.454061090946197510e-01
2.822992503643035889e-01
3.609644174575805664e-01
3.386540114879608154e-01
3.240188658237457275e-01
2.546349167823791504e-01
2.561661601066589355e-01
2.857807278633117676e-01
1.287077784538269043e+00
2.495655864477157593e-01
2.469809055328369141e-01
7.392156720161437988e-01
2.706298530101776123e-01
3.018870949745178223e-01
2.830475270748138428e-01
3.578009903430938721e-01
2.923771142959594727e-01
1.146414279937744141e+00
1.131169319152832031e+00
3.257034420967102051e-01
2.699062824249267578e-01
2.597678899765014648e-01
3.086986243724822998e-01
2.779166400432586670e-01
2.465123534202575684e-01
4.120809733867645264e-01
2.520107030868530273e-01
3.974305987358093262e-01
5.540308952331542969e-01
3.575525879859924316e-01
2.238224893808364868e-01
3.633826971054077148e-01
9.417141675949096680e-01
9.867056012153625488e-01
3.353276252746582031e-01
3.441767394542694092e-01
2.506598234176635742e-01
3.041518330574035645e-01
3.164275884628295898e-01
2.660756111145019531e-01
2.848979532718658447e-01
3.586421012878417969e-01
2.501063644886016846e-01
2.594113051891326904e-01
2.578258812427520752e-01
2.955827414989471436e-01
3.167278468608856201e-01
2.709158658981323242e-01
2.842114865779876709e-01
3.578263521194458008e-01
2.415991574525833130e-01
2.778675854206085205e-01
4.361427426338195801e-01
4.204947650432586670e-01
3.000911772251129150e-01
2.713530659675598145e-01
3.057915866374969482e-01
2.869963347911834717e-01
3.598890900611877441e-01
9.268924593925476074e-01
2.807455658912658691e-01
3.585014641284942627e-01
2.296629697084426880e-01
2.750760614871978760e-01
2.444086670875549316e-01
3.036224842071533203e-01
4.169700145721435547e-01
3.189778923988342285e-01
2.846650183200836182e-01
3.588351309299468994e-01
2.556943297386169434e-01
2.880407869815826416e-01
3.864713013172149658e-01
2.434255927801132202e-01
4.882700145244598389e-01
2.560610175132751465e-01
2.865652441978454590e-01
2.496447414159774780e-01
2.489660829305648804e-01
5.612751841545104980e-01
2.575898766517639160e-01
2.980641126632690430e-01
2.706467807292938232e-01
2.821791768074035645e-01
3.569174408912658691e-01
2.422273457050323486e-01
3.698847889900207520e-01
2.762278914451599121e-01
2.733677029609680176e-01
4.224329590797424316e-01
2.733677029609680176e-01
4.224329590797424316e-01
2.872074842453002930e-01
2.844246327877044678e-01
3.008638024330139160e-01
2.860236465930938721e-01
2.818276584148406982e-01
3.592511117458343506e-01
2.964685261249542236e-01
1.748775988817214966e-01
3.878326117992401123e-01
3.092093169689178467e-01
4.109818637371063232e-01
3.027248084545135498e-01
2.870285212993621826e-01
3.201179504394531250e-01
5.766236782073974609e-01
5.427662730216979980e-01
2.866445481777191162e-01
3.597660064697265625e-01
2.428684532642364502e-01
2.694216072559356689e-01
4.393414855003356934e-01
5.761334896087646484e-01
3.203731477260589600e-01
4.851399660110473633e-01
3.111681342124938965e-01
4.579598307609558105e-01
4.519436061382293701e-01
4.472841024398803711e-01
4.286086559295654297e-01
3.945255577564239502e-01
3.991862237453460693e-01
2.766213715076446533e-01
2.808315753936767578e-01
3.379542827606201172e-01
3.435618877410888672e-01
2.828691005706787109e-01
3.480831980705261230e-01
1.218618631362915039e+00
2.361177355051040649e-01
1.254910469055175781e+00
3.054246306419372559e-01
3.673430085182189941e-01
3.582327663898468018e-01
2.845504283905029297e-01
2.557079493999481201e-01
2.595426738262176514e-01
1.204566121101379395e+00
3.572763204574584961e-01
1.251042366027832031e+00
4.112677574157714844e-01
1.739899814128875732e-01
1.238513350486755371e+00
2.694217860698699951e-01
3.282209038734436035e-01
3.275023400783538818e-01
3.149937987327575684e-01
3.325038552284240723e-01
3.380884230136871338e-01
3.651593029499053955e-01
3.458061814308166504e-01
3.620204031467437744e-01
4.738904833793640137e-01
4.594625532627105713e-01
4.692966043949127197e-01
2.779739797115325928e-01
2.588394880294799805e-01
2.582750022411346436e-01
4.443881511688232422e-01
4.391461908817291260e-01
4.597439765930175781e-01
1.297902822494506836e+00
1.224718213081359863e+00
2.464138418436050415e-01
2.966308891773223877e-01
3.553040325641632080e-01
3.596292436122894287e-01
2.558613419532775879e-01
1.258517622947692871e+00
1.146051049232482910e+00
3.235616981983184814e-01
3.672768473625183105e-01
2.550697326660156250e-01
2.888523340225219727e-01
2.472291737794876099e-01
2.481284737586975098e-01
1.247891426086425781e+00
3.291358053684234619e-01
3.723703920841217041e-01
2.959950566291809082e-01
3.118133246898651123e-01
3.049124777317047119e-01
2.636321187019348145e-01
3.065419197082519531e-01
3.095931410789489746e-01
3.375971615314483643e-01
4.380157291889190674e-01
4.099058210849761963e-01
2.491393387317657471e-01
4.968725442886352539e-01
4.971996247768402100e-01
2.494762241840362549e-01
