2.378027737140655518e-01
2.494090944528579712e-01
2.447438836097717285e-01
4.178368449211120605e-01
1.801727861166000366e-01
4.030834436416625977e-01
2.891393601894378662e-01
2.858719229698181152e-01
3.719387650489807129e-01
3.019660711288452148e-01
2.524316012859344482e-01
2.282819449901580811e-01
2.498815953731536865e-01
2.526787221431732178e-01
2.929469347000122070e-01
2.403497695922851562e-01
3.675847947597503662e-01
2.858561277389526367e-01
2.159035503864288330e-01
2.511451840400695801e-01
2.924880385398864746e-01
1.327563643455505371e+00
2.495385408401489258e-01
2.420249879360198975e-01
7.528808116912841797e-01
2.368867099285125732e-01
3.110386729240417480e-01
2.321416586637496948e-01
3.565862774848937988e-01
2.390662431716918945e-01
1.415482521057128906e+00
1.488911151885986328e+00
3.913411498069763184e-01
2.966423630714416504e-01
2.455309182405471802e-01
3.342307209968566895e-01
2.388928532600402832e-01
2.441701292991638184e-01
4.503676593303680420e-01
2.439415752887725830e-01
4.052664935588836670e-01
5.793297290802001953e-01
3.450344502925872803e-01
2.297766804695129395e-01
3.639582395553588867e-01
4.717636704444885254e-01
6.269314289093017578e-01
3.421836495399475098e-01
3.418425917625427246e-01
3.057706952095031738e-01
2.568713426589965820e-01
3.271064162254333496e-01
3.913084864616394043e-01
2.954891920089721680e-01
3.528155088424682617e-01
2.544311285018920898e-01
3.728433251380920410e-01
2.527075707912445068e-01
3.035856485366821289e-01
2.921831011772155762e-01
2.522584199905395508e-01
2.898527979850769043e-01
3.714833259582519531e-01
2.637313008308410645e-01
2.489569485187530518e-01
4.417219460010528564e-01
4.446566104888916016e-01
3.021700978279113770e-01
2.989362180233001709e-01
3.751901984214782715e-01
2.742113471031188965e-01
3.678016364574432373e-01
6.994307041168212891e-01
2.977102100849151611e-01
2.253434658050537109e-01
2.657247185707092285e-01
3.484646081924438477e-01
2.397630512714385986e-01
2.981637716293334961e-01
2.546058297157287598e-01
5.167560577392578125e-01
2.920113801956176758e-01
2.391090989112854004e-01
3.366639316082000732e-01
3.907768726348876953e-01
2.557488381862640381e-01
3.018724620342254639e-01
5.277444124221801758e-01
2.531349062919616699e-01
2.847893834114074707e-01
2.511768341064453125e-01
2.444126307964324951e-01
6.497020721435546875e-01
3.095647692680358887e-01
2.535833120346069336e-01
3.191284835338592529e-01
2.783738374710083008e-01
3.669497668743133545e-01
2.716573774814605713e-01
2.286989092826843262e-01
3.661149442195892334e-01
3.376338481903076172e-01
1.992760002613067627e-01
3.376338481903076172e-01
1.992760002613067627e-01
4.404050111770629883e-01
3.037939071655273438e-01
3.094729185104370117e-01
2.690541744232177734e-01
2.744636535644531250e-01
3.524549305438995361e-01
2.566003799438476562e-01
1.704126298427581787e-01
3.825321793556213379e-01
3.180260360240936279e-01
4.442362785339355469e-01
2.963299155235290527e-01
2.897874712944030762e-01
3.631473183631896973e-01
5.206400156021118164e-01
3.667007088661193848e-01
2.939558029174804688e-01
3.588941097259521484e-01
2.368961125612258911e-01
2.631117701530456543e-01
3.964432775974273682e-01
5.309500694274902344e-01
2.696948051452636719e-01
4.472225308418273926e-01
3.910503387451171875e-01
4.792567491531372070e-01
4.332186579704284668e-01
4.665868282318115234e-01
4.654652476310729980e-01
3.459919095039367676e-01
4.472287297248840332e-01
2.474824786186218262e-01
3.073113262653350830e-01
3.814033269882202148e-01
3.330016136169433594e-01
2.757483124732971191e-01
3.622919321060180664e-01
1.695802927017211914e+00
2.520745396614074707e-01
1.657324552536010742e+00
2.480329573154449463e-01
2.566357254981994629e-01
3.730378746986389160e-01
2.280241549015045166e-01
2.546999454498291016e-01
3.070156574249267578e-01
1.680723786354064941e+00
4.476452767848968506e-01
1.521314620971679688e+00
4.423309862613677979e-01
1.745330244302749634e-01
1.204622268676757812e+00
2.386495620012283325e-01
3.673375248908996582e-01
2.459003031253814697e-01
3.149539232254028320e-01
3.731677830219268799e-01
3.978943824768066406e-01
3.976979255676269531e-01
3.501603007316589355e-01
4.207210540771484375e-01
5.539709329605102539e-01
5.251653194427490234e-01
4.682185947895050049e-01
2.700914442539215088e-01
2.544355988502502441e-01
2.784639298915863037e-01
3.330699205398559570e-01
3.665867745876312256e-01
3.616678118705749512e-01
1.225726127624511719e+00
1.016050338745117188e+00
2.477714419364929199e-01
3.009094297885894775e-01
3.401732444763183594e-01
2.578245997428894043e-01
2.525016367435455322e-01
1.310919404029846191e+00
1.055036783218383789e+00
3.502380251884460449e-01
3.660383820533752441e-01
2.613016963005065918e-01
2.859573960304260254e-01
2.602515816688537598e-01
2.350125908851623535e-01
1.340706825256347656e+00
3.339688479900360107e-01
3.706317245960235596e-01
2.845649719238281250e-01
2.462928295135498047e-01
3.685854673385620117e-01
2.276850342750549316e-01
3.703175187110900879e-01
2.633330821990966797e-01
2.730153501033782959e-01
4.449142813682556152e-01
5.022234320640563965e-01
2.458589822053909302e-01
4.965253770351409912e-01
4.934996664524078369e-01
2.419312447309494019e-01
