3.059516549110412598e-01
3.255354762077331543e-01
2.265292853116989136e-01
3.885848224163055420e-01
1.763672083616256714e-01
2.720049023628234863e-01
2.536932826042175293e-01
2.930713295936584473e-01
3.428606986999511719e-01
3.057732582092285156e-01
2.308656126260757446e-01
2.384797036647796631e-01
3.051488399505615234e-01
4.367280900478363037e-01
2.970377206802368164e-01
3.471941351890563965e-01
3.686818480491638184e-01
2.784454822540283203e-01
2.963308691978454590e-01
2.569633722305297852e-01
2.879675626754760742e-01
1.359040498733520508e+00
2.388127595186233521e-01
2.550272345542907715e-01
6.357598304748535156e-01
3.037467300891876221e-01
2.421673685312271118e-01
3.019085824489593506e-01
3.575634956359863281e-01
3.387272953987121582e-01
1.474663376808166504e+00
1.723840713500976562e+00
3.020965754985809326e-01
2.664459347724914551e-01
2.530227899551391602e-01
2.474560290575027466e-01
3.053204417228698730e-01
2.587808072566986084e-01
3.313339948654174805e-01
2.587150335311889648e-01
4.045403897762298584e-01
5.819406509399414062e-01
3.584811985492706299e-01
2.200874835252761841e-01
3.793191313743591309e-01
1.067573785781860352e+00
1.010828852653503418e+00
3.609256744384765625e-01
3.558707833290100098e-01
2.538981437683105469e-01
3.012188673019409180e-01
2.991706132888793945e-01
2.436708509922027588e-01
2.909714579582214355e-01
3.512256145477294922e-01
2.568411231040954590e-01
2.520233392715454102e-01
3.094728291034698486e-01
2.531365752220153809e-01
2.305000424385070801e-01
3.066096007823944092e-01
2.913043797016143799e-01
3.495766818523406982e-01
2.502166628837585449e-01
3.633987307548522949e-01
3.397090435028076172e-01
2.345750927925109863e-01
3.031361997127532959e-01
2.442433834075927734e-01
3.124665617942810059e-01
2.999222874641418457e-01
3.677546381950378418e-01
4.412978589534759521e-01
2.772692441940307617e-01
3.613377213478088379e-01
2.345211058855056763e-01
2.740072011947631836e-01
2.982786893844604492e-01
2.486451268196105957e-01
4.158432781696319580e-01
2.797389030456542969e-01
2.875911593437194824e-01
3.568224906921386719e-01
2.263779044151306152e-01
3.716992735862731934e-01
2.691630423069000244e-01
3.552947640419006348e-01
2.881924510002136230e-01
2.610251903533935547e-01
2.865294218063354492e-01
2.564291059970855713e-01
2.533586025238037109e-01
5.421384572982788086e-01
3.039198815822601318e-01
2.486426830291748047e-01
3.745741546154022217e-01
2.876670360565185547e-01
3.545342087745666504e-01
2.439383119344711304e-01
3.331510424613952637e-01
3.613535165786743164e-01
4.073064923286437988e-01
3.668782114982604980e-01
4.073064923286437988e-01
3.668782114982604980e-01
3.039584457874298096e-01
2.937294244766235352e-01
3.024547696113586426e-01
2.561145126819610596e-01
2.952650785446166992e-01
3.552218079566955566e-01
2.558407783508300781e-01
1.668660044670104980e-01
3.648408055305480957e-01
2.530935704708099365e-01
4.456939697265625000e-01
3.091526031494140625e-01
2.846958339214324951e-01
3.112846612930297852e-01
5.413120388984680176e-01
4.037337303161621094e-01
2.967387139797210693e-01
3.701213598251342773e-01
2.707084417343139648e-01
2.380221188068389893e-01
3.937934041023254395e-01
4.768251180648803711e-01
3.828521370887756348e-01
5.056834220886230469e-01
2.539280056953430176e-01
4.832349419593811035e-01
4.429353475570678711e-01
4.616114497184753418e-01
4.213858842849731445e-01
3.261630237102508545e-01
4.508144855499267578e-01
3.104142844676971436e-01
2.535421252250671387e-01
3.367853760719299316e-01
3.898505866527557373e-01
2.892796099185943604e-01
3.172095417976379395e-01
1.269047021865844727e+00
2.681517601013183594e-01
1.439428329467773438e+00
3.708894550800323486e-01
4.310765862464904785e-01
3.835920095443725586e-01
2.985865175724029541e-01
2.450264990329742432e-01
2.386310249567031860e-01
1.257368087768554688e+00
2.610267698764801025e-01
1.362830400466918945e+00
4.050747752189636230e-01
1.742297410964965820e-01
1.157735824584960938e+00
2.459861487150192261e-01
3.711287975311279297e-01
2.432766705751419067e-01
3.082963824272155762e-01
3.888549506664276123e-01
3.884736299514770508e-01
4.291948974132537842e-01
3.279401063919067383e-01
4.089543819427490234e-01
5.580103397369384766e-01
5.134524106979370117e-01
4.800812005996704102e-01
3.030755519866943359e-01
2.500862181186676025e-01
2.402515411376953125e-01
3.577830195426940918e-01
3.228606581687927246e-01
4.612455964088439941e-01
1.737879753112792969e+00
1.705508589744567871e+00
2.483163475990295410e-01
2.933667302131652832e-01
3.457288742065429688e-01
2.375395596027374268e-01
2.609356343746185303e-01
1.635046839714050293e+00
1.718910694122314453e+00
3.546839952468872070e-01
3.794895410537719727e-01
2.623323202133178711e-01
2.790653109550476074e-01
2.506643831729888916e-01
2.625415325164794922e-01
1.887466430664062500e+00
4.083254635334014893e-01
2.897698581218719482e-01
2.879199087619781494e-01
2.486121803522109985e-01
3.738310039043426514e-01
2.466020584106445312e-01
3.720487952232360840e-01
2.615247070789337158e-01
3.681503236293792725e-01
2.748083472251892090e-01
4.897584915161132812e-01
2.398728728294372559e-01
4.907582104206085205e-01
4.986266493797302246e-01
2.480808645486831665e-01
