2.480580359697341919e-01
2.689382433891296387e-01
3.631319105625152588e-01
3.867036402225494385e-01
1.752983778715133667e-01
2.471620887517929077e-01
2.661325037479400635e-01
2.920081317424774170e-01
3.313154280185699463e-01
2.912538945674896240e-01
2.591755688190460205e-01
2.455964088439941406e-01
2.907058894634246826e-01
2.667941451072692871e-01
2.903302609920501709e-01
3.387973606586456299e-01
2.527124285697937012e-01
4.265832304954528809e-01
3.648684918880462646e-01
2.517344355583190918e-01
2.908771634101867676e-01
1.242863059043884277e+00
2.497631907463073730e-01
2.449862509965896606e-01
6.829791665077209473e-01
2.757308483123779297e-01
2.836879789829254150e-01
2.701834142208099365e-01
3.544277846813201904e-01
3.092019557952880859e-01
8.001700043678283691e-01
6.314510703086853027e-01
2.869380414485931396e-01
2.770661413669586182e-01
2.783490121364593506e-01
3.240414559841156006e-01
2.747125923633575439e-01
2.420161664485931396e-01
4.118625819683074951e-01
2.529538869857788086e-01
3.950532376766204834e-01
5.616492629051208496e-01
3.572184145450592041e-01
2.333155125379562378e-01
3.552329540252685547e-01
9.964299201965332031e-01
9.396193623542785645e-01
3.129130601882934570e-01
3.397961854934692383e-01
3.005358576774597168e-01
2.505589723587036133e-01
3.030199408531188965e-01
3.615281879901885986e-01
2.918335497379302979e-01
3.539620339870452881e-01
2.498623728752136230e-01
3.578085005283355713e-01
2.928428947925567627e-01
2.648357152938842773e-01
2.804988920688629150e-01
3.195209801197052002e-01
2.878618836402893066e-01
3.573429286479949951e-01
2.497366815805435181e-01
3.387445211410522461e-01
3.308032751083374023e-01
3.419432938098907471e-01
3.009836673736572266e-01
2.641147971153259277e-01
3.115599155426025391e-01
2.978335916996002197e-01
3.587606251239776611e-01
8.901723623275756836e-01
2.760473787784576416e-01
3.610556423664093018e-01
2.329388856887817383e-01
2.622828185558319092e-01
2.501940727233886719e-01
3.054817318916320801e-01
3.015595376491546631e-01
4.674641489982604980e-01
2.844325602054595947e-01
3.585461676120758057e-01
2.514120638370513916e-01
3.814860880374908447e-01
2.585645616054534912e-01
2.599999010562896729e-01
4.870234131813049316e-01
2.558236718177795410e-01
2.889202237129211426e-01
2.494195848703384399e-01
2.513180673122406006e-01
3.252163529396057129e-01
2.468729466199874878e-01
3.020916879177093506e-01
2.531208992004394531e-01
2.853309512138366699e-01
3.557967543601989746e-01
2.520234584808349609e-01
3.911316990852355957e-01
2.619535624980926514e-01
2.658568620681762695e-01
4.451092779636383057e-01
2.658568620681762695e-01
4.451092779636383057e-01
2.897504866123199463e-01
3.007036447525024414e-01
3.749536275863647461e-01
3.064921498298645020e-01
2.852009236812591553e-01
3.562734127044677734e-01
2.631551325321197510e-01
1.749455034732818604e-01
4.015775620937347412e-01
3.370029032230377197e-01
4.643204808235168457e-01
3.037068545818328857e-01
3.050954341888427734e-01
2.713616788387298584e-01
4.262808263301849365e-01
5.741984248161315918e-01
2.889575362205505371e-01
3.600195944309234619e-01
2.385570555925369263e-01
2.779520452022552490e-01
3.969890773296356201e-01
5.641235709190368652e-01
3.827490210533142090e-01
5.148712396621704102e-01
3.112101256847381592e-01
4.533910751342773438e-01
4.488297998905181885e-01
4.589595198631286621e-01
3.974427580833435059e-01
4.028539359569549561e-01
4.181968867778778076e-01
2.502548694610595703e-01
3.076562285423278809e-01
3.806113302707672119e-01
3.211847245693206787e-01
2.757662534713745117e-01
3.557512164115905762e-01
4.642053544521331787e-01
2.324374169111251831e-01
4.708147943019866943e-01
2.629184126853942871e-01
3.526710569858551025e-01
4.218108654022216797e-01
2.974759638309478760e-01
2.351239919662475586e-01
2.726849615573883057e-01
3.385077118873596191e-01
4.478393495082855225e-01
3.251492977142333984e-01
4.542420506477355957e-01
1.747239083051681519e-01
8.808856606483459473e-01
2.462261617183685303e-01
2.983815073966979980e-01
3.566707670688629150e-01
2.679115235805511475e-01
3.876233100891113281e-01
3.808637261390686035e-01
4.019354581832885742e-01
3.370652496814727783e-01
4.143536090850830078e-01
4.819443225860595703e-01
5.519179701805114746e-01
5.288430452346801758e-01
2.765062153339385986e-01
2.640306949615478516e-01
2.533841431140899658e-01
4.047778248786926270e-01
3.524888157844543457e-01
4.255569279193878174e-01
8.077312111854553223e-01
9.765917062759399414e-01
2.480702847242355347e-01
2.956188321113586426e-01
3.526683747768402100e-01
3.847104907035827637e-01
2.562867701053619385e-01
1.362282156944274902e+00
1.252723693847656250e+00
3.339795172214508057e-01
3.689339160919189453e-01
2.530753612518310547e-01
2.889492511749267578e-01
2.462377846240997314e-01
2.499970197677612305e-01
1.094872593879699707e+00
2.720060348510742188e-01
4.353879690170288086e-01
2.947253286838531494e-01
3.751215934753417969e-01
2.385545969009399414e-01
2.627067565917968750e-01
2.716608643531799316e-01
3.509383499622344971e-01
3.705522119998931885e-01
4.602067470550537109e-01
3.213671147823333740e-01
2.468150556087493896e-01
4.963994920253753662e-01
4.973693788051605225e-01
2.501326203346252441e-01
