2.627163231372833252e-01
2.711241543292999268e-01
3.391741514205932617e-01
3.461651802062988281e-01
1.752373427152633667e-01
2.543344497680664062e-01
3.023271858692169189e-01
2.755620181560516357e-01
3.198648989200592041e-01
3.029005825519561768e-01
2.494068741798400879e-01
2.583063244819641113e-01
2.713012099266052246e-01
4.320278465747833252e-01
2.946285903453826904e-01
2.396331578493118286e-01
2.899587452411651611e-01
3.928411006927490234e-01
3.273773193359375000e-01
2.553061246871948242e-01
2.885201275348663330e-01
9.107247591018676758e-01
2.495032101869583130e-01
2.478856891393661499e-01
5.950441956520080566e-01
2.702672183513641357e-01
2.944163978099822998e-01
2.797026932239532471e-01
3.567093312740325928e-01
2.910858988761901855e-01
1.223824262619018555e+00
1.179231166839599609e+00
3.279208838939666748e-01
2.768303453922271729e-01
2.549735605716705322e-01
3.010293245315551758e-01
2.789699435234069824e-01
2.503830492496490479e-01
4.161604344844818115e-01
2.391967475414276123e-01
3.983243107795715332e-01
5.251572132110595703e-01
2.387267649173736572e-01
2.345730215311050415e-01
3.897780776023864746e-01
9.987654089927673340e-01
1.053929328918457031e+00
3.799423873424530029e-01
4.390274286270141602e-01
2.879603207111358643e-01
2.661358714103698730e-01
2.755061089992523193e-01
2.969536781311035156e-01
2.844669520854949951e-01
3.542150855064392090e-01
2.507590055465698242e-01
3.311859667301177979e-01
2.769769728183746338e-01
2.781618237495422363e-01
2.993731796741485596e-01
2.951780259609222412e-01
2.874004542827606201e-01
3.574737310409545898e-01
2.479357570409774780e-01
3.099687993526458740e-01
3.885061144828796387e-01
3.643576204776763916e-01
3.020994961261749268e-01
2.835762500762939453e-01
3.263601362705230713e-01
2.903356552124023438e-01
3.582963049411773682e-01
9.216381311416625977e-01
2.804832160472869873e-01
3.597852289676666260e-01
2.298571914434432983e-01
2.692586481571197510e-01
2.439363002777099609e-01
3.007231056690216064e-01
3.506570756435394287e-01
4.095934033393859863e-01
2.825990915298461914e-01
3.598348498344421387e-01
2.565996348857879639e-01
3.437303602695465088e-01
3.129187822341918945e-01
2.491704672574996948e-01
4.841396510601043701e-01
2.556696534156799316e-01
2.888351976871490479e-01
2.492441833019256592e-01
2.476374059915542603e-01
4.109147787094116211e-01
2.571108639240264893e-01
2.981826663017272949e-01
2.691895365715026855e-01
2.834342420101165771e-01
3.585051000118255615e-01
2.444160878658294678e-01
3.758328557014465332e-01
2.740347385406494141e-01
2.756722867488861084e-01
4.218466579914093018e-01
2.756722867488861084e-01
4.218466579914093018e-01
2.908762097358703613e-01
2.782640159130096436e-01
3.125668466091156006e-01
3.097339570522308350e-01
2.843823432922363281e-01
3.604614436626434326e-01
3.083057105541229248e-01
1.753538399934768677e-01
3.912587165832519531e-01
3.176636397838592529e-01
3.892238438129425049e-01
3.020424246788024902e-01
2.642880976200103760e-01
2.951864600181579590e-01
5.573782920837402344e-01
5.875952243804931641e-01
2.830439507961273193e-01
3.590367138385772705e-01
2.403756231069564819e-01
2.710423469543457031e-01
4.358885586261749268e-01
5.791786909103393555e-01
3.419893682003021240e-01
5.007220506668090820e-01
2.626465260982513428e-01
4.532304704189300537e-01
4.523670375347137451e-01
4.534767866134643555e-01
4.115446805953979492e-01
4.044034183025360107e-01
4.121894538402557373e-01
2.558119595050811768e-01
2.999303340911865234e-01
3.691660463809967041e-01
3.217913806438446045e-01
2.829534113407135010e-01
3.517309129238128662e-01
9.421823620796203613e-01
2.382659763097763062e-01
9.341602921485900879e-01
2.653245627880096436e-01
3.583860397338867188e-01
4.095313847064971924e-01
2.948323190212249756e-01
2.328522056341171265e-01
2.641459703445434570e-01
1.020145535469055176e+00
4.371525347232818604e-01
1.012948751449584961e+00
4.463842511177062988e-01
1.740384697914123535e-01
1.014688730239868164e+00
2.875907719135284424e-01
3.227547705173492432e-01
3.244526386260986328e-01
3.305443525314331055e-01
3.223409354686737061e-01
3.210921883583068848e-01
3.227828741073608398e-01
3.531138896942138672e-01
3.206233382225036621e-01
4.454403817653656006e-01
4.534946084022521973e-01
4.504329562187194824e-01
2.669550776481628418e-01
2.663858532905578613e-01
2.656619250774383545e-01
4.760308265686035156e-01
4.752817749977111816e-01
4.766745269298553467e-01
1.068853497505187988e+00
9.955719709396362305e-01
2.458727061748504639e-01
2.897432744503021240e-01
3.553326129913330078e-01
3.798881769180297852e-01
2.515646517276763916e-01
1.078036904335021973e+00
9.016649723052978516e-01
3.279664218425750732e-01
3.607046902179718018e-01
2.550633847713470459e-01
2.887966930866241455e-01
2.481587678194046021e-01
2.478434145450592041e-01
9.320450425148010254e-01
3.590857684612274170e-01
3.445434868335723877e-01
2.966271638870239258e-01
2.997867763042449951e-01
3.138546645641326904e-01
2.640240192413330078e-01
3.146623969078063965e-01
3.042971789836883545e-01
3.665900230407714844e-01
3.961836397647857666e-01
4.079422950744628906e-01
2.487974613904953003e-01
4.965903162956237793e-01
4.966065287590026855e-01
2.489347904920578003e-01
