2.861754298210144043e-01
3.439750969409942627e-01
2.441208660602569580e-01
3.199034333229064941e-01
1.765273213386535645e-01
2.842816114425659180e-01
2.750276327133178711e-01
2.834624052047729492e-01
3.598415851593017578e-01
3.046303689479827881e-01
2.594997882843017578e-01
2.349292933940887451e-01
2.584805488586425781e-01
4.106822013854980469e-01
2.972717881202697754e-01
2.239863574504852295e-01
3.490127325057983398e-01
3.114540874958038330e-01
3.434958755970001221e-01
2.562888264656066895e-01
2.882014513015747070e-01
6.056120395660400391e-01
2.492448687553405762e-01
2.482042014598846436e-01
6.592676639556884766e-01
3.061129748821258545e-01
3.099652826786041260e-01
3.879229128360748291e-01
2.476523667573928833e-01
2.476813793182373047e-01
6.829585433006286621e-01
6.368376612663269043e-01
3.586302995681762695e-01
2.710214853286743164e-01
2.284975647926330566e-01
2.378371059894561768e-01
2.532810568809509277e-01
2.781519293785095215e-01
3.450284898281097412e-01
2.898323833942413330e-01
3.629190921783447266e-01
4.791586101055145264e-01
2.244237810373306274e-01
2.223675996065139771e-01
2.900763154029846191e-01
6.249118447303771973e-01
4.742217659950256348e-01
3.597812056541442871e-01
5.071617364883422852e-01
3.053722381591796875e-01
2.569330632686614990e-01
2.996813058853149414e-01
3.819963634014129639e-01
2.996915876865386963e-01
2.287006974220275879e-01
2.643321156501770020e-01
3.770180940628051758e-01
2.487786114215850830e-01
3.039903938770294189e-01
3.114829361438751221e-01
2.577697336673736572e-01
2.978087365627288818e-01
2.110408991575241089e-01
2.815325558185577393e-01
2.593618929386138916e-01
4.507988691329956055e-01
4.642276167869567871e-01
2.916584610939025879e-01
3.342126309871673584e-01
3.682410717010498047e-01
2.973517775535583496e-01
2.182666957378387451e-01
7.113237977027893066e-01
2.340703606605529785e-01
3.355668485164642334e-01
2.868869602680206299e-01
2.231778800487518311e-01
2.406101971864700317e-01
2.403378784656524658e-01
4.448064565658569336e-01
4.340748786926269531e-01
2.957868576049804688e-01
3.418722152709960938e-01
3.692222833633422852e-01
2.617620825767517090e-01
4.208177924156188965e-01
2.871434986591339111e-01
2.721933424472808838e-01
2.552300095558166504e-01
2.869688272476196289e-01
2.499859631061553955e-01
2.475230097770690918e-01
3.463731408119201660e-01
2.526646852493286133e-01
2.440952211618423462e-01
3.611511886119842529e-01
2.969072759151458740e-01
2.396996021270751953e-01
3.519086539745330811e-01
2.675499320030212402e-01
3.196015954017639160e-01
3.474752306938171387e-01
2.995986938476562500e-01
3.474752306938171387e-01
2.995986938476562500e-01
2.397156357765197754e-01
2.510433197021484375e-01
2.504653930664062500e-01
3.062553405761718750e-01
2.991771996021270752e-01
2.188692390918731689e-01
3.778286278247833252e-01
1.741680055856704712e-01
3.941425085067749023e-01
3.276447057723999023e-01
4.130597114562988281e-01
2.453054636716842651e-01
3.859106898307800293e-01
3.774597346782684326e-01
6.757868528366088867e-01
6.405366659164428711e-01
2.962893247604370117e-01
2.366176694631576538e-01
3.897936940193176270e-01
2.588517963886260986e-01
5.015853047370910645e-01
5.174252986907958984e-01
2.593601942062377930e-01
4.860783815383911133e-01
3.096263110637664795e-01
4.272942245006561279e-01
3.691732287406921387e-01
3.875996768474578857e-01
4.517781436443328857e-01
4.502820968627929688e-01
4.870742261409759521e-01
2.971915900707244873e-01
2.593661844730377197e-01
2.503944039344787598e-01
2.973727583885192871e-01
2.959992587566375732e-01
2.156408429145812988e-01
5.212475657463073730e-01
2.491880804300308228e-01
3.870239257812500000e-01
3.539883792400360107e-01
3.035299181938171387e-01
2.481042742729187012e-01
2.568014860153198242e-01
2.496891766786575317e-01
3.009461462497711182e-01
3.413234353065490723e-01
4.013177156448364258e-01
4.816322922706604004e-01
3.326275646686553955e-01
1.736144572496414185e-01
8.004236817359924316e-01
2.409711480140686035e-01
3.386793732643127441e-01
3.148019015789031982e-01
2.772890329360961914e-01
4.002169370651245117e-01
3.930003941059112549e-01
3.970035612583160400e-01
2.304984778165817261e-01
2.662466466426849365e-01
4.972270429134368896e-01
4.548755884170532227e-01
4.493931233882904053e-01
2.640744447708129883e-01
2.713126540184020996e-01
2.638925313949584961e-01
4.682337939739227295e-01
4.648628234863281250e-01
4.564067423343658447e-01
2.687089443206787109e-01
5.998659729957580566e-01
2.398380935192108154e-01
2.896816730499267578e-01
2.202845513820648193e-01
2.552738487720489502e-01
2.719978094100952148e-01
6.523644924163818359e-01
7.533438801765441895e-01
3.611878454685211182e-01
3.542979955673217773e-01
2.566002607345581055e-01
2.880696356296539307e-01
2.486041337251663208e-01
2.479676455259323120e-01
9.850642085075378418e-01
3.192168474197387695e-01
4.121978282928466797e-01
2.961767911911010742e-01
2.900183200836181641e-01
3.275263011455535889e-01
3.262700736522674561e-01
3.430482149124145508e-01
2.675789594650268555e-01
2.705204486846923828e-01
5.081129074096679688e-01
4.571310579776763916e-01
2.469807416200637817e-01
4.974265694618225098e-01
4.935092329978942871e-01
2.494997382164001465e-01
