2.431497722864151001e-01
3.081300556659698486e-01
3.617388904094696045e-01
3.760050833225250244e-01
1.768403053283691406e-01
2.291259318590164185e-01
3.558111488819122314e-01
2.843775749206542969e-01
3.042128384113311768e-01
2.549324035644531250e-01
2.962495982646942139e-01
2.923436164855957031e-01
2.595855295658111572e-01
4.957129955291748047e-01
2.990594804286956787e-01
2.606884539127349854e-01
2.885135412216186523e-01
3.955489695072174072e-01
2.705370485782623291e-01
2.566958665847778320e-01
2.848044335842132568e-01
9.518402218818664551e-01
2.490855455398559570e-01
2.473563998937606812e-01
7.496430277824401855e-01
3.060310482978820801e-01
2.528908550739288330e-01
3.030219972133636475e-01
3.522647917270660400e-01
3.529020547866821289e-01
1.116998791694641113e+00
9.094030261039733887e-01
3.189496695995330811e-01
2.783519327640533447e-01
2.471845746040344238e-01
2.568732202053070068e-01
2.960318326950073242e-01
2.403863519430160522e-01
3.461976945400238037e-01
2.476947456598281860e-01
3.254522085189819336e-01
5.528723597526550293e-01
2.580246031284332275e-01
2.208532691001892090e-01
3.192593753337860107e-01
1.068392872810363770e+00
9.482266902923583984e-01
4.839620888233184814e-01
3.000079691410064697e-01
2.941666543483734131e-01
2.593885362148284912e-01
2.653304040431976318e-01
3.015986979007720947e-01
2.832944095134735107e-01
2.352667897939682007e-01
2.406994849443435669e-01
3.380480706691741943e-01
2.520468831062316895e-01
3.063446283340454102e-01
3.149910271167755127e-01
2.508340179920196533e-01
2.666644752025604248e-01
3.550084829330444336e-01
2.256435751914978027e-01
2.843044400215148926e-01
4.608439505100250244e-01
4.205067455768585205e-01
2.460556030273437500e-01
3.837005198001861572e-01
3.750708401203155518e-01
2.812289893627166748e-01
3.550144731998443604e-01
9.986250996589660645e-01
2.891683578491210938e-01
3.566040992736816406e-01
2.332417964935302734e-01
2.788806259632110596e-01
2.505184710025787354e-01
3.043962419033050537e-01
4.547263085842132568e-01
2.600309252738952637e-01
2.820014655590057373e-01
3.581413924694061279e-01
2.479553073644638062e-01
2.564796209335327148e-01
4.271277189254760742e-01
2.551173269748687744e-01
4.999666512012481689e-01
2.527675926685333252e-01
2.953204214572906494e-01
2.502101659774780273e-01
2.474939823150634766e-01
6.701526641845703125e-01
2.947487831115722656e-01
2.625520527362823486e-01
2.975392341613769531e-01
2.862509489059448242e-01
3.586572110652923584e-01
2.452466487884521484e-01
2.918706834316253662e-01
3.410866260528564453e-01
3.318191468715667725e-01
2.830838561058044434e-01
3.318191468715667725e-01
2.830838561058044434e-01
2.915883958339691162e-01
3.037524521350860596e-01
3.862371146678924561e-01
3.251459300518035889e-01
2.866832911968231201e-01
3.637170493602752686e-01
2.446762770414352417e-01
1.764955967664718628e-01
4.053732156753540039e-01
3.553605377674102783e-01
4.610421657562255859e-01
2.992416918277740479e-01
3.114348948001861572e-01
3.729697763919830322e-01
3.992892205715179443e-01
5.614376664161682129e-01
2.875125110149383545e-01
3.574607074260711670e-01
2.471442371606826782e-01
2.765887975692749023e-01
4.595632553100585938e-01
6.156963706016540527e-01
2.271018028259277344e-01
4.437398016452789307e-01
3.660326898097991943e-01
4.454469680786132812e-01
4.629994928836822510e-01
4.680685997009277344e-01
3.767246901988983154e-01
4.663029611110687256e-01
4.621607363224029541e-01
3.049026131629943848e-01
2.429613023996353149e-01
3.381267786026000977e-01
3.700354993343353271e-01
2.874911129474639893e-01
3.388108313083648682e-01
9.612753987312316895e-01
2.639013528823852539e-01
1.072063088417053223e+00
3.665802776813507080e-01
4.277018606662750244e-01
3.826436996459960938e-01
2.951701879501342773e-01
2.485335320234298706e-01
2.447317838668823242e-01
7.932226061820983887e-01
2.613786160945892334e-01
9.411096572875976562e-01
3.966050446033477783e-01
1.771563142538070679e-01
1.198878169059753418e+00
3.022367358207702637e-01
2.988987267017364502e-01
3.538160324096679688e-01
3.035542666912078857e-01
3.411042690277099609e-01
3.129977285861968994e-01
2.863704264163970947e-01
3.552423417568206787e-01
2.784016430377960205e-01
4.818901121616363525e-01
4.541942179203033447e-01
4.131852090358734131e-01
2.516835629940032959e-01
2.772985994815826416e-01
2.733053267002105713e-01
4.729864597320556641e-01
5.078587532043457031e-01
4.725130796432495117e-01
1.105103135108947754e+00
7.211144566535949707e-01
2.373986691236495972e-01
2.979029119014739990e-01
3.597225248813629150e-01
3.854272067546844482e-01
2.594186365604400635e-01
9.830083250999450684e-01
5.863094329833984375e-01
2.950828969478607178e-01
3.668028414249420166e-01
2.578351795673370361e-01
2.880938649177551270e-01
2.461450546979904175e-01
2.474592924118041992e-01
1.426032185554504395e+00
4.126694202423095703e-01
2.885364294052124023e-01
2.924211919307708740e-01
3.195631802082061768e-01
2.967745363712310791e-01
2.714084088802337646e-01
2.631427347660064697e-01
3.538829386234283447e-01
2.469689399003982544e-01
4.794476032257080078e-01
4.772175252437591553e-01
2.466611266136169434e-01
4.947253167629241943e-01
4.964536428451538086e-01
2.480062246322631836e-01
