2.793597877025604248e-01
2.749554514884948730e-01
2.472764402627944946e-01
3.982547521591186523e-01
1.738558411598205566e-01
3.148521482944488525e-01
3.073202669620513916e-01
2.904988229274749756e-01
3.229415118694305420e-01
3.028638064861297607e-01
2.498442679643630981e-01
2.512361407279968262e-01
2.585399448871612549e-01
4.713323116302490234e-01
2.932755947113037109e-01
2.481731772422790527e-01
2.894622087478637695e-01
3.975891768932342529e-01
2.857568264007568359e-01
2.581755518913269043e-01
2.836466133594512939e-01
7.569846510887145996e-01
2.439358830451965332e-01
2.491227090358734131e-01
5.405904650688171387e-01
2.546850740909576416e-01
3.065075874328613281e-01
2.478262484073638916e-01
2.153535187244415283e-01
4.247208833694458008e-01
8.733179569244384766e-01
7.088806629180908203e-01
3.907364010810852051e-01
2.854604125022888184e-01
2.389311045408248901e-01
3.061996400356292725e-01
2.529600262641906738e-01
2.581194639205932617e-01
4.644365012645721436e-01
2.541134357452392578e-01
3.956280946731567383e-01
5.465557575225830078e-01
2.316951751708984375e-01
2.413492202758789062e-01
3.587892353534698486e-01
4.583426117897033691e-01
3.012611269950866699e-01
2.983002066612243652e-01
4.854280948638916016e-01
2.403416037559509277e-01
3.024312257766723633e-01
3.223235309123992920e-01
2.444029748439788818e-01
2.863650918006896973e-01
2.191402018070220947e-01
2.530232965946197510e-01
2.506771087646484375e-01
2.436133623123168945e-01
2.845245003700256348e-01
3.270035982131958008e-01
2.797931134700775146e-01
2.961795032024383545e-01
2.146625816822052002e-01
3.003414273262023926e-01
2.625991702079772949e-01
3.872714638710021973e-01
4.247068166732788086e-01
2.681592106819152832e-01
3.003026247024536133e-01
2.911469936370849609e-01
2.979233860969543457e-01
2.240850627422332764e-01
7.531194686889648438e-01
2.320994585752487183e-01
3.315947651863098145e-01
2.848733365535736084e-01
2.218832671642303467e-01
2.418490648269653320e-01
2.384304702281951904e-01
4.383070766925811768e-01
4.461901783943176270e-01
2.946093082427978516e-01
3.318961858749389648e-01
3.728818893432617188e-01
2.682576775550842285e-01
4.154194593429565430e-01
2.958325147628784180e-01
2.641910314559936523e-01
2.549294531345367432e-01
2.899100184440612793e-01
2.522206604480743408e-01
2.425389289855957031e-01
3.883362710475921631e-01
2.946089208126068115e-01
2.479717135429382324e-01
3.351978659629821777e-01
2.940990030765533447e-01
2.323312163352966309e-01
2.834449410438537598e-01
3.544611334800720215e-01
3.578014671802520752e-01
2.997386455535888672e-01
2.875589728355407715e-01
2.997386455535888672e-01
2.875589728355407715e-01
2.327446341514587402e-01
2.494721859693527222e-01
2.682842612266540527e-01
3.098661005496978760e-01
2.968021035194396973e-01
2.212958335876464844e-01
3.797612488269805908e-01
1.748454868793487549e-01
3.721594810485839844e-01
2.705119848251342773e-01
3.917897343635559082e-01
2.760279178619384766e-01
3.588305413722991943e-01
2.673466801643371582e-01
6.762129068374633789e-01
6.385258436203002930e-01
2.972965836524963379e-01
2.247662246227264404e-01
3.000469207763671875e-01
4.078901410102844238e-01
5.066971778869628906e-01
5.304328799247741699e-01
4.670869112014770508e-01
4.227546453475952148e-01
4.232579469680786133e-01
3.714123964309692383e-01
4.170098900794982910e-01
4.105200171470642090e-01
3.725144863128662109e-01
3.710371553897857666e-01
4.583303034305572510e-01
2.551727890968322754e-01
2.928177714347839355e-01
3.083640933036804199e-01
2.609843015670776367e-01
2.693127989768981934e-01
3.540967106819152832e-01
9.717039465904235840e-01
2.388879507780075073e-01
9.483661651611328125e-01
2.821823656558990479e-01
3.043271303176879883e-01
3.038291931152343750e-01
2.867100238800048828e-01
2.628455162048339844e-01
2.763647437095642090e-01
7.893902063369750977e-01
4.363878965377807617e-01
8.139586448669433594e-01
3.872292637825012207e-01
1.749508529901504517e-01
8.498670458793640137e-01
2.637450993061065674e-01
3.352252542972564697e-01
3.344414532184600830e-01
3.185807466506958008e-01
3.425247669219970703e-01
3.712052106857299805e-01
3.408268094062805176e-01
2.242840826511383057e-01
3.382132351398468018e-01
4.496663212776184082e-01
4.254259169101715088e-01
4.107437133789062500e-01
2.472804337739944458e-01
2.632598876953125000e-01
2.915182709693908691e-01
4.116995334625244141e-01
4.634368419647216797e-01
4.464113712310791016e-01
6.584755778312683105e-01
7.117362022399902344e-01
2.290191650390625000e-01
2.773600518703460693e-01
2.264463454484939575e-01
3.783226907253265381e-01
2.919501066207885742e-01
7.077789306640625000e-01
7.897106409072875977e-01
2.710313796997070312e-01
3.510998487472534180e-01
2.516370713710784912e-01
2.944436669349670410e-01
2.492122352123260498e-01
2.490944713354110718e-01
7.720886468887329102e-01
2.406324744224548340e-01
4.472004175186157227e-01
2.947964072227478027e-01
2.866891622543334961e-01
3.332604467868804932e-01
2.951120734214782715e-01
3.795380890369415283e-01
2.341431379318237305e-01
2.686592340469360352e-01
4.931536316871643066e-01
4.891420006752014160e-01
2.507711350917816162e-01
4.944011569023132324e-01
4.975939989089965820e-01
2.476798146963119507e-01
