2.778532803058624268e-01
2.849522829055786133e-01
2.414650917053222656e-01
3.898136317729949951e-01
1.754921227693557739e-01
3.135221004486083984e-01
2.668087184429168701e-01
2.973621487617492676e-01
3.306515514850616455e-01
3.041535913944244385e-01
2.554346919059753418e-01
2.470424473285675049e-01
2.839769124984741211e-01
2.587915360927581787e-01
2.970447242259979248e-01
2.352231889963150024e-01
3.603120744228363037e-01
3.025888204574584961e-01
2.843202650547027588e-01
2.555588483810424805e-01
2.882097363471984863e-01
1.080480098724365234e+00
2.465799897909164429e-01
2.488118261098861694e-01
7.569198012351989746e-01
2.641324400901794434e-01
3.564771711826324463e-01
3.859575986862182617e-01
3.533146381378173828e-01
4.071565568447113037e-01
1.194008588790893555e+00
1.526631355285644531e+00
2.817500531673431396e-01
2.647363841533660889e-01
2.583524882793426514e-01
2.694021165370941162e-01
3.077575266361236572e-01
3.312209546566009521e-01
2.189999371767044067e-01
2.568753659725189209e-01
4.058451354503631592e-01
5.540415644645690918e-01
3.616722226142883301e-01
2.336643040180206299e-01
3.612181544303894043e-01
1.019270300865173340e+00
9.491305947303771973e-01
3.170050978660583496e-01
3.377421200275421143e-01
3.062232136726379395e-01
2.499104887247085571e-01
3.312431573867797852e-01
3.861270248889923096e-01
2.834871411323547363e-01
3.537917733192443848e-01
2.598977386951446533e-01
3.597133457660675049e-01
2.464122176170349121e-01
3.006036281585693359e-01
3.022533953189849854e-01
2.686677277088165283e-01
2.813161909580230713e-01
3.599686324596405029e-01
2.401293963193893433e-01
2.580684423446655273e-01
4.497754871845245361e-01
4.467982053756713867e-01
3.029972314834594727e-01
2.648923695087432861e-01
3.022968173027038574e-01
2.922824323177337646e-01
3.540548086166381836e-01
1.019683361053466797e+00
2.783705294132232666e-01
3.540475070476531982e-01
2.298593521118164062e-01
3.142713904380798340e-01
3.007670938968658447e-01
2.475143074989318848e-01
2.494517415761947632e-01
5.237662196159362793e-01
2.819919586181640625e-01
3.586296439170837402e-01
2.505573332309722900e-01
3.557764291763305664e-01
3.137620687484741211e-01
3.588811159133911133e-01
2.926723659038543701e-01
2.570414841175079346e-01
2.838840484619140625e-01
2.509436607360839844e-01
2.505899369716644287e-01
6.469573974609375000e-01
2.931422591209411621e-01
2.605261206626892090e-01
2.978730201721191406e-01
2.854384183883666992e-01
3.560270071029663086e-01
2.420232594013214111e-01
2.895099520683288574e-01
3.407130539417266846e-01
3.357574939727783203e-01
2.778746783733367920e-01
3.357574939727783203e-01
2.778746783733367920e-01
2.997398078441619873e-01
2.911751270294189453e-01
3.477650880813598633e-01
3.037244081497192383e-01
2.882601320743560791e-01
3.584273159503936768e-01
2.564344406127929688e-01
1.733484864234924316e-01
3.801161646842956543e-01
2.944867312908172607e-01
4.053855538368225098e-01
2.394352257251739502e-01
3.784134685993194580e-01
3.714762330055236816e-01
4.566666185855865479e-01
4.710777997970581055e-01
2.920182049274444580e-01
3.266102075576782227e-01
3.687767088413238525e-01
4.378408491611480713e-01
4.906709492206573486e-01
5.852909684181213379e-01
2.269218713045120239e-01
3.719790577888488770e-01
3.181657493114471436e-01
3.347835838794708252e-01
3.633650243282318115e-01
3.233629465103149414e-01
5.326212644577026367e-01
5.420022606849670410e-01
5.126550197601318359e-01
2.726665139198303223e-01
2.817013263702392578e-01
3.185468316078186035e-01
2.868490517139434814e-01
2.177681028842926025e-01
3.405126631259918213e-01
1.656312942504882812e+00
3.284159302711486816e-01
1.623057126998901367e+00
3.869088888168334961e-01
2.691398859024047852e-01
3.277221918106079102e-01
2.707697749137878418e-01
2.673719823360443115e-01
2.811938524246215820e-01
1.465999007225036621e+00
4.569783210754394531e-01
1.468532562255859375e+00
4.133011102676391602e-01
1.754269599914550781e-01
1.508600473403930664e+00
2.392276674509048462e-01
2.689998447895050049e-01
3.294688463211059570e-01
3.466475903987884521e-01
4.038731157779693604e-01
3.780082166194915771e-01
3.929476737976074219e-01
2.248108685016632080e-01
2.656754553318023682e-01
4.345879554748535156e-01
4.988793730735778809e-01
4.699038863182067871e-01
2.706715464591979980e-01
2.757090330123901367e-01
2.439505010843276978e-01
4.805400669574737549e-01
4.474231004714965820e-01
4.286699593067169189e-01
1.231249690055847168e+00
1.475984692573547363e+00
2.600439488887786865e-01
2.892236411571502686e-01
2.193531692028045654e-01
3.471432328224182129e-01
3.213655650615692139e-01
1.123045682907104492e+00
1.413836956024169922e+00
3.088912963867187500e-01
2.690753936767578125e-01
2.567179203033447266e-01
2.817023992538452148e-01
2.497181296348571777e-01
2.495827078819274902e-01
1.095340013504028320e+00
3.940262496471405029e-01
3.176984488964080811e-01
2.971465289592742920e-01
3.686570823192596436e-01
2.426272183656692505e-01
3.000921308994293213e-01
2.514756023883819580e-01
3.602117896080017090e-01
2.691557109355926514e-01
4.648053944110870361e-01
5.110330581665039062e-01
2.532789111137390137e-01
4.969647824764251709e-01
4.973587393760681152e-01
2.475072592496871948e-01
