2.520467340946197510e-01
3.238982856273651123e-01
2.408763766288757324e-01
3.382544219493865967e-01
1.751886159181594849e-01
3.688791692256927490e-01
2.860891222953796387e-01
2.804912626743316650e-01
3.260183632373809814e-01
3.001547753810882568e-01
2.482273578643798828e-01
2.528350055217742920e-01
2.797758877277374268e-01
3.835327625274658203e-01
2.939932644367218018e-01
2.271818518638610840e-01
2.922651469707489014e-01
3.909469544887542725e-01
3.616113960742950439e-01
2.531303465366363525e-01
2.893596589565277100e-01
8.971710801124572754e-01
2.497696280479431152e-01
2.464031577110290527e-01
7.751162648200988770e-01
2.916184961795806885e-01
2.650496363639831543e-01
3.147435486316680908e-01
2.343368083238601685e-01
3.050957918167114258e-01
8.633415102958679199e-01
8.074291348457336426e-01
2.644936144351959229e-01
2.882904112339019775e-01
2.943601012229919434e-01
3.537021577358245850e-01
2.514798343181610107e-01
2.788795232772827148e-01
4.044658243656158447e-01
2.678961157798767090e-01
3.623504340648651123e-01
4.977206289768218994e-01
2.204926460981369019e-01
2.262315303087234497e-01
3.203942477703094482e-01
6.382394433021545410e-01
6.084758639335632324e-01
3.779895305633544922e-01
4.486480057239532471e-01
2.651546597480773926e-01
2.900520861148834229e-01
3.104391992092132568e-01
2.771588265895843506e-01
2.977932691574096680e-01
2.254530340433120728e-01
3.095313608646392822e-01
3.063625395298004150e-01
2.553632855415344238e-01
2.871073186397552490e-01
3.114823400974273682e-01
2.827787101268768311e-01
2.962228953838348389e-01
2.155930548906326294e-01
2.984807789325714111e-01
2.916029393672943115e-01
4.240175783634185791e-01
4.240925610065460205e-01
2.901900708675384521e-01
3.169611990451812744e-01
3.551820516586303711e-01
2.969677448272705078e-01
2.198318988084793091e-01
7.306655049324035645e-01
2.336901575326919556e-01
3.272226154804229736e-01
2.848495244979858398e-01
2.218445390462875366e-01
2.395044714212417603e-01
2.473617047071456909e-01
4.356631338596343994e-01
4.395706653594970703e-01
2.952108383178710938e-01
3.407148420810699463e-01
3.599312305450439453e-01
2.901631891727447510e-01
3.845745027065277100e-01
2.773605585098266602e-01
3.187803924083709717e-01
2.552997767925262451e-01
2.890420854091644287e-01
2.482913583517074585e-01
2.469843626022338867e-01
4.452981054782867432e-01
2.919499576091766357e-01
2.438455820083618164e-01
3.293999135494232178e-01
2.941138446331024170e-01
2.320870161056518555e-01
2.878144085407257080e-01
3.721013963222503662e-01
3.589443862438201904e-01
3.202074468135833740e-01
2.665800750255584717e-01
3.202074468135833740e-01
2.665800750255584717e-01
2.516756951808929443e-01
2.840759456157684326e-01
2.919096350669860840e-01
2.803212404251098633e-01
2.974426746368408203e-01
2.189513891935348511e-01
3.034687936305999756e-01
1.748133450746536255e-01
3.964493274688720703e-01
3.328763544559478760e-01
4.285664558410644531e-01
2.844018638134002686e-01
3.284352719783782959e-01
3.194683492183685303e-01
5.731929540634155273e-01
4.965658187866210938e-01
2.967657148838043213e-01
2.235614508390426636e-01
3.019490540027618408e-01
3.865973651409149170e-01
4.622562825679779053e-01
5.747841596603393555e-01
3.619399070739746094e-01
4.756334722042083740e-01
3.635868728160858154e-01
4.381055533885955811e-01
4.369224309921264648e-01
4.571150839328765869e-01
3.792397677898406982e-01
3.750168383121490479e-01
3.888627290725708008e-01
2.893685996532440186e-01
2.584059238433837891e-01
2.875269949436187744e-01
3.152238428592681885e-01
2.978526651859283447e-01
2.160355597734451294e-01
3.678499758243560791e-01
2.792605161666870117e-01
2.941090464591979980e-01
3.567401468753814697e-01
3.191523849964141846e-01
2.925584912300109863e-01
2.817578315734863281e-01
2.536341845989227295e-01
2.813307344913482666e-01
4.347051084041595459e-01
3.809616565704345703e-01
4.773866236209869385e-01
3.406222164630889893e-01
1.739375591278076172e-01
3.750521242618560791e-01
2.495071291923522949e-01
3.112692534923553467e-01
3.356095254421234131e-01
2.919026315212249756e-01
3.857637345790863037e-01
3.907621800899505615e-01
3.657799661159515381e-01
2.199392467737197876e-01
2.987591922283172607e-01
4.656544029712677002e-01
4.637470245361328125e-01
4.348599910736083984e-01
2.544436752796173096e-01
2.641115486621856689e-01
2.762531340122222900e-01
4.602815806865692139e-01
4.725877344608306885e-01
4.536949098110198975e-01
2.683934867382049561e-01
3.741230666637420654e-01
2.391403168439865112e-01
2.945561110973358154e-01
3.400689661502838135e-01
2.855627834796905518e-01
3.623579442501068115e-01
4.174748361110687256e-01
4.165166914463043213e-01
3.519089221954345703e-01
2.828905284404754639e-01
2.576400935649871826e-01
2.898121178150177002e-01
2.496473789215087891e-01
2.458966374397277832e-01
1.011207461357116699e+00
4.067484140396118164e-01
4.297883510589599609e-01
2.928481996059417725e-01
3.167088925838470459e-01
3.023224472999572754e-01
3.563971519470214844e-01
3.019334971904754639e-01
3.093113005161285400e-01
2.961845397949218750e-01
3.321421146392822266e-01
3.629634380340576172e-01
2.474130541086196899e-01
4.962207973003387451e-01
4.967862069606781006e-01
2.479332685470581055e-01
