2.488590776920318604e-01
3.288326859474182129e-01
2.358697503805160522e-01
3.309216797351837158e-01
1.750745773315429688e-01
3.832220137119293213e-01
3.025321066379547119e-01
2.715869843959808350e-01
2.971591353416442871e-01
3.008428215980529785e-01
2.504161298274993896e-01
2.667838931083679199e-01
2.824096381664276123e-01
2.937973737716674805e-01
2.984978854656219482e-01
2.246652245521545410e-01
2.635488212108612061e-01
4.152757525444030762e-01
3.803254365921020508e-01
2.573184967041015625e-01
2.888079881668090820e-01
8.236792087554931641e-01
2.514949440956115723e-01
2.473644763231277466e-01
7.621784210205078125e-01
2.840015292167663574e-01
2.749030590057373047e-01
3.039454221725463867e-01
2.424634844064712524e-01
2.966336607933044434e-01
9.244955778121948242e-01
9.102672338485717773e-01
2.783702015876770020e-01
2.880385220050811768e-01
2.874238789081573486e-01
3.527520298957824707e-01
2.507802844047546387e-01
2.963734269142150879e-01
4.233486056327819824e-01
2.685143053531646729e-01
3.757610917091369629e-01
4.817646145820617676e-01
2.222042828798294067e-01
2.231160402297973633e-01
3.351911008358001709e-01
5.161547660827636719e-01
4.213072061538696289e-01
3.488007783889770508e-01
4.829510450363159180e-01
2.697665691375732422e-01
2.864224314689636230e-01
3.078019618988037109e-01
2.887676060199737549e-01
2.963303029537200928e-01
2.292697727680206299e-01
3.019559681415557861e-01
3.144411444664001465e-01
2.795133590698242188e-01
2.671266794204711914e-01
2.951293587684631348e-01
2.971897125244140625e-01
2.963880002498626709e-01
2.184680849313735962e-01
2.812695801258087158e-01
3.282514214515686035e-01
4.018135666847229004e-01
3.489104509353637695e-01
2.827385962009429932e-01
3.360170722007751465e-01
3.612601161003112793e-01
2.973820269107818604e-01
2.359086126089096069e-01
7.102836370468139648e-01
2.329914569854736328e-01
3.346178531646728516e-01
2.871729135513305664e-01
2.200993150472640991e-01
2.426558434963226318e-01
2.446119040250778198e-01
4.283520281314849854e-01
4.500660300254821777e-01
2.935928702354431152e-01
3.408762812614440918e-01
3.607699275016784668e-01
2.906540036201477051e-01
3.827750682830810547e-01
2.825604081153869629e-01
2.919639050960540771e-01
2.553815543651580811e-01
2.879965901374816895e-01
2.493030875921249390e-01
2.502986192703247070e-01
4.602510929107666016e-01
2.716399431228637695e-01
2.710877656936645508e-01
2.969124317169189453e-01
2.959283590316772461e-01
2.330015599727630615e-01
2.729708254337310791e-01
3.781880140304565430e-01
3.096077740192413330e-01
3.340358436107635498e-01
3.718167245388031006e-01
3.340358436107635498e-01
3.718167245388031006e-01
2.512055039405822754e-01
2.521402835845947266e-01
2.796576023101806641e-01
3.229764103889465332e-01
2.964357733726501465e-01
2.205094546079635620e-01
3.578083515167236328e-01
1.746371984481811523e-01
3.913816213607788086e-01
3.166741728782653809e-01
3.914047777652740479e-01
2.529217004776000977e-01
3.705047965049743652e-01
3.568500280380249023e-01
6.465073823928833008e-01
5.924447774887084961e-01
2.968352437019348145e-01
2.367291301488876343e-01
3.601232171058654785e-01
2.986272871494293213e-01
4.729019403457641602e-01
5.375409126281738281e-01
2.926339209079742432e-01
4.804157316684722900e-01
3.236200511455535889e-01
4.172310233116149902e-01
3.885741531848907471e-01
4.028567075729370117e-01
4.362141489982604980e-01
4.417329430580139160e-01
4.496002793312072754e-01
2.875764966011047363e-01
2.629712820053100586e-01
2.689396739006042480e-01
2.990227937698364258e-01
2.960425615310668945e-01
2.185830473899841309e-01
4.307793378829956055e-01
2.673357725143432617e-01
3.373844027519226074e-01
3.372101783752441406e-01
3.209773898124694824e-01
2.954983115196228027e-01
2.754983901977539062e-01
2.590413391590118408e-01
2.792680859565734863e-01
4.312376081943511963e-01
3.847548961639404297e-01
5.056474804878234863e-01
3.333394527435302734e-01
1.742892563343048096e-01
3.854515552520751953e-01
2.666415572166442871e-01
3.111611604690551758e-01
3.266580998897552490e-01
3.031319379806518555e-01
3.809823989868164062e-01
3.801472783088684082e-01
3.554276227951049805e-01
2.309862077236175537e-01
3.111294209957122803e-01
4.256874620914459229e-01
4.275617003440856934e-01
4.061080217361450195e-01
2.567538022994995117e-01
2.719171047210693359e-01
2.676058411598205566e-01
4.806287884712219238e-01
4.828389286994934082e-01
4.481418430805206299e-01
2.865793704986572266e-01
3.236367106437683105e-01
2.538273036479949951e-01
2.892096042633056641e-01
3.076039850711822510e-01
3.489939570426940918e-01
3.333144485950469971e-01
5.877110362052917480e-01
3.928220272064208984e-01
2.954151928424835205e-01
2.639767825603485107e-01
2.542377114295959473e-01
2.910377383232116699e-01
2.474621981382369995e-01
2.500622272491455078e-01
1.019503116607666016e+00
3.858949244022369385e-01
3.079349398612976074e-01
2.795899510383605957e-01
3.233020305633544922e-01
2.895344197750091553e-01
2.972841262817382812e-01
2.771666646003723145e-01
3.341339826583862305e-01
2.964991331100463867e-01
4.778786897659301758e-01
4.719769358634948730e-01
2.484763562679290771e-01
4.964559376239776611e-01
4.970680475234985352e-01
2.524934113025665283e-01
