2.553718686103820801e-01
3.500043153762817383e-01
2.515736222267150879e-01
2.996706366539001465e-01
1.744472831487655640e-01
3.537963330745697021e-01
3.079273104667663574e-01
2.793999612331390381e-01
2.898893654346466064e-01
3.015633225440979004e-01
2.500498890876770020e-01
2.754254341125488281e-01
2.786560654640197754e-01
3.353070318698883057e-01
2.958434820175170898e-01
2.332484722137451172e-01
2.793775200843811035e-01
3.989628553390502930e-01
3.729551434516906738e-01
2.552016675472259521e-01
2.876388132572174072e-01
1.344681501388549805e+00
2.487252056598663330e-01
2.513280808925628662e-01
7.384541034698486328e-01
3.041294813156127930e-01
2.741943001747131348e-01
3.301092982292175293e-01
2.284728586673736572e-01
2.700999975204467773e-01
1.154373168945312500e+00
1.182472705841064453e+00
3.009737133979797363e-01
2.818798422813415527e-01
2.479235231876373291e-01
2.681487202644348145e-01
2.978248596191406250e-01
2.590604722499847412e-01
3.620777428150177002e-01
2.566774487495422363e-01
4.035112857818603516e-01
5.467538833618164062e-01
3.578871488571166992e-01
2.273937016725540161e-01
3.633279800415039062e-01
9.754466414451599121e-01
9.890336990356445312e-01
3.361089229583740234e-01
3.338987231254577637e-01
2.902700304985046387e-01
2.650068700313568115e-01
2.731067836284637451e-01
3.072889745235443115e-01
2.834785580635070801e-01
3.561698198318481445e-01
2.434158176183700562e-01
3.376207351684570312e-01
3.023003041744232178e-01
2.487235665321350098e-01
3.006465435028076172e-01
3.693214058876037598e-01
2.922091186046600342e-01
3.595271110534667969e-01
2.547034025192260742e-01
3.665804862976074219e-01
2.534209191799163818e-01
3.550720214843750000e-01
2.946721315383911133e-01
2.661778926849365234e-01
2.948302626609802246e-01
2.874942719936370850e-01
3.600457310676574707e-01
9.298045635223388672e-01
2.834128141403198242e-01
3.603907823562622070e-01
2.346875369548797607e-01
2.724441885948181152e-01
2.418158054351806641e-01
3.045006394386291504e-01
4.417526423931121826e-01
2.815303802490234375e-01
2.819139957427978516e-01
3.607479333877563477e-01
2.570455074310302734e-01
2.673209905624389648e-01
4.090496599674224854e-01
2.512195706367492676e-01
4.868522882461547852e-01
2.572320699691772461e-01
2.879084348678588867e-01
2.483444064855575562e-01
2.477960586547851562e-01
6.051678061485290527e-01
2.465120255947113037e-01
3.018573820590972900e-01
2.662702202796936035e-01
2.817165255546569824e-01
3.551317155361175537e-01
2.456021755933761597e-01
3.888944089412689209e-01
2.559536695480346680e-01
2.597408890724182129e-01
4.437211751937866211e-01
2.597408890724182129e-01
4.437211751937866211e-01
2.974464297294616699e-01
2.952166795730590820e-01
3.302687108516693115e-01
2.969403862953186035e-01
2.867510914802551270e-01
3.581128418445587158e-01
2.799094915390014648e-01
1.759788990020751953e-01
4.023524522781372070e-01
3.451859056949615479e-01
4.441948533058166504e-01
2.925244867801666260e-01
2.681611776351928711e-01
2.809648215770721436e-01
4.874925017356872559e-01
5.396629571914672852e-01
2.827064692974090576e-01
3.596468567848205566e-01
2.554407119750976562e-01
2.951371073722839355e-01
4.498897194862365723e-01
5.905051231384277344e-01
3.574021458625793457e-01
4.937763810157775879e-01
2.528027892112731934e-01
4.371412396430969238e-01
4.362488389015197754e-01
4.397945702075958252e-01
4.530255496501922607e-01
3.800771832466125488e-01
4.439951777458190918e-01
2.849092781543731689e-01
2.816297411918640137e-01
2.926024794578552246e-01
3.576710820198059082e-01
2.814014554023742676e-01
3.357594609260559082e-01
1.006294488906860352e+00
2.246233522891998291e-01
1.072443008422851562e+00
3.208721876144409180e-01
3.532174825668334961e-01
3.122276663780212402e-01
2.884916365146636963e-01
2.731440365314483643e-01
2.580804526805877686e-01
1.091018915176391602e+00
3.328601717948913574e-01
1.026235342025756836e+00
3.855964839458465576e-01
1.752030849456787109e-01
1.166335105895996094e+00
3.031041622161865234e-01
3.097376227378845215e-01
3.137325048446655273e-01
3.512468934059143066e-01
2.944501638412475586e-01
3.409347534179687500e-01
2.951999902725219727e-01
3.487367331981658936e-01
2.936598956584930420e-01
4.220398068428039551e-01
4.705538451671600342e-01
4.485123753547668457e-01
2.671540975570678711e-01
2.479164302349090576e-01
2.794456481933593750e-01
4.708360731601715088e-01
4.953674077987670898e-01
5.085239410400390625e-01
1.119151234626770020e+00
1.189709782600402832e+00
2.455917596817016602e-01
2.965993285179138184e-01
3.491752445697784424e-01
3.665099143981933594e-01
2.912160754203796387e-01
1.431138753890991211e+00
1.350073575973510742e+00
3.178432583808898926e-01
3.511743545532226562e-01
2.555911540985107422e-01
2.865351438522338867e-01
2.462155818939208984e-01
2.500408887863159180e-01
1.384959578514099121e+00
3.816411793231964111e-01
3.151779472827911377e-01
2.978693246841430664e-01
3.122585117816925049e-01
3.046978116035461426e-01
2.733141183853149414e-01
3.003000020980834961e-01
3.165755867958068848e-01
2.787929773330688477e-01
4.582825899124145508e-01
4.839113354682922363e-01
2.478436827659606934e-01
4.969776272773742676e-01
4.967652559280395508e-01
2.511088848114013672e-01
