2.399830052874046271e-01
3.785719175615097631e-01
2.581507968295390643e-01
2.210355776676168338e-01
1.727248912802037129e-01
3.663795478613681711e-01
2.696155055802609835e-01
2.942119104302978738e-01
3.439975683749244006e-01
3.022844321809070589e-01
2.638288387204717478e-01
2.383683237002607869e-01
2.544029291723340358e-01
4.497211710021908337e-01
2.908286264329825177e-01
2.374035803645825893e-01
2.947205928779556006e-01
3.739138495467207446e-01
3.000629324866190273e-01
2.521873380174310952e-01
2.833701099212254659e-01
9.264857420262241350e-01
2.520733697473149793e-01
2.460861351239442552e-01
5.481705240183937233e-01
3.015011489475749595e-01
2.411144211185298203e-01
3.167331550985496014e-01
2.392286242355549930e-01
2.349918470648738045e-01
8.860699894656085540e-01
9.072315362562962671e-01
2.527853652575467458e-01
2.948025305088411985e-01
3.007558584529199663e-01
3.688064117727133939e-01
2.433874337678022526e-01
2.560183309542063967e-01
3.834627380795190832e-01
2.670693702350452892e-01
3.428837152452624548e-01
5.018131648636745545e-01
2.165710329952938162e-01
2.300484135334973645e-01
3.018666692165847265e-01
3.819284246516028158e-01
5.250300383580743802e-01
3.201402044043861195e-01
4.696256952456913658e-01
2.524848526769534196e-01
3.055846790088556086e-01
3.162588420978304504e-01
2.512172374681300169e-01
2.974963388287728550e-01
2.228281690058852849e-01
2.898003401322115091e-01
2.615974959433290392e-01
2.561130810979206918e-01
2.801994351661021287e-01
2.897105729702394994e-01
2.634412969776738778e-01
2.965099468271332195e-01
2.099723989175682759e-01
2.735873223294376100e-01
2.613906697930107326e-01
4.337216004962197724e-01
3.554931903983373220e-01
2.718570659998532646e-01
3.172961960486102018e-01
3.030168161893566081e-01
2.956924676877744074e-01
2.106351842860785528e-01
7.332843564773915412e-01
2.310790827442716355e-01
3.416560714997422532e-01
2.852295375253369736e-01
2.212233153740707503e-01
2.411031835185411254e-01
2.394804936874986578e-01
4.297074012670167309e-01
4.425736010893320804e-01
2.953286233677526185e-01
3.343267541875632465e-01
3.615233990609057479e-01
3.775072576707569905e-01
2.565717166676340644e-01
2.691823867376802459e-01
4.128500600498919981e-01
2.589315456461508402e-01
2.881092531780403143e-01
2.426127156693326792e-01
2.499584715869586915e-01
7.256750160950905526e-01
2.518504328466222852e-01
2.504390199713416587e-01
2.856173411595666622e-01
2.916890643088379531e-01
2.231362052040925803e-01
2.861161805836602290e-01
2.508172618986070357e-01
3.071090260035699293e-01
3.579183251784185393e-01
2.913873166986595264e-01
3.579183251784185393e-01
2.913873166986595264e-01
2.378454966411045479e-01
2.459394519233314147e-01
2.917647950548484803e-01
3.225317557356161546e-01
2.977843286046432114e-01
2.204858162515363762e-01
3.156369229837830415e-01
1.730829360164705399e-01
3.834081882248250306e-01
2.819812345353851502e-01
3.062185921800792965e-01
2.417021733202137368e-01
3.751539798631877698e-01
3.662175332705590591e-01
5.811206846701049145e-01
4.606464160231383276e-01
2.994769978206767713e-01
2.287227811071454731e-01
3.794540273524935614e-01
2.542923404688491873e-01
4.901691619715665693e-01
4.608126715710332277e-01
2.398726942906725945e-01
4.644902993202804642e-01
3.133239368667911640e-01
4.310712860812576097e-01
3.301854128219825490e-01
3.186004637163750153e-01
4.658323549527226271e-01
4.242503848695336477e-01
4.747243692714663288e-01
2.612760787575483801e-01
2.464142671721540334e-01
2.912299249709142668e-01
3.272400943589499622e-01
2.977283171645427329e-01
2.140532574331202864e-01
3.861025849380508301e-01
2.880995951643095521e-01
3.373825995395451915e-01
2.997655279129328720e-01
3.106007873992673862e-01
2.869952305289329431e-01
2.644677744955113430e-01
2.531552251079378091e-01
2.658913430916515774e-01
5.697648080539805537e-01
2.308868506285785827e-01
5.121136372045602680e-01
3.029593047497268765e-01
1.755692639093075769e-01
3.928282508078461688e-01
2.459056464809692977e-01
2.966642160714044740e-01
2.719951295050423434e-01
2.528059012794984239e-01
4.003339877156644189e-01
3.891055456867351658e-01
3.895468896276249038e-01
2.182263007612613992e-01
2.626742725703806736e-01
4.521180725443497139e-01
4.279397785093178030e-01
4.207007190714702194e-01
2.430984532996380565e-01
2.615437677297688945e-01
2.453721543167789176e-01
4.750425403300035376e-01
4.615042191680958084e-01
4.243124764142631733e-01
2.779792537971269573e-01
4.834206075537721414e-01
2.490378170232525890e-01
2.931568118623860686e-01
3.428176196348604043e-01
3.702788824019038749e-01
3.178445042031095569e-01
4.042211641643783104e-01
6.001381991876587607e-01
2.535431981576308780e-01
2.656457842371741096e-01
2.558638538154452968e-01
2.818096497825708369e-01
2.486269944112795560e-01
2.430585744117458591e-01
9.458197669472467872e-01
3.395665978280994479e-01
3.295752878953954745e-01
2.850286081663618853e-01
2.488778272983156459e-01
3.340430458553586002e-01
2.584993382822176611e-01
2.910709887891512748e-01
2.551827223691823798e-01
2.756777008319703515e-01
2.997208632280277674e-01
2.800277385246902062e-01
2.518223140662254611e-01
4.974590092151120468e-01
4.969194492239956129e-01
2.499098415811646656e-01
