2.469823018594064779e-01
3.044413972913083133e-01
2.463354520974965212e-01
2.449560014962847976e-01
1.757097264690173632e-01
3.496047431148337492e-01
2.778257530124642050e-01
2.892257087357309464e-01
2.841326936719922314e-01
3.033801085130245490e-01
2.558865384445565549e-01
2.491581414881104684e-01
2.523452406151410754e-01
3.717043273822129290e-01
2.934706311576188442e-01
2.273662206209656478e-01
2.892524781029229830e-01
3.414466434649381932e-01
2.920273093354157079e-01
2.533256056473764395e-01
2.905361541921638313e-01
8.285140845340267512e-01
2.456567051106923472e-01
2.495006738197514673e-01
4.888208763679703917e-01
2.523885903146363963e-01
2.985709156762047511e-01
3.541915977480127320e-01
2.313908221970151224e-01
3.244771507087382267e-01
8.781264345720602993e-01
7.715203585538554787e-01
2.665385079249425471e-01
2.711888949489415501e-01
2.466210173791855975e-01
2.687337434724836327e-01
2.873866041160915707e-01
3.172524722526082752e-01
2.668599923199327373e-01
2.775137497486410698e-01
3.402274143118781957e-01
4.887653608385735260e-01
2.173793448442715714e-01
2.107590500669176137e-01
2.705511157410885881e-01
5.631891337813698106e-01
4.210432425813456225e-01
3.207436108617670589e-01
4.664750755724761389e-01
2.456120928729442487e-01
2.909841342495029792e-01
3.182993718631563218e-01
2.533735880113332506e-01
2.960035972617957589e-01
2.272359904241971484e-01
3.122514444179453341e-01
2.756018530270956113e-01
2.484323798483516754e-01
2.813467513212665749e-01
2.982684135806026315e-01
2.645617398375149087e-01
2.955104233071638720e-01
2.120527783023086754e-01
2.836639885032746777e-01
2.622776816892443685e-01
3.173875663907848588e-01
3.777162847504421661e-01
3.033158699410825609e-01
2.787597174783353338e-01
3.217704759474245280e-01
2.969336762755686032e-01
2.174219273698947130e-01
7.414308512772506132e-01
2.306093712726092482e-01
3.331559525009156197e-01
2.800509524730093180e-01
2.204303134596888869e-01
2.339371689607362415e-01
2.426090581999539308e-01
4.417450642087136781e-01
4.302097326145166711e-01
2.985958480545159999e-01
3.360679764199079322e-01
3.672556464145134703e-01
2.766729642552563928e-01
3.417988043221268923e-01
2.807205929703934788e-01
2.415018468023666376e-01
2.541698591517906336e-01
2.858764008204286444e-01
2.487675363845809062e-01
2.503582110978201936e-01
3.623037393492676284e-01
2.758104064584913084e-01
2.459709349549761837e-01
3.061129584417228711e-01
2.917246482606624114e-01
2.254621041266265113e-01
2.534371116786980349e-01
3.318014007929581122e-01
3.341899217054894455e-01
2.895227277486615014e-01
2.585211595138902085e-01
2.895227277486615014e-01
2.585211595138902085e-01
2.274124484344082486e-01
2.372698160729134198e-01
2.827748708085384144e-01
2.856516584964566285e-01
2.966261009408766580e-01
2.234676883354005106e-01
3.428523476136078885e-01
1.741463539860103327e-01
3.708209743391070456e-01
2.540974100500317245e-01
3.219448797738647672e-01
2.482503119200217823e-01
3.446564182364119655e-01
3.702614672662160600e-01
5.312424482488881106e-01
5.766209594538749261e-01
2.924659309275767782e-01
2.308774132617139596e-01
3.635973724406279528e-01
2.646460508798102462e-01
5.022258905626704184e-01
4.944251546568738109e-01
2.621168488015334086e-01
4.948297454112556837e-01
2.881213578708074485e-01
3.656152473238007405e-01
4.010322606052924010e-01
3.979976219010540883e-01
4.679529693934124102e-01
3.958871279265100407e-01
3.896730951566189094e-01
2.782629576429341278e-01
2.509759595773835561e-01
2.555780764064571331e-01
2.966039640635131369e-01
2.990641223036144547e-01
2.067797429309126689e-01
5.000518182706826797e-01
2.508849463914464839e-01
3.637534339072523437e-01
3.210457304725246042e-01
3.259602401842047747e-01
3.110534689087016691e-01
2.623138469411372409e-01
2.481493762809977299e-01
2.579836198713299500e-01
3.813821882746743497e-01
3.368804344770227610e-01
5.526897856465344816e-01
2.905394894522203564e-01
1.733872523312874614e-01
4.514390495679506121e-01
2.435366451556669753e-01
3.493649516895512841e-01
2.604978160958102973e-01
2.683920406742744680e-01
3.822610380796599427e-01
3.867203786005747324e-01
3.952729440652880677e-01
2.392184974451670998e-01
2.454757409957013248e-01
4.811790497369695663e-01
4.091982964243359167e-01
4.568381878999782653e-01
2.621945894693682999e-01
2.471260279501207024e-01
2.493673555755364923e-01
4.408766267678851380e-01
4.112978570879100015e-01
4.509296011087048361e-01
2.503799821322695296e-01
4.904994671953240570e-01
2.457988458192523207e-01
2.960586925237854716e-01
3.354455101638562087e-01
3.066512982970516221e-01
3.665666043213626213e-01
6.507123080413521610e-01
4.550226822493920187e-01
2.824473802417052370e-01
2.801266666436851849e-01
2.565509421848008453e-01
2.868579402224384900e-01
2.461064719731951289e-01
2.497299996279571110e-01
6.384682177861328300e-01
3.010609627508322172e-01
2.939556132285668366e-01
2.878366234287092484e-01
2.796421804835030334e-01
2.636565251794126263e-01
2.941736655906058706e-01
2.608672510769183828e-01
2.898427745184170012e-01
3.023426613883543057e-01
2.554699490581739951e-01
3.224243240551828982e-01
2.456708593904544657e-01
4.961722343456961837e-01
4.968334033904124314e-01
2.461449761051429652e-01
