3.049831104941838067e-01
2.972646557302282555e-01
2.417440056759432854e-01
3.751647232730261905e-01
1.731030990869497632e-01
2.503408879255138997e-01
3.505446596098264478e-01
2.901263256051870854e-01
2.391459758247664602e-01
3.063733876768181541e-01
2.443309512522854332e-01
3.001131281148153307e-01
2.513919720176218675e-01
2.323850422360033696e-01
2.953226848231577106e-01
2.378541136800828848e-01
3.448702213696146490e-01
3.157759683787033089e-01
2.602059744113069950e-01
2.573544298512847051e-01
2.868977080613913655e-01
3.563618518956706560e-01
2.490537522777395152e-01
2.427526776524588370e-01
7.423818807181135071e-01
2.705790810435796390e-01
2.796600582310235783e-01
3.115727595499410696e-01
3.554187827783636955e-01
3.577655133804765741e-01
1.260668319757803246e+00
1.000175552630854892e+00
3.124253963739834772e-01
2.653551955732948997e-01
2.451712547581760271e-01
2.467431153309273817e-01
2.818803308345976810e-01
2.700170545574819836e-01
2.642949256154540350e-01
2.477541220023447288e-01
4.004563309997632436e-01
5.677183630103640466e-01
3.520370470345625113e-01
2.280790869195530590e-01
3.605720806153115410e-01
8.260480258829558942e-01
9.842641841568602334e-01
3.201641760629868050e-01
3.100559835950764120e-01
3.019537176977652448e-01
2.423694093012134232e-01
2.875057693125739333e-01
3.299394964816497189e-01
2.870500722377073988e-01
3.258692119016738387e-01
2.492067356966498615e-01
3.584617228061380834e-01
2.659361501359723268e-01
2.585766918483889398e-01
2.534651157020413881e-01
2.679879503362578297e-01
2.974553438322429244e-01
3.565995687287707994e-01
2.712214484744097653e-01
2.924789798241468897e-01
4.192788010297205381e-01
3.237354377392837601e-01
2.999547386282185313e-01
3.210249408545751693e-01
3.813555332541191945e-01
2.947377095690076332e-01
3.611147312472873794e-01
9.169384057857209447e-01
2.823634933130734770e-01
3.553630049752481979e-01
2.304347137012141555e-01
2.789739014494546088e-01
2.992022783352853987e-01
2.727081052790878424e-01
4.238982667071620747e-01
2.662153475014090165e-01
2.840867705222754891e-01
3.420595286812532221e-01
2.131115740248111790e-01
2.477960655709160465e-01
4.354437819392948383e-01
3.408123024262966760e-01
5.081126385637600995e-01
2.567074988290453108e-01
2.861981031449444268e-01
2.435648924051807829e-01
2.453865456401403411e-01
7.138093898895703227e-01
2.892549389595917009e-01
2.559652681428098986e-01
2.887475798120066606e-01
2.984319335769660686e-01
3.491866477647936340e-01
2.396538930886409069e-01
2.926903318028156731e-01
3.242577356257732024e-01
3.026705683730903096e-01
2.854648305307279088e-01
3.026705683730903096e-01
2.854648305307279088e-01
2.839498491484825915e-01
2.448864579805962727e-01
2.472558335471871094e-01
3.090371313111318075e-01
2.911655465796487707e-01
3.567146715519065037e-01
3.601575163343739283e-01
1.758361737974273586e-01
3.688717201332155082e-01
2.514154688254971459e-01
3.552025046117430196e-01
3.037469036846074943e-01
2.612977130091608813e-01
3.080737560496743521e-01
6.719403107311681111e-01
6.626005163896701022e-01
2.942912413787655002e-01
2.272150190232454237e-01
2.507947361170433931e-01
4.219654589936807088e-01
4.391981581896640674e-01
6.585112583941487019e-01
3.763934640240048091e-01
4.580511722401046093e-01
2.482037756125949068e-01
4.512107277199919331e-01
4.733851905804138949e-01
4.463863532393186340e-01
3.167770683359056316e-01
3.570289003722442178e-01
3.031188361837539036e-01
3.005892295007581705e-01
2.484931661942699210e-01
2.740602454793593656e-01
3.527602861497123321e-01
2.914087202412346533e-01
2.159514303076901787e-01
7.899710847244831857e-01
2.439117860991068809e-01
7.815887644030468095e-01
3.615993384784157438e-01
3.731464878246009143e-01
2.786983164489097997e-01
2.992105814897494942e-01
2.634934791253853437e-01
2.462301046511453095e-01
8.599544834637772306e-01
2.460622472018581808e-01
9.750658016715623155e-01
3.047129779513416681e-01
1.746729095608425542e-01
5.866520972312876392e-01
2.576118870988025056e-01
3.684282076623267566e-01
2.570876895431074005e-01
3.159895816115192435e-01
2.991617374615866964e-01
3.503525827968827500e-01
3.069486030114108033e-01
2.273091813895983249e-01
2.683199191862531974e-01
3.415554638968220091e-01
3.121107039928812110e-01
4.155720359829053745e-01
2.441727075667575464e-01
2.605084924604625374e-01
2.536766016627858833e-01
3.418212263982731702e-01
3.550978453682997471e-01
2.953011339126082602e-01
3.224263657883977285e-01
5.042262031408092371e-01
2.369004533829680570e-01
2.732206843092111481e-01
2.165391452898177416e-01
3.830184285634701813e-01
2.679392177501403460e-01
1.002598819821159282e+00
7.140519743899137461e-01
2.749949685963986590e-01
3.540586082688067515e-01
2.573868954829811595e-01
2.915667718496545713e-01
2.481915444496204104e-01
2.448786332674278143e-01
3.824821885085362139e-01
4.169059757320425219e-01
2.881551994969333563e-01
2.823574662263111934e-01
3.704754680354742091e-01
2.459572062341068288e-01
2.429817774208267722e-01
2.507581122047526367e-01
3.691743672815461230e-01
2.610426563621595086e-01
4.954760522772564957e-01
4.562547228515200226e-01
2.409414793537961175e-01
4.958115623097114621e-01
4.994975956019699348e-01
2.506027842878064127e-01
