2.680826276480006154e-01
2.903855131621713714e-01
2.352106221764292404e-01
3.044539940433442227e-01
1.740334784486999020e-01
2.687963446465164719e-01
2.654334772036885948e-01
2.735899954349588215e-01
2.819360125849618148e-01
3.046653981952421875e-01
2.497168483989475884e-01
2.511107721087904587e-01
2.740340393750512749e-01
2.459368619824108537e-01
2.961336628824887129e-01
2.259335748340852990e-01
3.564540217228627239e-01
2.972246459582038036e-01
2.654836665010162911e-01
2.545017000823209252e-01
2.865496052826899120e-01
1.097937390372315525e+00
2.485507332401580005e-01
2.457940123272237543e-01
7.487869585547086704e-01
2.810804583430237535e-01
2.673859981983067180e-01
3.025431180294106959e-01
3.580719739782560196e-01
3.208427806480202982e-01
4.015766289615674278e-01
5.014465170650543868e-01
2.895758690646529354e-01
2.671375695531313377e-01
2.477836818600638868e-01
2.614028701466545868e-01
2.741547564779752144e-01
2.551550426962075346e-01
2.815451308483052362e-01
2.465315657089669210e-01
3.991676488753405638e-01
5.649352886290280873e-01
3.561201411370439884e-01
2.200277344746849051e-01
3.611894086206260401e-01
9.274435795455955311e-01
9.887580471667110071e-01
3.334540990390444382e-01
3.229832773777330246e-01
2.861837757005762928e-01
2.506234694971603560e-01
2.609662499958691484e-01
2.922285455874122917e-01
2.867786057889939455e-01
3.525058420191245490e-01
2.480324696387095906e-01
3.196019185684977892e-01
2.469433119500146212e-01
3.023323410301260172e-01
2.915832776414335470e-01
2.504773509824017586e-01
2.858522083823614723e-01
3.559682675964181975e-01
2.433757164574410770e-01
2.570284700142909662e-01
4.450125262595244768e-01
4.051666192597223604e-01
3.029194084925413977e-01
2.771827873366439765e-01
3.089022836791154303e-01
2.865102281057603784e-01
3.603897434007026224e-01
9.255043210782619711e-01
2.788641098347346414e-01
3.620317009976007916e-01
2.290613302503388682e-01
2.815179893175056569e-01
2.435574890405865223e-01
3.028244386210476868e-01
2.997409688440813014e-01
4.673444743239080768e-01
2.845873935296291402e-01
3.586549077175963385e-01
2.504738402469485758e-01
3.812844344201010705e-01
2.608858077933091102e-01
2.512480031893563059e-01
4.885721752140456675e-01
2.545224278798954853e-01
2.859591575513992234e-01
2.462189376075608338e-01
2.494240331454659620e-01
2.946955173001971628e-01
2.522339957350479556e-01
2.971932000550716046e-01
2.682948808203585722e-01
2.799082950477093656e-01
3.530695026431498462e-01
2.317133249161090203e-01
3.611632670651981347e-01
2.627581603472377569e-01
2.702566048157807321e-01
3.584812625546987541e-01
2.702566048157807321e-01
3.584812625546987541e-01
2.865430166305433790e-01
2.618388197368235470e-01
2.649352266018111246e-01
2.808622244630324394e-01
2.906345445951848405e-01
3.589071197375617861e-01
2.900337850627413561e-01
1.751281179734175963e-01
3.829995314226657954e-01
2.787012419299213506e-01
2.969745387358220801e-01
3.043066188534983008e-01
2.964318076786080502e-01
3.574851959242145716e-01
5.596637463683700187e-01
5.093289601673900435e-01
2.974474209509414546e-01
3.616462369834546053e-01
2.621003257691694177e-01
2.288708920253832990e-01
4.417451896879400763e-01
5.442925922803544259e-01
2.686928584221445204e-01
4.260080530618656214e-01
3.254876563438578452e-01
4.639829844881466214e-01
4.637569353355481261e-01
4.692632294369404322e-01
3.652992393501480750e-01
3.555546014096390706e-01
3.812026862776042857e-01
2.988817742443417580e-01
2.475301953162555302e-01
2.539021940119683407e-01
3.648578785791676826e-01
2.823462339118814057e-01
3.343192825763429687e-01
1.019190857939798578e+00
2.436851472645207017e-01
9.479411831766495489e-01
3.571554636269154703e-01
3.489038569428494774e-01
2.653071659613377986e-01
2.822661880399339185e-01
2.733000723120012077e-01
2.396858477453490677e-01
8.633910032537867041e-01
2.508241500493574860e-01
9.252556879285522839e-01
3.281365925157749830e-01
1.742246559385374760e-01
1.020768027028160496e+00
2.435288571501778854e-01
3.855421386785506388e-01
3.886509505976368239e-01
3.911793444212104398e-01
2.544952663032188367e-01
3.007700808634207745e-01
2.703097390328810246e-01
3.500411736912062421e-01
4.159268120135484748e-01
2.952582655804650291e-01
2.991285158939592792e-01
3.157021493989086158e-01
2.466129857774021772e-01
2.511349322717668087e-01
2.609268400813406497e-01
4.994509805381538436e-01
4.807383043243688148e-01
4.576734669622857798e-01
7.703205929256717877e-01
7.552569381777037849e-01
2.432684438237610325e-01
2.973428589769563923e-01
3.547744189699046369e-01
2.535996994077622801e-01
2.476112771583056926e-01
9.634806848430877979e-01
5.963905824323402216e-01
3.443018434650664816e-01
3.538356227783324148e-01
2.524098060411072431e-01
2.884957459843565664e-01
2.477226856777224873e-01
2.475096808576265905e-01
1.320278012614165997e+00
2.663121667084791255e-01
3.246403346758991448e-01
2.928229155460662092e-01
2.899396209831509585e-01
2.552392048787266998e-01
2.501050655826224101e-01
2.713516232127467509e-01
3.007252586148680962e-01
3.083495484600390912e-01
3.743043202661742730e-01
3.009527497072804758e-01
2.491888709573363003e-01
4.974316292455377986e-01
4.970797221774109764e-01
2.483901003855608913e-01
