2.459802000067002614e-01
2.725468051458289076e-01
2.506346410756652987e-01
4.050186664324642027e-01
1.726205573533635684e-01
4.013843754448683243e-01
2.336708206846677405e-01
2.397540863278447010e-01
3.310534834904849122e-01
3.016044299884806379e-01
2.407871346511089305e-01
2.218533702253746576e-01
2.986033387456163979e-01
5.039768585864782269e-01
2.819067027186089591e-01
2.124295651313720945e-01
2.814822682859230984e-01
3.796061856525494993e-01
2.447554340365972192e-01
2.563191838347264606e-01
2.944326043642376267e-01
1.299009175597492627e+00
2.538811322999274811e-01
2.465588577056788966e-01
7.152922804588144334e-01
2.315749381432551934e-01
3.893035468423705070e-01
3.650908932661378059e-01
2.245528961575820048e-01
3.956124483981947049e-01
1.504915804562236392e+00
1.539543792012670442e+00
3.228388318943551383e-01
2.632156702890461886e-01
2.435259959296459664e-01
2.479361208803090577e-01
3.013363479316180649e-01
3.888845414307052217e-01
2.619289299074232802e-01
2.479534265662561299e-01
3.390658046027306138e-01
4.998920849959719859e-01
2.376909206537212993e-01
2.194152378156262739e-01
2.580638904573987480e-01
1.135263862802958990e+00
1.137479829809230125e+00
4.449639790763699754e-01
3.391773138160750767e-01
2.401127046239542873e-01
2.995768405811247148e-01
3.066263741684830957e-01
2.579420320426607516e-01
2.803912863695885438e-01
3.465915041903973037e-01
2.449618852357604848e-01
2.585201692751158964e-01
3.040817219800500126e-01
2.603747953687120531e-01
2.514179006802746419e-01
2.809558514442150323e-01
2.782848965039305678e-01
3.522343135328947494e-01
2.431313609649352614e-01
3.632529174240652359e-01
3.756774557434781614e-01
2.604853810033687100e-01
3.001159634946020116e-01
3.268217655907936225e-01
3.841561624109912643e-01
2.948457127098246255e-01
3.558921240214487636e-01
6.067344295864004478e-01
2.675345773917086611e-01
3.687725413623429427e-01
2.193554657655563400e-01
2.876456189998265467e-01
2.489212049368031976e-01
3.076170499736667896e-01
2.931382353082321868e-01
4.668237330442656097e-01
2.737077177690044882e-01
3.522094085987611534e-01
2.447218061582195903e-01
3.787509835760169419e-01
2.641657632911779685e-01
2.630615397251133136e-01
4.674696301477313520e-01
2.600810208797594281e-01
2.976868271958880152e-01
2.519012241224036774e-01
2.484920774664871879e-01
2.875347734062115301e-01
2.635297052307989385e-01
3.142124915608675018e-01
2.265651587476178730e-01
2.763791001112506085e-01
3.527472757394852776e-01
2.382068835409592023e-01
3.698911845057851200e-01
2.889324589057214454e-01
2.688976456796494663e-01
4.215274234465344882e-01
2.688976456796494663e-01
4.215274234465344882e-01
3.131593315601289840e-01
3.033403260957791003e-01
3.807988090942938664e-01
3.117777830465831568e-01
2.863265390229230989e-01
3.609214833832969926e-01
2.641969433444892879e-01
1.727654894331127622e-01
3.615634869576281885e-01
2.635738066369880950e-01
4.600140247128061688e-01
2.985889429451043520e-01
2.985353369084061126e-01
3.733088092428111238e-01
4.138309490838815718e-01
5.752861073164996508e-01
2.865751636207118369e-01
3.576187761049606784e-01
2.489127212867485173e-01
2.300239754384987290e-01
4.419697695985775887e-01
6.247959632776947103e-01
2.201050262577406158e-01
4.249510065963835181e-01
3.641265091465545334e-01
4.577059990177365090e-01
4.653490672508282522e-01
4.540611934618828949e-01
4.357768142276088885e-01
4.448097456094478597e-01
3.421582795255878051e-01
3.011760750539315690e-01
2.416535978227199455e-01
3.339723782259822471e-01
3.771295553210838314e-01
2.871678279633707032e-01
3.353358148816695805e-01
8.619859538643909191e-01
2.600384032402046075e-01
7.214166003077255862e-01
3.671386021421534918e-01
4.346670572613126060e-01
3.799737279729084038e-01
2.913367793357900526e-01
2.482515574591731000e-01
2.418081336602328768e-01
1.012980594638734910e+00
2.422319096923693515e-01
9.493259977591487209e-01
3.846741825113000890e-01
1.716383035907197152e-01
5.243763355899324630e-01
3.067674393289038792e-01
3.831523023604772038e-01
3.458182825412038364e-01
2.715725887639333647e-01
2.735323082938593275e-01
2.605221305675912702e-01
3.666850051766167851e-01
3.558414477578312751e-01
2.672542661084527094e-01
4.750401327908790883e-01
3.494420010764687223e-01
4.445499152827030453e-01
3.047703974774136348e-01
2.823465885208542581e-01
2.303287265275157925e-01
5.196032658076101818e-01
4.690216393967129860e-01
4.807829223881562308e-01
9.459921254780693234e-01
6.347638938683946019e-01
2.445736113325850392e-01
3.076549194138947785e-01
3.535107995646563084e-01
2.517528391163590951e-01
2.582643374255032542e-01
1.133888060209523152e+00
8.692615380830237548e-01
3.552552220088324719e-01
3.768284664946630058e-01
2.590745452719975805e-01
2.915765496971126081e-01
2.612204455515238499e-01
2.443578493969855436e-01
1.211877514338224993e+00
3.325247805184269878e-01
3.871532357441492267e-01
2.965790174321589201e-01
3.748948067759260705e-01
2.402961099858635374e-01
2.190205892062241921e-01
2.526181210558767765e-01
3.719654080761987114e-01
3.549109588814910454e-01
5.196097659403213775e-01
2.587922211252811633e-01
2.435935485452229987e-01
4.884911285949730675e-01
4.971415079916259305e-01
2.524459775584836363e-01
