2.467740160130177107e-01
2.592074878726686737e-01
3.667001487737046594e-01
3.333461125322740859e-01
1.731294842311384696e-01
2.269329365670381682e-01
2.656595574790178715e-01
2.522500208972727198e-01
3.313246225638660225e-01
2.869771594309756813e-01
2.452146503513217279e-01
2.363660748909928444e-01
2.753504624807994183e-01
3.218388651303021875e-01
2.886234040629021003e-01
2.349176110227684244e-01
2.936596878432196633e-01
2.632434048605766241e-01
3.229229208929770278e-01
2.503226254419719243e-01
2.918967699662024518e-01
1.067963452490609200e+00
2.448113444247616288e-01
2.486270238852461845e-01
5.350946323938254867e-01
2.971825727757080871e-01
2.467092659241637564e-01
2.905446989520581447e-01
2.301211425303944513e-01
2.484930713855483531e-01
1.313760569839945047e+00
1.320754849588925417e+00
2.607305101408708414e-01
2.448999460348671997e-01
2.761999932860692009e-01
3.093855976880102165e-01
2.522664967135396785e-01
2.407373790989137119e-01
3.701976394421351291e-01
2.377218154900206104e-01
3.977150315090673405e-01
5.263291072255036340e-01
2.336967334687843623e-01
2.251358103221522966e-01
3.721373290112823806e-01
9.790021274709395094e-01
1.069706726822782006e+00
3.426348903067727991e-01
4.424485059726276370e-01
2.654883280406070134e-01
2.672165074914150118e-01
3.061031666986593347e-01
2.905708019275612397e-01
2.822892721277067141e-01
3.541088611136148367e-01
2.461891627686186579e-01
2.750025063641951539e-01
2.807222497589081933e-01
2.506463565656884551e-01
2.690191238582068101e-01
2.886498124067557458e-01
2.845730247456758066e-01
3.553050459503245828e-01
2.528895265645644819e-01
3.163732762972041312e-01
2.611167210753613244e-01
2.411695397469905966e-01
3.016260682109145885e-01
2.721840741971031097e-01
3.334718583185318774e-01
2.906822496530805378e-01
3.616106574888938163e-01
8.063365456624596028e-01
2.817346194103335644e-01
3.599599646347328430e-01
2.363975263176014419e-01
2.764333325267928632e-01
2.370513392264161356e-01
3.006604181767731365e-01
2.903191425655149427e-01
4.693148100842106651e-01
2.868994479875155434e-01
3.592347795218399087e-01
2.433033318391530642e-01
3.799192568385180158e-01
2.542426220270769255e-01
2.490973096605594850e-01
4.875541502218640466e-01
2.551500445392952399e-01
2.883090400471545744e-01
2.529608059161613243e-01
2.428454293084492399e-01
3.153452491091703891e-01
2.461688960029968232e-01
3.058949849718465841e-01
2.498136513101272826e-01
2.824731435119797740e-01
3.543402137920256822e-01
2.468652383755048918e-01
3.877815798051816309e-01
2.586403356886169402e-01
2.621318672195571686e-01
4.448958051505448319e-01
2.621318672195571686e-01
4.448958051505448319e-01
2.853798362518281673e-01
2.518597212186913792e-01
2.816501827267435809e-01
3.114053833689642836e-01
2.851941878822352172e-01
3.593803139564364924e-01
3.300049147143941930e-01
1.739580902891113556e-01
3.723530386679447801e-01
2.582120648913388550e-01
2.679532329262587220e-01
3.009736666258440718e-01
2.487179424124701388e-01
2.606991441673516818e-01
6.540756840867248956e-01
5.850023986938105436e-01
2.818565398157214519e-01
3.580977958551287421e-01
2.348471236637996173e-01
2.759414812962853181e-01
4.487383785614760812e-01
5.918136973533749678e-01
3.591641949343957751e-01
5.178601349206176652e-01
2.238495004186690229e-01
4.512975350269788910e-01
4.554659709938598811e-01
4.418620364186477967e-01
4.219829194571980135e-01
4.144236748904740475e-01
3.650278380815373258e-01
2.476181571484440957e-01
2.924864651309883046e-01
3.612553150229220744e-01
3.175389308227409280e-01
2.857752082359001911e-01
3.491822541652830902e-01
9.076879108552239339e-01
2.427828137072708392e-01
7.612269917917612316e-01
2.580455268622032228e-01
3.603363375368855981e-01
4.166178882425727314e-01
2.920307872570257479e-01
2.305142846612784346e-01
2.620107134307253505e-01
8.621961567233161761e-01
3.809179549864071257e-01
6.276981539357711082e-01
4.481441255438904925e-01
1.734422533459442362e-01
9.494199758360940544e-01
2.658388501089625766e-01
2.798511270218679847e-01
3.184659774301762947e-01
2.692682734651853371e-01
3.274048140963042308e-01
3.357219836821936920e-01
2.710900834704894624e-01
3.574098216593732946e-01
2.896414813670105670e-01
4.752472859567484775e-01
3.670261432793687773e-01
4.750868781512695982e-01
2.444935683161562068e-01
2.631244892411177538e-01
2.697556995485495546e-01
3.756866993400401200e-01
4.195218651944241373e-01
3.580489716862552130e-01
1.158406618086483375e+00
1.046922952539338869e+00
2.434234656726169677e-01
2.833729710677054814e-01
3.545932368713675675e-01
3.484229577811897571e-01
2.451074144672842625e-01
7.786167787606191881e-01
1.073735279154861777e+00
3.364858302429002967e-01
3.566450345056039195e-01
2.534083428309173991e-01
2.909906002198378583e-01
2.505990854160466408e-01
2.471519667642601004e-01
1.269697659246932675e+00
2.896109699470674759e-01
2.572896211129863664e-01
2.963359381219625721e-01
2.646564632778240500e-01
2.751977259672333531e-01
2.638151458183814468e-01
3.013690639351285228e-01
2.850701496189772532e-01
3.773442739528780621e-01
3.535040096870401549e-01
3.965257894235257319e-01
2.474177696389429915e-01
4.957858956735541334e-01
4.988554036599206487e-01
2.489252425438413518e-01
