2.447349792828753257e-01
2.788208617506984788e-01
2.318653328349171150e-01
2.935085697470675714e-01
1.775892938860995640e-01
4.018635764009992895e-01
3.046958460332885865e-01
2.777605706042856060e-01
2.504658382566797847e-01
3.038293260717635502e-01
2.434831384343968952e-01
2.808963666492370614e-01
2.573486398029707911e-01
2.431309349170133471e-01
2.932796556077440497e-01
2.333438521381945852e-01
3.551500766068530490e-01
3.053254508711323312e-01
2.456324442314531120e-01
2.569638607070072189e-01
2.882337019545120893e-01
7.313307596460892901e-01
2.520937471844093558e-01
2.399433690751359427e-01
7.515126981509384629e-01
3.046406077855550176e-01
2.358750992273796754e-01
2.846227644985642180e-01
3.552918090325051792e-01
3.303526556320071639e-01
6.251000046646532082e-01
5.962572208974269428e-01
3.153865378460161129e-01
2.424963738849464090e-01
2.467380850736778652e-01
2.767021181382542383e-01
2.771916749003546787e-01
2.452355269231485668e-01
3.204580389513135286e-01
2.494238670188858031e-01
3.990709853856871936e-01
5.704972872424606267e-01
3.571396028844648352e-01
2.211337154311542319e-01
3.644313255707143373e-01
6.041918878151576466e-01
6.551001133241330932e-01
3.315980616530348479e-01
3.256156717013908852e-01
2.674557987050141805e-01
2.589049290645417667e-01
2.758077229403669284e-01
2.747363456859022723e-01
2.978464881771877848e-01
3.561499243912644164e-01
2.632751242757374044e-01
3.008306612454385576e-01
2.364102311471605045e-01
3.060715630455091429e-01
3.182595111324455495e-01
2.708550573464341138e-01
2.821101374147837459e-01
3.549002506227235121e-01
2.433052706674415366e-01
2.437419672682613614e-01
4.503321445402129752e-01
4.499312058001703751e-01
3.013977961489823776e-01
2.481706280969504519e-01
2.865052070142905527e-01
2.945817702372486857e-01
2.159174984561766653e-01
7.265364969947456508e-01
2.710261117990120927e-01
3.604921724876344324e-01
2.301589041240069966e-01
2.792529474365032516e-01
2.375513807770054664e-01
3.049127509777738165e-01
4.704088023611276981e-01
2.223159983237730786e-01
2.862572144060783752e-01
3.574018331262362458e-01
2.614935552338488178e-01
2.567999325764098173e-01
4.308966474880214781e-01
2.418642478235140392e-01
4.901084832230039323e-01
2.512074730910959230e-01
2.923116298097505616e-01
2.498748477937450252e-01
2.407366202309979830e-01
5.678973140153273924e-01
3.047433717402716624e-01
2.501592414847871315e-01
3.292578662964565361e-01
2.830735381733439637e-01
3.566214320110530633e-01
2.510853305943632208e-01
2.806497269481740831e-01
3.651549283845476057e-01
3.649906228087282378e-01
2.878738664999959118e-01
3.649906228087282378e-01
2.878738664999959118e-01
2.911058626124285453e-01
2.727659418110878753e-01
2.802126061001060653e-01
2.655706572152657374e-01
2.850505089409631210e-01
3.607183377022231130e-01
2.808658684249477067e-01
1.745260041783397165e-01
4.018528801822340846e-01
3.289065087206996529e-01
3.909368300379431616e-01
3.065865077870737476e-01
2.657487357354238466e-01
3.236098545002947802e-01
5.566210321884431655e-01
4.083749754473926519e-01
2.903441071472535051e-01
3.560881419696689809e-01
2.426858994516546131e-01
2.617829499760070955e-01
4.303122222701165067e-01
5.601927775872976856e-01
2.554873749332837174e-01
4.590540968724497461e-01
2.564040226124258415e-01
4.405919729418301678e-01
4.648735777243557798e-01
4.664167639897064954e-01
3.454427370930875929e-01
4.626121795922898405e-01
4.503445403070570618e-01
2.491715588835062556e-01
3.064079128545438846e-01
3.802609504952091379e-01
3.105649084490411660e-01
2.813750067014488820e-01
3.504587993873957696e-01
5.982783602199260864e-01
2.333853181376823183e-01
5.461248421061305480e-01
2.615546165628416242e-01
3.509966135153695377e-01
4.185555876794090358e-01
2.938065529421698407e-01
2.270336636349606640e-01
2.683204680653603069e-01
7.915616030898156019e-01
4.594876771153757478e-01
7.449305705484239315e-01
4.534690917549266120e-01
1.726178508968232717e-01
5.464974290768244147e-01
2.617490574946886306e-01
3.149205636306755540e-01
2.775599277101115647e-01
2.976010452291863451e-01
2.940803727033503567e-01
3.722539775884411983e-01
2.916115757903453565e-01
3.330598524144122163e-01
3.704359623309941840e-01
5.141727481151853185e-01
5.247111153473373868e-01
4.269564672554198026e-01
2.712766727684382539e-01
2.411339337681505379e-01
2.599923781371149545e-01
4.021168891870263717e-01
4.039494876782734889e-01
3.719383243037940878e-01
7.352447159634917240e-01
6.583289779288514776e-01
2.447059353824536931e-01
2.995472364281412947e-01
3.475440664004207925e-01
3.817127062959170258e-01
2.484942032231795828e-01
6.191173371747469290e-01
7.611330117369531356e-01
3.297253746444423483e-01
3.672287320843143910e-01
2.543514908731738244e-01
2.888738827004654341e-01
2.515461310649210747e-01
2.483724855384843999e-01
5.813326915832434105e-01
2.969698132821051995e-01
2.818650341066183396e-01
2.958859474644741083e-01
2.976560798669414254e-01
2.612231845645053285e-01
2.761398532395955563e-01
2.723333455953227955e-01
2.788413281610335193e-01
2.618296717284906427e-01
4.865878854943121445e-01
4.705783912669570523e-01
2.481143003449252371e-01
4.997650292809560080e-01
4.978052531417604398e-01
2.489326646397044818e-01
