2.757288139354133749e-01
2.785825244021474800e-01
2.528906165473545631e-01
3.029713536085424375e-01
1.748614556379955165e-01
2.529236759033988702e-01
2.694304676155537814e-01
2.625528305469952972e-01
3.043437647448118955e-01
3.031562559695920034e-01
2.437972573446057500e-01
2.460771710999594131e-01
2.719276737261466237e-01
4.451718997633618002e-01
2.894721180552867201e-01
2.333419208462961247e-01
2.864299939249138061e-01
3.902227400544115987e-01
2.796002427247746835e-01
2.562193339751501209e-01
2.879849065049551182e-01
7.744022469768887529e-01
2.477956806697110825e-01
2.482612893360746920e-01
5.151396093183640001e-01
2.663100577727248175e-01
2.617520542632559843e-01
2.651519812903341822e-01
3.552448479958397187e-01
2.803375971813790168e-01
8.960196667476246768e-01
9.868385606934431120e-01
2.715002550197687103e-01
2.589744307774884402e-01
2.616330647014777355e-01
3.220856888122861639e-01
2.542916844534490739e-01
2.379591860637387812e-01
3.886088088740098923e-01
2.378089967805566141e-01
3.980789919730616244e-01
5.235519169182842880e-01
2.347992383218497625e-01
2.355682644094738154e-01
3.889334400335448527e-01
1.018661840151229292e+00
1.012891698491018344e+00
3.702678749880983777e-01
4.368276869300825593e-01
2.783370642872706746e-01
2.629876045057735756e-01
2.558274266019286425e-01
2.725788490328785452e-01
2.828716536985544927e-01
3.539447007520007404e-01
2.376149256032104029e-01
2.886524138503581693e-01
2.883329792399250135e-01
2.566333453541864706e-01
2.506067144555241821e-01
2.811843029366059565e-01
2.866958617238193896e-01
3.558563476088061894e-01
2.459977164455861287e-01
3.111030231672363700e-01
3.287493399284539541e-01
2.442523741817439753e-01
3.014404025034306822e-01
2.622020836412957689e-01
2.924005482261926581e-01
2.904139852046871972e-01
3.546269659399536867e-01
8.796457531784426243e-01
2.826872881495960943e-01
3.581383060488412262e-01
2.306206623192822991e-01
2.624050457532120517e-01
2.388791754600512185e-01
2.972488039210691713e-01
2.984698015379881886e-01
2.836155050229939301e-01
2.823171766148334094e-01
3.596801398353000612e-01
2.518300134489660502e-01
2.917998056731953560e-01
2.705555361419624272e-01
2.423315806781002613e-01
4.407946674216228766e-01
2.553096835749663618e-01
2.876551485176315759e-01
2.521492120759854516e-01
2.509401310555459674e-01
3.486439854527427218e-01
2.555580846390784200e-01
2.815867792034558170e-01
2.540124440355725488e-01
2.846986897166274844e-01
3.541410319970064169e-01
2.365811875582085888e-01
3.188106651742766973e-01
2.706597849381878751e-01
2.746087982113936121e-01
3.164211326515120604e-01
2.746087982113936121e-01
3.164211326515120604e-01
2.852261279175027364e-01
2.863700676363715725e-01
2.990907233617833838e-01
2.720990376923826948e-01
2.810897990028766169e-01
3.604119558901381914e-01
2.623608395781042990e-01
1.754768007773644667e-01
3.789781489673724191e-01
2.690736631394832767e-01
3.629534470702373006e-01
2.829445619203448947e-01
2.615968482237446269e-01
2.603333596554676665e-01
4.569134519673768158e-01
4.345938389521667444e-01
2.879846405976581036e-01
3.567765857553764075e-01
2.334183196507870206e-01
2.594862703846488872e-01
4.343428983739839877e-01
5.596058590079607820e-01
3.496545312540860762e-01
4.778073105201189885e-01
2.571099150901073327e-01
4.214575482298461573e-01
3.215123827376937804e-01
3.403687578211331277e-01
3.377586364651605222e-01
3.513251963387871157e-01
3.276365526514034010e-01
2.542982411162914569e-01
2.876565624466321802e-01
3.069193684142921263e-01
2.978456043960803212e-01
2.781803397898210961e-01
3.525843170392897186e-01
6.306808115302571238e-01
2.290894380588853474e-01
6.049271524007551193e-01
2.637181158954151061e-01
3.109066401756602760e-01
3.400921705749186952e-01
2.909076616939619275e-01
2.373917273562888564e-01
2.573227688722035111e-01
4.645614779987897180e-01
4.047549653823875881e-01
4.994100323188862545e-01
3.409776655545454505e-01
1.728311354987600301e-01
9.647225662510579003e-01
2.620947485241169050e-01
2.969138442846923631e-01
3.069387935491467156e-01
2.890340501819450014e-01
2.912244134609452972e-01
3.012355516352373530e-01
2.976081676979401847e-01
3.445882981196751182e-01
3.134619920704131424e-01
4.397403731504534452e-01
4.267957160412713113e-01
3.735056570648297991e-01
2.492394546340115646e-01
2.570323851490102784e-01
2.624555044020733807e-01
3.955344707736513366e-01
4.104917021262019516e-01
3.888301501266658300e-01
9.957326033946799493e-01
1.071291415127734403e+00
2.486790394553428651e-01
2.932075076797226454e-01
3.539233996872496735e-01
2.744408989319132020e-01
2.449500562286536787e-01
9.684360897057000539e-01
1.018788659603387714e+00
3.272173680717454514e-01
3.395639431775426820e-01
2.550664878050322715e-01
2.886202935900362143e-01
2.438923246183015980e-01
2.486386378094740945e-01
9.904407833126643856e-01
2.669260193330458275e-01
3.276478403757951408e-01
2.965289927308133455e-01
2.821392514672095286e-01
2.531107676243029569e-01
2.533557141707699634e-01
2.820578671855079045e-01
2.757494773751490436e-01
3.688374070385956327e-01
3.114415450041580491e-01
3.228062072268131355e-01
2.471378486554361431e-01
4.981768315460448071e-01
4.948598728971030369e-01
2.490980039231923404e-01
