2.638361575683631499e-01
2.533278339130088930e-01
2.510435228294910504e-01
3.295420763934824859e-01
1.738792946749481427e-01
2.582086804311234385e-01
3.234084824583826068e-01
2.686712838943398629e-01
2.684063359571652319e-01
3.035507275976842556e-01
2.471206506797131441e-01
2.750361226388148839e-01
2.561798054697203009e-01
4.412343115165816565e-01
2.859342200271471901e-01
2.342399336791457509e-01
2.826917324323688918e-01
4.035796882698599042e-01
2.699962016790271591e-01
2.550524329283881397e-01
2.864417001561639919e-01
9.845068235626148745e-01
2.472844160880349196e-01
2.492710190286725191e-01
4.888975240287160018e-01
2.914000295861836065e-01
2.558395675791401702e-01
2.980988587294025605e-01
3.564713387101038911e-01
3.152623194999133460e-01
7.766479432534323379e-01
5.324329378323472417e-01
2.744647882357712509e-01
2.544574365274396288e-01
2.528934773786626899e-01
2.680850581508268382e-01
2.680873645815252115e-01
2.462984015951439343e-01
2.985006799755099416e-01
2.363296845531066837e-01
3.632447913359351244e-01
5.211535173906675089e-01
2.271905271173474961e-01
2.283679756471152789e-01
3.722363135032328296e-01
1.013119252098086287e+00
1.091441900487239769e+00
3.665488819589567404e-01
3.807973182117181943e-01
2.491430219417619940e-01
2.482790007548366928e-01
2.815435849095572762e-01
3.098877935451982424e-01
2.826112134799483311e-01
3.507161055531581861e-01
2.719394606708697149e-01
2.602446689945260294e-01
2.504769704593569624e-01
2.965024205152639314e-01
2.994603327881092958e-01
2.499678948303386827e-01
2.847549209126352121e-01
3.552560617035855350e-01
2.375833984029230572e-01
2.588412634507224475e-01
4.232556483991622431e-01
3.384237620942744385e-01
3.038678627567112378e-01
2.665917440411794126e-01
3.133456819587320807e-01
2.931899323967493420e-01
3.588054537032202007e-01
8.599123589721890948e-01
2.774713529685358115e-01
3.578115255945459317e-01
2.295476013735833765e-01
2.765829795664973001e-01
2.406169159587869810e-01
3.018665681104500953e-01
4.441328794661831281e-01
2.663868314375303359e-01
2.851124265776530109e-01
3.592288251355349460e-01
2.585392079999461745e-01
2.554670124427622091e-01
4.221178725226897854e-01
2.447508806717174912e-01
4.875692664038854263e-01
2.566089179566633516e-01
2.847197506414529400e-01
2.469136395354318281e-01
2.469977592258061627e-01
6.519510127793002319e-01
2.530906712505304745e-01
2.738186995511474597e-01
2.966993261024029604e-01
2.809703620854885342e-01
3.537542477175643074e-01
2.408963770731650522e-01
3.540435106662821463e-01
2.527581293867859902e-01
2.767062700723247892e-01
3.493797257486007668e-01
2.767062700723247892e-01
3.493797257486007668e-01
2.913850292414580379e-01
2.676685251624393858e-01
3.231216863656070082e-01
2.853379635520700841e-01
2.909156244060413510e-01
3.563082522536660246e-01
2.849474418352891947e-01
1.764261162891755386e-01
3.957984779017449939e-01
3.031120531199661405e-01
2.907968873918814201e-01
3.011972243315845787e-01
3.025517540996707222e-01
3.658942145843823712e-01
4.935293262786780155e-01
5.683235703691229546e-01
2.981765932886759063e-01
3.599345445323596238e-01
2.630177118632316957e-01
2.223892265103191157e-01
4.661437303303750390e-01
5.618690346987551543e-01
2.806764039680024192e-01
4.224235605109326053e-01
3.870052164094494040e-01
4.766851431989904131e-01
4.617256477211667542e-01
4.611766344728007727e-01
3.864632455993214921e-01
3.379906662751940849e-01
3.406879759649575345e-01
2.667391425157046858e-01
2.688767772687991608e-01
2.744560340349501693e-01
3.215201514226098678e-01
2.792647616487116680e-01
3.389028360960898434e-01
5.144267322096817141e-01
2.307785619334974392e-01
6.366131887158069658e-01
2.797344933837135894e-01
3.448608554418230443e-01
2.791649469113285376e-01
2.674580710483619450e-01
2.574480051867951702e-01
2.454291941859080284e-01
5.216016709059304590e-01
2.761828883190178829e-01
5.008286178551754064e-01
3.395812118526960743e-01
1.758638707074541563e-01
9.474128608944476504e-01
2.469424122509489838e-01
3.716546181078125843e-01
3.878632023973183074e-01
3.114233296220808578e-01
2.947074125831903868e-01
2.867672258306110944e-01
2.596042798798280926e-01
3.483103931574356715e-01
4.088799056399274323e-01
3.186843388447639924e-01
3.007400246693207047e-01
2.874354274479188343e-01
2.451412453312804551e-01
2.659496094928832655e-01
2.486827321374694422e-01
4.711106064293082429e-01
3.672643691718642245e-01
4.212280373185015026e-01
1.186518870473225462e+00
1.183787705071097207e+00
2.433677397718276847e-01
2.973584793729536768e-01
3.499503071957460465e-01
3.818493020862549492e-01
3.818598491549934915e-01
1.288679015348903389e+00
1.117849917072056387e+00
2.705779984051497888e-01
3.102238871696949007e-01
2.540347441545930396e-01
2.869701406602673810e-01
2.479870338694871723e-01
2.460553090802479748e-01
1.153339506789731184e+00
2.966916641957588752e-01
2.744304093358788110e-01
2.927890927557637579e-01
2.722695787627440467e-01
2.793236572831729880e-01
2.638159385275604674e-01
2.647117751025316879e-01
2.712501092563081029e-01
2.488279460208135396e-01
4.792493080850576126e-01
4.721000984014768753e-01
2.486840634184001309e-01
4.971093103050522877e-01
4.962660659669634877e-01
2.475053536033170742e-01
