2.576530651075958356e-01
3.166723319088320943e-01
2.348571816720955441e-01
2.820464615118546958e-01
1.748326533722865117e-01
2.868644806470729836e-01
2.603356405096952653e-01
2.585875408857448710e-01
3.029801362058489045e-01
3.023285180133092886e-01
2.464864723733391771e-01
2.454534448777405398e-01
2.729045071741813544e-01
4.594689040713839656e-01
2.926782612546540707e-01
3.558489172236979359e-01
2.835158264606978396e-01
3.189510386017991861e-01
2.505714085729633944e-01
2.544758013837316590e-01
2.847088790806060477e-01
1.318999154078222880e+00
2.498819605311631831e-01
2.460206780411594851e-01
7.094608527455097402e-01
2.672439147491774691e-01
2.780591840133973536e-01
2.637239259602921493e-01
3.535177451892461686e-01
2.909575488653833308e-01
9.618672769924239141e-01
8.300870082057676402e-01
2.933267726709927747e-01
2.611423352147453913e-01
2.477700057274136447e-01
2.658749425549444267e-01
2.760019975161888683e-01
2.403429411447926545e-01
2.971170891728301400e-01
2.589292602919538999e-01
3.865580184816247988e-01
5.597709383944744488e-01
3.605914110405736839e-01
2.182823857255809241e-01
3.391835042829534630e-01
9.567471179235231826e-01
1.008757472827020996e+00
3.071063417506486593e-01
3.087951616963597323e-01
2.856136106419043252e-01
2.523187658293633007e-01
2.754052556145793473e-01
2.892825164340984134e-01
2.880210701917078064e-01
3.553531778421966658e-01
2.485313427476929238e-01
3.104596180886062262e-01
2.566715837998049254e-01
2.930624170781531701e-01
2.917177758728389803e-01
2.507599365664543445e-01
2.859939756545634149e-01
3.567957007090251653e-01
2.401247247835686938e-01
2.749036371754199903e-01
3.888454967978537957e-01
3.535676545453774744e-01
3.029507601191095412e-01
2.566854818860068721e-01
2.859771145190162511e-01
2.856751859870703125e-01
3.594946143413628170e-01
8.227437400961579161e-01
2.801429734323433451e-01
3.587724963344121609e-01
2.263264998699061337e-01
2.661491514176095863e-01
2.463879175134910393e-01
2.872868499497302497e-01
3.247345304757909279e-01
2.478161020244225021e-01
2.831334636600225108e-01
3.579982868554469899e-01
2.511052499168096031e-01
2.615262921365592574e-01
3.232530530813642611e-01
2.517429206337757353e-01
4.242054877308209515e-01
2.567354785864791045e-01
2.860340810985523841e-01
2.493362439639984773e-01
2.471243310288684381e-01
4.789457568652879527e-01
2.540818336308361403e-01
2.914326304347271690e-01
2.670043733529415264e-01
2.824340297253293830e-01
3.584554833877114932e-01
2.422954305575371059e-01
3.489491367045313708e-01
2.560842694791084506e-01
2.654886479043472303e-01
3.092588945848739335e-01
2.654886479043472303e-01
3.092588945848739335e-01
2.906053886954991228e-01
2.624765418593750232e-01
2.647803090189962960e-01
2.749851526665504919e-01
2.828954862495254852e-01
3.616076251597415969e-01
3.001478778130982072e-01
1.752517118250554451e-01
3.804151800248062876e-01
2.786614010905615335e-01
3.403206062876767413e-01
3.032746587883076717e-01
2.631107230132442854e-01
2.961312919539031974e-01
5.314496176614214029e-01
5.219808355451464044e-01
2.822143521690168022e-01
3.565728755101901792e-01
2.378748463424315562e-01
2.683172358836758420e-01
4.139127225129441978e-01
5.834285569267110283e-01
2.510818220247202914e-01
4.671498146926950645e-01
2.475702036417364582e-01
4.486491393716531828e-01
4.470794349472027029e-01
4.542777994030284261e-01
3.602119055411721615e-01
3.682897789730523175e-01
4.075113726176268214e-01
2.700070708756783788e-01
2.706959705872951094e-01
2.743837775619347163e-01
2.812412139695821267e-01
2.846124544251052435e-01
3.277340304281114447e-01
7.235188222921065115e-01
2.362380655545483765e-01
6.521081134126196499e-01
2.864295144369392587e-01
2.963028076001275601e-01
3.099220263276787346e-01
2.650187368869580951e-01
2.519091120086132118e-01
2.513906247726527821e-01
5.427752927412631268e-01
3.184045338957971483e-01
5.749184462392299411e-01
3.145288751543759420e-01
1.745617224465382256e-01
8.731584727859653672e-01
2.851607800381784075e-01
3.242972299210936660e-01
2.749754098303281991e-01
2.917596917833630843e-01
2.877040071242467634e-01
2.955069948023792414e-01
2.757984127086469117e-01
3.516622220764741846e-01
2.842419451958533294e-01
4.100705104940347012e-01
4.253101221223241080e-01
4.449617482333342866e-01
2.519057239519317815e-01
2.510459409755007587e-01
2.583525069691294251e-01
4.516186794828694895e-01
4.308733770925898821e-01
4.491624386056865537e-01
1.391503805462002363e+00
1.174041704310406775e+00
2.455918975984449637e-01
2.873171628127205168e-01
3.476028302357244693e-01
3.380538952208062553e-01
2.448903504534012954e-01
1.068979880294468332e+00
9.789936123676630242e-01
3.034809354348074750e-01
3.042532437591430328e-01
2.560893061402285675e-01
2.872991553928440078e-01
2.450243154269050316e-01
2.480749470283719893e-01
1.093165134987542420e+00
3.300157262728348195e-01
2.671067800451470409e-01
2.919884636956914803e-01
2.594386688723737677e-01
2.972646552980889312e-01
2.452721270078663252e-01
2.808754319890180984e-01
2.653646169898902230e-01
2.834037169919891852e-01
3.103382746182841712e-01
3.538184345904079597e-01
2.473092237324998888e-01
4.957096725862275566e-01
4.965353837709666207e-01
2.484078827591300054e-01
