2.538709878248429641e-01
2.847600364047726540e-01
2.387879089858694626e-01
2.707339379759138853e-01
1.735446018948612612e-01
3.221875436092104805e-01
2.731189085233895475e-01
2.705174233264179828e-01
2.743414142950565404e-01
3.001396708085717346e-01
2.421460799877102055e-01
2.591705335881352990e-01
2.646587046358331863e-01
2.675307323207349874e-01
2.922332603650981686e-01
2.333668529017565996e-01
2.593816232971454250e-01
4.140254014939927507e-01
3.145744644556807690e-01
2.553831867054091043e-01
2.865617189948237997e-01
7.084876323977576940e-01
2.501225328547836413e-01
2.469773402924559380e-01
5.409391743420892684e-01
2.701779969941010551e-01
2.721459791407074280e-01
2.669913186862371002e-01
3.559277642641052730e-01
2.685350078118731165e-01
5.560490279331808949e-01
6.032723721787809357e-01
2.974589682517598255e-01
2.631972546502652777e-01
2.493319392306031779e-01
2.687941658700190861e-01
2.691911312134848688e-01
2.440093349203964479e-01
3.384583881751148660e-01
2.338390289576158243e-01
3.917887900543647328e-01
5.286497091484120281e-01
2.337670636820574355e-01
2.323123122387340256e-01
3.848515851767997376e-01
9.700104259533796069e-01
9.304772130887133397e-01
3.621102804992395452e-01
4.234291050527292377e-01
2.573089688115062224e-01
2.638337642667621386e-01
2.776301253858617368e-01
2.811870053786448276e-01
2.843877423992849374e-01
3.529325821546660524e-01
2.493695783363699403e-01
2.711531654334666253e-01
2.816897914686913862e-01
2.550933579887964542e-01
2.634785865960854734e-01
2.806933770630745673e-01
2.863269413869151681e-01
3.550228541728234211e-01
2.461161067160056448e-01
3.053875544484090376e-01
2.876161509330941723e-01
2.531578860552780030e-01
3.028998297447638710e-01
2.692411242790587189e-01
3.026236592416476912e-01
2.912314129935618112e-01
3.583232378231438475e-01
9.106595947234688015e-01
2.777077217511252361e-01
3.579550524602425621e-01
2.283958005252666457e-01
2.673462034878916205e-01
2.423421582717552869e-01
3.027803384885944249e-01
3.623113124646131222e-01
2.463805162909020741e-01
2.814283964070336541e-01
3.595563277575792305e-01
2.494318085063474688e-01
2.631536785572439752e-01
3.306356168438673859e-01
2.429150216387014893e-01
4.894696569340409309e-01
2.541573519434002781e-01
2.881920901291434856e-01
2.478922824115282475e-01
2.461149996386288730e-01
3.804833629675981599e-01
2.662425375194178434e-01
2.623134531836951999e-01
2.797024706614474887e-01
2.845470154971610488e-01
3.564738321354376516e-01
2.438080282658851849e-01
2.904619270334107273e-01
2.881430287268993973e-01
2.951218718964253585e-01
2.702478166566381068e-01
2.951218718964253585e-01
2.702478166566381068e-01
2.911050576839947501e-01
2.575343535175969034e-01
2.753256188880771060e-01
3.052365516329101358e-01
2.852297735655394129e-01
3.550513595504696807e-01
3.168675252941122178e-01
1.755430509468603739e-01
3.889510805247864411e-01
2.850527821120267258e-01
2.579516657815063008e-01
3.015987878371134134e-01
2.584847439343907483e-01
2.757169396548573292e-01
5.697854472671620707e-01
5.589674651147941153e-01
2.852249946159329252e-01
3.587081813149000653e-01
2.365237391187585969e-01
2.616226978649869306e-01
4.043645132308268386e-01
5.524330688645310294e-01
3.029273703382390215e-01
4.973858929036216736e-01
2.396062144550009931e-01
4.475487335993671434e-01
4.513195837717579040e-01
4.545571261200807567e-01
3.695576585434393047e-01
3.681908908131875102e-01
3.737094537931501259e-01
2.625464160209624587e-01
2.767140559533403099e-01
2.838292911542207309e-01
3.269737772700711531e-01
2.797362301218814240e-01
3.311825809840804880e-01
7.101249253022136054e-01
2.294630079211930629e-01
6.033099793158052115e-01
2.743766103436877102e-01
3.350740080174504087e-01
2.929314736609996972e-01
2.878873904191760480e-01
2.411958413770857457e-01
2.501442066283312005e-01
7.107471936549449865e-01
3.087455042426684448e-01
7.797706061284614965e-01
3.688789619947080989e-01
1.746961967608302302e-01
6.172011597402841110e-01
2.876107455058713458e-01
3.034748584076836231e-01
2.826875543311075933e-01
2.931697131731073047e-01
2.859024535334586670e-01
2.820312155134507837e-01
2.947511486553247018e-01
3.528176057373069718e-01
2.757253944060207851e-01
4.023675507303464127e-01
4.026976306896757341e-01
4.183273451653773956e-01
2.638142068913113536e-01
2.528043896579190153e-01
2.547036808107565053e-01
4.147979748918341758e-01
4.392238215513969979e-01
4.547603214779442071e-01
3.965457616154578480e-01
5.538631062886634204e-01
2.351021210931618366e-01
2.946767960348506410e-01
3.450478598567005006e-01
3.311760448243147303e-01
3.190685324270078338e-01
7.139787432426190072e-01
5.737372421569436609e-01
2.692726846867491974e-01
3.113859930182394375e-01
2.536247799806908287e-01
2.870385287774753214e-01
2.469370394066233432e-01
2.468846403363622599e-01
7.510033962964186571e-01
2.878285850680612490e-01
2.791658992441162779e-01
2.935296495165259367e-01
2.901729712720528265e-01
2.734561618932623839e-01
2.719832312686395470e-01
2.607037910133708225e-01
2.729236910365586688e-01
2.552831572086062262e-01
3.937961012997490684e-01
4.754433801739643140e-01
2.476240642379259616e-01
4.965692478387810360e-01
4.971615182519888987e-01
2.481967503313693701e-01
