2.435689768188339377e-01
3.160261265677541398e-01
2.391941942810768829e-01
2.470771506051016309e-01
1.724452105102829147e-01
3.229145606988202966e-01
2.701645757582057383e-01
2.696801356194614141e-01
3.060638181929069557e-01
3.035800738478413585e-01
2.533723882657026860e-01
2.443127430854521720e-01
2.582948161034134826e-01
3.432463379384639302e-01
2.918163899343091394e-01
2.267833643315598779e-01
2.822949483470607035e-01
3.617999458655782874e-01
3.565693716697392324e-01
2.535615768157066241e-01
2.882726787077786179e-01
7.900650440741679992e-01
2.475445502831747080e-01
2.478181401433693365e-01
7.096025742224048027e-01
2.739356538375287697e-01
2.563788084306968251e-01
3.139287289573207129e-01
2.440781225941496546e-01
2.390683820878564125e-01
7.681443226739024244e-01
8.239754300005681653e-01
2.537727394825476934e-01
2.754767024751381688e-01
2.741046577811249718e-01
3.068815164017054120e-01
2.567502328744574736e-01
2.823583571741082876e-01
3.128254837160411306e-01
2.730473768203103280e-01
3.565314334933391005e-01
4.871482420229381605e-01
2.186372972334247045e-01
2.222184122100504811e-01
2.830769551380357130e-01
5.559129115649613651e-01
4.069254865060083493e-01
3.193948856047994500e-01
4.827411001716677696e-01
2.632259155400511474e-01
2.729106258750523817e-01
2.821211661411315297e-01
2.710540823224447116e-01
2.971327567721268603e-01
2.288045755593154096e-01
2.850167197651439777e-01
2.878408532010360843e-01
2.492162353731131597e-01
2.957103546021214724e-01
2.961921681871904632e-01
2.500858523687133905e-01
2.971036840531733891e-01
2.128915528544509106e-01
2.791495970972991403e-01
2.643947246332661871e-01
3.622959529954737912e-01
4.147984196405012924e-01
2.927040760766664307e-01
2.991835631532704931e-01
3.126298833821573031e-01
2.984973038464979189e-01
2.230245946284517833e-01
6.893289072570364384e-01
2.282790773093537895e-01
3.323483527746625699e-01
2.817387869719548132e-01
2.196721477478941198e-01
2.412326239289162844e-01
2.400656619886522569e-01
4.361133355035948234e-01
4.385087729898830000e-01
2.942310541168821625e-01
3.410842307892668068e-01
3.663319631174843383e-01
2.692388174958938452e-01
3.368249844878277721e-01
2.770496558131019249e-01
2.524126781921441354e-01
2.568503660503955177e-01
2.864921991348272079e-01
2.487712436357733814e-01
2.461479867680315958e-01
3.511818340770561098e-01
2.515453514357914866e-01
2.429645470678036268e-01
3.095232051321918365e-01
2.955756331396544589e-01
2.240419619700149134e-01
2.781951048543672145e-01
2.822133638419719870e-01
2.951587196978324723e-01
3.257698788919100585e-01
2.812736683067671439e-01
3.257698788919100585e-01
2.812736683067671439e-01
2.392769413786797195e-01
2.531158815870547807e-01
2.699521316029515061e-01
2.774062468401457537e-01
2.972675190376121712e-01
2.157061798262337737e-01
3.116881266257297556e-01
1.743221639161477432e-01
3.795180680852373034e-01
2.771569090757554643e-01
3.745514408528267669e-01
2.558551714526579035e-01
3.409989739173303058e-01
3.311779086401162586e-01
5.730022664037879299e-01
4.968961396652405993e-01
2.976265350696375434e-01
2.282327807586138901e-01
3.027229671681363476e-01
2.700570626300822230e-01
3.871141284219062340e-01
3.922769516487882857e-01
2.666776941839956727e-01
4.204680311969963280e-01
2.893583060200640156e-01
3.586772751041516494e-01
3.715990201097115753e-01
3.550155990317026555e-01
3.885907639044848261e-01
3.691834630893289226e-01
3.574764197338014537e-01
2.782460029263338352e-01
2.543064820978120921e-01
2.561060121587099281e-01
2.739791452620405354e-01
2.963333009194345502e-01
2.154292398737214786e-01
3.166914947623747922e-01
2.506393020250410886e-01
2.614017742805557210e-01
3.154103649631352924e-01
2.855844766214303831e-01
2.751994827976304014e-01
2.639461775482859762e-01
2.519337132489651854e-01
2.647801222014781186e-01
3.398531508166854342e-01
3.236584658171033912e-01
4.124183716438721281e-01
2.993544679241998407e-01
1.731668278625041746e-01
3.263258045172955368e-01
2.465759923271569343e-01
2.738427725576096927e-01
2.705414111694213197e-01
2.772588045232694531e-01
3.753072450797869108e-01
3.873241143148496990e-01
3.903960121457704657e-01
2.216804353142035056e-01
2.635193203966705311e-01
4.102629153567889930e-01
4.134752825787741393e-01
4.169694355782577189e-01
2.577557734890446595e-01
2.557517171102127174e-01
2.523681427507224462e-01
4.479703646393587424e-01
4.510203644163802150e-01
4.471083907899789378e-01
2.633574174713575466e-01
3.500075762254442613e-01
2.380156822090997992e-01
2.898003217207001936e-01
3.302265201650188553e-01
2.634948962125483463e-01
3.555480455036453269e-01
3.446715340363277202e-01
3.423661952699250111e-01
3.695732312129613728e-01
2.665295973571891741e-01
2.550232930993973635e-01
2.893404345099047648e-01
2.467494951121139979e-01
2.485863467286798245e-01
5.695901166440239249e-01
3.022644704787607051e-01
3.045488099060885134e-01
2.864401798779864228e-01
2.652049672341479924e-01
2.778844145319503967e-01
2.758043200239775894e-01
2.933103162181100454e-01
2.613212152607465866e-01
2.931824605321307620e-01
3.007130298399622870e-01
2.898890933882761201e-01
2.484294531770803727e-01
4.960054475714133493e-01
4.968267841281295283e-01
2.466964602115568617e-01
