2.480792267947558305e-01
2.435272693663775301e-01
3.272139576076630307e-01
3.694655989497021009e-01
1.762014349486960840e-01
2.170808580607602456e-01
2.567911275027469631e-01
2.824422914855961309e-01
3.087237438268212730e-01
3.057705724632724387e-01
2.519720983954771287e-01
2.434660228322008679e-01
2.813340773349055635e-01
4.858407193395928303e-01
2.963841284564497913e-01
2.189123512239056768e-01
3.476334968493156041e-01
2.659117957502225016e-01
3.441929381200998783e-01
2.551751268003075168e-01
2.868485354423331857e-01
9.467045362561284927e-01
2.469334907167118065e-01
2.447256132692639807e-01
5.250874587572774699e-01
2.618138517851245073e-01
2.698242867768120834e-01
2.610466751825153420e-01
3.550363308828063946e-01
2.870962249954085999e-01
7.995075421130722892e-01
9.308773593059777030e-01
2.917010246691400521e-01
2.638938499175788599e-01
2.525743036893450810e-01
2.805163741635828267e-01
2.643195239509181227e-01
2.430755077261845809e-01
4.073690526115116839e-01
2.537967033541825845e-01
4.025887439874635820e-01
5.230931613612908038e-01
3.561019503832800748e-01
2.310557907278610879e-01
3.610756795485655091e-01
7.833386483691904267e-01
7.834689217285636387e-01
3.194609600094664992e-01
3.169405937055938538e-01
3.042653666038393490e-01
2.405620771109127365e-01
2.817026804033417320e-01
3.339400226804190575e-01
2.876889929974459914e-01
3.540797956269396973e-01
2.626954015964588218e-01
3.662694974020255234e-01
2.531214506875927861e-01
2.905535265423555558e-01
2.966575780066373347e-01
2.548745389296200869e-01
2.881727448803080849e-01
3.598212731270262754e-01
2.440229319414499443e-01
2.704004131729338956e-01
4.249559997356349705e-01
3.452599465391059663e-01
3.020813959128617054e-01
2.710236247299319112e-01
2.970072823495517045e-01
2.866750821574826635e-01
3.611222880533049850e-01
9.419803886319749742e-01
2.797624942010183413e-01
3.620302496509151258e-01
2.298821756023005092e-01
2.688237740724528368e-01
2.379461168518307579e-01
3.031980714109919206e-01
2.915069327001509891e-01
4.735987632389428437e-01
2.825572903966421801e-01
3.621651000256896347e-01
2.442086516500814319e-01
3.798165880013242846e-01
2.584566530516200222e-01
2.415943823564016268e-01
4.839662427328057515e-01
2.538881124912327758e-01
2.916421668194287276e-01
2.478319792495644880e-01
2.474239610669247968e-01
3.168687269299494957e-01
2.453014424344760191e-01
3.037178039093209603e-01
2.494192713396419792e-01
2.817521614122563411e-01
3.565435667086696570e-01
2.450586951894837273e-01
3.811643031938763970e-01
2.555692108627912185e-01
2.470976924115317330e-01
4.416624334420339304e-01
2.470976924115317330e-01
4.416624334420339304e-01
2.909828579832477446e-01
2.688371643806580225e-01
2.749282999412127060e-01
2.745019152597513168e-01
2.842581009818300197e-01
3.555716122327285955e-01
2.868005623563813500e-01
1.749051489483417210e-01
3.834463674465481420e-01
2.664658845708875456e-01
2.742368156503143251e-01
3.003323572405384723e-01
2.771734834703306061e-01
3.172445876423259370e-01
5.855283809524244321e-01
4.413066250626948572e-01
2.919366438489855442e-01
3.556330071716616303e-01
2.379431109401339839e-01
2.490968806205484942e-01
4.305772945062257273e-01
5.621920279234507989e-01
2.433422166237677597e-01
4.432187019736468225e-01
2.875282291184376171e-01
4.604187613538650026e-01
4.486108518558459268e-01
4.591912669740813024e-01
3.828728894410236006e-01
3.591346138649373354e-01
4.096589353701152181e-01
2.522815521471432065e-01
3.024627266911630863e-01
3.448701305461799871e-01
2.981414399333746079e-01
2.787801877449934684e-01
3.571117415907066328e-01
4.837459965611216051e-01
2.265118705903583218e-01
7.015830382567174173e-01
2.597640548907366176e-01
3.306688875837618391e-01
3.398550551017042731e-01
2.930809365260323429e-01
2.331405978920788880e-01
2.635464023166708691e-01
6.516488711039380988e-01
4.492923658984641633e-01
8.252743867829288593e-01
4.481709471711503578e-01
1.760127344959419304e-01
1.178792415513119751e+00
2.428897140699228241e-01
2.763675096454968338e-01
2.730785966577446988e-01
2.812062877439466813e-01
3.213542330009330761e-01
3.933404407417040449e-01
3.552921914067641018e-01
3.373059477508779658e-01
3.945441412017272609e-01
4.544325014725291156e-01
5.083733010041400213e-01
4.284736843467175094e-01
2.534408177003789620e-01
2.505939689921641844e-01
2.651315817105684980e-01
3.207640528334580465e-01
3.746562780393972170e-01
3.427662038861403748e-01
9.998836915265860714e-01
1.102375665558846585e+00
2.469272631038893495e-01
2.994695010108124333e-01
3.532801921867056438e-01
2.638516326558186242e-01
2.508215293306612081e-01
1.133078790945936332e+00
8.803869137330783134e-01
3.368662562609293087e-01
3.689311045829651858e-01
2.545421514173809574e-01
2.884727926405765697e-01
2.475664453361973161e-01
2.471602333351007874e-01
1.229489617575475258e+00
4.017438848331016943e-01
2.549343804965318872e-01
2.966198903059453218e-01
2.411407709528909094e-01
3.370822616841768204e-01
2.567545831071724183e-01
3.344251802451990163e-01
2.571645536908102603e-01
3.703562760361889250e-01
2.864506503313521968e-01
4.015748085146913504e-01
2.486528488238756995e-01
4.949194287509007251e-01
4.993337221009281346e-01
2.475905899003940369e-01
