2.829219775742544130e-01
2.734569463784379817e-01
2.367502905774916122e-01
3.739549497024933222e-01
1.748739706993756859e-01
2.719519173473944340e-01
2.603808877053589432e-01
2.692639085838584578e-01
3.105951760282140151e-01
3.047735013452596564e-01
2.488920775657318674e-01
2.435667670236172644e-01
2.772872590617026511e-01
3.617124104291876696e-01
2.831610171760167716e-01
3.543326956206419576e-01
3.770555216130323517e-01
2.616971619861537812e-01
2.519788493675769181e-01
2.549318883160315852e-01
2.861086762927991245e-01
6.640889676376721118e-01
2.494420445878736403e-01
2.496587344464449576e-01
7.180304718904851891e-01
2.995573485646111367e-01
2.532492713470843593e-01
3.088043638961670001e-01
3.528122396736005917e-01
3.495943518790329274e-01
6.904804945916860337e-01
8.062992430240147890e-01
2.856503232415502636e-01
2.644042490892513642e-01
2.464521900428538470e-01
2.562408368788666735e-01
2.888797849805250229e-01
2.534338355017885513e-01
2.821553811335550388e-01
2.488848380484959266e-01
3.949250852247567778e-01
5.584533857310585159e-01
3.573632333628809499e-01
2.149161503533354722e-01
3.616590224032998901e-01
8.071456847914489918e-01
7.830629516934561885e-01
3.157591982050183543e-01
3.164523994782858507e-01
2.485528143196955031e-01
2.975445535115719409e-01
3.170521988594226515e-01
2.568029861605569675e-01
2.833728534098696183e-01
3.557834621824397248e-01
2.351266477899942309e-01
2.579935759083820668e-01
2.496515997299082468e-01
3.043094434678753624e-01
3.115966478613149127e-01
2.570378634576868104e-01
2.854404592676443864e-01
3.547910700366524450e-01
2.412783798459718354e-01
2.576135367093588813e-01
4.539689928673316111e-01
4.453555125137097503e-01
3.033400204818524348e-01
2.566503913678866433e-01
2.897261164785849830e-01
2.862920089206543728e-01
3.592236524112046858e-01
8.747988903491241697e-01
2.780829001253894983e-01
3.610423313910832710e-01
2.266035330169426376e-01
2.677917251387291753e-01
2.455991255312946486e-01
3.030284106360672802e-01
3.803304025424457113e-01
2.528347305704250481e-01
2.823801714591339107e-01
3.575615978113026450e-01
2.493415971841501100e-01
2.555956651522575118e-01
3.362230573059771244e-01
2.443154430636693686e-01
4.885141151937493209e-01
2.551670915057866473e-01
2.878005945101216878e-01
2.482386895589410725e-01
2.458510590858970779e-01
3.729946150074804900e-01
2.495519133251748733e-01
3.046318476346578374e-01
2.705957619129739089e-01
2.812596851216839777e-01
3.578740775745493652e-01
2.419345811212876285e-01
3.865863845245438024e-01
2.513282954407420333e-01
2.542247737073706770e-01
4.445812207567276242e-01
2.542247737073706770e-01
4.445812207567276242e-01
2.893673915370601479e-01
2.802701294465778092e-01
2.696344505471621744e-01
2.837415613455121499e-01
2.823385308491335732e-01
3.578450877399420027e-01
2.590826525663201818e-01
1.736407506393780609e-01
3.888291785131113287e-01
2.879224626276696286e-01
3.332437912796746837e-01
2.912773160364005021e-01
2.522726533320342468e-01
2.757598143201475116e-01
5.236114317975875121e-01
4.523404929637286909e-01
2.841537657513356629e-01
3.570130112579901205e-01
2.380740998565992750e-01
2.634218585247738997e-01
4.150541850571312086e-01
5.464470970443690012e-01
3.359504729336967310e-01
4.377012574094650832e-01
2.352928952939920271e-01
4.354615940448704481e-01
3.533056928849847567e-01
4.140025346557963948e-01
3.566924855472328737e-01
3.684630370055479442e-01
3.471884205106933741e-01
2.554587224127200518e-01
2.920744119284126583e-01
3.282715900424881816e-01
3.205482245794812335e-01
2.765229837868962148e-01
3.430318625525866083e-01
6.077540158191597763e-01
2.234353298479868910e-01
5.599314020174203099e-01
2.676353281746325918e-01
3.415679205650157257e-01
3.579177525790181447e-01
2.847954938751755538e-01
2.324542286220410980e-01
2.572092813845560100e-01
5.139274414835824922e-01
3.363161755370907557e-01
4.655451798619714143e-01
4.205617129646107566e-01
1.728837347779991762e-01
7.488413187457980680e-01
2.894270958478259437e-01
2.929146977605049385e-01
3.157756997823980005e-01
2.761368069320604968e-01
2.774504033349776133e-01
2.865127360878966800e-01
3.097200981109680673e-01
3.521177738525705925e-01
2.799518690828186052e-01
4.447978741334890906e-01
4.071290029945914823e-01
4.001260055348349054e-01
2.569159286889380889e-01
2.620090853243701168e-01
2.522618540873668991e-01
4.003145745849875925e-01
4.688641625402821256e-01
3.958244903631611966e-01
6.957322024807913730e-01
1.054753667998495015e+00
2.370464269631784304e-01
2.958687134433081178e-01
3.446763975907877753e-01
3.339302250120326221e-01
3.554343435299467391e-01
1.193087640729937116e+00
1.151403067126744562e+00
2.680417169484716200e-01
2.982921844237378384e-01
2.553581169400884754e-01
2.868899751434526579e-01
2.483761715103086909e-01
2.478825050472241998e-01
8.595750289760206719e-01
2.809036349377103114e-01
2.955725500647909398e-01
2.938688568258616685e-01
2.768465402515176699e-01
2.735584662818150159e-01
2.712386645046904188e-01
2.796854835856331656e-01
2.651213219296629231e-01
2.560033721382486416e-01
4.831928512905882545e-01
4.779637124231568279e-01
2.460796716907757975e-01
4.975203797169975850e-01
4.965020598111551942e-01
2.494754502529451246e-01
