2.497253423497342306e-01
2.483336062109784970e-01
3.638854426611257686e-01
3.752179799463487564e-01
1.725625560577614404e-01
2.334428259791456739e-01
2.410139522743535989e-01
2.954478105618194572e-01
3.069293333054821660e-01
3.059671122661346554e-01
2.554966809436071684e-01
2.439259835262457543e-01
3.049955497340359201e-01
2.425296053551238562e-01
2.982819035428360133e-01
2.327974895240126629e-01
2.471425856034804858e-01
4.252489381298732440e-01
3.712025722589931132e-01
2.599200482260337064e-01
2.862879135770428629e-01
1.085719822300030168e+00
2.457742601236165836e-01
2.439301114445061314e-01
6.720088282401055491e-01
3.078995625930882607e-01
3.073253743063780741e-01
3.918092875708718559e-01
2.705880340682756402e-01
4.447573916788893911e-01
1.101355203932223414e+00
8.064507159745906151e-01
3.723788612886014815e-01
2.639718127595988562e-01
2.497557011978157326e-01
2.442452193155850160e-01
2.590264584480371224e-01
2.606932670735969682e-01
3.122478393505587757e-01
2.442675588025318700e-01
4.025651557908160316e-01
4.478411352902433862e-01
3.554230613483831402e-01
2.297475084256639655e-01
3.561010721195635442e-01
8.733083847849901771e-01
9.372061761443656325e-01
3.287277005827305976e-01
3.032989358998719465e-01
3.071750370683436482e-01
2.615650462611245342e-01
2.467122330735406488e-01
2.900287013383240908e-01
2.798066570731255753e-01
3.536597035163364100e-01
2.424691441764172950e-01
3.594481155353824176e-01
3.114613292140567813e-01
2.580485312429408040e-01
2.564416255051397142e-01
3.381016975979794781e-01
2.962772922144719656e-01
3.538840512139868610e-01
2.476788031452404892e-01
3.628524926048617982e-01
2.491013598133139384e-01
2.858655251352689164e-01
3.055297355230638945e-01
2.499150128873105503e-01
2.950203084653590380e-01
2.891080227575295036e-01
3.656594616628755512e-01
7.381972084252037547e-01
2.808559496909492359e-01
3.587979175847003099e-01
2.262123139196927091e-01
2.662515780978572666e-01
2.324624690197452659e-01
3.001328323460976111e-01
4.599759714350046269e-01
2.639998044964552149e-01
2.859555944772987912e-01
3.704453894768249822e-01
2.557646285898667049e-01
2.507417199805642150e-01
4.269956447915059794e-01
2.456099268554562953e-01
4.928075147348466301e-01
2.579018968614880669e-01
2.843038011110056718e-01
2.457540305508942036e-01
2.476529619852567976e-01
6.523909366041216185e-01
3.025181625583283629e-01
2.556776915792706162e-01
3.336175672200499265e-01
2.879386788671742803e-01
3.527868188750106215e-01
2.538703561166294476e-01
2.897754894401547432e-01
3.695134433051349143e-01
3.876350626040161451e-01
2.555478439352635855e-01
3.876350626040161451e-01
2.555478439352635855e-01
2.890782336919101581e-01
2.713400421269893670e-01
2.787212245319410919e-01
3.021230595817046560e-01
2.894412878564039948e-01
3.571270124548307501e-01
2.519987713235326554e-01
1.753540028631345171e-01
3.547508906406974249e-01
2.418528424389920495e-01
3.911178433669026955e-01
3.009165588312974204e-01
2.483732867449967296e-01
2.699732734935966216e-01
4.292156736023772234e-01
5.846572108856725736e-01
2.868460103721190424e-01
3.615362464173749735e-01
2.300360129813447951e-01
2.729006670288485203e-01
4.078088102713904317e-01
5.481376200626184580e-01
3.819723236954060130e-01
5.172648206611711874e-01
2.539872987979867047e-01
4.611819364666883692e-01
4.340629259345535895e-01
4.610059080379297902e-01
4.471180915014228985e-01
3.256073722465946396e-01
4.300240811657583540e-01
2.999473328378668979e-01
2.623715679841463477e-01
2.621283140413037116e-01
3.665223863544623817e-01
2.716234248878233171e-01
3.475728177470271407e-01
7.936679914656581403e-01
2.333817144807088795e-01
6.095734994239050408e-01
3.582085484067317194e-01
3.821184025460735989e-01
2.774555802353724232e-01
2.886077760815562998e-01
2.744609466767961581e-01
2.371467448962938374e-01
8.305911539408652455e-01
2.550025806292300912e-01
6.822740272285188201e-01
3.520427342874783427e-01
1.741553331593493348e-01
5.633568811528172349e-01
3.038176129168013717e-01
2.974257302059651886e-01
3.442648288231720533e-01
2.536762351891900247e-01
3.217007033124426041e-01
2.581163276157217301e-01
2.704343872198773369e-01
3.530303822049448703e-01
2.728628147737789944e-01
4.920505893193438118e-01
4.321765025894396262e-01
3.791414683595836221e-01
2.473021341947013729e-01
2.657806324167851231e-01
2.680866551400590825e-01
4.651377416683979416e-01
5.007083993187896320e-01
4.671338848121472376e-01
1.138814994664032465e+00
9.938091518429861271e-01
2.350575864739336551e-01
2.953028677075060782e-01
3.491919663303176269e-01
3.905306547039718024e-01
2.770573373555492713e-01
8.434473823624317745e-01
7.404773399799230438e-01
3.124310386615907209e-01
3.719808490714875959e-01
2.515310979373746592e-01
2.825343302283747082e-01
2.483920695852531724e-01
2.494854708052173520e-01
1.680473217972890065e+00
4.491580990788024974e-01
2.327589629006572847e-01
2.949183279223090981e-01
3.195391030128694188e-01
2.806547465506238903e-01
2.792885427774891016e-01
2.442169477580099779e-01
3.750764969853964126e-01
2.381426799306835818e-01
4.576551159240514477e-01
4.918877953093117594e-01
2.463470584776389083e-01
4.967779508776349329e-01
4.902439917272715664e-01
2.419142296248108503e-01
