2.437880461504764174e-01
2.637106991027828307e-01
3.683417381526407075e-01
3.835635849965050026e-01
1.748919576438363044e-01
2.390916403275560043e-01
2.445544766181563801e-01
2.988838872529151480e-01
2.971326989653127471e-01
3.007273806407650407e-01
2.461552054517721910e-01
2.466301756319882188e-01
3.039009073346377043e-01
5.088622702266064612e-01
2.932734295513635403e-01
2.169458305906630247e-01
3.884065783249320281e-01
2.549438409275391892e-01
3.606647332251060045e-01
2.535888155369647734e-01
2.823555031294590623e-01
9.689121904453669165e-01
2.523121153931573435e-01
2.481613437519086529e-01
5.117440757120436112e-01
2.997572656918845446e-01
2.443780902599461957e-01
2.993666309334070408e-01
2.377285275813411369e-01
2.326737733548739639e-01
4.755154831002120219e-01
7.542173642494388597e-01
2.515657196427480424e-01
2.897950011945738535e-01
2.902186938788485771e-01
3.191379225099651995e-01
2.571184500605602774e-01
2.336995884549703251e-01
4.045114269717419719e-01
2.556962557837583749e-01
4.052672986963544721e-01
5.137878347574379445e-01
2.312293955685806590e-01
2.187255649214513986e-01
3.741701483739384160e-01
3.810972194054706996e-01
2.378883261007220806e-01
3.558784224759929948e-01
4.567539918814710331e-01
2.709846644452167386e-01
2.667957451375927436e-01
2.607482551192206732e-01
2.744661302123322932e-01
2.987320827857380956e-01
2.253461820812987237e-01
2.690328776313511971e-01
2.908081179035451047e-01
2.599617016896668686e-01
2.724172829658781381e-01
2.578089985550969243e-01
2.623135304656611377e-01
2.987094521188512486e-01
2.114237070045605627e-01
2.690198676883699958e-01
2.878215068649377928e-01
4.328073772267054253e-01
3.383508142171055000e-01
2.776482277221952177e-01
2.632547466760871702e-01
3.257356624114969845e-01
2.973293576566794494e-01
2.233785060832361169e-01
7.487685838641362501e-01
2.251244012039511910e-01
3.369941900167049420e-01
2.814816345591926727e-01
2.218185104456580625e-01
2.373338790240979990e-01
2.480508033783145883e-01
4.440497360205145627e-01
4.303720946170744299e-01
2.950646919257737810e-01
3.417767998157387743e-01
3.641035523258233653e-01
2.697463857114001939e-01
4.051933779789869683e-01
2.674204295826387301e-01
2.388782830987259409e-01
2.526126254670643667e-01
2.881744672718450362e-01
2.556890706313105222e-01
2.465762742657506834e-01
3.814594961965848130e-01
2.569376596804848756e-01
2.384471307615531888e-01
3.422394311127242572e-01
2.967559164375861425e-01
2.444437354371453708e-01
3.048116680004271384e-01
2.534718027068791901e-01
3.272587827801107796e-01
3.284080735326056488e-01
2.758867592688330483e-01
3.284080735326056488e-01
2.758867592688330483e-01
2.403857544822305958e-01
2.670708898727835456e-01
2.776355715251752621e-01
2.828604661124979325e-01
2.987813266757539665e-01
2.213885146056306374e-01
2.905139317186517522e-01
1.759738736930351322e-01
3.716012998603986373e-01
2.750925979713703118e-01
4.224903764830671982e-01
2.453708899520013476e-01
3.988208091358568241e-01
3.734302405413453818e-01
5.607241542745883267e-01
4.452860268534399868e-01
2.932612600191228935e-01
2.275427160173628394e-01
3.787360511612011815e-01
2.699918025753001993e-01
3.197331194223123063e-01
4.534759004136363347e-01
2.675939216751020977e-01
5.044435599424156313e-01
2.633127298578429309e-01
4.210215622874725616e-01
3.664817883727312098e-01
3.055183483724945859e-01
4.144431536832560714e-01
4.300792750614485516e-01
4.874580176003065479e-01
2.393342778039106999e-01
2.584726399183707723e-01
3.078583827444413834e-01
3.003621312819174660e-01
2.934943175238849400e-01
2.184281712001411579e-01
5.345531011476891692e-01
2.682639951845867676e-01
5.402045268329760397e-01
2.759117135613775029e-01
2.639990316083025146e-01
2.481662697320269895e-01
2.467456577734636891e-01
2.662274834107293819e-01
2.746928085186280399e-01
5.460119536172192145e-01
2.960803474526475521e-01
5.101882013779985847e-01
3.185638102480071177e-01
1.748464605763828117e-01
9.409213443841277780e-01
2.379491806356824335e-01
2.646850613314863931e-01
2.539945590362300831e-01
3.210920810148412685e-01
4.069813577722679598e-01
3.771992133142827996e-01
3.873992344652008035e-01
2.021879352330612778e-01
3.246575633686263895e-01
4.624361252489200269e-01
4.398441328025922692e-01
5.057830771049087737e-01
2.607469376443328213e-01
2.808003067178018175e-01
2.400168458112642844e-01
5.320100270202656745e-01
4.932219238553299800e-01
4.536590309515836084e-01
4.653863674214194224e-01
5.359935648302360800e-01
2.395748297713529984e-01
2.923175516566979271e-01
2.075665604390301289e-01
3.767539348172310731e-01
2.538393371452773439e-01
4.121903952186547482e-01
6.216354414385444338e-01
2.681656715827730464e-01
3.657087104124481236e-01
2.536445676839073071e-01
2.934224684472756528e-01
2.487387188580162944e-01
2.455077377930670601e-01
1.011221133668156913e+00
4.210444375437317754e-01
4.318291670226118151e-01
2.858837322737268760e-01
3.589040509372729004e-01
2.531243778807560352e-01
3.895307190459273983e-01
2.381760022509172015e-01
3.732550785581021380e-01
3.600344496496802327e-01
3.774886175810129862e-01
3.903874687385466835e-01
2.513522415004513788e-01
4.975831493888964729e-01
4.969536231535696680e-01
2.462853575472735423e-01
