2.652105199476343378e-01
2.793192038502470553e-01
2.534881374366005913e-01
3.311129674148948210e-01
1.742307187118963818e-01
2.484416074531565488e-01
2.575406313590278273e-01
2.554564265665225098e-01
2.896202708775499346e-01
3.040411771328612178e-01
2.462682940825202116e-01
2.489641270011876129e-01
2.811725261907822015e-01
2.967254196212402717e-01
2.711441396639750478e-01
2.891458683430840892e-01
3.141469407792421009e-01
2.819590548053114709e-01
2.440644582002459428e-01
2.552478884663708647e-01
2.861454977511448949e-01
8.734300773911469751e-01
2.476045538776696919e-01
2.492137041008888332e-01
5.806554195422362064e-01
2.650071029188142413e-01
2.691866475797247693e-01
2.660994275051279945e-01
3.541846467176403834e-01
2.883497070681161900e-01
7.852665211150322566e-01
6.618261806965908267e-01
2.957198988987556065e-01
2.541440778192455840e-01
2.526160945988736861e-01
2.734671615373704401e-01
2.745008405150877184e-01
2.373903909163621595e-01
3.849022544810938307e-01
2.527702515395088834e-01
3.962080960824339027e-01
5.497836738707319038e-01
3.557716807353960564e-01
2.144992723619896235e-01
3.623428897846081576e-01
7.671945483190573123e-01
7.471691041747647866e-01
3.306847664392462138e-01
3.269672667218410655e-01
2.507993045151461486e-01
2.911376941302888932e-01
2.935306632852956454e-01
2.581781406721732619e-01
2.824212768131506568e-01
3.562589714135304120e-01
2.403591344932779206e-01
2.612425811218175298e-01
2.687443383545475295e-01
2.728509099877317046e-01
2.712756712994157660e-01
2.642075846371772507e-01
2.871940538297712009e-01
3.552646390888165029e-01
2.441234126020509487e-01
2.816691851704211103e-01
3.222041533893935106e-01
2.962050891456266544e-01
3.021706068968101344e-01
2.666527378649997670e-01
2.996913589229898145e-01
2.857969944555558972e-01
3.590348847724760817e-01
9.424663613339476775e-01
2.796876526004141161e-01
3.589169480105395826e-01
2.302405678094810171e-01
2.733272460501372514e-01
2.385494713301521130e-01
3.023097928042162152e-01
2.983236496143222283e-01
3.479112146613805301e-01
2.828595631995821646e-01
3.602973562277534403e-01
2.556116075101612650e-01
3.561613780756051062e-01
2.583578685224007243e-01
2.436084348985105286e-01
4.953055711063018007e-01
2.551076060810352208e-01
2.874749070082483482e-01
2.497799263122298108e-01
2.466880901566411155e-01
3.233265373416854827e-01
2.509964919848636788e-01
2.975298268337718821e-01
2.505955789474973439e-01
2.823478648361996690e-01
3.567180168768219750e-01
2.447781395803052817e-01
3.535501654907620139e-01
2.604734180980330938e-01
2.689216883973474248e-01
3.464445203093279857e-01
2.689216883973474248e-01
3.464445203093279857e-01
2.847521355850295977e-01
2.663401520158101832e-01
2.726190528098381138e-01
2.744611892669547304e-01
2.843290293169715710e-01
3.549230773005517814e-01
2.800542864914459251e-01
1.753016544781083041e-01
3.733847515801058670e-01
2.609237765852555624e-01
3.232791965491815800e-01
2.826710419411287978e-01
2.728736742231201440e-01
2.994627523409437164e-01
5.327099280143842153e-01
4.717335815975325364e-01
2.882611111402833548e-01
3.567790285601230571e-01
2.424081814101202714e-01
2.581608829124098503e-01
4.106186529405756458e-01
5.658571339753282192e-01
2.500974014024723302e-01
3.920493110055038866e-01
2.670032027071709835e-01
4.341782499161672138e-01
4.042979886599576411e-01
3.363644253040115606e-01
3.718934115910876859e-01
3.949619026790427978e-01
3.628262351520489815e-01
2.516472774590746697e-01
3.014634249023093737e-01
3.585780549526270677e-01
3.124774501136566851e-01
2.770857859772215548e-01
3.541361617898136083e-01
8.573588023055878082e-01
2.270603127640679897e-01
7.524566646660474367e-01
2.579746573752531580e-01
3.574744176643870341e-01
3.660523779927755683e-01
2.952596748448751418e-01
2.290264079737654168e-01
2.632656034595116101e-01
8.243449490136390834e-01
4.284674364444689409e-01
9.256928316524156708e-01
4.449142623285247677e-01
1.725823371164463826e-01
1.021284941643144206e+00
2.451858192067770115e-01
2.610176681325966364e-01
2.818501156919413497e-01
2.791324690113661799e-01
3.163960879977876228e-01
3.695837347748539004e-01
3.519355643160149705e-01
3.421443275658637151e-01
3.438078216759717365e-01
4.915550606900243036e-01
4.873381197828822176e-01
4.173700420270976541e-01
2.562792218389642884e-01
2.481752019495618022e-01
2.673165694906005641e-01
3.246982133282142469e-01
3.593304618132145412e-01
3.440107958411044442e-01
1.087107501462825088e+00
9.277412453144079363e-01
2.433814904506796106e-01
2.954658716271922891e-01
3.549959866609835313e-01
2.580839881920682921e-01
2.488896644760427990e-01
6.713204656202028664e-01
4.874596727041070054e-01
3.321479152692280445e-01
3.648002405500250789e-01
2.534534127855160301e-01
2.864063447813828822e-01
2.482262947635693329e-01
2.481495034068869621e-01
9.071043715465035850e-01
2.705854615806617680e-01
3.289256466780657862e-01
2.954600727361882395e-01
2.912700917822300117e-01
2.503018664347052558e-01
2.506189706118105986e-01
2.659410630253451480e-01
3.089984476798509627e-01
3.670037737209462247e-01
3.767163691358909050e-01
3.132826062082126328e-01
2.473897902023914352e-01
4.959328970635081268e-01
4.983200671748152510e-01
2.465970134058791952e-01
