2.736039117084090311e-01
2.982288974388485059e-01
2.377409380061639987e-01
3.051666394730263576e-01
1.749637476585707563e-01
2.650011351079171740e-01
2.678398159390628086e-01
2.723605621370243091e-01
3.058906982609291281e-01
3.030780967641223955e-01
2.483436762023655264e-01
2.445312505080147192e-01
2.731740080678940474e-01
2.478745133346298979e-01
2.943047946206189258e-01
2.329677511647115229e-01
3.564102438847498444e-01
2.974309348668767727e-01
2.492477940981458195e-01
2.555652781300869480e-01
2.864125791967363499e-01
9.134792400614188956e-01
2.491834991956179690e-01
2.458259032108586206e-01
7.504811369890888040e-01
2.867320650734377918e-01
2.577633011373146599e-01
2.912344137253035092e-01
3.581135877885656127e-01
3.053799125400691872e-01
5.596220965537637149e-01
5.461636770780542438e-01
2.808070464675798683e-01
2.697556227955873465e-01
2.522398573843919745e-01
2.625232866004380550e-01
2.818454971018969912e-01
2.495081835420851490e-01
3.083733169054768131e-01
2.513789715840725747e-01
4.014097554797282363e-01
5.699150722851551443e-01
3.563692742414315551e-01
2.216527477633322696e-01
3.618165479850471433e-01
9.517540286503989311e-01
9.877123611126300551e-01
3.287377217656499706e-01
3.262407622668569429e-01
3.021340718709402684e-01
2.469482269687130471e-01
2.660724251898365367e-01
3.059066966604711002e-01
2.891145736419287737e-01
3.540888279100660174e-01
2.473757494724796446e-01
3.548969214497509350e-01
2.558294785239502711e-01
2.874499626800226526e-01
2.896383568918928786e-01
2.516419593568553492e-01
2.858490878969843774e-01
3.561844754592398132e-01
2.408259939573074160e-01
2.625160390082892370e-01
4.149423536137612500e-01
3.127497301750661873e-01
3.021847019906760967e-01
2.622620525566463634e-01
2.883841663028963165e-01
2.875086594601032330e-01
3.611545849776625627e-01
9.472177951644075167e-01
2.802657392492214350e-01
3.591182200315897743e-01
2.303041151276864762e-01
2.858015969584765670e-01
2.421495084745818593e-01
3.019696011900045995e-01
3.001300890198219107e-01
4.656283980846630532e-01
2.850094037479506404e-01
3.587661353376391804e-01
2.491604446342722823e-01
3.797722493026755575e-01
2.611063235293486495e-01
2.466895264927234654e-01
4.897197433470479866e-01
2.548004337064788682e-01
2.882397743603275497e-01
2.487336806709214976e-01
2.465693521083722750e-01
2.969598034223835392e-01
2.457031627032894294e-01
2.990895297149434029e-01
2.626584060548282640e-01
2.802327937082437770e-01
3.545762648630659819e-01
2.336650803890445716e-01
3.878931659290193457e-01
2.503798376136873727e-01
2.665501347534991461e-01
4.236366121725861356e-01
2.665501347534991461e-01
4.236366121725861356e-01
2.879486815647582243e-01
2.668533074039980413e-01
2.739307045436162324e-01
2.832749640481723175e-01
2.879971869510365989e-01
3.588392372877814984e-01
2.741442873282511905e-01
1.748647191217749808e-01
3.836859313504685787e-01
2.794369104087658373e-01
3.221744261935221010e-01
2.764385734763284419e-01
3.003616767924922604e-01
3.093430749039681182e-01
5.255484278619498850e-01
4.998658497450562122e-01
2.989971202486060298e-01
3.619612842468185598e-01
2.725172405922460794e-01
2.400612323714572949e-01
4.672370098241448444e-01
5.486533579530734617e-01
2.971052179061465237e-01
4.231109777169281272e-01
3.268327911838722066e-01
3.399494772939510856e-01
3.493946429824095756e-01
3.702323753103640702e-01
3.321815783325063887e-01
3.042775463400995140e-01
3.115205831917816637e-01
2.950208385427630642e-01
2.431182960650165314e-01
2.770209070002405127e-01
3.514871814932163385e-01
2.847041987525538165e-01
3.350884512839395479e-01
1.033173306872480879e+00
2.539751712049222454e-01
9.460601733511077027e-01
3.469380941311545063e-01
3.522466104452696145e-01
2.763541041132514531e-01
2.793578912668671643e-01
2.607695911648935105e-01
2.489709354432984301e-01
9.609117175525165866e-01
2.468391977470164034e-01
9.820121267427733835e-01
3.196780770662136506e-01
1.747493315540502024e-01
9.960305871380709108e-01
2.455302436314240333e-01
3.854214526908540384e-01
3.920872249784068120e-01
3.824908931173383042e-01
2.761057633854481774e-01
2.739544677129694406e-01
2.745355089437880314e-01
3.497625882293857735e-01
4.074038935359176050e-01
2.869692029343006712e-01
2.870071439878643660e-01
2.794439437539402715e-01
2.537868086323462613e-01
2.545878176349320454e-01
2.527253133670245844e-01
4.570204569282054763e-01
4.630676278481363761e-01
4.602624030543625566e-01
9.603527882684925743e-01
8.893273429661784357e-01
2.374247957779244966e-01
2.940260880991236725e-01
3.550363772725145250e-01
2.562722203561633161e-01
2.634933455100352817e-01
7.531351826862734411e-01
7.223280834453303934e-01
3.167392100984063874e-01
3.489128665328156131e-01
2.538708079838382647e-01
2.873864408482140753e-01
2.460768003882849719e-01
2.467843171303553962e-01
1.072183997714130310e+00
2.606063852006961223e-01
3.279784746802466566e-01
2.954363398896165394e-01
3.111714493329515996e-01
2.467287605174005305e-01
2.573634333213939973e-01
2.636254120579011873e-01
3.021377612505687371e-01
3.107248062813651734e-01
4.288603491935829015e-01
3.271159586702562794e-01
2.483590666047422457e-01
4.965567854544804538e-01
4.958669705202776168e-01
2.470608432810613708e-01
