3.050140557217053683e-01
3.018865305511562180e-01
2.500034191397574324e-01
3.586034974024518984e-01
1.752166795733457183e-01
2.277057497404463005e-01
3.722446949578002706e-01
2.623833880244731409e-01
2.444691520223489511e-01
3.055601503146744835e-01
2.515195756502180413e-01
3.022718329090138267e-01
2.403945262798882487e-01
4.349049659297712922e-01
2.942237683083982480e-01
2.458411020411064296e-01
2.862224709863361305e-01
3.981207762763528391e-01
3.084389912130262590e-01
2.560498864807787545e-01
2.862521749849439856e-01
1.447566410862478614e+00
2.466655591974967476e-01
2.497624582509365421e-01
5.130681684819839994e-01
3.018630491861217235e-01
2.754962761575346364e-01
3.343995232424069597e-01
3.610114169675561757e-01
3.530739935381509431e-01
4.511048694028288453e-01
6.831904745149213198e-01
2.629071072316300217e-01
2.464919837546165060e-01
2.481944988439260258e-01
2.730238406533280759e-01
3.033811758817265836e-01
2.443929599456990398e-01
2.633461266977878967e-01
2.396267050360962603e-01
4.075032451533550648e-01
5.139605561836299019e-01
2.396855120677270357e-01
2.299210540166565786e-01
3.872606979468910526e-01
9.907917986605804250e-01
8.326702772459186885e-01
3.759181829675692366e-01
4.521822023193741158e-01
3.032507089677730638e-01
2.491133103074776312e-01
2.458890304267985771e-01
2.848577796169177168e-01
2.832359904662198891e-01
3.534285614704568701e-01
2.438550480934366937e-01
3.612832731606384629e-01
3.046628413067617447e-01
2.474725834552186365e-01
2.397531293329869251e-01
2.929762362643947293e-01
2.841408945281190257e-01
3.578444889808467533e-01
2.521122702390348747e-01
3.643200207969111148e-01
3.537734926060228102e-01
2.476066371492587903e-01
3.034762431101820090e-01
2.541647221838417847e-01
2.851920902708945937e-01
2.921159192292447360e-01
3.609998998476965371e-01
8.088610678382945895e-01
2.787467921041271168e-01
3.573212640945290786e-01
2.217665883810109595e-01
2.729727767596566990e-01
3.074229968425353787e-01
2.527142820085138686e-01
2.458780254492982376e-01
5.364804852400991697e-01
2.814278182012457941e-01
3.575921304844727477e-01
2.562652280771584024e-01
3.126183910451201253e-01
3.600757878759971997e-01
3.594357420037857520e-01
3.629449982135786179e-01
2.509383032680749803e-01
2.923308162987710568e-01
2.473899607574303605e-01
2.451721778937832052e-01
6.789658559251366965e-01
3.093762094649613603e-01
2.567397955581252056e-01
2.948475067328157895e-01
2.911660567322397197e-01
3.536993616318193090e-01
2.399144532553517672e-01
2.619337978728807359e-01
3.593666156022660152e-01
3.423915503797256288e-01
2.415613912800780028e-01
3.423915503797256288e-01
2.415613912800780028e-01
2.789493498003829952e-01
3.031542218526903643e-01
2.938592329891348554e-01
2.351964079819128528e-01
2.856179851526156055e-01
3.649897317555437226e-01
2.689832957648598533e-01
1.745882035449852210e-01
3.839762120302566140e-01
2.629980621893974191e-01
4.570918084379007595e-01
3.009056389621215799e-01
2.569007180375725286e-01
2.626316267034844443e-01
5.360916019986915471e-01
3.953507488932774261e-01
2.773739739277548688e-01
3.553327301778606007e-01
2.319457526520176394e-01
2.739944748325210955e-01
4.205758530820767893e-01
5.715127031678158831e-01
3.724742373682580210e-01
5.206557182703585029e-01
2.306219514016353556e-01
4.372061053796442720e-01
4.483497179661304899e-01
4.543980812933475777e-01
3.447569771328173882e-01
4.067245168155870227e-01
4.450214911618545766e-01
3.042238447142032731e-01
2.498218819474364860e-01
2.751943008263690871e-01
3.119692625980315381e-01
2.935361206257893762e-01
3.379239867272047504e-01
1.006171408769168663e+00
2.469487570807083476e-01
1.138522363417797001e+00
3.641562734910627208e-01
2.368204878443862238e-01
3.053860925834836482e-01
2.277789557672959542e-01
3.054602047206133597e-01
2.441675012826230728e-01
1.107392930758742899e+00
3.698265121380958642e-01
9.553447473055193262e-01
2.471469420107869630e-01
1.738904815166210927e-01
9.791475899729991106e-01
2.999074639638022455e-01
2.497439725042273073e-01
3.669301728049800815e-01
2.970395946809439303e-01
3.735081721673667032e-01
2.565235895000351207e-01
3.104702789924277395e-01
3.564962980381067847e-01
2.465368786817071778e-01
4.559582238953367450e-01
4.447380684998513689e-01
3.325669037702491670e-01
2.543220771027525640e-01
3.052189159727098366e-01
2.493312447128036291e-01
4.956517485909516796e-01
4.942584713189795975e-01
4.305859660473514983e-01
9.777160741869652671e-01
1.197898135975135725e+00
3.028971940773664273e-01
2.955688785911824712e-01
2.376376069705052330e-01
3.508917672050277381e-01
2.678549795743340178e-01
1.364007913161141561e+00
1.197229421190191490e+00
2.515878483310915459e-01
2.437465462703072294e-01
2.541780893948982212e-01
2.949026764132830492e-01
2.552586630037983473e-01
2.429882118717775208e-01
7.440285994312593187e-01
2.989645291040675668e-01
3.072243277389289928e-01
2.780792484679461274e-01
3.053301637547140568e-01
2.554824868170693097e-01
2.316664755102092466e-01
2.537369087847999860e-01
2.699663402291012093e-01
2.380401564927993319e-01
4.491119320113558522e-01
4.669496539254113787e-01
2.468478462264000473e-01
4.956358490902674219e-01
4.948136031973930926e-01
2.454710616160025727e-01
