2.707586429335694933e-01
2.776873469621758961e-01
2.402623885594917241e-01
3.307888160241681530e-01
1.744046746066448272e-01
2.685809363934111849e-01
2.622787119192598326e-01
2.679981020591669649e-01
2.918615282720850024e-01
3.031403584823965658e-01
2.465998317737489731e-01
2.494835740985981154e-01
2.727966877485633601e-01
4.344576229598313688e-01
2.814518756371772179e-01
3.574669879956752783e-01
3.694232924902582371e-01
2.651377344109827061e-01
2.470330763622216041e-01
2.555358547177219442e-01
2.863790214233484233e-01
6.976572454746501339e-01
2.490117860623690116e-01
2.468083258832732552e-01
6.969819984092702203e-01
2.660361926179504732e-01
2.688124113814300831e-01
2.675043236855363382e-01
3.560939641575673331e-01
2.804649455004807335e-01
8.489694555660985964e-01
6.354363853016432584e-01
2.957633586709682016e-01
2.628900758900274415e-01
2.475010756163028014e-01
2.685714324179021006e-01
2.703827702798506927e-01
2.418657777511001306e-01
3.184136532831591260e-01
2.518601353058682601e-01
3.783408791648984471e-01
5.539210992670952072e-01
3.577324458548986064e-01
2.183911783309178956e-01
3.463923899151436503e-01
8.687957527214820175e-01
8.418365419508662129e-01
3.218604171684468773e-01
3.218275754057478566e-01
2.528948285537139795e-01
2.895273803553515268e-01
2.922041406232530614e-01
2.591046403805525866e-01
2.845652858008223540e-01
3.562765962265430630e-01
2.396376716739480606e-01
2.623810221801683995e-01
2.688552996086534530e-01
2.720202888143256614e-01
2.769539633958332248e-01
2.786561151394122415e-01
2.856014312606746652e-01
3.566446498969099155e-01
2.391265290862248649e-01
2.861186864986251521e-01
3.006993201089405154e-01
3.074192802668731517e-01
3.005966340320977981e-01
2.622791252077686930e-01
2.888559809287774005e-01
2.855773291462693764e-01
3.593814073023182676e-01
9.251870768926944155e-01
2.807011155602268659e-01
3.578775910409898176e-01
2.283945554974562975e-01
2.687650590178496390e-01
2.403633944821153279e-01
3.016384029185276150e-01
2.977806385928913890e-01
4.170893039168154237e-01
2.811779283708744637e-01
3.591450433533821540e-01
2.491900739989794666e-01
3.684250564777371562e-01
2.606767587210059300e-01
2.423956290480663023e-01
4.883354090881366072e-01
2.548730103774747291e-01
2.868604633999783937e-01
2.494209862142416911e-01
2.470114796716737227e-01
3.078635753342425230e-01
2.555296491073263954e-01
2.879982460849580539e-01
2.561398924469157068e-01
2.811990717143796892e-01
3.560635734111272099e-01
2.354786406071423255e-01
3.335345297205954407e-01
2.641988342230308651e-01
2.739607568970903184e-01
3.201296900881946961e-01
2.739607568970903184e-01
3.201296900881946961e-01
2.876623557254027186e-01
2.756090367401236030e-01
2.838882635402607546e-01
2.774032929746976239e-01
2.848671978832861829e-01
3.602387545185778972e-01
2.683335116953306509e-01
1.748126575431905860e-01
3.802821719965927549e-01
2.732482740791213893e-01
3.247175004945743182e-01
2.445067184421733097e-01
3.079443299631275388e-01
3.243588961920800262e-01
4.505310393446982364e-01
4.484804326378967199e-01
2.866000267157396419e-01
3.471804070103029494e-01
2.854081902044415808e-01
3.321285568788561737e-01
4.316663358337447520e-01
4.866335592004311650e-01
2.392507601026021280e-01
3.247440767001418260e-01
2.774294522427140919e-01
2.927393976132932618e-01
2.911964841832292428e-01
2.853910422983472195e-01
4.630651421484604513e-01
4.404719737291770132e-01
4.326968379430655709e-01
2.618479744362351980e-01
2.845519514147979434e-01
2.846875976987279233e-01
3.251978934034704394e-01
2.752160388928884260e-01
3.403312111298114617e-01
6.832567392683287499e-01
2.262766482556949899e-01
8.431342943653915567e-01
2.733379606397211004e-01
3.470970624649253322e-01
2.911153162059308408e-01
2.919457614035255721e-01
2.386857882576902956e-01
2.549013808358816524e-01
6.781841984838377080e-01
3.185779708691488521e-01
8.371225064120398907e-01
3.852636201079434053e-01
1.740525790070547862e-01
6.714483924973039253e-01
2.605926057103899462e-01
2.859289734856420018e-01
2.916566151213838554e-01
2.832976171502444296e-01
3.082748400368433006e-01
3.024239972818999478e-01
3.182690830677874505e-01
3.469772359857777322e-01
3.064438738902168224e-01
4.201617943958019241e-01
4.249497125767330852e-01
4.408508069897835724e-01
2.599810094294295881e-01
2.559475431775159460e-01
2.543605722159313909e-01
3.552335856837819938e-01
3.603784015935385665e-01
3.701819966441699528e-01
3.542176271884488470e-01
5.348257963830237438e-01
2.391603049831841910e-01
2.967298048080568851e-01
3.472688010940177539e-01
3.386947308835440151e-01
2.960421400441969886e-01
4.225308333551413553e-01
6.659158694970258585e-01
2.731774664260248064e-01
3.307365261525764821e-01
2.542917615034197554e-01
2.882867126582055461e-01
2.475451765728582665e-01
2.466753018172106460e-01
5.289571575096051470e-01
2.851515311212432513e-01
2.943597718812168695e-01
2.922724314552659908e-01
2.754178020222435297e-01
2.794852210162755979e-01
2.568196415624546258e-01
2.719296093940488102e-01
2.626071601740996853e-01
2.518548588755543105e-01
4.025405001754098766e-01
4.013176565072347213e-01
2.479392150407692674e-01
4.964968258324302108e-01
4.963866444681100942e-01
2.479302586322756630e-01
