2.805843509987157591e-01
2.912323598165107996e-01
2.398704861045470038e-01
3.269130293702708356e-01
1.743589527458420940e-01
2.600694060080868675e-01
2.670765735718896305e-01
2.669852812025888533e-01
2.934988700339579148e-01
3.033128549196669188e-01
2.472906789896017199e-01
2.479886915406638304e-01
2.692010601710513318e-01
4.356255612203153160e-01
2.825613933826447988e-01
3.573009520865658706e-01
3.623890821558988784e-01
2.660940279692776134e-01
2.502639408503649632e-01
2.551098476155784778e-01
2.862460847624313520e-01
1.870043735910512650e-01
2.486642236822536045e-01
2.470836494830036256e-01
6.725791797616167411e-01
2.647132363283722367e-01
2.710686754041053415e-01
2.659010567919528056e-01
3.574442496843906469e-01
2.778265584218529982e-01
1.007604229714695876e-01
2.786112373982843060e-01
2.983456276332392410e-01
2.651734806779219578e-01
2.473732218458101206e-01
2.672345289928860779e-01
2.783507268951792568e-01
2.389602605221209930e-01
3.376702128138594494e-01
2.501122229496585136e-01
3.927900260263698096e-01
5.522257790256986931e-01
3.569999211907814440e-01
2.173278443098932144e-01
3.578786652024041337e-01
8.376092356968760644e-01
8.268663713008254090e-01
3.265979127779805036e-01
3.163512111763412404e-01
2.550163191879441515e-01
2.826591230570061897e-01
2.864123113919703756e-01
2.617093743818399432e-01
2.843401580696184316e-01
3.570427090033277406e-01
2.418326495845394830e-01
2.650933558874212781e-01
2.695358981764388040e-01
2.691856986536920182e-01
2.677781156117406414e-01
2.760939200378315639e-01
2.860775015511642927e-01
3.573468502054530371e-01
2.387206607497876221e-01
2.845492069542324143e-01
3.081992935628016794e-01
2.953471841943607901e-01
3.003917635321573520e-01
2.681439739291818225e-01
2.960711281764264458e-01
2.864089734469697501e-01
3.592473664546515510e-01
8.298787598322678871e-01
2.797516089629938363e-01
3.592916941136565789e-01
2.287054157812553612e-01
2.706077425765014421e-01
2.407958171888198440e-01
3.023643358588691821e-01
3.036765442013936722e-01
3.481898547103331465e-01
2.829372758734651772e-01
3.596578500821687729e-01
2.521000163794350213e-01
3.392162933870645491e-01
2.643988230942900808e-01
2.416206866631958328e-01
4.892105662554578904e-01
2.548499259271093109e-01
2.874734428451037882e-01
2.485384479569513749e-01
2.470512681400154620e-01
3.110004748645715522e-01
2.511978631099364700e-01
2.938693821114826688e-01
2.512221846738817987e-01
2.819538708158285667e-01
3.575053965273788936e-01
2.381412439569924044e-01
3.489164598303931553e-01
2.619507759549275505e-01
2.654933539405632814e-01
3.484624027493873344e-01
2.654933539405632814e-01
3.484624027493873344e-01
2.839052204581539729e-01
2.796926366620481885e-01
2.919132240271430923e-01
2.763496688900162757e-01
2.825278773050954317e-01
3.583031034197070586e-01
2.621191332386321737e-01
1.750081158499638412e-01
3.806681068755226605e-01
2.741359467621862778e-01
3.333254303616072778e-01
2.959837444122657701e-01
2.610623873494958280e-01
2.816510531974735776e-01
4.609599779318733215e-01
4.545397394547527337e-01
2.855715336115017822e-01
3.573018720070691434e-01
2.375848666645392071e-01
2.638824528113627998e-01
4.013498575026619997e-01
5.538914072963180280e-01
2.865516874440505179e-01
4.550964985748493508e-01
2.438938553617172877e-01
4.296758638642952377e-01
4.294704255558642880e-01
4.060664025091837437e-01
3.713027524375572264e-01
3.798874543661155956e-01
3.706246167755048448e-01
2.528022687859302620e-01
2.924909732830067166e-01
3.367847734199867493e-01
3.162033082772821024e-01
2.796186759606655303e-01
3.471084142381634097e-01
5.082489565257084507e-01
2.322262596421869885e-01
2.784319524964488646e-01
2.591226852369096778e-01
3.505628111217960474e-01
3.641261677504522565e-01
2.930379918920315019e-01
2.298008279181583680e-01
2.606230131246121684e-01
3.743167597447640826e-01
3.612759047077779839e-01
1.384234001705777206e-01
4.278004999906168671e-01
1.736664502110898678e-01
6.243996015034678493e-01
2.565303672989519002e-01
2.857035103577939550e-01
2.903220341699386808e-01
2.838048669701941917e-01
3.107728997235326140e-01
3.072727016429646074e-01
3.047317237738237372e-01
3.432597633953459737e-01
3.132378422155181474e-01
4.193098900769692827e-01
4.231814541019317533e-01
4.352467385932872745e-01
2.561809213436249122e-01
2.560071661515187502e-01
2.567819452602195240e-01
3.682686048372388332e-01
3.715164203132679255e-01
3.710222240012864825e-01
7.793186909830602804e-01
4.798758001956781039e-01
2.455160045814289149e-01
2.924019388150024268e-01
3.526813038023174363e-01
3.480744584236098449e-01
2.574607991503030657e-01
2.709069678328239195e-01
3.539380630511469450e-01
3.051031078057379609e-01
3.173482208695982409e-01
2.544634624696625602e-01
2.873964077607414902e-01
2.474431800421344474e-01
2.464321972215804402e-01
4.048043593437185561e-01
2.790376462792292234e-01
2.923739102925607125e-01
2.953765802884015801e-01
2.718921916840117414e-01
2.693132805672756036e-01
2.631826555655288891e-01
2.734755888607491858e-01
2.728796010498756308e-01
2.852127612918176069e-01
3.724224267302885250e-01
3.619233487631904334e-01
2.476091393897742188e-01
4.962912467717867093e-01
4.963677635941017852e-01
2.477205553699138862e-01
