2.432703161635703937e-01
2.543810931966785094e-01
3.662631713084776308e-01
3.847182123102977913e-01
1.766097408095679555e-01
2.377026909713263469e-01
2.631208088522363209e-01
2.745218177324552089e-01
2.778558699152504641e-01
3.038613912317061350e-01
2.361891872997929631e-01
2.541287168435183430e-01
2.846174241969616214e-01
4.927881840150286630e-01
2.928112882440161990e-01
2.575396072981906981e-01
2.799150256250315105e-01
3.875366056972764373e-01
2.513607295493439642e-01
2.567558859611724920e-01
2.843358983197536993e-01
1.446895805927880918e+00
2.539586097169194701e-01
2.472927879302090903e-01
7.337141504400495062e-01
3.039401080896518836e-01
2.564433186748333315e-01
3.040773928894742739e-01
2.298567233375557739e-01
2.437558123564416424e-01
1.322881337124412582e+00
1.454580646105962716e+00
3.022600731514351602e-01
2.920225654036658347e-01
2.494843400254325438e-01
2.528186352244303214e-01
3.047149336530299291e-01
2.494697938672184867e-01
3.547542464939079099e-01
2.445363668261112677e-01
4.018515200695749745e-01
5.639507315129490550e-01
2.392873092094935650e-01
2.265346817255648459e-01
3.710849244048178286e-01
7.597897391770040976e-01
6.333996427761693360e-01
3.367437595675720763e-01
4.298089406522833111e-01
2.576655502070068771e-01
2.828919751700390006e-01
2.656566860605755753e-01
2.530447982522505690e-01
2.870643531976067586e-01
3.548834921906967588e-01
2.321522032670178537e-01
2.683147546298360608e-01
2.701025172093062809e-01
2.592080543477266463e-01
2.646526604872758148e-01
2.691091473774639975e-01
2.894173875622754188e-01
3.588875672421166230e-01
2.413388229913712435e-01
3.036379973351134298e-01
3.728964501514968610e-01
2.509003132989301443e-01
3.041563792576358893e-01
2.509254485575469484e-01
2.958586429965245346e-01
2.907672876560207231e-01
3.621009746496752224e-01
9.177210123902307393e-01
2.804346740899634760e-01
3.666160783121344968e-01
2.288013122179452796e-01
2.848146577393911305e-01
2.479184597690071712e-01
2.976267509445449932e-01
3.602973728507567475e-01
3.270902642718527820e-01
2.813888111296947159e-01
3.545702131460573003e-01
2.407164649281908764e-01
2.809872806851679838e-01
3.150278950949899626e-01
2.369441176457705578e-01
4.870561946832115408e-01
2.596879501789598477e-01
2.880866159872386700e-01
2.498552798932241470e-01
2.458128160561293130e-01
3.212217708624544588e-01
2.832862073040134376e-01
2.616571591655365014e-01
3.006991940566785537e-01
2.813084933598650195e-01
3.554864727553752046e-01
2.439885675147775157e-01
2.843492951662896506e-01
3.061699763367189409e-01
2.861713726537670199e-01
3.815096114516137171e-01
2.861713726537670199e-01
3.815096114516137171e-01
2.741152174991948742e-01
2.485759997274167854e-01
2.537007262661763463e-01
3.116138242933449432e-01
2.917653835302514986e-01
3.531914811836979196e-01
3.652369301718771943e-01
1.752250728246683431e-01
3.745111138078602298e-01
2.739383903760842509e-01
2.864217716171661432e-01
3.018541514839239159e-01
3.147705750173935835e-01
3.792919431647602813e-01
6.772162590981445351e-01
6.595864840839765764e-01
2.999798356672551680e-01
3.580549820162710617e-01
2.659466138550158343e-01
2.255598528108341827e-01
4.716731605008262496e-01
5.864134806876200035e-01
2.862672271961322901e-01
4.225031296742514098e-01
4.155718968326522211e-01
4.533406781014861497e-01
4.831801105300442822e-01
4.742429450581222006e-01
3.227217490650856613e-01
4.261695716942309198e-01
3.444331927973235952e-01
2.529614404199107547e-01
3.009416581192755347e-01
3.789142522216316089e-01
3.219798605341188669e-01
2.783981966754616177e-01
3.476206039152796023e-01
1.200117593904688418e+00
2.371571890991032439e-01
1.296950467734684143e+00
2.601300895928821411e-01
3.537079624935639544e-01
4.232279353675014733e-01
2.944386847651893069e-01
2.267221414499888954e-01
2.653091951024254547e-01
1.334256671863770061e+00
4.560496033629719004e-01
1.408016105094697767e+00
4.650557686907568211e-01
1.755695477034139584e-01
1.501799933954787170e+00
2.571109108348725858e-01
3.767412507251285958e-01
3.619945668212318779e-01
3.081633176192886681e-01
2.570197946354350060e-01
2.672589982826264476e-01
3.174608141692186192e-01
3.543228075389234233e-01
3.146719404834839029e-01
2.920893815443117991e-01
3.700944963158639411e-01
2.957731169621874434e-01
2.571586467277967580e-01
2.432763848700061904e-01
2.499761639346358144e-01
4.785615602189529638e-01
4.816505418492366686e-01
4.609381338379363591e-01
1.149195732174630447e+00
1.401881134455252642e+00
2.453319583721702002e-01
2.968943924695855441e-01
3.515377818587236414e-01
3.722852731079903665e-01
3.754765017343692501e-01
1.510569406013625215e+00
1.542139932942706348e+00
2.583378443566171079e-01
2.964203675701362894e-01
2.556607911953822643e-01
2.823725493845593570e-01
2.471475269526967056e-01
2.473663989519231388e-01
1.517080264090050257e+00
4.089023807251313536e-01
2.676816037453084163e-01
2.943448340688099574e-01
3.562833319174860125e-01
2.529135052617253465e-01
2.627304149084898066e-01
2.398818020259201045e-01
3.706720038736937561e-01
2.647536660223550609e-01
4.843542433965907223e-01
4.749721066672010772e-01
2.501269852213612865e-01
4.963796380236686345e-01
4.968379438934059089e-01
2.468649434102790918e-01
