2.591373975715809408e-01
2.772327604628199160e-01
2.379930132723260539e-01
3.342294801652342939e-01
1.741299904856422054e-01
2.653358369684001294e-01
2.901235457812426088e-01
2.799221729847507500e-01
2.911011424012898696e-01
3.001507618020913815e-01
2.554600466551179561e-01
2.517694953324536855e-01
2.467446740042258946e-01
2.804894334037367210e-01
2.978760018346870986e-01
2.239843181483656964e-01
2.570579647014035185e-01
4.174161412776037361e-01
3.776669656748046222e-01
2.557188934842539174e-01
2.876501294849843626e-01
3.755770630684727718e-01
2.482299936624378089e-01
2.489887576563484528e-01
7.572633615669984719e-01
2.420837187806156865e-01
3.732906708540194018e-01
3.431549938986680481e-01
2.408501305493348232e-01
3.832118961741025065e-01
6.042601114975360010e-01
4.535095470116374816e-01
3.199402150834796399e-01
2.828437780512577104e-01
2.380666126520250003e-01
2.448323499410217097e-01
2.867786716564265648e-01
3.870706561522525568e-01
2.599171714320336890e-01
2.560512819096877890e-01
3.698920797220340284e-01
4.796121604002193672e-01
2.202662064500761352e-01
2.221652690189947765e-01
3.152528378848742374e-01
4.890937026680922117e-01
3.363504971432411117e-01
3.061597130609346462e-01
4.679274473180903837e-01
2.739281705695506552e-01
2.689623577266235244e-01
2.631180659460993776e-01
2.681972936935684282e-01
2.953793739006839170e-01
2.266413967913150918e-01
2.876159710555272198e-01
2.998613504690628151e-01
2.651578741132206152e-01
2.624125125683945403e-01
2.662558363097952685e-01
2.696335273617418427e-01
2.966518364488167636e-01
2.142598118294010978e-01
2.604166047651412241e-01
2.834486929080245465e-01
4.006581278708099547e-01
3.054768545537183133e-01
2.509585601554011891e-01
3.157018653736456959e-01
2.842397344828936911e-01
2.939528476527012435e-01
2.160304437505849440e-01
6.546917493380772779e-01
2.308230222347541771e-01
3.358762434483472670e-01
2.809760697158790177e-01
2.235931153454272791e-01
2.934567458685700680e-01
2.413233492366145816e-01
3.531799072229985792e-01
2.572690015543674935e-01
2.954917183455631480e-01
3.220732293191415629e-01
2.626177171654932585e-01
3.583110512425683458e-01
2.800471653517830339e-01
3.582260828477982773e-01
3.171053491181441419e-01
2.566916941599244328e-01
2.847777341048081667e-01
2.474926196342582818e-01
2.475344011912087305e-01
6.841597082487509418e-01
2.964122982832490538e-01
2.480306093063779915e-01
3.057934289532964200e-01
2.982903315870150673e-01
2.308555527471681801e-01
2.556966699341993721e-01
3.526158530259574375e-01
3.666659942071321954e-01
2.548822789054784876e-01
2.715309444106736581e-01
2.548822789054784876e-01
2.715309444106736581e-01
2.392326332018474000e-01
2.661590602778313164e-01
2.841521416733073235e-01
2.608148920311119112e-01
2.973725048045424146e-01
2.193943898774775303e-01
2.839361488739589601e-01
1.757789688097380343e-01
3.754489635731577679e-01
2.723457089423141908e-01
4.097784971442973156e-01
2.472952965288860161e-01
3.832193390703929614e-01
3.761748349491136900e-01
5.291372779178034058e-01
4.391164659913821544e-01
2.979579058858248253e-01
2.335173074630813306e-01
3.533572478477267631e-01
2.454336229035317396e-01
4.834157008790869736e-01
4.653813781669379757e-01
2.498059885218325837e-01
4.820448900301659845e-01
2.808738827438166941e-01
3.472221317720969314e-01
3.754870421144003156e-01
3.574308939496814164e-01
4.078118604321206431e-01
4.100542027373049736e-01
4.362169784820837948e-01
2.562299074165059753e-01
2.569276586005144192e-01
2.745393393246927660e-01
2.831798006001784440e-01
2.982059517990770514e-01
2.169061994025129059e-01
3.188875790513560626e-01
2.795371373130995929e-01
3.038132444405106658e-01
2.951765044592309373e-01
2.765415546455876616e-01
2.708071936115775125e-01
2.726177034284890666e-01
2.572892726396221463e-01
2.662565496495892248e-01
3.058711283247972368e-01
2.808621007644592771e-01
3.411892130536380852e-01
3.281906527749351432e-01
1.729395354580633981e-01
2.965118029231548769e-01
2.430110057866241569e-01
3.016385409029996301e-01
3.272673152343942293e-01
2.609600088670106510e-01
3.927663758123817739e-01
3.923723318200317833e-01
3.900951806936319155e-01
2.242806493550354996e-01
2.508082968343697816e-01
4.711161090669291895e-01
4.691017277031465094e-01
4.088676184965542304e-01
2.551416882652635665e-01
2.599772707549606321e-01
2.575317067747952549e-01
4.138867131859274018e-01
4.396900276434153598e-01
4.285567370658729391e-01
2.797714337710710542e-01
3.002964525017813857e-01
3.011565491220152824e-01
2.869984530142427603e-01
2.191890954190666430e-01
3.756291372317838162e-01
2.406316429081545583e-01
7.469275782458280055e-01
4.739245494512226986e-01
2.614130196449491739e-01
2.484901018079670731e-01
2.540143441255031109e-01
2.870420489521403051e-01
2.485710966727065208e-01
2.465549116689830234e-01
7.967076757540818566e-01
2.308381254403004124e-01
3.996265285709960646e-01
2.948902718385669197e-01
2.980848623470464531e-01
2.984352997672575780e-01
3.169640271421704236e-01
3.356416643713689418e-01
2.401169611684388083e-01
2.666744174702241899e-01
4.899480714824904215e-01
4.911717689005853371e-01
2.445928306635431759e-01
4.964148129965543221e-01
4.953856368109276209e-01
2.480178138458630777e-01
