3.022208043238442388e-01
2.903580038229359173e-01
2.449944166301464277e-01
3.623318042021361762e-01
1.751842516083692569e-01
2.498726773222478548e-01
2.509810911694952962e-01
2.443884977720765794e-01
3.041711864601865933e-01
3.067421286867108576e-01
2.517094913083015584e-01
2.408439779940373948e-01
2.968489342016852328e-01
2.394873191256250700e-01
2.837670288083193881e-01
2.293143656327364388e-01
3.492959022067436137e-01
3.144943812113599191e-01
2.448805036317788786e-01
2.576126347725006260e-01
2.853909080659944864e-01
1.058124205400911233e+00
2.462918877348746483e-01
2.496108900263097063e-01
7.275058166904909696e-01
2.763129243122008916e-01
2.742120652584023044e-01
2.682233786017867994e-01
3.589852826431643718e-01
2.854178737890332718e-01
7.607048521943627906e-01
4.844240990990913431e-01
2.527627342967772028e-01
2.822224464614809247e-01
2.729742393426163871e-01
2.981277895927163524e-01
2.617518933878384968e-01
2.349093003919296152e-01
3.092757434578309317e-01
2.516720585201288052e-01
4.015466538117778983e-01
5.674499623306333840e-01
3.587583693755186376e-01
2.228933710654693034e-01
3.600313264727765250e-01
9.606483898437476743e-01
1.013852038275666390e+00
3.230226855297465560e-01
3.113652113435592672e-01
3.049116183435218730e-01
2.481650125115132111e-01
2.733694972174928739e-01
3.266530793261422372e-01
2.839869280816785801e-01
3.536273717118139648e-01
2.520666465990373806e-01
3.623763157000445267e-01
2.504782472620847300e-01
2.967595219724658007e-01
2.814852096947330629e-01
2.442287102650246011e-01
2.849205404493924676e-01
3.562247941809981167e-01
2.403786076024994611e-01
2.594686933074048518e-01
4.384426276772163122e-01
3.736907234262535904e-01
3.034572479833257952e-01
2.575658481624922280e-01
2.825400328857102794e-01
2.864166957538260561e-01
3.608930445661181485e-01
9.047684701707073840e-01
2.769365739265873261e-01
3.592693544448666287e-01
2.311286561377273174e-01
2.606568874982256867e-01
2.434460286628673253e-01
3.041164776010835680e-01
3.242051089302241951e-01
4.447065077645049325e-01
2.825857365862346482e-01
3.611581188469225046e-01
2.397562047030933896e-01
3.783501005419330210e-01
2.643852687132266510e-01
2.469693503339940033e-01
4.860660429136818284e-01
2.526838176363167543e-01
2.892507827686569000e-01
2.483526193323067621e-01
2.479205616025351722e-01
2.782609633366716628e-01
2.495494709311154025e-01
3.019328407270757131e-01
2.614402461866335292e-01
2.836104891411353468e-01
3.506234337178856242e-01
2.402955840619815098e-01
3.910169971674103406e-01
2.517005037022279068e-01
2.681306585212608895e-01
4.410413129722592362e-01
2.681306585212608895e-01
4.410413129722592362e-01
2.909269293132002443e-01
2.673143338932523205e-01
2.641919408839805139e-01
2.737092316050024898e-01
2.923365575924180559e-01
3.586368693314936351e-01
2.789914057960676264e-01
1.729125434000395867e-01
3.938587945632303078e-01
3.122782451463597120e-01
3.959659837201187083e-01
2.571299332145736694e-01
2.970568022792967056e-01
3.291519351335721599e-01
5.909765906214781150e-01
4.540223539301201372e-01
2.963977236413604111e-01
3.235138506339232389e-01
2.793293762924843882e-01
3.576275846545226011e-01
4.651825123719216526e-01
6.036367434259823916e-01
2.343545782052511572e-01
4.195576678214127941e-01
2.602737247560871769e-01
4.299618364890681055e-01
3.934028937541105275e-01
3.047611042450955043e-01
5.531928700267985111e-01
4.766344418734639321e-01
4.842785538584824523e-01
3.005484962976380237e-01
2.430865278836852883e-01
2.808178285506072180e-01
3.394114118875810049e-01
2.261937268391309430e-01
3.077623062141404131e-01
1.032856704660185310e+00
3.591978613005691878e-01
1.061259205644805581e+00
4.068263477092138869e-01
3.688633839110588286e-01
2.913828699086972174e-01
2.787827608793424505e-01
2.423576475449575607e-01
2.652329624919221862e-01
1.070523756602964838e+00
3.017725224374445681e-01
1.109891188206878265e+00
3.407530687658654189e-01
1.740066396364642609e-01
1.083096186917899439e+00
2.611215244409090253e-01
3.102706821308548468e-01
3.073240973770867690e-01
2.596361739145332526e-01
3.340642832503844528e-01
3.078998973356041335e-01
3.623132436031678005e-01
2.316600370772178286e-01
2.606182534112030935e-01
4.021568113122341859e-01
3.112313157014975906e-01
3.122906921950773240e-01
2.506696584533139038e-01
2.658471793044568376e-01
2.473676015344767887e-01
4.527800062497190359e-01
4.516604266349375507e-01
4.195633940198439937e-01
7.315007034001874686e-01
6.934966373137516626e-01
2.358047901526775514e-01
2.896708783969604850e-01
2.281490183541378669e-01
3.859968453579391556e-01
2.517572917423120948e-01
8.213101763756857077e-01
8.079934243363309232e-01
2.797032860936986554e-01
3.601087953135190256e-01
2.538731921463376340e-01
2.879938981056176517e-01
2.446783314106087126e-01
2.466845976730316081e-01
9.474098159994213120e-01
3.016644604335105284e-01
2.422902433647070586e-01
2.874889861557658466e-01
2.465373214975033755e-01
3.655312514179735461e-01
2.525092430637037033e-01
3.251858829896785430e-01
2.570987565905508143e-01
2.855787728340842269e-01
3.705208590289747472e-01
3.893577614132688880e-01
2.492724643082408487e-01
4.974775420062130804e-01
4.973855375373296694e-01
2.468190600787658062e-01
