3.049009355763380724e-01
3.181236078514568244e-01
2.405758320385054105e-01
3.693270514905388491e-01
1.775973773581218662e-01
2.401781387827419123e-01
3.178006500786688115e-01
2.652253036380746165e-01
2.756463041582410400e-01
3.014175701117737249e-01
2.335206711234909527e-01
2.777502869153611331e-01
2.481948447548939507e-01
2.504847242132818286e-01
2.171498734922764073e-01
2.714700562787461524e-01
2.529740447824597727e-01
4.362946857858641669e-01
3.905500858671667186e-01
2.483606418554501760e-01
2.889509437360998079e-01
1.141282554979421660e+00
2.478896308469192566e-01
2.464578839159358992e-01
5.106848215508569266e-01
2.685134736532456823e-01
2.545766291616423649e-01
3.250626509272261933e-01
2.351147321768875809e-01
2.443164963138495516e-01
8.910453040872154951e-01
9.997508120529661202e-01
2.680726971010361503e-01
2.850590124937524283e-01
2.692776882965798868e-01
3.219667421690837195e-01
2.483192646200919895e-01
2.582877416994702191e-01
2.849831115701218498e-01
2.537886898594902685e-01
3.797407891440208738e-01
5.533626426029913947e-01
2.198415075836229193e-01
2.156854264273526389e-01
3.050242652356201511e-01
5.606448292967809444e-01
5.013109129102750749e-01
3.574516507673313193e-01
4.698291732780959795e-01
2.523460068921851707e-01
2.696530226556977383e-01
2.644460186194604878e-01
2.780248849159502322e-01
2.976103368806831129e-01
2.291679100674275660e-01
3.018189915241918375e-01
3.036476944004575240e-01
2.428803343025390526e-01
3.014185413276825876e-01
2.934967511096300830e-01
2.557473002397984141e-01
2.983779613867394986e-01
2.080911826146526755e-01
2.693374990945134884e-01
2.606586901948771406e-01
4.558990792724904040e-01
4.609952938212020235e-01
3.062867899230522495e-01
2.660814101893302919e-01
3.325707978536979192e-01
2.984851990102264097e-01
2.190374296075114358e-01
6.536661049276669688e-01
2.344103404547343561e-01
3.311271218573909603e-01
2.814884606063354777e-01
2.264623087717149985e-01
2.330970396755816243e-01
2.380846489772445451e-01
4.419524130248581595e-01
4.325809291396705003e-01
2.985515619008891619e-01
3.362833778578865895e-01
3.704698575616272027e-01
2.573494356876330214e-01
4.141763323293275456e-01
2.907294084683224589e-01
2.655888128026941408e-01
2.559678871192085370e-01
2.886476760983328060e-01
2.468450575266902258e-01
2.462085375286013067e-01
3.332521011288325785e-01
3.050278381193373689e-01
2.500705437802847042e-01
3.051544632728365181e-01
2.929459888894537789e-01
2.273046602922664250e-01
2.499826108340495734e-01
3.937442130850137278e-01
3.635622250154987856e-01
2.730289843488284962e-01
2.589295375242071651e-01
2.730289843488284962e-01
2.589295375242071651e-01
2.211030556747707876e-01
2.619343373679359210e-01
2.828153822136089679e-01
3.039814374037662081e-01
2.979778634077676625e-01
2.164740880351725960e-01
2.713865685339773570e-01
1.734472806547940338e-01
3.841914742559674467e-01
2.939651086070549368e-01
4.122914702632641815e-01
2.728977668199816242e-01
3.236600468314876911e-01
3.736459356284732580e-01
4.806797593057986484e-01
6.168259616298610304e-01
2.946561253742980280e-01
2.239777917728343892e-01
2.709647773984964481e-01
3.322923228125032047e-01
4.123675246082249002e-01
4.268658285806413710e-01
2.711068585034189793e-01
5.162879664330732865e-01
2.838824787193129362e-01
4.454299375608981038e-01
3.883555242159020260e-01
4.689087462909670156e-01
3.702540263920166552e-01
3.153593103162151134e-01
3.246017225920501126e-01
2.591756000578401831e-01
2.979348598327934416e-01
2.932309834114764646e-01
2.415728215991742867e-01
2.938855915835432708e-01
2.093348892194550337e-01
5.900779422212727443e-01
2.530569172250974885e-01
4.452616593537812029e-01
2.738354530737200365e-01
3.466009932027498408e-01
3.211847220400376179e-01
2.893838356492203223e-01
2.378264628413334913e-01
2.586416074422027700e-01
3.297382316879248210e-01
4.601898703268124668e-01
4.875262701630085349e-01
4.463146034635472326e-01
1.739199154557878324e-01
4.772814923423457922e-01
2.423727035104014382e-01
3.253986794914421887e-01
2.869678632616395886e-01
2.438661834154629837e-01
3.870210157330321588e-01
4.100054484687792877e-01
3.769951028182058628e-01
2.305521359127062631e-01
2.504051995199919056e-01
4.789501179276395848e-01
4.430666547087258045e-01
4.056987924359431452e-01
2.399404008394014076e-01
2.573099516172583368e-01
2.694478922660223930e-01
3.901921510469291143e-01
4.754260272642248375e-01
4.438270484019265494e-01
3.485651756619680408e-01
3.044691245221399778e-01
2.304934434959198253e-01
2.830239228451277289e-01
3.612544922389495095e-01
2.596389236135270284e-01
3.493282803493608091e-01
5.030370880485349749e-01
3.490019606934531282e-01
3.761370533171213282e-01
2.566300931844857081e-01
2.561361124944309675e-01
2.889605594732204685e-01
2.518226935569158886e-01
2.483144918736488738e-01
9.871954678460255206e-01
3.089071672373379651e-01
2.821845135917623870e-01
2.882853574060761925e-01
3.563395547835358501e-01
2.409156495466704684e-01
2.597989791195532971e-01
2.449733774426393618e-01
3.657693675374542597e-01
2.869883706909375221e-01
4.517453750204835083e-01
3.251537550504886021e-01
2.472533690128317641e-01
4.946679302337704254e-01
4.959559202830861602e-01
2.441429173440138600e-01
