2.428809489948066669e-01
3.769071518725797820e-01
2.507223383244902570e-01
2.398632727383293861e-01
1.823821177903186541e-01
3.982598461660161182e-01
3.017054892841961600e-01
2.577072009592781821e-01
3.834649159629212045e-01
3.006895478404860156e-01
2.330875151519088417e-01
2.499297894531929409e-01
2.613352932855162458e-01
4.899586303079538352e-01
2.965731091629293936e-01
2.630711230495151320e-01
2.757211258961673184e-01
4.135309249669384957e-01
2.921224446493007054e-01
2.477986093485353425e-01
2.921427829085111449e-01
1.353521923978460606e+00
2.502060480657615771e-01
2.388589073410021524e-01
7.721101732686892483e-01
3.032430111002636375e-01
2.591383721583777056e-01
3.249968765668627690e-01
2.192256258062294794e-01
3.014137256581657653e-01
7.768535667704551395e-01
9.978928344606405876e-01
2.929391656041136494e-01
2.278914220952712733e-01
2.589781783990794395e-01
2.440277750547300284e-01
3.049788647661676455e-01
2.638738360527861926e-01
2.961343473539174709e-01
2.509176583059467003e-01
4.095814518593523523e-01
5.696443877257452160e-01
3.547257785822534037e-01
2.333350276331168649e-01
3.708044204761258289e-01
8.333468712264047173e-01
8.597815408496708445e-01
3.477046431812909622e-01
3.731213339778521876e-01
3.058659964627163386e-01
2.485581373773576019e-01
2.459774626330233360e-01
3.134564399096576026e-01
2.752794950282781983e-01
3.481595730520403720e-01
2.653885520003363419e-01
3.599790969592971401e-01
2.626833838856210690e-01
3.076964564811756619e-01
3.843763922094171059e-01
2.958055262531904539e-01
2.848758346160703003e-01
3.487519213364355664e-01
2.432630544223210733e-01
2.676730274146646993e-01
4.679317763293599497e-01
4.490941077934328951e-01
3.090442635697763785e-01
3.411362471853136014e-01
3.952046414890642012e-01
2.928500923758386998e-01
3.575442946686734347e-01
1.090853908047613174e+00
2.821767086772771216e-01
3.562064548397575470e-01
2.348406813044568719e-01
2.866599453641331952e-01
2.502780993802887211e-01
3.034876063945713409e-01
3.268125476182455746e-01
4.931032949320672265e-01
2.847105824410177677e-01
3.614139057030921753e-01
2.637969218956309758e-01
3.811599248127351403e-01
2.768235331016619116e-01
2.247889357401864352e-01
5.076927734666107916e-01
2.525330218537527593e-01
2.716060253502581290e-01
2.583774724127626543e-01
2.413002237160810359e-01
2.957042124314460674e-01
2.477779533168184556e-01
3.033310376364740657e-01
2.655228006819140840e-01
2.781145430007171959e-01
3.566607581733809429e-01
2.261579455745366118e-01
3.901137682831591347e-01
2.629116361696258730e-01
2.709377263259397650e-01
4.420348250447373450e-01
2.709377263259397650e-01
4.420348250447373450e-01
2.822138598730253300e-01
2.980950963934922981e-01
3.163889347022701970e-01
2.590446367308318898e-01
2.844131777212698942e-01
3.538642868167358180e-01
2.400030416168366931e-01
1.759437339769304165e-01
4.003298813504200249e-01
3.441702429973139132e-01
4.500047760754044557e-01
2.348214378919466772e-01
3.932316062234764709e-01
3.713048909171658973e-01
5.423193241924754160e-01
4.112705050939783891e-01
3.015369945377967542e-01
3.488936413191764951e-01
3.715372871154019041e-01
4.066615387953685934e-01
5.038476039796053740e-01
5.156922291196157637e-01
2.430184753931025621e-01
2.871343837631573637e-01
3.248279813431739771e-01
2.769363412109605571e-01
3.771740157032887342e-01
2.869262483030687871e-01
4.738540503358464884e-01
5.157454665197205301e-01
4.710046704277919272e-01
3.040078154379986519e-01
2.621085617323842265e-01
3.021494012778421223e-01
3.673145445239198170e-01
2.831793811443281128e-01
3.342063710256801823e-01
1.312667451059890134e+00
2.371744268968903613e-01
1.438468511917281978e+00
3.593641159854570333e-01
3.926175538794170472e-01
3.393286226632920566e-01
2.853374286336857191e-01
2.422520357320127327e-01
3.023012879876562642e-01
1.369121897683163835e+00
2.919127212070327659e-01
1.341146258683654224e+00
4.129457244511126057e-01
1.723375069028778850e-01
1.339673710118512551e+00
2.446301454187140290e-01
2.609426274277449331e-01
2.956984363072994171e-01
3.742945461334887258e-01
4.224685960808919338e-01
3.592617258114827461e-01
3.861759741111589483e-01
3.480652888540018974e-01
4.305689601673924338e-01
5.524409349676533409e-01
4.811629697576091935e-01
5.779354255870852164e-01
2.559594307644075806e-01
2.993509844356829208e-01
2.371208221709596720e-01
4.759062648295966924e-01
3.272120552803554072e-01
3.409380926736926276e-01
8.015137769874706164e-01
1.097045642556479184e+00
2.533300714798239484e-01
2.977007430672251598e-01
3.575211419549533254e-01
2.676408522430294701e-01
3.880838915526609312e-01
1.379389345595269045e+00
1.310648964172025144e+00
3.693645878522314185e-01
3.110834655722424791e-01
2.616484185234512205e-01
2.774066372714244499e-01
2.502170999472267954e-01
2.506153206362585761e-01
8.803140804592236579e-01
2.288553682597173067e-01
4.433467115521144142e-01
2.822251708124239311e-01
2.801683565254580177e-01
3.361658204999554700e-01
2.321522995677499368e-01
3.842333772850822227e-01
2.402337712165121542e-01
2.586899404248043655e-01
4.457971100123276909e-01
4.959248826063936133e-01
2.350514818281908003e-01
4.998964280526372317e-01
4.942067107127858794e-01
2.495352305191486930e-01
