2.525831184288873654e-01
2.944102213751045860e-01
2.564704325595619228e-01
3.361716424029394523e-01
1.735534473472293837e-01
2.617834772661732923e-01
2.924027177011367384e-01
2.515794933871843830e-01
2.633033847153185558e-01
2.888894824025701191e-01
2.527175335692206093e-01
2.781044282643795884e-01
2.503897151359963935e-01
3.468213807788051994e-01
2.881481462783298531e-01
2.229810119395888024e-01
2.768236329262451778e-01
3.100713245920694860e-01
3.580987147396906267e-01
2.545532129060215087e-01
2.920776622298375536e-01
3.505091877314954196e-01
2.476744159344087537e-01
2.486715476402909519e-01
6.561232688112026423e-01
2.783828097675791202e-01
2.577277064614730828e-01
3.007247724259636268e-01
2.331529452593944784e-01
2.762565411075233457e-01
9.026521560062489291e-01
8.713722622394012296e-01
2.724420199713632473e-01
2.970790298799106388e-01
2.755648394369114573e-01
3.001940002188186463e-01
2.391048904420609578e-01
2.598907175766100308e-01
3.104754421054073399e-01
2.523921358019122207e-01
3.877346483049040060e-01
4.929973881298554406e-01
2.182524238945102446e-01
2.240979628156520298e-01
3.261237537034819001e-01
4.281368364043499075e-01
2.707737949869437055e-01
3.512759716813096400e-01
4.631449185998698925e-01
2.404882332190496352e-01
2.818215207422229418e-01
3.373967277940564391e-01
2.780641453684210007e-01
2.958129551558602577e-01
2.299669511013113232e-01
3.215667910778423066e-01
2.810035458749235437e-01
2.680428160021665063e-01
2.727536718059491161e-01
2.633927535160319189e-01
2.694534032003532698e-01
2.956147234620022934e-01
2.125157946661838382e-01
2.543295271226085896e-01
2.888157918127987611e-01
4.135083804463919877e-01
3.201787555354390635e-01
2.998971863814557381e-01
2.740554482779909429e-01
3.347836754519465940e-01
2.995951924522441412e-01
2.232503392502656336e-01
6.391884119747844872e-01
2.297530092200199825e-01
3.362183817724549439e-01
2.859692338470131157e-01
2.207237274017072315e-01
2.456781061838005098e-01
2.396582762288983204e-01
4.357168457065182521e-01
4.357687080682200453e-01
2.890818458555733939e-01
3.430915677010142883e-01
3.617486540583972343e-01
2.570968805008250202e-01
4.162241542765902635e-01
2.573937959299032463e-01
2.309953020649074540e-01
2.562486052946780779e-01
2.853103331791257413e-01
2.500224007752445687e-01
2.470207021757052090e-01
3.195453798431682202e-01
2.634121020291195769e-01
2.674868899504589947e-01
2.651402657276619723e-01
2.945468896195887476e-01
2.188484289370285774e-01
2.434898026079641287e-01
3.168967792171636932e-01
2.820937899686621897e-01
3.558482425988693243e-01
3.102710413146130275e-01
3.558482425988693243e-01
3.102710413146130275e-01
2.395296321870654666e-01
2.629541332470293202e-01
2.620877425024917828e-01
2.621129602961826399e-01
2.925470692098641745e-01
2.217050984595574370e-01
2.937082405516616146e-01
1.739022542490853140e-01
3.780175051550205279e-01
2.752727333142254151e-01
4.093351743590774028e-01
2.588222842940594570e-01
2.984223281685758344e-01
2.947652008797556067e-01
5.674360767754843549e-01
4.852726919400836003e-01
2.984664712481803761e-01
2.186538120812190622e-01
2.892207314044896171e-01
3.086633393001625980e-01
4.902412923918717524e-01
5.531805718595310672e-01
2.761088643715586821e-01
3.691493840795250780e-01
3.107007437678178108e-01
3.830621694235633035e-01
2.778269572787154806e-01
3.782899197317147744e-01
3.254382125986236551e-01
3.264495259476863365e-01
3.891284062572782920e-01
2.393916105344019163e-01
2.461875206151291628e-01
3.534669565451960538e-01
3.069226317125672843e-01
2.902845418466039606e-01
2.186313672955258747e-01
3.094387844618808336e-01
3.129069435520480669e-01
4.655963959375036265e-01
2.631441410209310328e-01
2.720646532246576710e-01
2.809763000380792186e-01
2.801258503692449775e-01
2.505919135894634220e-01
2.709038636846003434e-01
2.904569481300352529e-01
2.396116134386694907e-01
3.781332757692659752e-01
3.259221513845623752e-01
1.721743017521419894e-01
3.220658824043265422e-01
2.692642591712764433e-01
2.714040981621322346e-01
2.928326182969379632e-01
2.724268284749102875e-01
3.354278671171895820e-01
3.176037092883550184e-01
3.543050148742038497e-01
2.275509261141432094e-01
3.050657218846249408e-01
2.908854157139756924e-01
3.596279590025432404e-01
3.410054972417524977e-01
2.650166203415345034e-01
2.462892854542662602e-01
2.507992188916315923e-01
4.798712844868340821e-01
4.858540636417265079e-01
4.830466309686531901e-01
2.775332088147599574e-01
2.697107060764991071e-01
2.614604145420990067e-01
2.900882864497038027e-01
3.568026586014227397e-01
3.047169205483239440e-01
2.566081855843623249e-01
5.294758597423734336e-01
4.356098007917732495e-01
2.694637505329137706e-01
2.553414738064293532e-01
2.537289522190298019e-01
2.914924958875828587e-01
2.475074342371876568e-01
2.491329757572904313e-01
7.687460456181098856e-01
3.278552746693971232e-01
2.654558288984866787e-01
2.911949564892093445e-01
2.650879500797527766e-01
2.780119194900029789e-01
2.461948429093387680e-01
2.668315528589166874e-01
3.008536393104753182e-01
2.911009556969305634e-01
3.282271445543760158e-01
3.383445657405235729e-01
2.438288121753765525e-01
4.971168913247803745e-01
4.961092585775126462e-01
2.473090026417732457e-01
