3.015884781968217188e-01
3.030341310065141625e-01
3.724838361716836244e-01
2.303370533742228055e-01
1.727928017222278012e-01
2.863023532989313336e-01
2.424602708792875649e-01
2.885838175434214392e-01
3.182848201040054392e-01
3.055091764180331015e-01
2.406276697903894091e-01
2.376448552573323103e-01
3.052441574457556706e-01
5.028884970600243642e-01
2.875861889348640954e-01
2.411400090351384085e-01
3.837169381441056237e-01
2.503222974166645631e-01
3.617766999401605399e-01
2.542535269003679543e-01
2.891604571776559274e-01
1.141516084671637898e+00
2.532721164981587281e-01
2.383810035514428161e-01
5.388041059617733053e-01
3.098131158616697078e-01
3.260289247515209543e-01
3.736354618940109229e-01
3.534144241565594924e-01
3.445593205407750936e-01
1.267058409769787009e+00
1.281151136047534500e+00
3.410105506806788700e-01
2.373730505953404180e-01
3.023217475275118415e-01
4.007079448761280416e-01
2.557427049380586737e-01
2.688979795706997189e-01
2.468717058918466489e-01
2.370574808205237749e-01
3.492372538972109974e-01
5.032951617682107637e-01
2.292021275630214128e-01
2.236527916267386229e-01
3.147928525114563336e-01
1.024906710309135605e+00
1.038979005081339890e+00
4.794896889072149948e-01
3.435823909446796276e-01
3.019815967408503443e-01
2.668429451658830831e-01
2.520655433130239431e-01
2.852597252392961580e-01
2.808922776022978463e-01
3.452472273200759001e-01
2.056961150166979613e-01
3.384828130188283768e-01
3.020933931529021788e-01
2.445870091142365865e-01
2.614235085542789827e-01
3.191605329064038932e-01
2.850451443837622723e-01
3.514385065270539399e-01
2.433842411939575179e-01
3.566869451299834459e-01
3.277035152182246613e-01
2.080935384739821536e-01
3.062888756423936543e-01
3.205672797485060177e-01
3.802105900929236837e-01
2.969718465377479411e-01
3.663320423197287679e-01
8.591111826577131350e-01
2.720810200889648423e-01
3.569292898969015360e-01
2.347018548054113085e-01
2.681186912945842660e-01
3.084875468484579164e-01
2.525334817382822727e-01
2.497846377072681923e-01
5.261703656370585458e-01
2.814338357268361124e-01
3.616678053236374035e-01
2.492754769491193623e-01
3.353511711631269598e-01
3.627735453043000602e-01
3.595086540343547243e-01
3.993954067970609256e-01
2.476700650788759006e-01
2.979186421232780657e-01
2.425239372042208852e-01
2.496634853664020104e-01
6.590182473399355256e-01
2.412610795536981045e-01
3.041123722091397807e-01
2.742236489463427684e-01
2.779296438650548651e-01
3.595949093674574715e-01
2.487252545997447328e-01
3.928126595305173607e-01
2.237916515697529474e-01
2.525834501136797750e-01
4.415816692942584054e-01
2.525834501136797750e-01
4.415816692942584054e-01
2.886131434840495391e-01
2.531079207051608049e-01
3.109186129426946832e-01
3.656487170149578803e-01
2.818501629811519527e-01
3.522872218123383470e-01
3.470734928096013694e-01
1.733600927566548433e-01
4.187338184005173769e-01
3.733678359666662283e-01
2.464408678105769190e-01
3.062186091963507439e-01
2.687030159960733799e-01
2.862824939989571105e-01
6.903113812349753742e-01
6.872142379974960358e-01
2.869191952381490718e-01
3.688920538188973919e-01
2.351404672011839225e-01
2.598598439378247971e-01
3.990279374459828055e-01
5.438758776850448617e-01
3.664777953906366847e-01
5.153652277044967756e-01
2.438395441019276244e-01
4.242357114911133320e-01
4.525094514155498793e-01
4.596677768152642174e-01
3.094226589985232811e-01
4.214583195504354451e-01
4.416497045423779522e-01
2.507521004629402195e-01
2.994660582745781174e-01
3.111573651467759438e-01
2.511775835951557401e-01
2.810090617932503587e-01
3.423777448509305321e-01
9.954723260691146214e-01
2.326566696489747454e-01
1.056733418313011263e+00
2.678839167615096328e-01
2.418168580186406125e-01
3.317203249339994997e-01
2.422994949958043043e-01
2.987641156274691290e-01
2.261180436135089566e-01
1.097667145148392365e+00
4.612544525308869825e-01
1.200812197303016582e+00
4.475990318708897853e-01
1.762617890302932977e-01
8.232087431152658175e-01
2.363148793430873418e-01
2.363789064629916448e-01
3.104135535107395150e-01
3.565573024941279257e-01
3.767851150626583823e-01
3.652962021119573466e-01
4.203419034249722408e-01
2.930876111617242707e-01
4.504557793906209251e-01
5.116020639305954854e-01
5.080961547515835397e-01
6.005812513376203032e-01
2.983712329804312779e-01
2.424397715041571588e-01
2.406082631902174696e-01
4.292470755629007595e-01
4.156747123168164082e-01
5.458164925192361405e-01
1.172448622059204748e+00
8.352799978875464770e-01
3.055311207435706944e-01
2.981214602677736414e-01
2.485160084265412295e-01
3.888154021985568698e-01
2.796309747179605010e-01
1.341841525496955123e+00
1.079894213504434930e+00
2.860026435872334294e-01
2.506078446697707074e-01
2.487914511939257889e-01
2.830907736904125227e-01
2.531858879845042543e-01
2.514941157095245128e-01
1.007200370569758530e+00
2.372638205871742123e-01
4.359458510411100551e-01
2.767785813936971540e-01
3.690885705189954624e-01
2.295959553134699072e-01
2.561428477364563472e-01
2.736836768916655060e-01
3.119784745394405534e-01
3.555612958748800012e-01
3.241950106476593763e-01
2.858774950120329117e-01
2.429288177143607563e-01
4.914577031871419366e-01
4.977700847157203179e-01
2.560673932529030083e-01
