3.037237878353591380e-01
3.162410402470988702e-01
2.464456785117956905e-01
3.756494717286650298e-01
1.774655800316965459e-01
2.474810692234827303e-01
3.102173443775882444e-01
2.965684961632484296e-01
3.860499301956883400e-01
3.064736153581249511e-01
2.359031036589328556e-01
2.424332829948354917e-01
2.528064465268032301e-01
4.646985663087434548e-01
2.909192728495779146e-01
3.549591124689753796e-01
3.160544998930445160e-01
2.864321100935225961e-01
2.334614657577969710e-01
2.549433518615177308e-01
2.828108173981843665e-01
5.344869463576864543e-01
2.512549038905066978e-01
2.423785885494406933e-01
6.917016441723713438e-01
2.541827279183864752e-01
2.989595813098465116e-01
2.460559555505163198e-01
3.554988765229954994e-01
2.583634737706432816e-01
9.174597583788760558e-01
7.822261214409708119e-01
3.005051431097049419e-01
2.880156937421097241e-01
2.357483846359282875e-01
2.528706399196674615e-01
3.054286508175750314e-01
2.232562952933248301e-01
4.555171625407173908e-01
2.474916112827978687e-01
3.970290688738561391e-01
5.606255448632528893e-01
3.565094207175995011e-01
2.199773019973891575e-01
3.613320415720089884e-01
8.986694847211117443e-01
9.264883251040354484e-01
3.233228944609080613e-01
3.365864945902185545e-01
2.723140081997623696e-01
2.745571809256256435e-01
2.702444011210157204e-01
2.664611095673870000e-01
2.891435549101431524e-01
3.578697397931824842e-01
2.469895084174125177e-01
2.742334520582654922e-01
2.649999244793929121e-01
2.740207640070749240e-01
2.499588942462999119e-01
2.571437505215000141e-01
2.821183475620612224e-01
3.601062539184171629e-01
2.516335890391113717e-01
2.855973297668403243e-01
3.762782746788885802e-01
2.742622072259222055e-01
3.091091893432962312e-01
2.529942880736561484e-01
2.865732521739254857e-01
2.782772922865923149e-01
3.591632393649831778e-01
8.192098087500073733e-01
2.771588950021514619e-01
3.528598791155726500e-01
2.267370753244046799e-01
2.713150461067923569e-01
2.523497098975766573e-01
3.052220159350015893e-01
4.622432451552077048e-01
2.211091575565400646e-01
2.853205148957615456e-01
3.571551306264874048e-01
2.462874987517900127e-01
2.580111620505549652e-01
4.300100532288300137e-01
2.566521030292241989e-01
5.078929997939147789e-01
2.513687378806639394e-01
2.849095992088636065e-01
2.468645986000616577e-01
2.440147782267362842e-01
6.161676133815945366e-01
2.612177075520268899e-01
2.655095447990395430e-01
2.620661526975620048e-01
2.847455346868483783e-01
3.591689624088553745e-01
2.392915866428398930e-01
2.944321551990908281e-01
2.801688738194632045e-01
2.958267144150507622e-01
2.662859965123660078e-01
2.958267144150507622e-01
2.662859965123660078e-01
2.708666354565509859e-01
2.979883065223623562e-01
2.948479063971368164e-01
2.299082866606571574e-01
2.797037420044785616e-01
3.563645479052016674e-01
2.761446005768267709e-01
1.712906519648012826e-01
3.768908483760015637e-01
2.582099797328474833e-01
4.513585524402937699e-01
3.030254101733710348e-01
2.582313121831905089e-01
2.879439631993503390e-01
5.334243577122849134e-01
4.053526730348877005e-01
2.878440171541314929e-01
3.636704766082650697e-01
2.380418975978864093e-01
2.773478694445701831e-01
3.596995573909654853e-01
5.255069104887383213e-01
3.531059172678732705e-01
5.217475357679046688e-01
2.200102603025308190e-01
4.591948618966643636e-01
4.486576442225779782e-01
4.453066200177238643e-01
4.714477012683606083e-01
4.017494451231514163e-01
3.692745799991915545e-01
3.051590804111540822e-01
2.498315399874191101e-01
2.625035418034584733e-01
3.227959038302961603e-01
2.888401832156812232e-01
3.216899216956422558e-01
1.260803030995589324e+00
2.400249837908584871e-01
1.327968616849058758e+00
3.575856021437929244e-01
2.826100241299627225e-01
3.333867548454813590e-01
2.909940299346661097e-01
2.534679582746192650e-01
2.481969447957958208e-01
1.219208486495880095e+00
2.783153392870975074e-01
1.317245834235142299e+00
2.557348121645496297e-01
1.713860709749273625e-01
1.172899847226080094e+00
2.430804185679987239e-01
2.761337176009794336e-01
3.488059541475934111e-01
2.717421894491901524e-01
4.115447824455462089e-01
3.801596642797281378e-01
3.975184935522482199e-01
3.308577798975840811e-01
4.318701427341680721e-01
4.991396068925709750e-01
5.328622373535343293e-01
5.473748873344457255e-01
2.589909849888900051e-01
2.697149373855637355e-01
2.289177241902916327e-01
4.427067727866279001e-01
3.352455669468873967e-01
3.738451157896202637e-01
1.502810540921871940e+00
1.170622698655088056e+00
2.453961399366459128e-01
2.845211843824710374e-01
2.984413717421938173e-01
3.635554616692328600e-01
3.631344674185146282e-01
8.515949774411434303e-01
7.306263724848436336e-01
3.605700763878059711e-01
2.643360720091555982e-01
2.566977245866668422e-01
2.819427209537555545e-01
2.438103238551540541e-01
2.448197017097988593e-01
1.203260936065141617e+00
4.571623360054922203e-01
2.372189716996868092e-01
2.827727061048871393e-01
2.202781090286359267e-01
3.772016659151519735e-01
2.668536328965556148e-01
3.311723065731599358e-01
2.891482857823959307e-01
3.566251579221749735e-01
3.237903787032053171e-01
3.465387736217870884e-01
2.506260562350058896e-01
4.982599389382545430e-01
4.945014126399874255e-01
2.446679818303660880e-01
