3.042779461470916380e-01
2.850388276051428194e-01
2.425833503404608293e-01
3.974050857539098702e-01
1.767396473572639404e-01
2.689370563838979766e-01
2.527172053069787205e-01
2.660203510997960485e-01
2.922317181589753066e-01
3.015663319904814954e-01
2.467968192226682733e-01
2.467302831249037209e-01
3.067109012957600633e-01
4.703757286751420463e-01
2.885727909602088248e-01
3.486578205554516363e-01
3.791366388835102352e-01
2.705571437545380431e-01
3.633892739006421846e-01
2.533222058359958506e-01
2.941998639453041742e-01
1.785643550124942802e+00
2.449409692506521463e-01
2.589056007393699121e-01
4.146558597395370027e-01
3.020781836979468116e-01
2.950164739905792866e-01
3.703072819436233898e-01
3.579992192486023406e-01
3.339626308402757759e-01
1.088557032199478414e+00
9.622221603888005959e-01
2.503470390030198001e-01
3.038865620959002589e-01
2.410812348328327248e-01
2.954953955949831679e-01
3.026238865958366109e-01
2.556070201152176313e-01
2.455631160562362636e-01
2.448078564893459153e-01
3.883846803968245553e-01
5.623164081279561355e-01
3.582464354313637522e-01
2.158396937546611105e-01
3.667283468874540930e-01
1.004991435845703274e+00
9.056258224108223454e-01
3.497755467857595613e-01
2.708303518836743806e-01
2.561786790288978488e-01
2.986164286067188867e-01
3.077702180044247227e-01
2.488201535593048963e-01
2.692246456976470359e-01
3.542184991095860824e-01
2.292326661847676750e-01
2.592260368488739641e-01
3.021432833359423142e-01
2.478594665228971983e-01
2.603451756866715927e-01
2.976350148192669631e-01
2.851549060501444299e-01
3.727328480359263230e-01
2.379590125842187265e-01
3.540447079611722114e-01
3.627633669321169152e-01
2.346536035920213648e-01
3.039824357700207091e-01
2.657612087150101887e-01
2.852715328948727258e-01
2.802027350000517170e-01
3.564963662014461465e-01
5.901531501878117814e-01
2.816435075398296406e-01
3.536988815935547259e-01
2.189196780659471708e-01
3.227054877098751717e-01
2.654422081159614200e-01
3.135101906436648656e-01
4.636886408014318506e-01
2.277718536268227845e-01
2.866759413131494405e-01
2.092372736753435325e-01
2.637948377549510504e-01
2.506098467224095461e-01
4.370293367513939375e-01
2.507045394390728377e-01
4.986424933899731848e-01
2.627854207076898430e-01
2.858415206927202301e-01
2.408619982841594398e-01
2.470223471329158760e-01
5.604813366829707322e-01
3.029153226388722753e-01
2.683446979802962540e-01
2.775870990035027575e-01
2.714334932952683910e-01
3.695126643631274632e-01
2.292733665631980222e-01
2.536810725104413633e-01
3.500313033936934826e-01
3.175338623068259536e-01
1.850329955073064248e-01
3.175338623068259536e-01
1.850329955073064248e-01
4.605035439548419984e-01
2.417732549850175328e-01
2.540659535270118896e-01
3.126940217211074957e-01
2.775544294040951931e-01
3.479132491210206179e-01
3.657103354782128002e-01
1.784335738787534709e-01
3.656675778249262043e-01
2.409052721116516915e-01
3.291331047845547086e-01
3.054372067152688608e-01
3.357681683225130498e-01
3.844302450607679500e-01
6.679957872973901756e-01
6.598543431488684829e-01
2.931222292410044505e-01
3.533474224648561757e-01
2.381276832109222308e-01
2.501435079486935553e-01
4.494950737611678737e-01
5.559680308697612094e-01
2.533551947865071985e-01
4.241552762360910611e-01
3.891392608810870790e-01
4.722670413177877946e-01
4.379909523711797426e-01
4.623443571482634407e-01
4.579600016545507524e-01
3.481764212699751115e-01
4.530219096352949837e-01
2.621568450678448681e-01
2.989481456407698245e-01
3.837829410142680753e-01
3.087724721629212521e-01
2.706787682844974952e-01
3.562464588426058065e-01
8.239508249466115375e-01
2.145829485726140906e-01
9.662830781575539874e-01
2.659916138741462155e-01
3.554939728895231688e-01
4.328142326776353577e-01
2.978821116511364275e-01
2.437308973473841789e-01
2.825237525627199431e-01
7.904801788214431690e-01
4.433137577465069423e-01
8.609074020145980333e-01
4.530121829390581500e-01
1.751799104990284239e-01
1.341275179688288244e+00
2.428434581057328789e-01
3.578970700328133470e-01
2.387736794727870759e-01
2.965146897719513341e-01
4.010728405279679887e-01
3.768658629728205978e-01
4.033109777404142449e-01
3.273454622830886951e-01
3.901030158796180980e-01
5.485155543173537707e-01
5.170458221205015414e-01
4.724407486020378300e-01
2.448501271748732000e-01
2.510934706223824087e-01
2.553753896694236913e-01
3.666591239980432348e-01
3.600259599741146843e-01
2.965144806478919870e-01
1.432525524402302297e+00
1.450610391636387275e+00
2.302876261601095875e-01
3.014765490543572790e-01
3.529827052119406949e-01
2.544679977174623686e-01
2.656384187228861271e-01
1.777264240794768746e+00
1.473176513389575115e+00
3.496001645972308114e-01
3.780533747641203202e-01
2.464266562262288074e-01
2.957461576589804353e-01
2.538208974960395881e-01
2.411074238423972782e-01
1.104067206534727230e+00
3.952152574406883057e-01
2.766770424682087892e-01
2.904471761003554753e-01
2.415379468517405703e-01
3.714557550125718866e-01
2.409846569644116809e-01
3.496984893116495408e-01
2.404202403839839630e-01
3.661433282531679767e-01
2.928781523783974827e-01
4.995553529049211461e-01
2.482933493865224217e-01
4.965257957296351776e-01
4.988598518669190574e-01
2.543161147524730104e-01
