2.511218105789216892e-01
2.719530453678003501e-01
2.323695744905050209e-01
3.740610489784073622e-01
1.731553215207780050e-01
2.862476082741165495e-01
3.193319491809720190e-01
2.802601683420795076e-01
2.555306284968854591e-01
3.028102147196874983e-01
2.475288431336896411e-01
2.727496421573540886e-01
2.477208593592128139e-01
3.038268799266248266e-01
2.984068508781853590e-01
2.316263252124239613e-01
2.711010688945431624e-01
3.277976837811564237e-01
3.738070763384397366e-01
2.536677507163115908e-01
2.880331783786512778e-01
5.157927692375141593e-01
2.485639860299748705e-01
2.488036358206624776e-01
6.461634359245487236e-01
2.756248433464911773e-01
2.626119126799520975e-01
2.981269213175102850e-01
2.297993190203117819e-01
2.874988784758368832e-01
6.632776528837945884e-01
5.946597652727255712e-01
3.049701601624067449e-01
2.598513596254838354e-01
2.382654303499432691e-01
2.497993537196183389e-01
2.912298411326070258e-01
2.811753529424493303e-01
3.157174189966067690e-01
2.881448768149116879e-01
3.457375215514869593e-01
4.760907348332549804e-01
2.112132141427135179e-01
2.180597559642220018e-01
2.694158527790744273e-01
5.156089609634211257e-01
5.198812420348737362e-01
3.425715257138592373e-01
4.727708240667095052e-01
2.666111750346639719e-01
2.699264206425445733e-01
2.802250313025529405e-01
2.701415643175973935e-01
2.976113315457786235e-01
2.213122440859284501e-01
2.682517496873136897e-01
2.847289978639008790e-01
2.720321826960521161e-01
2.587025856158696180e-01
2.590901398682152745e-01
2.796263247079691094e-01
2.991259009100086241e-01
2.170168458658421617e-01
2.640189156793743552e-01
2.967905625081654342e-01
3.927014483023805735e-01
3.143591985434188163e-01
2.900978472157583199e-01
2.898638766313306192e-01
2.872243203615263973e-01
2.987501532638336399e-01
2.246102969346479572e-01
7.240009955631928618e-01
2.290895011407077242e-01
3.278149490096941010e-01
2.837079074272729207e-01
2.192023608471722340e-01
2.386288032573523066e-01
2.397559376046148050e-01
3.735029043262246828e-01
4.376431596734552398e-01
2.916082150540552087e-01
3.316487375177452623e-01
3.359093251217640241e-01
3.535899084441057605e-01
2.718518447641647962e-01
2.781976982876641635e-01
4.392019525233042399e-01
2.556475810529472148e-01
2.862888762510187313e-01
2.480513769349337316e-01
2.482693997886712411e-01
6.723399954195244943e-01
2.880228981668599419e-01
2.498035833453094157e-01
3.117278122700615217e-01
2.959492211951999519e-01
2.283838944891622980e-01
2.581455100228402522e-01
3.128511619288145695e-01
3.316519968535133200e-01
2.755902662777862111e-01
2.663555487692662593e-01
2.755902662777862111e-01
2.663555487692662593e-01
2.420003731366715538e-01
2.440661464690946358e-01
2.705196829910274658e-01
3.129122385486797775e-01
2.972773822863519766e-01
2.158594538925534267e-01
3.610606605025639682e-01
1.743221303906654640e-01
3.841464883272052711e-01
2.880493878204551939e-01
3.282219465430006866e-01
2.615352531559612115e-01
3.140984911439451688e-01
2.856184293010956554e-01
5.763325741458718010e-01
5.609651555408857737e-01
2.967313072855664591e-01
2.205728389314278171e-01
2.899982439247202337e-01
3.171849849182065695e-01
4.173030475014181118e-01
5.289779471819089363e-01
3.084094740754140807e-01
3.811094497472339304e-01
3.021449520317229243e-01
3.839013361870999841e-01
3.364241067984894418e-01
3.415602582057410963e-01
3.803633466007603769e-01
3.043780585433251140e-01
3.515006381136728808e-01
2.630393201337291598e-01
2.570645070557534551e-01
2.666343905920375290e-01
2.859396206938115692e-01
2.989498458912334122e-01
2.115779995228663501e-01
3.357480403255588275e-01
2.642087327695579191e-01
2.936561942030048167e-01
2.994620548014348960e-01
2.931866290981373080e-01
2.778111291314997455e-01
2.568379445289860064e-01
2.460072838913752724e-01
2.657111765648991208e-01
3.602955086936653895e-01
2.905585367973243516e-01
4.711383482427515257e-01
3.062119900300627195e-01
1.739366843639630622e-01
3.167061022380631696e-01
2.460131879600913063e-01
2.766146799269144085e-01
3.326836572762801869e-01
2.630612093633856730e-01
3.818859506702937390e-01
3.379201153272576863e-01
3.868998864090695267e-01
2.315756395462849893e-01
2.620916008040173883e-01
4.365080994176224194e-01
3.923854023140090352e-01
3.724035403193093341e-01
2.622679343167541588e-01
2.586096205380973845e-01
2.485750307743993248e-01
3.319455066955873668e-01
3.839565178339162110e-01
4.203671073155130222e-01
2.533239416612097505e-01
3.313681572776781548e-01
2.446629635475869591e-01
2.826117063596131906e-01
2.245491799208236550e-01
3.043480549753136422e-01
2.596084159394065338e-01
6.849165158333476722e-01
5.764747592005432519e-01
2.840113434561298833e-01
3.078938190413436082e-01
2.537727100464069463e-01
2.894060605870925618e-01
2.462717796039421703e-01
2.474185793860758098e-01
9.705629973261555854e-01
2.430312157338092027e-01
3.115227081263710618e-01
2.949099246385212814e-01
2.901536186666709982e-01
2.983331000977417768e-01
3.091173692994447220e-01
2.826511409508669637e-01
2.485133897826106442e-01
2.661961034174247231e-01
4.920415715400705547e-01
4.884057358535873750e-01
2.491853900130410748e-01
4.966171684481565096e-01
4.985447257804431764e-01
2.483561545972544915e-01
