2.427302598790260224e-01
3.208935780137893157e-01
2.492135844628702301e-01
2.355968504000743868e-01
1.742388370358236016e-01
3.034777756677471405e-01
2.767937654649586521e-01
2.755034951092545370e-01
3.316564356132124525e-01
3.035609828825888701e-01
2.561584447027848155e-01
2.375312096525159233e-01
2.497820674715754974e-01
2.838572660621543342e-01
2.911867378133740636e-01
2.344911797102901541e-01
2.750869591644308776e-01
3.190139080021625051e-01
3.430670522236043962e-01
2.531990875993266332e-01
2.879025585622803085e-01
4.879993625257981193e-01
2.465360096852014793e-01
2.464039530728086291e-01
5.660737642781604739e-01
2.513832189550924689e-01
2.850799371089465239e-01
2.549863784562688140e-01
3.568100066409203297e-01
2.523199953868114909e-01
1.023512616994547209e+00
7.949380732310787900e-01
2.772937274434886801e-01
2.561505134731469902e-01
2.590380218277086866e-01
2.896758126106700471e-01
2.587087474362305684e-01
2.367459206886949330e-01
4.189715641629664367e-01
2.353208322236979289e-01
3.807522243728449496e-01
5.353981004253514087e-01
2.334998920902696673e-01
2.331814179919102503e-01
3.718859914121192545e-01
8.732884187075868887e-01
8.314234985631306918e-01
3.621879318792285973e-01
3.908455238552086541e-01
2.636487300259716671e-01
2.771789493868058729e-01
2.779405987592694638e-01
2.594944210409811935e-01
2.844461175661803787e-01
3.553433053580007939e-01
2.331626898782074853e-01
2.714177601076215307e-01
2.659526540928755511e-01
2.725404858667603292e-01
2.718650844620653650e-01
2.609600048198954525e-01
2.826602201365619460e-01
3.584761929827238180e-01
2.396712763268732116e-01
2.787016355817908408e-01
3.115592545416801529e-01
2.794639532554121786e-01
3.038583125598769974e-01
2.545272232556264336e-01
2.857128730951982720e-01
2.875924244408200048e-01
3.587989281209227332e-01
9.508890168729442482e-01
2.815741183565941275e-01
3.571123456122811124e-01
2.285910112351638712e-01
2.701378461921143947e-01
2.364620680703083400e-01
3.015249980511234829e-01
2.969371766705326543e-01
4.783744429784476671e-01
2.825228380206793455e-01
3.572730873680134422e-01
2.525155485632656349e-01
3.816942004302094071e-01
2.622905998201488509e-01
2.367230463921021488e-01
4.920126184611064435e-01
2.534457951782326801e-01
2.883079908038327366e-01
2.488858187990354021e-01
2.476763475202359843e-01
3.232348255679878823e-01
2.503473175829749597e-01
2.856998491046447985e-01
2.562485655600599266e-01
2.829062672381988386e-01
3.581704914127172290e-01
2.459079200431066869e-01
3.447676329850855037e-01
2.568933521416830179e-01
2.630706909016909956e-01
3.279165839934706228e-01
2.630706909016909956e-01
3.279165839934706228e-01
2.852881218064687308e-01
2.645507875780074847e-01
2.997968496900828006e-01
3.140297137774949454e-01
2.848355643639483015e-01
3.608522821835791761e-01
2.930293106955939586e-01
1.756964266984346601e-01
3.933893425938129740e-01
2.909940960816980726e-01
2.573178167598632049e-01
3.034324273528554716e-01
2.659045834947943998e-01
2.866247624235787050e-01
4.872111619476418576e-01
5.689529902799161931e-01
2.839150269686805950e-01
3.572753799898727434e-01
2.371312693029126173e-01
2.665177620419281190e-01
4.260409936891099703e-01
5.709997250627638632e-01
2.587960708636938834e-01
4.837345069960801713e-01
2.378585691522193402e-01
4.490820234578460912e-01
4.488141690656342053e-01
4.482800033126323469e-01
3.964566430719881351e-01
3.776245868512695392e-01
3.732966097211239398e-01
2.498770006609699057e-01
3.039543468030976858e-01
3.807253929765019862e-01
3.100893966106500477e-01
2.795107046074806201e-01
3.533644955358354878e-01
5.538585821260882947e-01
2.329193745992060860e-01
4.744660301543885406e-01
2.529630256398331389e-01
3.173697750353633440e-01
4.083064305205610922e-01
2.843956613904693453e-01
2.244549698896750878e-01
2.679762252945386281e-01
3.119488927434572179e-01
4.557991234726894159e-01
2.102675379590943361e-01
4.520003256787245571e-01
1.728943841447547758e-01
3.842762948329485617e-01
2.649466745818509494e-01
2.831523201527926248e-01
3.177248475675850670e-01
2.901185643348579424e-01
3.090846492133962897e-01
2.995132422108993664e-01
2.675411967822919346e-01
3.500489482641988559e-01
2.981194102244147937e-01
4.525366907723877841e-01
4.094486064469735065e-01
3.990056872589322068e-01
2.478296060711792925e-01
2.581784745357974531e-01
2.640633405607104023e-01
4.246950734903748859e-01
4.243535491916073377e-01
3.882522812018514569e-01
4.511779057719819130e-01
2.754920264592459200e-01
2.429195893481407298e-01
2.920495436354493268e-01
3.509999908275915348e-01
3.770081288396834318e-01
2.446089344971018043e-01
6.796032965025972095e-01
5.930928405430258010e-01
3.263018639641397378e-01
3.592493372672793672e-01
2.560151401402020466e-01
2.893463292699314238e-01
2.477604780470169243e-01
2.476066168591037620e-01
7.510401650803572027e-01
2.541491835676314426e-01
3.228327531550956864e-01
2.950293059971388909e-01
3.018607166806943076e-01
2.445502919974189837e-01
2.540691706772557623e-01
2.686383587852812505e-01
3.184965592327467232e-01
3.499659557020464162e-01
4.003642861938240260e-01
3.176847640014470175e-01
2.460205873955581268e-01
4.969486452402280818e-01
4.963481245001324371e-01
2.497907071995262573e-01
