2.449359379575430373e-01
2.810992784816020995e-01
2.352473867464870416e-01
2.722802523822685505e-01
1.750057214221931445e-01
3.742776633394451768e-01
2.653802184430454347e-01
2.721785500642111555e-01
2.782938479332180415e-01
3.006073225764364087e-01
2.445246694029306056e-01
2.505250912505970207e-01
2.668110920504074279e-01
2.873140048405159463e-01
2.939617750565962084e-01
2.198879030829373193e-01
2.620156960192832063e-01
3.790917803052187840e-01
3.786474013989601928e-01
2.548826723214266954e-01
2.876934411832334781e-01
9.365499628556032130e-01
2.468089908914817276e-01
2.472820328097584675e-01
7.240171442177146810e-01
2.795767256480657936e-01
2.625800682961630383e-01
2.933023779502691442e-01
2.335120565343517529e-01
2.599512713867442870e-01
7.488827705773924981e-01
7.408223968497241740e-01
2.600187486688924077e-01
2.767491088708480262e-01
2.711870689219262331e-01
3.098096955864027557e-01
2.494278516562757342e-01
2.826775532660197321e-01
3.263391036200203876e-01
2.875747388843191699e-01
3.242331057768029767e-01
4.821323907827068656e-01
2.128875084787718308e-01
2.186482965821889835e-01
2.701842139152392241e-01
5.374479388163029281e-01
4.285704151570756126e-01
3.295145475952723224e-01
4.372152158804806232e-01
2.752874684430463015e-01
2.581805175009490583e-01
2.697492705642781097e-01
2.905175744811562266e-01
2.980261581211441912e-01
2.288239773787778264e-01
2.687935926189566338e-01
3.095118759182806656e-01
2.602868578973602243e-01
2.718766149008003952e-01
2.768724196551732852e-01
2.683711487483421143e-01
2.979644692223159530e-01
2.154632637435015263e-01
2.749249925518607585e-01
2.760003158222089081e-01
3.657715916081920038e-01
3.473285431110544330e-01
2.981515414975319245e-01
2.907415249425669423e-01
3.348351581022719348e-01
2.970148702555268638e-01
2.219439521872887677e-01
6.855963020460197344e-01
2.296013265719548113e-01
3.311566085762962519e-01
2.835104091327080300e-01
2.185573753482726589e-01
2.411498808756732393e-01
2.372691431039690990e-01
4.170356001700399884e-01
4.376631211431374346e-01
2.937777200153753321e-01
3.409616485734240920e-01
3.472114608935074620e-01
2.904299177066099191e-01
3.019005918334302652e-01
2.803376725721827833e-01
2.886257892831713967e-01
2.556552575105607295e-01
2.860932517550067722e-01
2.478917216639142662e-01
2.480616838629165211e-01
3.707239109885230866e-01
2.559633644477571912e-01
2.481526290133725665e-01
3.038429550040941396e-01
2.943227507284819078e-01
2.272824468358012329e-01
2.706202962078257945e-01
2.651510325684702796e-01
2.919317958352474762e-01
3.128748854865624485e-01
2.734881233326663108e-01
3.128748854865624485e-01
2.734881233326663108e-01
2.391248223047602040e-01
2.452103960295008989e-01
2.988093042684709655e-01
2.980610801285649147e-01
2.973605894777222591e-01
2.170589590473955000e-01
2.993550823405495831e-01
1.747214277320060238e-01
3.715932604653488514e-01
2.564263276792390078e-01
2.662198746004728056e-01
2.652433775254883219e-01
3.165959928396138712e-01
3.412570833182796970e-01
4.664731267859966723e-01
5.101057799231458745e-01
2.957352118278704922e-01
2.284842593129208788e-01
2.909397360012317413e-01
3.076049130334699289e-01
4.798059732498461405e-01
4.858967687495105992e-01
2.776920118295094220e-01
4.737525146446610047e-01
3.293424784486808643e-01
4.196337107084689988e-01
3.875337518827250416e-01
4.038090955930283554e-01
3.371896797049256378e-01
3.250931384246125710e-01
3.012852189924497548e-01
2.859546768756048851e-01
2.515397495171435294e-01
2.526699808161512184e-01
2.976304971252182185e-01
2.982632968662354833e-01
2.139286320115654505e-01
3.322483349811068964e-01
2.632628994215236995e-01
2.467176727304954131e-01
3.302005210583208727e-01
2.986327577564290570e-01
2.548878062482705098e-01
2.694546408150743644e-01
2.474623967724511875e-01
2.802340573805279789e-01
3.188935558800467529e-01
3.446151099693344766e-01
4.055876460261295113e-01
3.097074970836868335e-01
1.737827179683616996e-01
3.420950250465600306e-01
2.639147231596863930e-01
2.791632634096665178e-01
2.781526974267002350e-01
2.669877863757740277e-01
3.157482206389451984e-01
3.247655106976043982e-01
3.064828019856982166e-01
2.179256522827077991e-01
2.857960417263611941e-01
3.305628535822003333e-01
3.273499769161235529e-01
3.328568743980095390e-01
2.539574657322908324e-01
2.526810832887524394e-01
2.671290095415178034e-01
3.557419420445359637e-01
3.696395553154601110e-01
4.468753352632241493e-01
2.815879483446026565e-01
3.071658776252623180e-01
2.371268647281593034e-01
2.899704459400432865e-01
2.803542840521615065e-01
2.609112959565977885e-01
3.532898522658988738e-01
4.157543558711998544e-01
3.104838313872002598e-01
3.734392410152296282e-01
2.629359728209114677e-01
2.573073207534473661e-01
2.876733100030528512e-01
2.488590896991605406e-01
2.470525730159233713e-01
7.727260671879830900e-01
3.102675165418865566e-01
2.668185343298522527e-01
2.824937933533686052e-01
2.964569443786497782e-01
2.698706925208326779e-01
2.989798625442579572e-01
2.477938706331005991e-01
2.882858566126927924e-01
2.728170591334685424e-01
3.553115940034030640e-01
4.174697756729746079e-01
2.491844379667584874e-01
4.955287779751124111e-01
4.974649544898262499e-01
2.475659021182264607e-01
