2.290733605623245239e-01
2.656760811805725098e-01
2.557140886783599854e-01
2.899554073810577393e-01
9.736186265945434570e-01
2.873553037643432617e-01
3.561691939830780029e-01
2.909311950206756592e-01
3.412044346332550049e-01
2.872260808944702148e-01
3.584717214107513428e-01
2.781041860580444336e-01
2.834553718566894531e-01
3.577976226806640625e-01
2.843670248985290527e-01
3.611533343791961670e-01
2.755999863147735596e-01
3.759079575538635254e-01
4.049630463123321533e-01
2.633671462535858154e-01
2.796328663825988770e-01
3.567865490913391113e-01
2.891026139259338379e-01
3.499540388584136963e-01
1.757235229015350342e-01
3.957810103893280029e-01
3.632145524024963379e-01
3.282372951507568359e-01
2.557840943336486816e-01
2.922505438327789307e-01
3.572173416614532471e-01
3.552590608596801758e-01
1.035859584808349609e+00
1.045786619186401367e+00
3.553403317928314209e-01
3.369160294532775879e-01
3.029823303222656250e-01
4.293846487998962402e-01
2.469714134931564331e-01
2.953291833400726318e-01
2.794840037822723389e-01
3.434363603591918945e-01
3.421059250831604004e-01
2.796526253223419189e-01
2.489458024501800537e-01
4.963920712471008301e-01
4.978979825973510742e-01
2.473206669092178345e-01
