2.886188626289367676e-01
3.939613997936248779e-01
2.539238333702087402e-01
2.919951081275939941e-01
1.319791913032531738e+00
2.988994717597961426e-01
2.256189584732055664e-01
2.931207418441772461e-01
2.258091270923614502e-01
2.974820435047149658e-01
2.203363925218582153e-01
2.248470336198806763e-01
2.270083874464035034e-01
3.375784754753112793e-01
3.038033246994018555e-01
3.332805633544921875e-01
3.239104151725769043e-01
3.463550806045532227e-01
3.338270783424377441e-01
3.031565248966217041e-01
2.990806102752685547e-01
2.301360964775085449e-01
2.481712698936462402e-01
2.231704741716384888e-01
1.737971007823944092e-01
3.765840530395507812e-01
3.748805224895477295e-01
2.825871407985687256e-01
2.855577766895294189e-01
3.039135038852691650e-01
2.177828997373580933e-01
2.081475257873535156e-01
6.014140248298645020e-01
1.015339493751525879e+00
3.333334326744079590e-01
2.652173638343811035e-01
3.703850805759429932e-01
4.283181428909301758e-01
2.299791723489761353e-01
2.939058542251586914e-01
2.630494832992553711e-01
3.463509082794189453e-01
3.718318939208984375e-01
2.527142167091369629e-01
2.497436553239822388e-01
4.947636127471923828e-01
4.986648857593536377e-01
2.493123710155487061e-01
