2.355135977268218994e-01
2.641562521457672119e-01
2.547316551208496094e-01
2.895012497901916504e-01
1.393028020858764648e+00
2.840433716773986816e-01
3.574995696544647217e-01
2.875480651855468750e-01
3.556908965110778809e-01
2.855716347694396973e-01
3.596729040145874023e-01
2.705994546413421631e-01
2.811244428157806396e-01
3.587512373924255371e-01
2.836021184921264648e-01
3.593582212924957275e-01
2.710200548171997070e-01
3.808223009109497070e-01
4.143886268138885498e-01
2.652954161167144775e-01
2.805067896842956543e-01
3.575618565082550049e-01
2.885045111179351807e-01
3.594377636909484863e-01
1.757323443889617920e-01
3.948281109333038330e-01
3.669092059135437012e-01
3.238212466239929199e-01
2.613308727741241455e-01
2.841307818889617920e-01
3.580741286277770996e-01
3.504459857940673828e-01
1.388372182846069336e+00
1.217934966087341309e+00
3.546930253505706787e-01
3.795464038848876953e-01
3.297361135482788086e-01
5.329410433769226074e-01
2.480151653289794922e-01
2.960697412490844727e-01
3.201791346073150635e-01
2.961162030696868896e-01
2.950426042079925537e-01
3.239612877368927002e-01
2.487020045518875122e-01
4.970608651638031006e-01
4.965468049049377441e-01
2.493576407432556152e-01
