2.359297275543212891e-01
3.873535692691802979e-01
2.523652911186218262e-01
2.922188341617584229e-01
1.426973342895507812e+00
2.903262972831726074e-01
3.101367354393005371e-01
2.815578579902648926e-01
3.366227746009826660e-01
2.967813611030578613e-01
3.608756959438323975e-01
2.904375195503234863e-01
2.726855874061584473e-01
2.238263636827468872e-01
2.904436290264129639e-01
3.403052687644958496e-01
3.183059990406036377e-01
3.891256153583526611e-01
3.635762035846710205e-01
2.567322850227355957e-01
2.979876101016998291e-01
3.538300395011901855e-01
3.088215589523315430e-01
2.361388206481933594e-01
1.737978160381317139e-01
3.905768096446990967e-01
3.823017179965972900e-01
3.231815695762634277e-01
3.029636740684509277e-01
2.861307263374328613e-01
2.182988226413726807e-01
2.993624806404113770e-01
1.276221990585327148e+00
1.109965085983276367e+00
2.146673947572708130e-01
3.863262534141540527e-01
2.993717789649963379e-01
4.142660200595855713e-01
2.440958023071289062e-01
2.955664992332458496e-01
2.633812725543975830e-01
3.545639514923095703e-01
3.747305870056152344e-01
2.360008060932159424e-01
2.482621222734451294e-01
4.955611824989318848e-01
4.966852068901062012e-01
2.484631836414337158e-01
