2.354347854852676392e-01
2.451769709587097168e-01
2.592770755290985107e-01
2.851656079292297363e-01
1.073172330856323242e+00
2.816831469535827637e-01
3.534571826457977295e-01
2.866955399513244629e-01
3.553493320941925049e-01
2.870962321758270264e-01
3.601381778717041016e-01
2.779489457607269287e-01
2.804976701736450195e-01
3.572809994220733643e-01
2.846776843070983887e-01
3.607551455497741699e-01
2.798601984977722168e-01
3.759773075580596924e-01
4.108733236789703369e-01
2.723176777362823486e-01
2.803023457527160645e-01
3.558353185653686523e-01
2.905304133892059326e-01
3.560030758380889893e-01
1.765410304069519043e-01
3.923468291759490967e-01
3.714128136634826660e-01
3.244749605655670166e-01
2.718210518360137939e-01
2.919735312461853027e-01
3.577053546905517578e-01
3.527978658676147461e-01
1.094624996185302734e+00
1.020810723304748535e+00
3.582381606101989746e-01
3.274638354778289795e-01
3.458336889743804932e-01
5.004634857177734375e-01
2.453181594610214233e-01
2.952125370502471924e-01
2.766712307929992676e-01
3.412239253520965576e-01
3.281967043876647949e-01
2.889660596847534180e-01
2.506751418113708496e-01
4.971916675567626953e-01
4.963161647319793701e-01
2.490606158971786499e-01
