2.338778376579284668e-01
2.558721601963043213e-01
2.488038837909698486e-01
2.810449600219726562e-01
1.046394705772399902e+00
2.839300036430358887e-01
3.332288265228271484e-01
2.997892200946807861e-01
3.355508446693420410e-01
2.954891324043273926e-01
3.427647352218627930e-01
2.545901536941528320e-01
2.772060334682464600e-01
3.519845604896545410e-01
2.860480546951293945e-01
3.585398197174072266e-01
2.669125497341156006e-01
3.796628713607788086e-01
4.208994805812835693e-01
2.699059844017028809e-01
2.858342528343200684e-01
3.644936084747314453e-01
3.012947738170623779e-01
3.649764955043792725e-01
1.732009649276733398e-01
4.029105305671691895e-01
3.733429908752441406e-01
3.345430195331573486e-01
2.751040160655975342e-01
2.890538871288299561e-01
3.583357930183410645e-01
3.516709208488464355e-01
1.122620820999145508e+00
1.399195194244384766e+00
3.588118255138397217e-01
3.842863142490386963e-01
3.287582397460937500e-01
5.301830768585205078e-01
2.487057447433471680e-01
2.950991690158843994e-01
2.410611808300018311e-01
3.746653199195861816e-01
3.552407026290893555e-01
2.749135196208953857e-01
2.487555444240570068e-01
4.958988428115844727e-01
4.946947693824768066e-01
2.493018209934234619e-01
