2.386342436075210571e-01
2.779469192028045654e-01
2.552170157432556152e-01
2.836267054080963135e-01
9.215601682662963867e-01
2.975042164325714111e-01
2.535744905471801758e-01
2.965843677520751953e-01
3.479272127151489258e-01
2.835561931133270264e-01
3.558487892150878906e-01
2.596016824245452881e-01
2.713763117790222168e-01
3.539851903915405273e-01
2.865112721920013428e-01
3.590799868106842041e-01
3.537157773971557617e-01
2.541471123695373535e-01
3.083114326000213623e-01
4.219067096710205078e-01
2.864617109298706055e-01
3.616867661476135254e-01
2.953546941280364990e-01
3.604857623577117920e-01
1.753705739974975586e-01
3.962521255016326904e-01
3.527418375015258789e-01
3.243034482002258301e-01
2.238630652427673340e-01
2.853296399116516113e-01
3.681837618350982666e-01
3.531844615936279297e-01
1.544332385063171387e+00
1.591845512390136719e+00
2.381451129913330078e-01
3.632864952087402344e-01
2.605245113372802734e-01
3.034861087799072266e-01
2.509938776493072510e-01
2.866811156272888184e-01
3.798035383224487305e-01
2.494324445724487305e-01
2.739324569702148438e-01
3.593187630176544189e-01
2.383189946413040161e-01
4.945184886455535889e-01
4.965606629848480225e-01
2.411616593599319458e-01
