2.376786172389984131e-01
2.615179121494293213e-01
2.552836537361145020e-01
2.884163260459899902e-01
1.197382330894470215e+00
2.834632396697998047e-01
3.556475639343261719e-01
2.903916239738464355e-01
3.557417988777160645e-01
2.888448834419250488e-01
3.570962548255920410e-01
2.732304930686950684e-01
2.819426953792572021e-01
3.606086969375610352e-01
2.826548516750335693e-01
3.590298295021057129e-01
2.785757482051849365e-01
3.670206069946289062e-01
4.035737514495849609e-01
2.833412289619445801e-01
2.835705876350402832e-01
3.578149080276489258e-01
2.889015376567840576e-01
3.607422709465026855e-01
1.757954210042953491e-01
3.893622457981109619e-01
3.776850104331970215e-01
3.127545118331909180e-01
2.852903306484222412e-01
2.825147807598114014e-01
3.594378232955932617e-01
3.519173264503479004e-01
1.193747758865356445e+00
1.239315629005432129e+00
3.557985723018646240e-01
3.818540573120117188e-01
3.287031352519989014e-01
5.324759483337402344e-01
2.486858963966369629e-01
2.967402040958404541e-01
3.313713669776916504e-01
2.824923396110534668e-01
2.958377003669738770e-01
3.246332705020904541e-01
2.491937130689620972e-01
4.966625273227691650e-01
4.963840842247009277e-01
2.487951666116714478e-01
