2.326869070529937744e-01
3.536725044250488281e-01
2.539364695549011230e-01
2.861725389957427979e-01
1.575356006622314453e+00
2.829304933547973633e-01
3.585958778858184814e-01
2.899799346923828125e-01
3.589094579219818115e-01
2.959274053573608398e-01
3.437706232070922852e-01
2.875111401081085205e-01
2.820518910884857178e-01
3.550215959548950195e-01
3.003316819667816162e-01
2.268871963024139404e-01
3.610977828502655029e-01
2.591690719127655029e-01
3.092788457870483398e-01
4.320520460605621338e-01
2.746764719486236572e-01
3.605729043483734131e-01
4.525900483131408691e-01
3.551008701324462891e-01
1.727425605058670044e-01
3.612591028213500977e-01
4.023384451866149902e-01
2.527049779891967773e-01
3.427558541297912598e-01
2.872003912925720215e-01
3.485103845596313477e-01
3.511947095394134521e-01
1.410680770874023438e+00
1.339902520179748535e+00
2.591201961040496826e-01
3.645914494991302490e-01
2.540929317474365234e-01
2.943883538246154785e-01
2.465364933013916016e-01
2.864505052566528320e-01
3.727105855941772461e-01
2.423733323812484741e-01
2.631570696830749512e-01
3.525896370410919189e-01
2.502273321151733398e-01
4.979267716407775879e-01
4.942574501037597656e-01
2.473938912153244019e-01
