2.471199035644531250e-01
2.460794746875762939e-01
2.553921043872833252e-01
2.848640382289886475e-01
1.012066602706909180e+00
2.792683243751525879e-01
3.549913465976715088e-01
2.868305742740631104e-01
3.616515398025512695e-01
2.902522087097167969e-01
3.608730435371398926e-01
2.732300460338592529e-01
2.846458554267883301e-01
3.631727695465087891e-01
2.845476269721984863e-01
3.626922667026519775e-01
2.669410705566406250e-01
3.790329396724700928e-01
4.248177707195281982e-01
2.739962339401245117e-01
2.754445672035217285e-01
3.655070364475250244e-01
2.987019717693328857e-01
3.558135926723480225e-01
1.753273755311965942e-01
4.064805209636688232e-01
3.617534637451171875e-01
3.618094027042388916e-01
2.504061460494995117e-01
2.870634198188781738e-01
3.598301112651824951e-01
3.356792330741882324e-01
6.956540346145629883e-01
1.214566111564636230e+00
3.591853678226470947e-01
3.817384839057922363e-01
3.159450888633728027e-01
5.355483293533325195e-01
2.516358494758605957e-01
2.976844012737274170e-01
2.442523390054702759e-01
3.730213940143585205e-01
3.651658296585083008e-01
2.487321048974990845e-01
2.542905807495117188e-01
4.987151920795440674e-01
4.977617263793945312e-01
2.489706575870513916e-01
