2.447894811630249023e-01
2.465471327304840088e-01
2.571614384651184082e-01
2.813535332679748535e-01
6.644322276115417480e-01
2.840993106365203857e-01
3.524837493896484375e-01
2.979830503463745117e-01
3.590437173843383789e-01
2.957655489444732666e-01
2.724618911743164062e-01
2.835117876529693604e-01
2.643320858478546143e-01
3.622246682643890381e-01
2.790940999984741211e-01
3.594312667846679688e-01
2.755320668220520020e-01
3.838903307914733887e-01
4.138032197952270508e-01
2.628001868724822998e-01
2.871711850166320801e-01
3.558535873889923096e-01
2.973540425300598145e-01
3.567502498626708984e-01
1.762146651744842529e-01
3.857170641422271729e-01
3.653317093849182129e-01
3.128905892372131348e-01
2.549161314964294434e-01
2.797343730926513672e-01
3.540916442871093750e-01
3.492555022239685059e-01
1.136732101440429688e+00
1.451328992843627930e+00
3.584233522415161133e-01
3.878492712974548340e-01
3.040238916873931885e-01
5.453462600708007812e-01
2.473021149635314941e-01
2.960588335990905762e-01
3.582229018211364746e-01
2.613627314567565918e-01
2.580462694168090820e-01
3.768820762634277344e-01
2.474112212657928467e-01
5.001085996627807617e-01
4.944985508918762207e-01
2.473477125167846680e-01
