2.394830733537673950e-01
2.477815896272659302e-01
2.542196214199066162e-01
2.918135523796081543e-01
1.035616993904113770e+00
2.890098392963409424e-01
3.530259132385253906e-01
2.886349558830261230e-01
3.473262488842010498e-01
2.905794680118560791e-01
3.551310598850250244e-01
2.726266980171203613e-01
2.826875746250152588e-01
3.559424281120300293e-01
2.841750383377075195e-01
3.589222431182861328e-01
2.842469513416290283e-01
3.746686875820159912e-01
4.089327156543731689e-01
2.817758917808532715e-01
2.835083603858947754e-01
3.557169139385223389e-01
2.944683134555816650e-01
3.567880988121032715e-01
1.770060807466506958e-01
3.823167681694030762e-01
3.810170590877532959e-01
3.028050065040588379e-01
2.909511923789978027e-01
2.900877296924591064e-01
3.618123829364776611e-01
3.545114696025848389e-01
1.111597776412963867e+00
1.208875775337219238e+00
3.545057177543640137e-01
3.656375408172607422e-01
3.228776454925537109e-01
5.373636484146118164e-01
2.502940893173217773e-01
2.955141365528106689e-01
2.900516390800476074e-01
3.211677372455596924e-01
3.316189944744110107e-01
2.890939116477966309e-01
2.499744594097137451e-01
4.944992363452911377e-01
4.981687366962432861e-01
2.512080073356628418e-01
