2.366357743740081787e-01
2.503914833068847656e-01
2.556510567665100098e-01
2.881271243095397949e-01
1.071762323379516602e+00
2.848728597164154053e-01
3.540757596492767334e-01
2.934585511684417725e-01
3.082974255084991455e-01
2.951137721538543701e-01
2.812399268150329590e-01
2.628304362297058105e-01
2.645102441310882568e-01
2.574504017829895020e-01
2.933503985404968262e-01
2.467441856861114502e-01
2.769913375377655029e-01
3.793387115001678467e-01
4.075801670551300049e-01
2.707761824131011963e-01
2.720800042152404785e-01
3.572143018245697021e-01
4.624906778335571289e-01
3.525069952011108398e-01
1.750224530696868896e-01
3.717250823974609375e-01
3.740114569664001465e-01
2.767895460128784180e-01
2.816410362720489502e-01
2.955209910869598389e-01
3.530161976814270020e-01
3.512723147869110107e-01
1.253420591354370117e+00
1.238750338554382324e+00
2.420302182435989380e-01
3.566519021987915039e-01
2.544618248939514160e-01
3.459146916866302490e-01
2.460553497076034546e-01
2.872367203235626221e-01
2.659679055213928223e-01
3.517007827758789062e-01
3.436428308486938477e-01
2.733522057533264160e-01
2.491087168455123901e-01
4.948766827583312988e-01
4.973882138729095459e-01
2.482337802648544312e-01
