2.273496389389038086e-01
2.894399464130401611e-01
2.536242604255676270e-01
2.923449873924255371e-01
6.497142910957336426e-01
2.779616415500640869e-01
3.570716679096221924e-01
2.961423099040985107e-01
3.570449352264404297e-01
2.980276644229888916e-01
3.631708920001983643e-01
2.569869458675384521e-01
2.761810123920440674e-01
3.524521887302398682e-01
2.753444015979766846e-01
3.538455665111541748e-01
3.528251349925994873e-01
2.554364800453186035e-01
3.041897118091583252e-01
4.288701713085174561e-01
2.939911484718322754e-01
3.506904840469360352e-01
2.986404299736022949e-01
3.586371243000030518e-01
1.748069077730178833e-01
3.846582174301147461e-01
3.750281333923339844e-01
3.042459785938262939e-01
2.787060141563415527e-01
2.940724194049835205e-01
3.619906008243560791e-01
3.487233817577362061e-01
1.499700665473937988e+00
1.236801981925964355e+00
3.579915463924407959e-01
2.592222094535827637e-01
3.402092158794403076e-01
4.749633073806762695e-01
2.465711236000061035e-01
2.974574565887451172e-01
2.378643304109573364e-01
3.773138523101806641e-01
3.528600037097930908e-01
2.709001600742340088e-01
2.521935403347015381e-01
4.962186813354492188e-01
4.945691823959350586e-01
2.477436810731887817e-01
