2.511793076992034912e-01
3.002505600452423096e-01
2.627214789390563965e-01
2.877975106239318848e-01
1.475658774375915527e+00
2.862206399440765381e-01
3.600765466690063477e-01
2.838766872882843018e-01
3.610273301601409912e-01
2.883817851543426514e-01
3.578872382640838623e-01
2.644268870353698730e-01
2.759097218513488770e-01
3.591400384902954102e-01
2.797050476074218750e-01
3.588544428348541260e-01
3.730391263961791992e-01
2.619545459747314453e-01
2.856315076351165771e-01
4.237858057022094727e-01
2.835382819175720215e-01
3.580453395843505859e-01
2.984467446804046631e-01
3.595755994319915771e-01
1.731833815574645996e-01
3.766904771327972412e-01
3.635356724262237549e-01
2.924016416072845459e-01
2.716880738735198975e-01
2.901401519775390625e-01
3.580079078674316406e-01
3.579559028148651123e-01
1.030067086219787598e+00
1.474612593650817871e+00
3.519469797611236572e-01
3.786174356937408447e-01
2.673499286174774170e-01
4.260544478893280029e-01
2.485247701406478882e-01
2.994740903377532959e-01
2.915138304233551025e-01
3.311789631843566895e-01
3.209924995899200439e-01
2.904117405414581299e-01
2.495561838150024414e-01
4.975682497024536133e-01
4.952900111675262451e-01
2.464130371809005737e-01
