2.346492409706115723e-01
2.583937346935272217e-01
2.549626231193542480e-01
2.879337668418884277e-01
1.210980415344238281e+00
2.841504514217376709e-01
3.555305004119873047e-01
2.876845300197601318e-01
3.567752540111541748e-01
2.876748442649841309e-01
3.581197857856750488e-01
2.688905000686645508e-01
2.810299396514892578e-01
3.590643405914306641e-01
2.818673253059387207e-01
3.596605956554412842e-01
2.706545889377593994e-01
3.798335790634155273e-01
4.132014811038970947e-01
2.647114694118499756e-01
2.836423814296722412e-01
3.580479919910430908e-01
2.923734188079833984e-01
3.608563840389251709e-01
1.754310578107833862e-01
3.898390829563140869e-01
3.739454746246337891e-01
3.145724534988403320e-01
2.790634036064147949e-01
2.832495272159576416e-01
3.589479327201843262e-01
3.477880656719207764e-01
1.180948853492736816e+00
1.215469360351562500e+00
3.553736209869384766e-01
3.774093985557556152e-01
3.280434608459472656e-01
5.346660614013671875e-01
2.478249073028564453e-01
2.963861823081970215e-01
3.210822641849517822e-01
2.928981184959411621e-01
2.991229891777038574e-01
3.221200704574584961e-01
2.487451285123825073e-01
4.960434734821319580e-01
4.972115457057952881e-01
2.491372823715209961e-01
