2.131935805082321167e-01
3.685534894466400146e-01
2.603165209293365479e-01
2.855641245841979980e-01
1.047419667243957520e+00
2.937564253807067871e-01
2.190606892108917236e-01
2.978440523147583008e-01
2.449242323637008667e-01
2.937453389167785645e-01
2.210357636213302612e-01
2.261565178632736206e-01
2.283065319061279297e-01
3.426874876022338867e-01
2.966115176677703857e-01
3.389582931995391846e-01
3.736051023006439209e-01
2.656157314777374268e-01
2.666560709476470947e-01
4.102932810783386230e-01
2.924122810363769531e-01
2.210447490215301514e-01
2.165420502424240112e-01
2.085739374160766602e-01
1.762380003929138184e-01
3.880253732204437256e-01
3.834890127182006836e-01
3.085920214653015137e-01
2.892654538154602051e-01
2.971791028976440430e-01
2.515904307365417480e-01
2.092874944210052490e-01
2.946367561817169189e-01
2.695911824703216553e-01
3.031744956970214844e-01
3.433639407157897949e-01
2.751934528350830078e-01
4.950335025787353516e-01
2.457001209259033203e-01
2.832052707672119141e-01
2.545081079006195068e-01
3.660548031330108643e-01
3.713913857936859131e-01
2.514164745807647705e-01
2.543736100196838379e-01
4.990867078304290771e-01
4.976288676261901855e-01
2.499495446681976318e-01
