2.357254624366760254e-01
2.575828135013580322e-01
2.557874321937561035e-01
2.886810898780822754e-01
1.106811404228210449e+00
2.837229669094085693e-01
3.542141616344451904e-01
2.881989181041717529e-01
3.564879298210144043e-01
2.871374785900115967e-01
3.567596971988677979e-01
2.739101350307464600e-01
2.826565802097320557e-01
3.589093983173370361e-01
2.821946442127227783e-01
3.591186106204986572e-01
3.155196011066436768e-01
3.182644844055175781e-01
3.539994955062866211e-01
3.427828848361968994e-01
2.829222381114959717e-01
3.571648597717285156e-01
2.887101471424102783e-01
3.581556081771850586e-01
1.746839880943298340e-01
3.889230489730834961e-01
3.773075640201568604e-01
3.131578266620635986e-01
2.880311012268066406e-01
2.863198816776275635e-01
3.560429215431213379e-01
3.490318655967712402e-01
1.294534921646118164e+00
1.194921851158142090e+00
3.528329432010650635e-01
2.814650535583496094e-01
3.520267903804779053e-01
4.815003573894500732e-01
2.478535026311874390e-01
2.963980138301849365e-01
2.723557949066162109e-01
3.420742452144622803e-01
3.385179936885833740e-01
2.793873250484466553e-01
2.497450709342956543e-01
4.962959289550781250e-01
4.963061809539794922e-01
2.479112297296524048e-01
