2.462204247713088989e-01
3.850884735584259033e-01
2.583116292953491211e-01
2.856004834175109863e-01
8.437963128089904785e-01
2.976714372634887695e-01
2.339166700839996338e-01
2.844910919666290283e-01
3.490428328514099121e-01
2.874189019203186035e-01
3.591890931129455566e-01
2.672662436962127686e-01
2.779571413993835449e-01
3.577629327774047852e-01
2.803603112697601318e-01
3.612874150276184082e-01
2.680482268333435059e-01
3.776555359363555908e-01
4.111705124378204346e-01
2.637590169906616211e-01
2.853495478630065918e-01
3.545262217521667480e-01
3.005055189132690430e-01
3.603651225566864014e-01
1.759021282196044922e-01
4.093103706836700439e-01
3.617307841777801514e-01
3.501480817794799805e-01
2.467028051614761353e-01
2.826284766197204590e-01
3.647730052471160889e-01
3.377649188041687012e-01
6.493884325027465820e-01
7.346352338790893555e-01
3.608095347881317139e-01
3.517726659774780273e-01
3.508720993995666504e-01
5.406304001808166504e-01
2.444085478782653809e-01
2.935329675674438477e-01
3.061116933822631836e-01
3.090421855449676514e-01
3.211617469787597656e-01
2.962840497493743896e-01
2.484191805124282837e-01
4.959262609481811523e-01
4.962156414985656738e-01
2.479127198457717896e-01
