2.348551452159881592e-01
3.102119863033294678e-01
2.558814883232116699e-01
2.888715565204620361e-01
1.288054943084716797e+00
2.826403975486755371e-01
3.574944436550140381e-01
2.890641987323760986e-01
3.558981716632843018e-01
2.874510288238525391e-01
3.551605641841888428e-01
2.721805274486541748e-01
2.868014276027679443e-01
3.607722222805023193e-01
2.809464037418365479e-01
3.612142801284790039e-01
2.705821692943572998e-01
3.758133947849273682e-01
4.105932414531707764e-01
2.697748541831970215e-01
2.817429304122924805e-01
3.567714989185333252e-01
2.928447127342224121e-01
3.588558733463287354e-01
1.749041378498077393e-01
3.947198092937469482e-01
3.710418045520782471e-01
3.273920118808746338e-01
2.682220339775085449e-01
2.846170961856842041e-01
3.566409647464752197e-01
3.360536098480224609e-01
1.046777129173278809e+00
1.266166925430297852e+00
3.524203598499298096e-01
3.555356860160827637e-01
3.340507745742797852e-01
4.859843552112579346e-01
2.487557679414749146e-01
2.938902378082275391e-01
3.068674802780151367e-01
3.136349022388458252e-01
3.217283487319946289e-01
2.939856946468353271e-01
2.485497891902923584e-01
4.966330826282501221e-01
4.965826570987701416e-01
2.477175295352935791e-01
