2.334714531898498535e-01
3.242984712123870850e-01
2.552647888660430908e-01
2.879902422428131104e-01
1.202137470245361328e+00
2.857700586318969727e-01
3.579128980636596680e-01
2.899646162986755371e-01
3.531648814678192139e-01
2.873671650886535645e-01
3.576278984546661377e-01
2.838707864284515381e-01
2.856935560703277588e-01
3.598613739013671875e-01
2.863231897354125977e-01
3.595798015594482422e-01
3.408235609531402588e-01
2.857086360454559326e-01
3.304753601551055908e-01
3.911374211311340332e-01
2.829019129276275635e-01
3.574110865592956543e-01
2.884463667869567871e-01
3.598039448261260986e-01
1.761614084243774414e-01
3.839711546897888184e-01
3.774690926074981689e-01
3.020448982715606689e-01
2.856230735778808594e-01
2.871150374412536621e-01
3.564683198928833008e-01
3.524516224861145020e-01
1.177700519561767578e+00
1.205930948257446289e+00
3.551211357116699219e-01
3.833403587341308594e-01
3.269268572330474854e-01
5.327861905097961426e-01
2.506542503833770752e-01
2.959427237510681152e-01
2.870748639106750488e-01
3.324938416481018066e-01
3.276769518852233887e-01
2.927483320236206055e-01
2.497850507497787476e-01
4.956272542476654053e-01
4.973785579204559326e-01
2.481633424758911133e-01
