2.385952770709991455e-01
2.573709189891815186e-01
2.534804344177246094e-01
2.917696833610534668e-01
1.162331223487854004e+00
2.852136194705963135e-01
3.479840159416198730e-01
2.906753420829772949e-01
3.583236336708068848e-01
2.928786873817443848e-01
3.535297214984893799e-01
2.708500027656555176e-01
2.776225507259368896e-01
3.571621775627136230e-01
2.703551054000854492e-01
3.550404906272888184e-01
2.794600129127502441e-01
3.176457881927490234e-01
4.034872949123382568e-01
3.531338572502136230e-01
2.882492244243621826e-01
3.537011742591857910e-01
3.067090511322021484e-01
3.598317205905914307e-01
1.784487664699554443e-01
3.672578930854797363e-01
3.918568789958953857e-01
2.662431597709655762e-01
3.084099292755126953e-01
2.748839855194091797e-01
3.669261336326599121e-01
3.531809151172637939e-01
1.360669732093811035e+00
1.073355913162231445e+00
3.533358573913574219e-01
3.728061020374298096e-01
3.205077648162841797e-01
5.185928344726562500e-01
2.489965260028839111e-01
2.886573970317840576e-01
3.279400169849395752e-01
2.810539901256561279e-01
2.651775479316711426e-01
3.321785628795623779e-01
2.470310926437377930e-01
4.950746595859527588e-01
4.954062402248382568e-01
2.540294528007507324e-01
