2.283477783203125000e-01
2.592013180255889893e-01
2.575424909591674805e-01
2.855905294418334961e-01
9.898536205291748047e-01
2.762234210968017578e-01
3.622673451900482178e-01
2.863203883171081543e-01
3.301038146018981934e-01
3.013986349105834961e-01
3.534586429595947266e-01
2.993899583816528320e-01
2.814452648162841797e-01
3.586795330047607422e-01
2.788251042366027832e-01
3.400235176086425781e-01
3.809384703636169434e-01
2.714595794677734375e-01
2.676139771938323975e-01
4.180088639259338379e-01
2.972586154937744141e-01
3.604266643524169922e-01
2.762349843978881836e-01
3.481569886207580566e-01
1.756336688995361328e-01
4.129152595996856689e-01
3.710910081863403320e-01
3.680572509765625000e-01
2.633422613143920898e-01
2.745910882949829102e-01
3.517003357410430908e-01
3.504652678966522217e-01
1.342336654663085938e+00
1.026526331901550293e+00
3.421919047832489014e-01
3.327051997184753418e-01
3.772244453430175781e-01
4.997338652610778809e-01
2.550905048847198486e-01
2.929817438125610352e-01
3.557294011116027832e-01
2.703061699867248535e-01
3.489909172058105469e-01
2.663090527057647705e-01
2.519338428974151611e-01
4.962545037269592285e-01
4.970026016235351562e-01
2.470477819442749023e-01
