2.391227483749389648e-01
3.894935846328735352e-01
2.479875087738037109e-01
2.872722744941711426e-01
1.760107278823852539e+00
2.920525372028350830e-01
3.530905842781066895e-01
2.889170646667480469e-01
3.544964194297790527e-01
2.941403985023498535e-01
3.629040122032165527e-01
2.361038029193878174e-01
2.780754566192626953e-01
3.580892682075500488e-01
2.734030187129974365e-01
3.710622787475585938e-01
2.671012878417968750e-01
3.801301121711730957e-01
3.960109949111938477e-01
2.440750598907470703e-01
2.800861895084381104e-01
3.494051098823547363e-01
3.277467489242553711e-01
3.582811355590820312e-01
1.787858307361602783e-01
4.124555587768554688e-01
3.674015700817108154e-01
3.636909723281860352e-01
2.690961360931396484e-01
2.958058416843414307e-01
3.392522931098937988e-01
2.490218281745910645e-01
1.772507905960083008e+00
1.730528354644775391e+00
2.296800613403320312e-01
2.627561390399932861e-01
3.726168870925903320e-01
4.074499607086181641e-01
2.506214380264282227e-01
2.888874113559722900e-01
2.378194630146026611e-01
3.726725280284881592e-01
3.583998680114746094e-01
2.532321214675903320e-01
2.479764670133590698e-01
4.956557154655456543e-01
4.963738918304443359e-01
2.548875808715820312e-01
