2.304039597511291504e-01
3.821248412132263184e-01
2.561816871166229248e-01
2.867946326732635498e-01
1.305781245231628418e+00
2.873871624469757080e-01
3.317167758941650391e-01
2.830465137958526611e-01
3.474370241165161133e-01
2.923297584056854248e-01
3.553106486797332764e-01
2.883467078208923340e-01
2.298246920108795166e-01
3.431820273399353027e-01
2.853398323059082031e-01
2.405773401260375977e-01
2.864122688770294189e-01
3.854875862598419189e-01
3.930779695510864258e-01
2.539517283439636230e-01
2.213851362466812134e-01
3.556049764156341553e-01
4.557352662086486816e-01
2.891362607479095459e-01
1.753090322017669678e-01
3.686321973800659180e-01
3.743707537651062012e-01
2.681737840175628662e-01
2.776381373405456543e-01
2.754119336605072021e-01
2.127088904380798340e-01
3.287745416164398193e-01
1.175840377807617188e+00
1.045405149459838867e+00
2.180519700050354004e-01
3.856806755065917969e-01
2.806445360183715820e-01
4.027435481548309326e-01
2.476440668106079102e-01
2.875498235225677490e-01
2.776646316051483154e-01
3.438653647899627686e-01
3.766099214553833008e-01
2.370952069759368896e-01
2.475503385066986084e-01
4.963561594486236572e-01
4.964092969894409180e-01
2.497659325599670410e-01
