2.362125664949417114e-01
2.560158371925354004e-01
2.548291981220245361e-01
2.893734574317932129e-01
1.207700848579406738e+00
2.861057817935943604e-01
3.560416102409362793e-01
2.889893054962158203e-01
3.568263053894042969e-01
2.882768213748931885e-01
3.588426113128662109e-01
2.744967937469482422e-01
2.811360359191894531e-01
3.583664894104003906e-01
2.800637781620025635e-01
3.587599098682403564e-01
3.439340889453887939e-01
2.801284193992614746e-01
3.208465278148651123e-01
3.961701393127441406e-01
2.824074923992156982e-01
3.566268980503082275e-01
2.961892485618591309e-01
3.600229024887084961e-01
1.754212528467178345e-01
3.959022164344787598e-01
3.732344210147857666e-01
3.259694874286651611e-01
2.767718136310577393e-01
2.808254659175872803e-01
3.583099842071533203e-01
3.320404589176177979e-01
1.107193470001220703e+00
1.271214246749877930e+00
3.497307896614074707e-01
2.805703282356262207e-01
3.726374506950378418e-01
3.748511672019958496e-01
2.467844039201736450e-01
2.938751876354217529e-01
2.917764186859130859e-01
3.272412419319152832e-01
3.387765288352966309e-01
2.751394510269165039e-01
2.478851079940795898e-01
4.966499209403991699e-01
4.960922300815582275e-01
2.480117827653884888e-01
