2.371872514486312866e-01
3.758317530155181885e-01
2.595326006412506104e-01
2.891317903995513916e-01
1.215858101844787598e+00
2.978062033653259277e-01
2.426682263612747192e-01
2.869650125503540039e-01
3.522917926311492920e-01
2.876099050045013428e-01
3.565714359283447266e-01
2.695261240005493164e-01
2.831704914569854736e-01
3.571881353855133057e-01
2.807122170925140381e-01
3.640182912349700928e-01
2.944809496402740479e-01
3.861025273799896240e-01
3.872846662998199463e-01
2.537956237792968750e-01
2.825395166873931885e-01
3.619539439678192139e-01
2.901608943939208984e-01
3.565516173839569092e-01
1.734797358512878418e-01
3.901292681694030762e-01
3.660491704940795898e-01
3.173741400241851807e-01
2.642969489097595215e-01
2.898271381855010986e-01
3.564578294754028320e-01
3.430618047714233398e-01
1.215768218040466309e+00
1.387265443801879883e+00
3.495974540710449219e-01
2.730845808982849121e-01
3.812568187713623047e-01
3.333683609962463379e-01
2.484146952629089355e-01
2.880442738533020020e-01
2.403977215290069580e-01
3.762937784194946289e-01
3.450268208980560303e-01
2.786148786544799805e-01
2.473405152559280396e-01
4.968908131122589111e-01
4.942796528339385986e-01
2.483711242675781250e-01
