2.435779273509979248e-01
3.349856734275817871e-01
2.559108734130859375e-01
2.865667045116424561e-01
1.299451708793640137e+00
2.832241952419281006e-01
3.547511398792266846e-01
2.884181439876556396e-01
3.580286800861358643e-01
2.876057028770446777e-01
3.596256673336029053e-01
2.732757329940795898e-01
2.812060713768005371e-01
3.604857623577117920e-01
2.818476259708404541e-01
3.584582507610321045e-01
2.883026897907257080e-01
3.659577965736389160e-01
3.933346569538116455e-01
2.824181616306304932e-01
2.861899733543395996e-01
3.577478229999542236e-01
2.873755991458892822e-01
3.620584607124328613e-01
1.745639145374298096e-01
3.886312246322631836e-01
3.757936656475067139e-01
3.131548464298248291e-01
2.892308235168457031e-01
2.839906513690948486e-01
3.510705530643463135e-01
3.482870459556579590e-01
1.311352372169494629e+00
1.361348032951354980e+00
3.210525512695312500e-01
3.575308322906494141e-01
3.300264477729797363e-01
5.302573442459106445e-01
2.495472580194473267e-01
2.861404418945312500e-01
3.056926727294921875e-01
3.090596795082092285e-01
3.163507580757141113e-01
2.980374097824096680e-01
2.486160844564437866e-01
4.967937469482421875e-01
4.975755810737609863e-01
2.500370442867279053e-01
