2.379372566938400269e-01
2.966894209384918213e-01
2.583858966827392578e-01
2.749366164207458496e-01
3.205892741680145264e-01
2.946906089782714844e-01
2.269410789012908936e-01
2.980555593967437744e-01
2.226662039756774902e-01
3.021617829799652100e-01
2.233818024396896362e-01
2.221551537513732910e-01
2.249781042337417603e-01
3.401266932487487793e-01
2.959981858730316162e-01
3.447672128677368164e-01
2.523902058601379395e-01
3.672068119049072266e-01
4.193298816680908203e-01
2.700476348400115967e-01
3.028876185417175293e-01
2.188449203968048096e-01
2.617762684822082520e-01
2.092752158641815186e-01
1.753538548946380615e-01
4.080191850662231445e-01
3.601447343826293945e-01
3.523952066898345947e-01
2.383880615234375000e-01
2.971402406692504883e-01
2.273630499839782715e-01
2.158190757036209106e-01
3.015845417976379395e-01
3.069790005683898926e-01
3.393735885620117188e-01
2.667533457279205322e-01
3.782641589641571045e-01
5.076820254325866699e-01
2.547719180583953857e-01
3.004712462425231934e-01
3.686687052249908447e-01
2.471595406532287598e-01
2.388477325439453125e-01
3.654008209705352783e-01
2.430475056171417236e-01
4.929248690605163574e-01
4.984568059444427490e-01
2.444803416728973389e-01
