2.379406541585922241e-01
3.792019188404083252e-01
2.567328214645385742e-01
2.839205861091613770e-01
1.114388585090637207e+00
2.960816323757171631e-01
2.424129396677017212e-01
2.864134907722473145e-01
3.506517708301544189e-01
2.882044017314910889e-01
3.574009835720062256e-01
2.756237983703613281e-01
2.803175151348114014e-01
3.593156933784484863e-01
2.849746942520141602e-01
3.596403896808624268e-01
2.740373909473419189e-01
3.822162747383117676e-01
4.079970419406890869e-01
2.571419179439544678e-01
2.811041474342346191e-01
3.596624135971069336e-01
2.908976674079895020e-01
3.623553812503814697e-01
1.749306470155715942e-01
3.971337080001831055e-01
3.693098723888397217e-01
3.327265679836273193e-01
2.640596032142639160e-01
2.861150801181793213e-01
3.514836430549621582e-01
3.462369740009307861e-01
1.038130164146423340e+00
1.196514844894409180e+00
3.521314859390258789e-01
2.884177863597869873e-01
3.643746376037597656e-01
4.046848416328430176e-01
2.474418580532073975e-01
2.967525124549865723e-01
3.312982916831970215e-01
2.924506962299346924e-01
2.997670769691467285e-01
3.225754797458648682e-01
2.474569529294967651e-01
4.947596788406372070e-01
4.968965947628021240e-01
2.467857152223587036e-01
