2.307149916887283325e-01
3.764713108539581299e-01
2.548716366291046143e-01
2.881028354167938232e-01
1.203343033790588379e+00
2.830817699432373047e-01
3.587994277477264404e-01
2.829015254974365234e-01
3.382415175437927246e-01
2.911309003829956055e-01
3.564611077308654785e-01
2.726817727088928223e-01
2.839195430278778076e-01
3.566127717494964600e-01
2.840940654277801514e-01
3.606038391590118408e-01
3.524666130542755127e-01
2.496271282434463501e-01
3.124718070030212402e-01
4.315675795078277588e-01
2.822689712047576904e-01
3.593464493751525879e-01
3.030683100223541260e-01
3.601508736610412598e-01
1.734811067581176758e-01
3.700686693191528320e-01
3.941386044025421143e-01
2.720304429531097412e-01
3.231141269207000732e-01
2.868005633354187012e-01
3.596653044223785400e-01
3.516066074371337891e-01
1.281277179718017578e+00
1.560821294784545898e+00
3.551662266254425049e-01
2.825537025928497314e-01
3.851808011531829834e-01
5.436705946922302246e-01
2.480713725090026855e-01
2.959549129009246826e-01
3.508642017841339111e-01
2.666574418544769287e-01
2.592421174049377441e-01
3.599304258823394775e-01
2.468437552452087402e-01
4.960123300552368164e-01
4.975002408027648926e-01
2.494382858276367188e-01
