3.588763177394866943e-01
2.705748379230499268e-01
2.567498981952667236e-01
2.853803336620330811e-01
1.231174349784851074e+00
2.911691367626190186e-01
3.540596961975097656e-01
2.882278263568878174e-01
3.538711965084075928e-01
2.896676361560821533e-01
3.651771247386932373e-01
2.766369283199310303e-01
2.800552248954772949e-01
3.600864708423614502e-01
2.861347794532775879e-01
3.584259748458862305e-01
2.776314616203308105e-01
3.836728334426879883e-01
4.156801700592041016e-01
2.591123282909393311e-01
2.825191318988800049e-01
3.544252812862396240e-01
2.747588753700256348e-01
3.602472543716430664e-01
1.745641678571701050e-01
3.976392745971679688e-01
3.867757320404052734e-01
3.268637955188751221e-01
2.941298186779022217e-01
2.849418222904205322e-01
3.634165525436401367e-01
3.512887656688690186e-01
1.493586540222167969e+00
1.727589011192321777e+00
3.523026406764984131e-01
2.589184939861297607e-01
3.437358438968658447e-01
5.133607983589172363e-01
2.436982542276382446e-01
2.930482327938079834e-01
2.922042310237884521e-01
3.257651627063751221e-01
3.275910913944244385e-01
2.861060798168182373e-01
2.533264160156250000e-01
4.936406612396240234e-01
4.987006187438964844e-01
2.477210611104965210e-01
