2.403531968593597412e-01
3.823838829994201660e-01
2.548459768295288086e-01
2.823910713195800781e-01
1.051386117935180664e+00
2.974111735820770264e-01
2.261619418859481812e-01
2.972640991210937500e-01
3.534296452999114990e-01
2.960113286972045898e-01
3.480117917060852051e-01
2.571313381195068359e-01
2.904548346996307373e-01
3.507464230060577393e-01
2.872155904769897461e-01
3.570201992988586426e-01
3.809730112552642822e-01
3.121902942657470703e-01
2.779273390769958496e-01
3.585266470909118652e-01
2.876409888267517090e-01
2.975360453128814697e-01
3.091529011726379395e-01
3.570009469985961914e-01
1.763160377740859985e-01
4.145218133926391602e-01
3.652506172657012939e-01
3.598368465900421143e-01
2.514164149761199951e-01
2.934639453887939453e-01
3.603476285934448242e-01
3.530322909355163574e-01
1.426317572593688965e+00
1.404829502105712891e+00
2.708409428596496582e-01
3.565578460693359375e-01
2.515462636947631836e-01
2.972041070461273193e-01
2.492370307445526123e-01
2.850445508956909180e-01
2.338676154613494873e-01
3.817427158355712891e-01
3.539789617061614990e-01
2.727138996124267578e-01
2.492103874683380127e-01
4.983241260051727295e-01
4.973585009574890137e-01
2.424324452877044678e-01
