2.205360084772109985e-01
3.741332590579986572e-01
2.582593560218811035e-01
2.906776070594787598e-01
9.696522355079650879e-01
3.001747429370880127e-01
2.149893343448638916e-01
2.963975667953491211e-01
2.312031686305999756e-01
2.976755201816558838e-01
2.174011468887329102e-01
2.199713736772537231e-01
2.302362620830535889e-01
3.400897085666656494e-01
2.991696894168853760e-01
3.345657289028167725e-01
2.814988493919372559e-01
3.396458923816680908e-01
3.845349550247192383e-01
3.141984343528747559e-01
2.959559857845306396e-01
2.481239885091781616e-01
2.346931993961334229e-01
2.189520001411437988e-01
1.763603091239929199e-01
3.817111551761627197e-01
3.684287667274475098e-01
3.007038235664367676e-01
2.682238221168518066e-01
2.940779924392700195e-01
2.512435913085937500e-01
2.218338251113891602e-01
2.845994830131530762e-01
2.906103432178497314e-01
2.749260067939758301e-01
3.376343548297882080e-01
2.801488637924194336e-01
5.438699722290039062e-01
2.478275001049041748e-01
2.604735493659973145e-01
2.824023962020874023e-01
3.286589682102203369e-01
3.287629485130310059e-01
2.897892296314239502e-01
2.469081729650497437e-01
4.961314201354980469e-01
4.976914525032043457e-01
2.502762675285339355e-01
