2.179492413997650146e-01
2.680577337741851807e-01
2.571873962879180908e-01
2.891893684864044189e-01
9.334037899971008301e-01
2.769505977630615234e-01
3.534203469753265381e-01
2.831771969795227051e-01
3.512715101242065430e-01
2.870498299598693848e-01
3.575710952281951904e-01
2.724786698818206787e-01
2.848308682441711426e-01
3.562535643577575684e-01
2.806681096553802490e-01
3.644140660762786865e-01
2.692870497703552246e-01
3.800626397132873535e-01
4.111209809780120850e-01
2.605718374252319336e-01
2.856130003929138184e-01
3.591583371162414551e-01
2.945634722709655762e-01
3.647919595241546631e-01
1.750409603118896484e-01
4.094310700893402100e-01
3.594929873943328857e-01
3.541549146175384521e-01
2.404140532016754150e-01
2.821026742458343506e-01
3.526436984539031982e-01
3.525304198265075684e-01
1.239279031753540039e+00
1.501995205879211426e+00
3.569692969322204590e-01
3.802817463874816895e-01
3.278665244579315186e-01
5.352035760879516602e-01
2.486727237701416016e-01
2.958417832851409912e-01
3.452529013156890869e-01
2.661280035972595215e-01
2.807793319225311279e-01
3.399153351783752441e-01
2.513401508331298828e-01
4.969244003295898438e-01
4.975443482398986816e-01
2.487607896327972412e-01
