2.224641442298889160e-01
2.458769977092742920e-01
2.524314224720001221e-01
2.778338193893432617e-01
8.331993818283081055e-01
2.952191829681396484e-01
3.617442548274993896e-01
2.921316623687744141e-01
2.334250956773757935e-01
2.931271195411682129e-01
3.522496223449707031e-01
2.598952353000640869e-01
2.865847945213317871e-01
3.557888269424438477e-01
2.854761481285095215e-01
3.652966022491455078e-01
3.543785512447357178e-01
2.450141906738281250e-01
3.077243566513061523e-01
4.282071590423583984e-01
2.817662060260772705e-01
3.559717535972595215e-01
2.976005375385284424e-01
3.593558371067047119e-01
1.726514250040054321e-01
4.132130146026611328e-01
3.676868677139282227e-01
3.545031845569610596e-01
2.534071505069732666e-01
2.860621213912963867e-01
3.620137572288513184e-01
3.605940043926239014e-01
1.324709057807922363e+00
1.569174766540527344e+00
3.740020394325256348e-01
3.867986202239990234e-01
3.477112352848052979e-01
5.477944612503051758e-01
2.433802187442779541e-01
2.955583930015563965e-01
3.790464401245117188e-01
2.458531260490417480e-01
2.763891816139221191e-01
3.404930233955383301e-01
2.558388411998748779e-01
4.927474856376647949e-01
4.950757622718811035e-01
2.445512115955352783e-01
