2.276334862357992650e-01
3.277844555085692724e-01
2.567536830966191674e-01
2.852910338016512726e-01
4.080796755636898476e-01
2.978772922597246464e-01
2.111092970147238068e-01
2.973579131109158613e-01
2.252856742417401748e-01
2.981455886174870229e-01
2.199477272515871495e-01
2.210123882937512496e-01
2.302175460851057509e-01
3.391740248583780537e-01
2.976884852193656950e-01
3.390502089399111685e-01
2.766710328733342217e-01
2.942367562118232693e-01
2.999766155769824638e-01
2.953646708978461266e-01
2.951516530282072281e-01
2.334549282798625280e-01
2.167853337901993194e-01
2.163083765768051003e-01
1.741847071631514587e-01
3.675392996806571277e-01
3.840694276306106381e-01
2.492946635941395983e-01
2.857686487025778987e-01
2.967072759579489349e-01
2.246094861372866514e-01
2.128188034071264723e-01
3.029649372575839994e-01
2.603425321282885063e-01
3.272327642897596700e-01
2.619536187904514257e-01
3.747272320664823408e-01
3.940735283912045750e-01
2.486123880774193939e-01
2.929227259655460824e-01
2.956266973489177774e-01
2.628721751834711684e-01
2.578827513270015581e-01
2.790997887181553838e-01
2.474367683930918937e-01
4.974024462383264678e-01
4.950633936134065660e-01
2.472091983491431222e-01
