2.205495977936820229e-01
3.763830101823998353e-01
2.547749365467181781e-01
2.903222380227373778e-01
9.599612542042337271e-01
2.985597088180046432e-01
2.185184609391849220e-01
2.966930229109249195e-01
2.202525226998521546e-01
2.970684116849961476e-01
2.272014304020283648e-01
2.267156010786596787e-01
2.231328895757955511e-01
3.417859677594686785e-01
2.942138360866073943e-01
3.352370404020630357e-01
3.771195075492363435e-01
2.650966621876232332e-01
2.611890892456978364e-01
4.150759660183561128e-01
2.983180824432526412e-01
2.268136408656575009e-01
2.145531590385181264e-01
2.170771869714999414e-01
1.742321130131029294e-01
3.683440222391102803e-01
3.845441863438363583e-01
2.516415705897674382e-01
2.813993585666471620e-01
2.980202477569494079e-01
2.230549120905100102e-01
2.180008820297928418e-01
2.951063767450873288e-01
2.576721585603725106e-01
3.246492008145617225e-01
2.695242693086965513e-01
3.006532752257515262e-01
4.393980411741692516e-01
2.495666992239511384e-01
2.850341946629149636e-01
2.892273406770864419e-01
2.664551739672237907e-01
2.720122610348370551e-01
2.912591937021929422e-01
2.452975035586656971e-01
4.976160036344549065e-01
4.961755913185213474e-01
2.477032345908583011e-01
