2.297748860379617564e-01
2.637599669087088983e-01
2.532957595479890522e-01
2.916419037509401790e-01
5.888470843970383672e-01
2.796561186635049268e-01
3.610358358270503998e-01
2.848709496927571694e-01
3.529226976994044862e-01
2.805883871549101349e-01
3.548036913058268960e-01
2.589053809607352874e-01
2.789668076704419075e-01
3.604202929637387309e-01
2.831685318288355568e-01
3.605219882142864374e-01
3.916111371442304590e-01
3.053626958903877253e-01
2.490248841013075476e-01
3.737287392362002580e-01
2.872560526506155454e-01
3.503056765207947509e-01
2.868603152599576989e-01
3.644614674619471306e-01
1.744941878094685983e-01
3.627047362239843031e-01
4.103462207441141985e-01
2.515647368159015240e-01
3.439598506743284378e-01
2.856153215641403786e-01
3.628298327548736268e-01
3.227986181251741304e-01
1.354670720985051036e+00
1.272965712521623827e+00
3.451298426150659626e-01
2.628361320646668831e-01
3.593871717289411905e-01
4.745997712086678644e-01
2.457568296051114709e-01
2.946464017287560022e-01
3.675549437455706281e-01
2.422426804217657215e-01
2.518875659912873655e-01
3.558847483838806225e-01
2.520773812418126147e-01
4.974486211328852381e-01
4.945127599463801094e-01
2.466509316799211649e-01
