2.424861136296567465e-01
2.460644118644021439e-01
2.558811064757604559e-01
2.874104334866909305e-01
9.332076438841295785e-01
2.990512157935717452e-01
2.989025427861091155e-01
2.944611529607715217e-01
2.312069765848637770e-01
2.850185452930263930e-01
3.575150535155781628e-01
2.641851465269661747e-01
2.824728086458351828e-01
3.600881714651921750e-01
2.862796316922805451e-01
3.563500372531105964e-01
3.543002341660434484e-01
2.501512835772525811e-01
2.987386879625695824e-01
4.263415555232789034e-01
2.819767450991631508e-01
3.605807606215790662e-01
2.799555193540086417e-01
3.536706402938095128e-01
1.749036381655084682e-01
3.851033454682128432e-01
3.737063333089870598e-01
2.688720345302387238e-01
2.655460971045894292e-01
2.897862658936194435e-01
3.552409372072601323e-01
3.593455779572823361e-01
1.228034174350300489e+00
1.103760778451222446e+00
3.535016859685715662e-01
3.808109948695837521e-01
3.250393502886839703e-01
5.317589397898909720e-01
2.449219374298733376e-01
2.965821109343719786e-01
2.535499513163964047e-01
2.884888080867802351e-01
3.134131261077736652e-01
2.732088740166419005e-01
2.455591356762104605e-01
4.958974802496586287e-01
4.960882182287799091e-01
2.504095631856355642e-01
