2.303442088799695919e-01
2.540424892977089510e-01
2.563596743970969483e-01
2.899516963106072431e-01
8.822238917001292702e-01
2.891705759369195827e-01
3.505470254453967316e-01
2.958157524363181912e-01
3.107855748015233011e-01
2.869652923422367219e-01
2.207354320053696861e-01
2.231570677573476991e-01
2.349970993525597740e-01
2.873471525359356793e-01
2.954941354181361279e-01
2.436573004862998271e-01
2.575468189728106205e-01
3.636884355951885417e-01
4.217675914549975924e-01
2.689367584070203598e-01
2.688231366272056388e-01
3.563229943419371493e-01
4.509325693567342586e-01
3.510557577822436826e-01
1.746743124651970736e-01
4.087263724922642893e-01
3.658929196912500958e-01
3.651878104183008955e-01
2.650256229453106238e-01
2.957955533503446865e-01
3.525880238408234391e-01
3.349405243111746033e-01
1.238145572238855463e+00
1.213237582448218443e+00
2.334805189628709476e-01
3.579605718794792724e-01
2.665825448377215356e-01
2.896248249697572774e-01
2.476952340539525788e-01
2.777191037344694524e-01
2.387812085326947720e-01
3.738957356309668412e-01
3.334893987221660416e-01
2.673112654572514235e-01
2.443147583499634401e-01
4.970612684980799667e-01
4.971447250923843320e-01
2.445659757780977162e-01
