2.377449341702752017e-01
3.808907080908697229e-01
2.468294225221436822e-01
2.895880267272553099e-01
1.229640266513468472e+00
3.011593139380812634e-01
2.160244535545926270e-01
2.982945665335384189e-01
2.273759674183923052e-01
2.955984129235340041e-01
2.171513777219806485e-01
2.233836809562738390e-01
2.273179847314497903e-01
3.375889593862561044e-01
2.966015374034848828e-01
3.332120503512718823e-01
2.682329953939850409e-01
3.858928069242787418e-01
4.096156331335312761e-01
2.570557545044660497e-01
2.970423743233789882e-01
2.295391265688298821e-01
2.283901748088856543e-01
2.211799610331188770e-01
1.768703325400988458e-01
3.965625720630164830e-01
3.637535863153563143e-01
3.141279282897159741e-01
2.439089127374472199e-01
2.948138089767399772e-01
2.212473991202678625e-01
2.168088629329707473e-01
2.749909399196389104e-01
3.623853079874558292e-01
2.355916168707524183e-01
3.815808696879519069e-01
2.646758528165044089e-01
4.619976559580494802e-01
2.465068511659823935e-01
2.941757476868052112e-01
2.940640514034115749e-01
2.987964677063720265e-01
2.707177623044591530e-01
2.634704498362432923e-01
2.502014753402249103e-01
4.970908624694287403e-01
4.959268276639173800e-01
2.474392381189444989e-01
