2.245448471225631459e-01
2.527346966924076677e-01
2.546306965305656367e-01
2.857815838599734315e-01
9.369475689689947817e-01
2.828859240438683642e-01
3.555778192148657535e-01
2.895604773172550384e-01
3.591892823372863086e-01
2.873962296505812031e-01
3.549232489502415211e-01
2.641678900038977318e-01
2.822077419283052779e-01
3.589278390959977361e-01
2.829596810678068897e-01
3.601875556456379246e-01
2.985631388915828688e-01
3.034692617301208428e-01
3.140429161703552907e-01
2.684541215379590007e-01
2.774313338384968852e-01
3.499763852626768257e-01
2.782699075235289254e-01
3.634717049307195080e-01
1.721542635764392037e-01
3.960532033707929722e-01
3.638759509513427304e-01
3.080966164957731346e-01
2.480174529742790734e-01
2.892660012732228836e-01
3.382935947226621276e-01
3.478326857923518811e-01
1.296895543079816360e+00
9.417838742982183042e-01
3.506240359420939035e-01
2.861459838486162810e-01
2.880245469353678311e-01
4.605138312236087828e-01
2.468762724039024470e-01
2.944190047604233196e-01
2.647522468368537218e-01
2.872242996470064647e-01
2.812409420164481144e-01
2.663141866523703882e-01
2.454593250417050898e-01
4.964561246209618917e-01
4.949321450700508440e-01
2.499148456890682157e-01
