2.225275953661508266e-01
2.546293847428047763e-01
2.618209631476910437e-01
2.853019324627963371e-01
1.306261580769457531e+00
2.975600128859933746e-01
2.222633109786336936e-01
2.932486118851695966e-01
2.290394931019928138e-01
2.920611520983016907e-01
2.135415797061124554e-01
2.232495423120971767e-01
2.434353435916791486e-01
3.392283684785298292e-01
2.910275095630337483e-01
3.329655633134747106e-01
2.621811905173075941e-01
3.623302604478763622e-01
4.354184449344812302e-01
3.268426802198776682e-01
2.953618357143453776e-01
2.437514676946618275e-01
2.418254573619131043e-01
2.171657811784240000e-01
1.779359748264804919e-01
3.541388329082959530e-01
3.934006979412021932e-01
2.281764743858717692e-01
3.266354770406116326e-01
3.019933089655799652e-01
2.162632111797536116e-01
2.141051511455334677e-01
3.224245235262239162e-01
3.680105163118946865e-01
3.288962824772799221e-01
3.686447075634315951e-01
2.500401344947544846e-01
5.025805727250202137e-01
2.538976761097765378e-01
2.900416272834699383e-01
2.505282626520520251e-01
3.560142659066198867e-01
3.656783840937328223e-01
2.330478367639638726e-01
2.486729231708567078e-01
4.980162338232392849e-01
4.942684598908230753e-01
2.389757809289583812e-01
