2.333971607067518717e-01
3.162875177696524709e-01
2.536080498079222867e-01
2.843303991651054963e-01
7.095856210781382734e-01
2.974459936124175252e-01
2.333238645984458404e-01
2.855879932761832274e-01
3.499550368745640849e-01
2.882929378913679508e-01
3.568419125026414673e-01
2.726106805663570110e-01
2.757091294807995085e-01
3.610241801945305862e-01
2.802346776976966658e-01
3.582327553518677710e-01
2.682792908666025156e-01
3.700217965398460152e-01
4.062659623130810416e-01
2.601974512402763229e-01
2.830826899674092623e-01
3.577741368638214792e-01
2.844003739391242624e-01
3.573218788928674283e-01
1.747161643606944537e-01
3.844175160938213542e-01
3.654344674667284187e-01
2.770551736582839153e-01
2.523038682359167173e-01
2.840598652761370801e-01
3.561301884249858940e-01
3.511420926754564298e-01
9.316431829580090751e-01
1.156760635294837192e+00
3.547291231300803704e-01
2.705371149165460287e-01
3.251668314733269227e-01
4.715576119737851513e-01
2.487514169435655620e-01
2.956516348761242252e-01
2.640420470173613920e-01
2.679266539303453709e-01
2.829739109502191208e-01
2.771966898813782998e-01
2.483996797121841293e-01
4.962568600075524250e-01
4.967229306775344244e-01
2.469239286390458032e-01
