2.281681343980212773e-01
3.812317562807767124e-01
2.555895051010064201e-01
2.854992819305147145e-01
1.259200207517900738e+00
2.867910281168336017e-01
3.293674654168293192e-01
2.824129314267596613e-01
3.464743420390578588e-01
2.917965429179423253e-01
3.544218784794794797e-01
2.713319716468550746e-01
2.283020680290270832e-01
3.361469548374895200e-01
2.840536245160409923e-01
2.348518651995183393e-01
2.811936042464020513e-01
3.848005993719876283e-01
3.874397408500775408e-01
2.510900697272387960e-01
2.200296138357354936e-01
3.539752524408677492e-01
4.533953696098036446e-01
2.821886771116478010e-01
1.750165466020585647e-01
3.660844256770525162e-01
3.717025755975655321e-01
2.562933601945253659e-01
2.645669698546361248e-01
2.741393946647495139e-01
2.102520249449103262e-01
3.250646558330766434e-01
1.066579115170010805e+00
9.323874201126940431e-01
2.141202371667818571e-01
3.853013600717043463e-01
2.783365109565494322e-01
3.950939027193848263e-01
2.469091516169073242e-01
2.859090014075992281e-01
2.714342223331496218e-01
3.388875063272850374e-01
3.759383040018109967e-01
2.347686982358277996e-01
2.466018844716331981e-01
4.962032674726822856e-01
4.962583759839154229e-01
2.489536482968963960e-01
