2.310305066693683351e-01
2.840111321068217731e-01
2.544381427424847186e-01
2.891155575213147921e-01
8.906066235517167140e-01
2.796779796872513879e-01
3.568984166487928489e-01
2.873531605683635193e-01
3.558564148439542496e-01
2.877861196341264804e-01
3.576489577853176338e-01
2.695747380111910840e-01
2.812705137640059139e-01
3.593402940331664741e-01
2.817611601188650394e-01
3.596612578361966239e-01
2.763677261744357239e-01
2.966252594806442766e-01
3.400452490755645485e-01
2.827171864022897663e-01
2.824704921775600952e-01
3.599765323052290800e-01
2.857354976233925647e-01
3.603560120013038492e-01
1.746303124179940380e-01
3.918032587011821000e-01
3.676078562602683730e-01
2.941082525579195583e-01
2.541006035314986589e-01
2.828508343575211748e-01
3.602450503310196117e-01
3.511046363516928115e-01
7.841644687842460604e-01
9.723411264762686912e-01
3.572125770896992236e-01
3.732866712237897233e-01
3.235378709693729204e-01
5.178186162948588134e-01
2.475918854411048031e-01
2.956920448623083786e-01
2.910581246586385062e-01
2.471939286652355405e-01
2.775300842448947813e-01
3.029096698732541837e-01
2.494640480157495621e-01
4.968804585307242117e-01
4.958543489532583060e-01
2.476145019541664827e-01
