2.518060803121563995e-01
2.579952862496881494e-01
2.533141625162690369e-01
2.773093662104603729e-01
7.865525496844067987e-01
2.878569688700582385e-01
3.606715800932031590e-01
2.814208381474072596e-01
3.489133475226004477e-01
3.027457197413952472e-01
3.597749469804889522e-01
2.853755854985810525e-01
2.719834190382872108e-01
3.468396189253729056e-01
2.799416401503562746e-01
3.571896743845033306e-01
3.907669532360624753e-01
2.802406940632198862e-01
2.509071808244470736e-01
4.022896940340117133e-01
2.867562858994681108e-01
3.516809087320758032e-01
3.050886915056222337e-01
3.531314296357414007e-01
1.767273994934859260e-01
4.111071940123429691e-01
3.724151819526407281e-01
3.647087717795627904e-01
2.718672183375918094e-01
2.828220762781962772e-01
3.612150473921760252e-01
3.276290326302325195e-01
1.335511858545318509e+00
1.476912417366721630e+00
3.582165080826850700e-01
2.794395121816080074e-01
2.453243999443955325e-01
5.471399397180710666e-01
2.492767540294751061e-01
2.968209382984444700e-01
3.504468986512783157e-01
2.647671619441235857e-01
2.254066333371477215e-01
3.804802709142461326e-01
2.501903138067892440e-01
4.935093142227774954e-01
4.924896686077016583e-01
2.418219241210007309e-01
