2.277230043968372086e-01
3.757858288768641808e-01
2.539748369940947881e-01
2.867121432613748411e-01
1.018259818847399689e+00
2.825443145439875403e-01
3.581730859183450133e-01
2.817766750009917942e-01
3.346752770796416754e-01
2.906688062342499546e-01
3.556153875915041840e-01
2.660929862346423924e-01
2.833484762272433510e-01
3.558711267820127699e-01
2.833437907388461907e-01
3.598553422009846403e-01
3.502055625516187209e-01
2.474519327533592494e-01
3.100329411706201355e-01
4.309337099986398911e-01
2.813202497894604637e-01
3.588017191612671852e-01
2.982433295051141187e-01
3.593249572807641345e-01
1.731100804325581832e-01
3.660360073771179446e-01
3.896485737990125209e-01
2.519730254363601873e-01
3.000905547132784457e-01
2.864428507510473065e-01
3.589557374374499066e-01
3.504035441859169042e-01
1.275969822570277357e+00
1.527103553304419492e+00
3.545123827987640697e-01
2.798398643232417604e-01
3.848088328303689298e-01
5.376223015308938535e-01
2.475832536655991067e-01
2.956662523969530998e-01
3.388610476288888007e-01
2.539480625726741603e-01
2.466656735411009438e-01
3.258877994968764069e-01
2.460388217556208901e-01
4.958247926665402816e-01
4.973922041894608403e-01
2.481593300015744463e-01
