2.348670459697097257e-01
2.695776861478370034e-01
2.540162488916655192e-01
2.867766289715920625e-01
6.731514630348082173e-01
2.786341554672794318e-01
3.541411949704234008e-01
2.811180092582500900e-01
3.526276235561770500e-01
2.862187823099323625e-01
3.573241681793947189e-01
2.642912381068848737e-01
2.791731757108165124e-01
3.584439513370924479e-01
2.788320298182618839e-01
3.560491263810243723e-01
3.572553709093424512e-01
2.512845552288057727e-01
2.975614660270525791e-01
4.320344522053307101e-01
2.807688280914645840e-01
3.564166691395064812e-01
2.816031862319745560e-01
3.599424778380929668e-01
1.743086962739724133e-01
3.835633617121379513e-01
3.671449937390461327e-01
2.815624242541867606e-01
2.535189125242029995e-01
2.810302947984938959e-01
3.568344151815429632e-01
3.343105667663606728e-01
1.244743081428955067e+00
1.449450725343414126e+00
3.568143411164375056e-01
3.798289772967024525e-01
3.351677355522190704e-01
5.255784000223249208e-01
2.452896597447206672e-01
2.956848429742555684e-01
3.249423581856030752e-01
2.442871062817698058e-01
2.666310330278027219e-01
3.457279097928517286e-01
2.482447071242407932e-01
4.980701573812407745e-01
4.955623047811765214e-01
2.455778953142132848e-01
