2.363132760201067939e-01
2.545208914855626170e-01
2.551738276310124842e-01
2.863005824999974025e-01
6.777596041649717185e-01
2.798708263270222041e-01
3.558199015819525912e-01
2.914776882106785427e-01
3.566525345405863745e-01
2.923786395113475156e-01
3.565739281874230060e-01
2.709401874997390269e-01
2.777676583827628498e-01
3.617128110325049661e-01
2.822165863764387606e-01
3.537798676196219905e-01
2.952672065202843754e-01
3.147749261242484553e-01
3.251612058726924270e-01
2.699632044414319587e-01
2.865918605278544584e-01
3.549660679261140150e-01
2.873124032285979124e-01
3.617641474172882399e-01
1.744861945062191610e-01
3.791722315654886266e-01
3.767781317095214022e-01
2.699269094925716428e-01
2.724401420531294415e-01
2.813428827125675213e-01
3.563260057130446801e-01
3.462939533143423732e-01
6.152106186993350212e-01
8.869466693258035717e-01
3.565696845565564654e-01
3.786932482361000663e-01
3.345494141757220929e-01
5.318964401304719924e-01
2.463830272245871034e-01
2.956904760276780064e-01
2.613758547018886214e-01
2.667671813352158749e-01
2.806744262137926826e-01
2.906625313432029678e-01
2.483986859933614566e-01
4.957004609018509367e-01
4.961275587616109095e-01
2.468737421715647418e-01
