2.340033298691890640e-01
3.816401970080673389e-01
2.546032761216404094e-01
2.857672269024024159e-01
8.837884233365218556e-01
2.954552343768824252e-01
2.181832406662894963e-01
2.954484458789502499e-01
2.277518655918604751e-01
2.992481280270963273e-01
2.474933065816080080e-01
2.568338069153243697e-01
2.336607106698585512e-01
3.546807575234009469e-01
2.985936407044594287e-01
3.499985551577595722e-01
3.868173990764125492e-01
2.744662243841679561e-01
2.544827444267107608e-01
3.930597390896067855e-01
2.983091208532023253e-01
2.312914532691389136e-01
1.966781214966133451e-01
2.218320558432590184e-01
1.727850421766299605e-01
3.903612271785973920e-01
3.555429001110753107e-01
3.140817469137209828e-01
2.378625420342813657e-01
2.957239630420919196e-01
2.190482657550882062e-01
2.095019510650605599e-01
2.878565059909405921e-01
2.564868201422021987e-01
3.138237840767347797e-01
2.754249663990501751e-01
3.782353991620925338e-01
3.967308472230656746e-01
2.478257953928553470e-01
2.959947322536152226e-01
2.702017308830043096e-01
2.857407539554450149e-01
2.704251068546288939e-01
2.598098976711410435e-01
2.408835377824616319e-01
4.969903960299921208e-01
4.952141927403916344e-01
2.532589000555243719e-01
