2.300535139531626472e-01
2.639039895363848864e-01
2.528015756470585740e-01
2.937805495941368528e-01
1.374076044924488205e+00
2.826542482054312244e-01
3.521669458482166171e-01
2.891042224244642078e-01
3.581283595263384800e-01
2.866216983774583782e-01
3.586358102075994370e-01
2.680708070249262498e-01
2.822896793607156951e-01
3.577624547752332740e-01
2.814490463057409686e-01
3.597106653709506996e-01
3.476075834805489317e-01
2.571796661248179072e-01
2.928438696098468186e-01
4.017109518306485882e-01
2.831744216691084448e-01
3.539711224164662218e-01
2.880916720840651091e-01
3.633056186454854397e-01
1.749876616295931442e-01
3.847935686441179559e-01
3.749483343788237999e-01
2.734706825637444605e-01
2.605854302457578653e-01
2.830072853534921773e-01
3.572227693398815629e-01
3.344129700608094447e-01
1.288148611459554838e+00
1.286828264993368443e+00
3.551692427875811076e-01
3.626119373189007900e-01
3.251264590097028839e-01
4.734398409951003361e-01
2.474919507903063365e-01
2.951555504914902817e-01
2.862786038423288382e-01
2.877130650272895496e-01
2.630962352225822420e-01
2.712029395508758767e-01
2.502492575002697173e-01
4.955238465646716883e-01
4.971502308446131280e-01
2.487074713993502606e-01
