2.246207537449335101e-01
2.519316334580097849e-01
2.548732548152949917e-01
2.869206239304423756e-01
4.997424731082031335e-01
2.969811863285328202e-01
2.230762502569507699e-01
2.788252009784478180e-01
3.502715688583586395e-01
2.923603715748770981e-01
3.551099543453931084e-01
2.931628615620431311e-01
2.785566694909596963e-01
3.510080934196670444e-01
2.709775980656132233e-01
3.554719835011568296e-01
2.812001577826024334e-01
3.003500985999645323e-01
3.274752022566670417e-01
2.826081289624789439e-01
2.856505476997571180e-01
3.531052391090038212e-01
3.030061278085685039e-01
3.624443239811849793e-01
1.739837364197885095e-01
3.852157582914760292e-01
3.679666432278884125e-01
2.916254458624135126e-01
2.547215345135082631e-01
2.773762606155111832e-01
3.555646674723884626e-01
3.465290196472171069e-01
1.268114444345852299e+00
1.040317926136583138e+00
3.517122964043606914e-01
2.671249279226753925e-01
3.803450250804823463e-01
3.396592581071779526e-01
2.480960559697919787e-01
2.962086618142323324e-01
2.670553300848468870e-01
3.003690780897514956e-01
2.796621925125690189e-01
2.555383762275462711e-01
2.470092736123895572e-01
4.962052341519785359e-01
4.959843243917690936e-01
2.502280938587186920e-01
