2.312507047250461356e-01
3.822607980878839906e-01
2.506593235588814306e-01
2.811096791134248818e-01
5.493219903133254034e-01
2.938619063139732424e-01
2.236433428443694305e-01
2.895653327810185917e-01
2.467538400919026820e-01
3.006447137364778310e-01
3.121927016369922536e-01
2.504671688893232440e-01
2.574517371945270194e-01
3.592702920683025769e-01
3.030110208170414543e-01
3.488979370739531127e-01
2.593490432683867031e-01
3.720355612864993944e-01
4.162346725845013085e-01
2.784117422936739361e-01
2.948821596418867985e-01
2.314108384358562753e-01
2.362545706779829446e-01
2.266969190397460088e-01
1.702539400859015006e-01
4.081520022181978069e-01
3.705820832681648858e-01
3.656628680521492591e-01
2.728245987578312715e-01
3.012546704915488038e-01
2.252469163691842857e-01
2.152905604778019566e-01
2.961354927356126820e-01
2.373888604328532326e-01
2.320965569513563642e-01
2.881883478320978464e-01
3.839245897605386704e-01
4.401904935854825118e-01
2.442276207776082619e-01
2.944021293503648606e-01
3.211194397424719793e-01
3.085169534447764761e-01
3.685262480860162504e-01
2.313140851120411012e-01
2.429425373236472618e-01
4.996080745727400907e-01
4.945489534638597973e-01
2.510417774497582521e-01
