2.294379878988450361e-01
2.509601018118915450e-01
2.543854403616270243e-01
2.872114633442428011e-01
1.082508921273753533e+00
2.847650344647424947e-01
3.540882245502821601e-01
2.887664344792115201e-01
3.541709366973725404e-01
2.860891691061344111e-01
3.575149698210049465e-01
2.685169635137410471e-01
2.816363312111986872e-01
3.586218491987002710e-01
2.811579009855277311e-01
3.590692562732097914e-01
3.335105563895248149e-01
2.588708421027285378e-01
2.912171686726089392e-01
3.572871035593488953e-01
2.837020822723546609e-01
3.558415414746328720e-01
2.891397302121283541e-01
3.592834452422032365e-01
1.753653659698801437e-01
3.763736439826665392e-01
3.789792645694735618e-01
2.686313476419520119e-01
2.708512093511166730e-01
2.822536381007786921e-01
3.584413681993319223e-01
3.240238209279853732e-01
8.431538668609722675e-01
9.524846208218668009e-01
3.494876290413268527e-01
2.692982324620639689e-01
3.588992915981955023e-01
3.178505826907199183e-01
2.459614917604746598e-01
2.924607921687992218e-01
2.781075154224291746e-01
2.891167938466465137e-01
2.732963190892040428e-01
2.531338353400233721e-01
2.467527680472378915e-01
4.970139566152339539e-01
4.956280408701841389e-01
2.479130473707741589e-01
