2.296248710726264686e-01
2.556939272404635810e-01
2.544525441841478663e-01
2.865671836667468830e-01
2.180117124937913931e-01
2.828835573108229307e-01
3.560920914691129702e-01
2.869985105904466205e-01
3.557286203116223344e-01
2.864791911449805495e-01
3.572233898592458434e-01
2.723188238349484869e-01
2.817026648755189822e-01
3.584890273963286522e-01
2.817321031099065953e-01
3.585268870502980598e-01
3.094238541346154836e-01
2.680792776290078505e-01
2.952295729934606983e-01
3.126047654680068622e-01
2.829010767036621576e-01
3.553153913355734939e-01
2.846033043400399976e-01
3.591960123222173729e-01
1.756120459501309128e-01
3.800568819682594857e-01
3.750842349140938170e-01
2.763063539946318814e-01
2.628627339850253541e-01
2.844013284698863053e-01
3.571283026677534167e-01
3.361955990989738963e-01
1.015674498944178827e+00
9.076638936366164812e-01
3.554342641540553793e-01
2.689817452612863757e-01
3.182955925428622712e-01
4.382724897081024529e-01
2.463263821255607111e-01
2.950395650953341886e-01
2.649203894628277545e-01
2.710687153025655438e-01
2.795429200815674475e-01
2.774912772460945698e-01
2.483100463848620099e-01
4.965188001887014813e-01
4.968449073255075676e-01
2.471936658334954739e-01
