2.485038615521798500e-01
3.851896989637113022e-01
2.513932853324519212e-01
2.938868775840810521e-01
1.042879660071899695e+00
2.689371443669207329e-01
3.607668134197503651e-01
2.778797975150788524e-01
3.492217750873676807e-01
2.865158740953319128e-01
3.569956720044065168e-01
2.750936959640050694e-01
2.828905932077659391e-01
3.574851006106193330e-01
2.818031949745552489e-01
3.576010582174714569e-01
2.755211774873430608e-01
3.838418819138419980e-01
4.084439570518627605e-01
2.563181536705703700e-01
2.831499237089113441e-01
3.560029436160622174e-01
2.903716314260360587e-01
3.553845208829889968e-01
1.754961578525509880e-01
4.086674571172223547e-01
3.553392364937975612e-01
3.541747818839087181e-01
2.349011767829355946e-01
2.888500007748392440e-01
3.638337690982650918e-01
3.522731687914857357e-01
1.369721272711968307e+00
7.613492432218726957e-01
3.462294918438801883e-01
3.841115143879300642e-01
3.164639156719596946e-01
5.337504001711803614e-01
2.469589494684282516e-01
2.983384193525597250e-01
2.565197773761114797e-01
3.033245470994611059e-01
3.132867307187788275e-01
2.527323280201535516e-01
2.528674517097179719e-01
4.974888859014535702e-01
4.959790534107011983e-01
2.399684714293880694e-01
