2.565251309866604656e-01
2.651538873382048300e-01
2.518415978337493200e-01
2.892373373132378633e-01
8.103110468062200145e-01
2.900489507751801699e-01
2.171908689120798375e-01
2.975345061185096229e-01
2.309889181517941759e-01
2.950306006173069040e-01
2.229493721359867009e-01
2.383047217672684404e-01
2.317142856069169810e-01
3.532015521541729264e-01
3.005241820262200547e-01
3.463177102996661261e-01
3.881717789259496176e-01
2.767822866188949793e-01
2.589547738089527096e-01
4.090444255551919372e-01
2.902223744242857228e-01
2.256355878929772185e-01
2.146426820035638172e-01
2.131022225408431003e-01
1.740976944004586635e-01
3.667923260723495171e-01
3.757539908728462219e-01
2.434036045031163775e-01
2.683965916082439729e-01
3.037323815581279285e-01
2.299029898052533660e-01
2.199771637286302428e-01
3.802335361372541911e-01
2.690293725145616599e-01
3.475932416772715139e-01
3.773300260121167371e-01
2.635161425849851802e-01
3.840924396239995819e-01
2.561738197536773676e-01
2.733280965591789458e-01
2.550810252735781769e-01
3.198238381599930458e-01
3.588938010174623217e-01
2.671552368132071309e-01
2.454140024967349787e-01
4.980256590302595265e-01
4.958097059071260859e-01
2.516332072024751731e-01
