3.557462129821212238e-01
2.746896771777081470e-01
2.512483343006197689e-01
2.991973735738179263e-01
6.382445063726230883e-01
2.961929889707624608e-01
2.265955621410045140e-01
2.786801352961412181e-01
3.592983594460441021e-01
2.873297514593912139e-01
3.552474989216972134e-01
2.609864688122383591e-01
2.785358558991545830e-01
3.572610275066211982e-01
2.784103442577701704e-01
3.634374035925996282e-01
2.788085239016334094e-01
3.859428212104919487e-01
4.108907751590672452e-01
2.642378125211782280e-01
2.876588545563438237e-01
3.602963889636548456e-01
3.076102992683779624e-01
3.590010932802945587e-01
1.764376386434594879e-01
3.531375048827289920e-01
3.840283288380136328e-01
2.378397946498371496e-01
2.866445264071940668e-01
2.854865067494907760e-01
3.568717297921985554e-01
3.574590284634177051e-01
8.010573154183561195e-01
1.368898330178800249e+00
3.446843370949194130e-01
3.841008587115924411e-01
3.385274718199068889e-01
5.307027689015321181e-01
2.413951715473080517e-01
2.956051023641381170e-01
2.537642078202485552e-01
3.475760687863065357e-01
3.706875575068886430e-01
2.421013703592029831e-01
2.487654092617916368e-01
4.970902722581314603e-01
4.944618654541192426e-01
2.494266838528370056e-01
