2.303874730166441676e-01
3.841975819337298814e-01
2.527019098612386938e-01
2.825366969182361854e-01
7.259345952652156431e-01
2.930459367280979777e-01
2.219647338705334483e-01
2.805031355255619419e-01
3.520113768590666936e-01
2.912968528518822264e-01
3.543195258753789045e-01
2.764892897253967696e-01
2.785063848232161021e-01
3.609209388327342949e-01
2.823487896202739877e-01
3.462578414982804831e-01
3.799611178603195527e-01
3.219902482007334088e-01
2.655524994870279709e-01
3.378451150743925768e-01
2.946870108417827816e-01
3.577304939051524357e-01
2.811100939682408262e-01
3.621769150695847150e-01
1.750390696383234690e-01
3.883666692391023467e-01
3.624849276492226879e-01
2.697698984855529947e-01
2.575706815765814173e-01
2.752917371181559103e-01
3.550364781779929424e-01
3.460994110441029670e-01
1.874749885512551062e-01
5.931121412630175893e-01
3.502306937101142825e-01
2.831644615689909994e-01
3.839941397922143618e-01
5.295944077719348941e-01
2.506857126595348206e-01
2.854705700621876785e-01
2.758328826183916171e-01
2.796431524809698810e-01
2.758860369885710040e-01
2.556169861669748133e-01
2.471678882231691521e-01
4.947578044491274807e-01
4.982209501052505263e-01
2.481171451842874021e-01
