2.327692949079503137e-01
2.615542438849998153e-01
2.555801810900665272e-01
2.883271291932889557e-01
1.374399150643039080e+00
2.822448884657511869e-01
3.586267081685251545e-01
2.867072252381328568e-01
3.669056122093304340e-01
2.881128388208936686e-01
3.562379057569483587e-01
2.670229836942430435e-01
2.813415637862207164e-01
3.608756776371799257e-01
2.835827958794681636e-01
3.624037001571294714e-01
3.791958212402157802e-01
3.301758530983573414e-01
2.598173062125679333e-01
3.383045708960739084e-01
2.801248483902991082e-01
3.526549800652786226e-01
2.929102040945811281e-01
3.572965701246849091e-01
1.764405093048770357e-01
4.082615882695047049e-01
3.644056072665107227e-01
3.637751029364389432e-01
2.583659450618469577e-01
2.839024858759264802e-01
3.546661836249808131e-01
3.585057453104794623e-01
1.373876587888458234e+00
1.774312850658750884e+00
3.551474237805214429e-01
3.814508034643160905e-01
3.287414223336659891e-01
5.355615052789712838e-01
2.462618464296283671e-01
2.948759511156070490e-01
3.711943777942803835e-01
2.388856155413091320e-01
2.545672645509647336e-01
3.475387247852879113e-01
2.479625708671599205e-01
4.941050070789554383e-01
4.966648171038299808e-01
2.430196430848365063e-01
