2.161352010726577677e-01
2.847766263717648183e-01
2.563851028801248377e-01
2.874451614000781974e-01
8.119888566377647665e-01
2.829587637429946678e-01
3.631308467242418403e-01
2.845228373382296949e-01
3.029903376316272490e-01
2.988004681027106590e-01
3.660624408093255955e-01
2.853776317096869408e-01
2.702454465763541314e-01
3.554149849018971574e-01
2.684882072045123858e-01
3.596042872980532157e-01
3.887928981248818250e-01
2.796503283492860481e-01
2.448245242717859149e-01
3.777981647918172148e-01
2.925903017715202892e-01
3.324135538425581626e-01
3.107123141886276030e-01
3.555688050683981638e-01
1.758594637225508461e-01
4.151999070716638762e-01
3.620789700675250966e-01
3.576097955562499431e-01
2.433507470833653485e-01
2.803135006605311230e-01
2.115319960292870449e-01
3.424312424883762529e-01
1.181189895867568174e+00
1.012065129913920059e+00
3.517121835103318439e-01
2.440848396987110036e-01
3.413115406291221676e-01
4.587639211666863504e-01
2.439913695724906517e-01
2.988579366348358968e-01
2.404738791088826266e-01
3.596314392818131256e-01
2.976352834155399640e-01
3.163568408703278934e-01
2.427719881977624949e-01
4.962192757438071977e-01
4.931756365604284542e-01
2.475377153333113700e-01
