2.298466216206568880e-01
3.715248270157451849e-01
2.517505879602432439e-01
2.932383246493933115e-01
1.043431778641455310e+00
2.991678713837357395e-01
2.285793474640810674e-01
2.879103607950916910e-01
3.572461312999405947e-01
2.881727691757550724e-01
3.693808613805897312e-01
2.590105892653099540e-01
2.853589279984155014e-01
3.500642222520523594e-01
2.675761179877386708e-01
3.624438539524731939e-01
2.804338002000584806e-01
3.970834668629474318e-01
3.916311242606844156e-01
2.332536215131221780e-01
2.769349386479465491e-01
3.579572448499332427e-01
3.220258320874191393e-01
3.566303697293268238e-01
1.770768816044431537e-01
3.588815885333005995e-01
4.138218292620532424e-01
2.442183129479822135e-01
3.550531942749290404e-01
2.934955734721575449e-01
3.433126650329975105e-01
3.625546799961842925e-01
1.453933112525439331e+00
1.083769239512814231e+00
3.589888833389441314e-01
3.955834446510806401e-01
2.965723403777192346e-01
5.709736212967714275e-01
2.514903814131038695e-01
2.932553273767935509e-01
2.710463103265264850e-01
3.465910932461510607e-01
3.818689798306714733e-01
2.298305553881220265e-01
2.437530693337624232e-01
5.044022343832814670e-01
4.962161726180439603e-01
2.507804670237638867e-01
