2.372297458412515325e-01
3.889014503570581982e-01
2.540908589390528660e-01
2.895449251800638057e-01
1.460744972228196659e+00
2.793361143565867288e-01
3.569217892769780409e-01
2.879408592271660017e-01
3.429057819842667998e-01
2.898318541357841061e-01
3.599939230646266863e-01
2.753829780908221281e-01
2.827344281387716984e-01
3.589085892415123658e-01
2.830935913856748587e-01
3.484623845246568874e-01
3.325110867917819291e-01
2.520101236357943364e-01
3.008184506878669451e-01
3.550680226731909306e-01
2.928108303231881093e-01
3.587248208987982578e-01
2.874082927576926960e-01
3.630424288974370972e-01
1.733524823094513556e-01
3.867737946373306923e-01
3.691836497037043197e-01
2.918859683309725228e-01
2.641053809469999236e-01
2.839886454789239956e-01
3.240332493905772049e-01
3.325353204881542624e-01
1.212303444582859102e+00
1.200507291687741951e+00
2.068195054791114873e-01
3.822869540931178034e-01
2.801925424331781489e-01
4.315120717824632024e-01
2.463781763718314310e-01
2.918404957430295044e-01
3.306837465786182095e-01
2.490909440705162403e-01
2.487718188033243849e-01
3.392089474745011990e-01
2.465509027308288581e-01
4.939935680048980204e-01
4.970145882147308236e-01
2.468524315625716115e-01
