2.362129575175101748e-01
3.466949873327613840e-01
2.591852648663974801e-01
2.833451728225513944e-01
5.899256141658983932e-01
2.938084338101092929e-01
2.264377716356276993e-01
2.880021239168477631e-01
3.529986266491975666e-01
2.921856761009796188e-01
3.590792982821148782e-01
2.624581299675117219e-01
2.736316260132535816e-01
3.556595844682952090e-01
2.740547570327154236e-01
3.594524962573967253e-01
2.958087980947819440e-01
3.836922956368392645e-01
3.717612856121024767e-01
2.508399119552990886e-01
2.828287756075753556e-01
3.581143672068548556e-01
3.013261209635051396e-01
3.543741278699638619e-01
1.768061056026972444e-01
3.758359643606446476e-01
3.562506681006755160e-01
2.652830392406540505e-01
2.538343370886965711e-01
2.838769540954373949e-01
3.622141554552518738e-01
3.427010532573440127e-01
1.255663233566850057e+00
1.359409341247145964e+00
3.441629710826811239e-01
2.798880530801187150e-01
3.715494324474929999e-01
4.867577920054378948e-01
2.446629017500060455e-01
2.972687989585535151e-01
3.014138528376221760e-01
2.710781509369492026e-01
2.731899234911255303e-01
2.689697557417481399e-01
2.428918356333958917e-01
4.963848537538748662e-01
4.985140724541943236e-01
2.500360915311201082e-01
