2.320794026886937311e-01
2.517234384375217626e-01
2.541792894843240558e-01
2.874021661543588735e-01
6.636710894964866769e-01
2.834923375528214384e-01
3.553179010940996640e-01
2.850905462589073958e-01
3.550004867956688126e-01
2.863555873401834040e-01
3.580287795716000643e-01
2.670259074784553377e-01
2.792992836618030661e-01
3.596173096883702458e-01
2.814301361942030399e-01
3.583163813507331263e-01
2.686835938219052644e-01
3.628947977876581521e-01
3.950475988856165244e-01
2.619260920962306893e-01
2.827484801581694462e-01
3.580448437033912912e-01
2.849099800394307436e-01
3.600438600867854610e-01
1.752102513145216423e-01
3.880885400098789129e-01
3.697245263474749910e-01
2.868169077505792197e-01
2.571798789908094629e-01
2.820136358050626124e-01
3.590658096888761364e-01
3.471136323021311032e-01
6.797701947393816058e-01
7.605422137285765549e-01
3.552573251226147644e-01
3.813795314257482638e-01
3.249003950249574890e-01
5.321050372902532688e-01
2.477724264684412481e-01
2.963144193905821733e-01
2.558814068733210600e-01
2.696941434731329190e-01
2.924456480157215932e-01
2.802268527864076875e-01
2.482515533662456031e-01
4.962895415064838001e-01
4.960834561980378976e-01
2.478573686155709221e-01
