2.335540906441194997e-01
2.754902270377769802e-01
2.544649671715232264e-01
2.869312945568945339e-01
7.425342299789041700e-01
2.830782815806792141e-01
3.549950074804616440e-01
2.884375114175207200e-01
3.542155255764115052e-01
2.868948010585434805e-01
3.579813986140001347e-01
2.679178263523472325e-01
2.801778005043515374e-01
3.593608781030343535e-01
2.823339184948527314e-01
3.591384778390139809e-01
2.704160285539532471e-01
3.671188134324366859e-01
4.024746105829738463e-01
2.592795291539949365e-01
2.832667940825348007e-01
3.572290028085341462e-01
2.851458391920632107e-01
3.605279760307131820e-01
1.749598383233140486e-01
3.830471679670086060e-01
3.739622004276436651e-01
2.762553099932142375e-01
2.621919047154695481e-01
2.815592215814900490e-01
3.584753302229698457e-01
3.477600452462963898e-01
7.174271257729540885e-01
7.357714346421801999e-01
3.554622861536593792e-01
3.768148280151458751e-01
3.271169897482418820e-01
5.305782290153201464e-01
2.472060298780505427e-01
2.962987313527840616e-01
2.807178009905205718e-01
2.508646741324752072e-01
2.745060268537949932e-01
3.014403664880116462e-01
2.480414298066483114e-01
4.963013416291051638e-01
4.964618563223265890e-01
2.479139723292255182e-01
