2.335836130465986094e-01
2.516319098411334276e-01
2.542980374429792967e-01
2.876288489405665616e-01
5.426170228166750098e-01
2.842718433201530948e-01
3.545863541004233288e-01
2.888698560956123318e-01
3.568032624143568921e-01
2.876117963555568924e-01
3.607334477293228092e-01
2.814533149954905333e-01
2.803006013152947729e-01
3.576181741153547367e-01
2.847171093131591890e-01
3.586695372265850112e-01
2.648490514391494410e-01
3.789035716643898155e-01
4.118248758109359087e-01
2.611543121143647950e-01
2.820961390258182044e-01
3.538759305825404100e-01
2.830978320942261761e-01
3.561994867876512316e-01
1.744848200552891193e-01
3.800794913434533684e-01
3.708787019185077471e-01
2.731604287413318399e-01
2.639287027216220549e-01
2.986671064850369706e-01
3.598158419373831962e-01
3.398242150510792925e-01
1.301698564689311777e+00
9.712300880574467055e-01
3.508883353644891567e-01
3.777612640059078708e-01
2.643507272033360223e-01
3.859339370876827546e-01
2.474489488427123185e-01
2.904780954934885195e-01
2.681480043142688285e-01
2.791765109808664880e-01
2.789488174235003060e-01
2.644544117320174470e-01
2.475049753679205711e-01
4.963417773683261314e-01
4.962620419756019197e-01
2.479988098674423824e-01
