3.536707037160203293e-01
2.629215489468909039e-01
2.599316297327748937e-01
2.841629769992010668e-01
1.123659999220759431e+00
2.794725367265590843e-01
3.666483219102611435e-01
2.777321770388554989e-01
3.555478516965836500e-01
2.901625524877471940e-01
3.569716870171531498e-01
2.720484801731502533e-01
2.845727443048863270e-01
3.554327512022465996e-01
2.805723832914087668e-01
3.505900549885249684e-01
2.654738600660033754e-01
3.799313707506269955e-01
3.890206682170642694e-01
2.398020924030222212e-01
2.761299421216892314e-01
3.532825738172802876e-01
2.901123698449576405e-01
3.685393374244285147e-01
1.815334840948829576e-01
3.846937838721131708e-01
3.655456285401366689e-01
3.096500974131630168e-01
2.403776821935975916e-01
2.924710855794251385e-01
3.540903918422442787e-01
3.522681697786734234e-01
1.446383328042744054e+00
1.214388525148242470e+00
3.531051161375666214e-01
3.942829209530113732e-01
2.936922727198306715e-01
5.652351317479119563e-01
2.582483747651451722e-01
2.958904408159533928e-01
2.332201621979634598e-01
3.705704383345788111e-01
3.285911777065606554e-01
2.748752593505189856e-01
2.419568478933912248e-01
4.970469654059832543e-01
4.904561497438365558e-01
2.518771507974209012e-01
