2.275181955484634200e-01
2.638832122932240343e-01
2.536347587332390963e-01
2.842960196194644351e-01
3.684466828828908413e-01
2.998764644469073537e-01
2.149949220671376893e-01
2.976320293500110958e-01
2.250216127521743048e-01
3.004403554016935596e-01
2.323858946345056520e-01
2.327763474791035292e-01
2.291873361965734712e-01
3.427701360128073138e-01
2.924545043240536768e-01
3.409484360720252405e-01
3.757863806556667186e-01
2.602287315305317761e-01
2.546390141823297593e-01
4.090087185882608778e-01
2.828957427650908851e-01
2.236616973630150274e-01
2.209469718178810327e-01
2.224890026025735934e-01
1.761768185751802496e-01
3.703386787043180806e-01
4.100666464276104262e-01
2.584486407040629818e-01
3.650167854874652451e-01
2.962469116093318644e-01
2.184918964244114969e-01
2.068406750389208126e-01
3.121744244408052316e-01
2.749554346734399690e-01
2.606798184987951239e-01
2.683133057302456992e-01
3.715752041345425360e-01
5.482493963786548852e-01
2.478875785383837516e-01
2.814529353009223023e-01
3.810859731015658336e-01
2.425691096565034677e-01
2.866220362291187485e-01
3.202762900644109401e-01
2.466126435338627798e-01
4.953875545999695817e-01
4.948586270952331501e-01
2.349212215449339169e-01
