2.292248073477327341e-01
2.580087081074393107e-01
2.536421762323570195e-01
2.868710479496174859e-01
7.194468526682840093e-01
2.818319113086369954e-01
3.580638068625560111e-01
2.825134637325098508e-01
3.556061711416461102e-01
2.874581323142949008e-01
3.575246214687688995e-01
2.718531860226128805e-01
2.809983617514716925e-01
3.585930288887964612e-01
2.839498309955339472e-01
3.585319953788499991e-01
3.238463228929750470e-01
2.589127021134737250e-01
3.047561344265446448e-01
3.318186719816174635e-01
2.826724632796090986e-01
3.540873641642190983e-01
2.765732645808162693e-01
3.597131357493738024e-01
1.745198303178694121e-01
3.820042841522587329e-01
3.686479814220137152e-01
2.731667824740927619e-01
2.583162340165935933e-01
2.829738122871220951e-01
3.576417262935803754e-01
3.447074953297590838e-01
9.824182515342860800e-01
1.125603993991930452e+00
3.546634505401816129e-01
3.259831972348847806e-01
3.301750185991489950e-01
5.212468315953471265e-01
2.469306029325168406e-01
2.959735487029894752e-01
2.530561629341865348e-01
2.734921624399112017e-01
2.912281935113093523e-01
2.784424261687954427e-01
2.466161020991083364e-01
4.962257200267297108e-01
4.966185510265725411e-01
2.479267939260860754e-01
