2.330687831723853021e-01
2.437266581648493691e-01
2.587827876508962954e-01
2.836239435020127542e-01
7.317997045310157267e-01
2.807981105534787525e-01
3.524327849338242391e-01
2.856600640815127323e-01
3.545703001935694432e-01
2.868268494241751898e-01
3.596021604778062430e-01
2.720339681901131068e-01
2.792961349892508771e-01
3.565631019908294119e-01
2.841791736703896953e-01
3.603158868888992616e-01
2.748263901615679572e-01
3.603723984431917438e-01
4.051092326168903579e-01
2.642373419800407852e-01
2.797961240175293463e-01
3.551507227394325450e-01
2.811021078739509571e-01
3.551279727711454948e-01
1.763611818656846963e-01
3.886581052886998178e-01
3.678019179962492280e-01
2.999195910977554558e-01
2.574787298052254036e-01
2.910091870419926341e-01
3.571838465672997343e-01
3.519880350438794325e-01
6.300533693527228252e-01
5.999577392164161527e-01
3.576682740875881117e-01
2.891037348880337587e-01
3.314782999726594293e-01
4.559513683941173179e-01
2.447438480117845871e-01
2.948643176651998821e-01
2.526894728528811251e-01
2.932571537122981575e-01
2.969084857801707056e-01
2.675249830573473431e-01
2.502216199733969249e-01
4.970370442144073087e-01
4.961631487395665729e-01
2.478909441642268285e-01
