-9.646154797899999949e+02
-9.646147117909999906e+02
-9.646179794900000388e+02
-9.646160214200000382e+02
-9.646122874449999927e+02
-9.646060035420000531e+02
-9.646180219130000069e+02
-9.646121434179999596e+02
-9.646165523930000063e+02
-9.646108289810000542e+02
-9.646178014229999462e+02
-9.646076484579999715e+02
-9.646165503890000537e+02
-9.646117930819999629e+02
-9.646143269799999871e+02
-9.646099234209999622e+02
-9.646071366449999687e+02
-9.646177043410000351e+02
-9.646130735560000176e+02
-9.646164776430000529e+02
-9.646163802129999567e+02
-9.646116395770000054e+02
-9.646121490790000053e+02
-9.646124997330000497e+02
-9.646098521410000330e+02
-9.646085098559999551e+02
-9.646085098559999551e+02
-9.646087709759999598e+02
-9.646139292440000190e+02
-9.646147903600000291e+02
-9.646204977859999872e+02
-9.646127932980000423e+02
-9.646165833820000444e+02
-9.646181787509999594e+02
-9.646118310000000520e+02
-9.646173738390000381e+02
-9.646151682099999789e+02
-9.646210234689999652e+02
-9.646231506179999542e+02
-9.646224247599999444e+02
-9.646085753679999470e+02
-9.646129438609999625e+02
-9.646088182119999601e+02
-9.646170356699999502e+02
-9.646153965429999744e+02
-9.646216612340000438e+02
-9.646228249419999656e+02
-9.646180804340000350e+02
-9.646071386859999848e+02
-9.646177991829999883e+02
-9.646204069460000028e+02
-9.646099307050000107e+02
-9.646124389359999896e+02
-9.646147401629999649e+02
-9.646088165840000102e+02
-9.646140866380000034e+02
-9.646154799989999447e+02
-9.646120808629999601e+02
-9.646179968029999827e+02
-9.646225303899999517e+02
-9.646150931580000361e+02
-9.646137862010000390e+02
-9.646130736149999620e+02
-9.646170362249999926e+02
-9.646152216010000302e+02
-9.646227460430000065e+02
-9.646134452109999984e+02
-9.646180135270000164e+02
-9.646180803460000561e+02
-9.646141327679999904e+02
-9.646209084790000361e+02
-9.646165517599999930e+02
-9.646180234480000308e+02
-9.646104001270000481e+02
-9.646147900329999629e+02
-9.646176364100000455e+02
-9.646116706190000514e+02
-9.646101874890000545e+02
-9.646160215869999774e+02
-9.646150513620000311e+02
-9.646237966940000206e+02
-9.646085753099999920e+02
-9.646140863760000457e+02
-9.646143582380000225e+02
-9.646178603519999797e+02
-9.646234599529999514e+02
-9.646173663609999949e+02
-9.646063914449999857e+02
-9.646164383499999531e+02
-9.646165519679999534e+02
-9.646229262460000200e+02
-9.646207032600000275e+02
-9.646221165990000372e+02
-9.646186035240000365e+02
-9.646179949419999957e+02
-9.646063019189999750e+02
-9.646165505940000457e+02
-9.646151676560000396e+02
-9.646077244489999885e+02
-9.646130742499999542e+02
