2.541573941707611084e-01
2.762703895568847656e-01
2.290869802236557007e-01
4.125575423240661621e-01
1.748922914266586304e-01
4.027314484119415283e-01
3.551230430603027344e-01
2.838962078094482422e-01
2.666443586349487305e-01
3.036191761493682861e-01
2.461658865213394165e-01
2.948344051837921143e-01
2.541147172451019287e-01
4.280609488487243652e-01
2.967145144939422607e-01
2.286709994077682495e-01
3.387717604637145996e-01
3.211020827293395996e-01
3.742467463016510010e-01
2.559399604797363281e-01
2.888239026069641113e-01
7.387223839759826660e-01
2.487926185131072998e-01
2.477279454469680786e-01
6.192747354507446289e-01
2.889765202999114990e-01
2.993595898151397705e-01
3.294760882854461670e-01
2.464463710784912109e-01
2.894095778465270996e-01
7.126458287239074707e-01
6.682804822921752930e-01
3.062112033367156982e-01
2.753202915191650391e-01
2.546731531620025635e-01
2.893402874469757080e-01
2.858393490314483643e-01
3.032912611961364746e-01
3.867959976196289062e-01
2.905173301696777344e-01
3.411466777324676514e-01
4.814530014991760254e-01
2.222862243652343750e-01
2.252819240093231201e-01
2.865145504474639893e-01
6.870420575141906738e-01
6.283863186836242676e-01
3.605879843235015869e-01
4.908047318458557129e-01
2.792622148990631104e-01
2.723332941532135010e-01
3.142121136188507080e-01
3.258671760559082031e-01
2.957502901554107666e-01
2.428657263517379761e-01
3.022892177104949951e-01
3.390399515628814697e-01
2.636891305446624756e-01
2.839568555355072021e-01
3.040788471698760986e-01
2.825831770896911621e-01
2.971226572990417480e-01
2.180406600236892700e-01
2.913458645343780518e-01
3.000250458717346191e-01
4.170637130737304688e-01
4.056401252746582031e-01
2.521638572216033936e-01
3.517565131187438965e-01
3.265667557716369629e-01
2.955586314201354980e-01
2.231637239456176758e-01
6.800274252891540527e-01
2.310175895690917969e-01
3.451504111289978027e-01
2.863960862159729004e-01
2.334541231393814087e-01
2.395534664392471313e-01
2.441320717334747314e-01
4.372952580451965332e-01
4.441273510456085205e-01
2.952007353305816650e-01
3.438448309898376465e-01
3.782215118408203125e-01
3.406312763690948486e-01
3.184951245784759521e-01
3.020364642143249512e-01
4.023533761501312256e-01
2.571181654930114746e-01
2.873643338680267334e-01
2.501507699489593506e-01
2.479500621557235718e-01
5.927639007568359375e-01
2.543928921222686768e-01
2.577184140682220459e-01
3.421628177165985107e-01
2.940616905689239502e-01
2.316406518220901489e-01
3.305669724941253662e-01
3.104205429553985596e-01
3.054844439029693604e-01
3.705726563930511475e-01
3.371585309505462646e-01
3.705726563930511475e-01
3.371585309505462646e-01
2.244344651699066162e-01
2.697140574455261230e-01
3.104465305805206299e-01
2.958720028400421143e-01
2.966650426387786865e-01
2.242020666599273682e-01
3.226191103458404541e-01
1.753777712583541870e-01
3.771016597747802734e-01
2.950995564460754395e-01
3.956945240497589111e-01
2.459245026111602783e-01
3.766168951988220215e-01
3.573930561542510986e-01
5.874949097633361816e-01
5.545412302017211914e-01
2.954101264476776123e-01
2.275528162717819214e-01
3.737697005271911621e-01
2.936305999755859375e-01
4.962134957313537598e-01
5.425680875778198242e-01
2.965079843997955322e-01
4.719522297382354736e-01
3.176446557044982910e-01
4.004618823528289795e-01
3.911810219287872314e-01
3.881413638591766357e-01
4.638923108577728271e-01
4.556804597377777100e-01
4.679273068904876709e-01
2.703900337219238281e-01
2.821295559406280518e-01
2.996995151042938232e-01
2.839900553226470947e-01
2.973572611808776855e-01
2.198405563831329346e-01
6.505768895149230957e-01
2.807169854640960693e-01
5.865312814712524414e-01
3.062343597412109375e-01
2.995114922523498535e-01
3.073796629905700684e-01
2.738619446754455566e-01
2.646723687648773193e-01
2.753120958805084229e-01
5.117934942245483398e-01
4.233278334140777588e-01
5.623933672904968262e-01
3.957373201847076416e-01
1.742675602436065674e-01
7.541469335556030273e-01
2.534233033657073975e-01
3.159704208374023438e-01
3.220367431640625000e-01
3.089167475700378418e-01
3.788555562496185303e-01
3.862513899803161621e-01
3.721808791160583496e-01
2.280141860246658325e-01
2.934486865997314453e-01
4.398868083953857422e-01
4.441971778869628906e-01
4.335686862468719482e-01
2.586841881275177002e-01
2.659966945648193359e-01
2.720555663108825684e-01
4.449438154697418213e-01
4.644410908222198486e-01
4.379713833332061768e-01
2.678532302379608154e-01
5.429345369338989258e-01
2.406713962554931641e-01
2.889624536037445068e-01
2.223711758852005005e-01
3.072573542594909668e-01
3.177349567413330078e-01
6.826772689819335938e-01
7.341170310974121094e-01
3.377124965190887451e-01
3.123192191123962402e-01
2.559345364570617676e-01
2.883892059326171875e-01
2.470196038484573364e-01
2.477191686630249023e-01
1.025320410728454590e+00
3.570110201835632324e-01
3.538187444210052490e-01
2.938846051692962646e-01
3.175494372844696045e-01
3.016770184040069580e-01
3.317264020442962646e-01
3.003688454627990723e-01
3.145945370197296143e-01
2.875104844570159912e-01
4.893060326576232910e-01
4.899097084999084473e-01
2.474117279052734375e-01
4.965140521526336670e-01
4.959885776042938232e-01
2.481360435485839844e-01
