2.550074458122253418e-01
2.703961730003356934e-01
2.282615751028060913e-01
4.205331802368164062e-01
1.743100732564926147e-01
4.024735689163208008e-01
3.614237010478973389e-01
2.849049568176269531e-01
2.643558084964752197e-01
3.038799166679382324e-01
2.476888149976730347e-01
2.966422438621520996e-01
2.501387596130371094e-01
3.158555626869201660e-01
2.984661161899566650e-01
2.314617186784744263e-01
2.634020447731018066e-01
4.142804741859436035e-01
3.770838379859924316e-01
2.567938268184661865e-01
2.888515591621398926e-01
9.168705344200134277e-01
2.491799294948577881e-01
2.478129118680953979e-01
7.471389174461364746e-01
2.586453557014465332e-01
3.514702916145324707e-01
3.657266795635223389e-01
2.300398051738739014e-01
3.749073147773742676e-01
5.841296911239624023e-01
6.560273170471191406e-01
3.150349259376525879e-01
2.914232909679412842e-01
2.493169009685516357e-01
2.691805362701416016e-01
2.913273274898529053e-01
3.657770156860351562e-01
2.897346913814544678e-01
2.971571087837219238e-01
3.318401873111724854e-01
4.838395118713378906e-01
2.188185602426528931e-01
2.205347269773483276e-01
2.814019918441772461e-01
7.390074729919433594e-01
7.624776363372802734e-01
3.454729914665222168e-01
4.870982468128204346e-01
2.910247445106506348e-01
2.643634378910064697e-01
2.751041054725646973e-01
3.088063895702362061e-01
2.982530295848846436e-01
2.245301604270935059e-01
2.815020978450775146e-01
3.592487573623657227e-01
2.492076903581619263e-01
2.975043356418609619e-01
3.125700354576110840e-01
2.708725035190582275e-01
2.967739701271057129e-01
2.149878591299057007e-01
3.202870786190032959e-01
2.856211364269256592e-01
4.415121376514434814e-01
4.632494747638702393e-01
2.855105698108673096e-01
3.346048295497894287e-01
2.971409857273101807e-01
2.960834801197052002e-01
2.225164622068405151e-01
9.631533026695251465e-01
2.296351343393325806e-01
3.329832851886749268e-01
2.847598791122436523e-01
2.210250049829483032e-01
2.426136434078216553e-01
2.523196339607238770e-01
4.445984065532684326e-01
4.153581261634826660e-01
2.938209176063537598e-01
3.488410413265228271e-01
3.562690019607543945e-01
2.619210779666900635e-01
4.177026748657226562e-01
2.793992459774017334e-01
2.876111865043640137e-01
2.557006478309631348e-01
2.908490002155303955e-01
2.498663365840911865e-01
2.479239553213119507e-01
3.702259361743927002e-01
2.832040190696716309e-01
2.621723711490631104e-01
3.004316985607147217e-01
2.906891703605651855e-01
2.218032926321029663e-01
2.657446265220642090e-01
4.073473811149597168e-01
3.219639062881469727e-01
3.615746200084686279e-01
3.036814332008361816e-01
3.615746200084686279e-01
3.036814332008361816e-01
2.417045086622238159e-01
2.870874404907226562e-01
3.220584988594055176e-01
2.869803011417388916e-01
2.965952157974243164e-01
2.226032763719558716e-01
2.955804467201232910e-01
1.749175935983657837e-01
3.582544326782226562e-01
2.964934110641479492e-01
4.157971143722534180e-01
2.543210983276367188e-01
3.493172526359558105e-01
3.134653568267822266e-01
5.112450718879699707e-01
4.529465436935424805e-01
2.963190972805023193e-01
2.254125922918319702e-01
3.387925028800964355e-01
3.629996776580810547e-01
5.286824107170104980e-01
5.020176768302917480e-01
3.887358307838439941e-01
4.098710715770721436e-01
3.916727006435394287e-01
3.466378748416900635e-01
3.861712217330932617e-01
3.847484290599822998e-01
4.612379372119903564e-01
4.565565884113311768e-01
4.481506049633026123e-01
2.494659721851348877e-01
2.911170423030853271e-01
3.283427059650421143e-01
2.820512056350708008e-01
2.966045439243316650e-01
2.151240110397338867e-01
5.540739893913269043e-01
3.199780881404876709e-01
5.132629871368408203e-01
2.868699431419372559e-01
3.470379114151000977e-01
3.467890322208404541e-01
2.751462757587432861e-01
2.495926171541213989e-01
2.594871520996093750e-01
3.650742769241333008e-01
4.252223372459411621e-01
4.084117412567138672e-01
4.426542818546295166e-01
1.730345338582992554e-01
3.788832724094390869e-01
2.526196539402008057e-01
3.078988492488861084e-01
3.199440240859985352e-01
3.180375397205352783e-01
3.851828873157501221e-01
3.731830716133117676e-01
3.876203298568725586e-01
2.419083863496780396e-01
2.612922489643096924e-01
4.181642532348632812e-01
4.366217255592346191e-01
4.239372611045837402e-01
2.672420144081115723e-01
2.641873657703399658e-01
2.630063295364379883e-01
4.264802038669586182e-01
4.170010387897491455e-01
4.365053474903106689e-01
2.667956650257110596e-01
3.296571969985961914e-01
2.371915280818939209e-01
2.872850596904754639e-01
2.324378192424774170e-01
2.767040729522705078e-01
3.486272990703582764e-01
6.136976480484008789e-01
4.269382357597351074e-01
3.676703870296478271e-01
2.837917804718017578e-01
2.561994194984436035e-01
2.882643342018127441e-01
2.507477402687072754e-01
2.453726828098297119e-01
1.048856735229492188e+00
4.254547953605651855e-01
2.725602388381958008e-01
2.936971187591552734e-01
3.111353516578674316e-01
3.098821043968200684e-01
3.257923424243927002e-01
2.652360498905181885e-01
3.478089570999145508e-01
2.810506224632263184e-01
5.075740218162536621e-01
4.928854107856750488e-01
2.496079653501510620e-01
4.957008361816406250e-01
4.976563155651092529e-01
2.486025840044021606e-01
