2.562541365623474121e-01
2.603891789913177490e-01
3.590929210186004639e-01
3.740037977695465088e-01
1.757136434316635132e-01
2.389026284217834473e-01
2.968259751796722412e-01
2.861639261245727539e-01
2.997223138809204102e-01
2.999435663223266602e-01
2.527006268501281738e-01
2.613191902637481689e-01
2.822684943675994873e-01
4.677039384841918945e-01
2.922761440277099609e-01
2.383114844560623169e-01
3.237230181694030762e-01
3.527950048446655273e-01
3.531971275806427002e-01
2.536659538745880127e-01
2.858978509902954102e-01
8.161448836326599121e-01
2.503937184810638428e-01
2.472799271345138550e-01
6.804494261741638184e-01
2.754880785942077637e-01
3.159791529178619385e-01
3.406760096549987793e-01
2.388787418603897095e-01
3.314054310321807861e-01
6.652179360389709473e-01
6.605955362319946289e-01
3.113681972026824951e-01
2.735092043876647949e-01
2.591405510902404785e-01
3.008299171924591064e-01
2.717660963535308838e-01
3.329722285270690918e-01
3.590719699859619141e-01
2.899758815765380859e-01
3.369177579879760742e-01
4.788875877857208252e-01
2.204090654850006104e-01
2.205942273139953613e-01
2.876206636428833008e-01
6.132566928863525391e-01
6.555738449096679688e-01
3.630331456661224365e-01
4.773848950862884521e-01
2.664534747600555420e-01
2.718275487422943115e-01
3.056896626949310303e-01
3.077172935009002686e-01
2.992253303527832031e-01
2.275274246931076050e-01
3.119302392005920410e-01
3.256429731845855713e-01
2.832593619823455811e-01
2.666226923465728760e-01
2.735623419284820557e-01
2.968356609344482422e-01
2.959800660610198975e-01
2.189077734947204590e-01
2.730213403701782227e-01
3.372304439544677734e-01
4.011990129947662354e-01
3.511173427104949951e-01
2.688350379467010498e-01
3.562098145484924316e-01
3.497838377952575684e-01
2.975763380527496338e-01
2.270617187023162842e-01
7.557708024978637695e-01
2.305511236190795898e-01
3.429992198944091797e-01
2.878802418708801270e-01
2.303808331489562988e-01
2.483214586973190308e-01
2.389639019966125488e-01
4.362377524375915527e-01
4.316616654396057129e-01
2.974247932434082031e-01
3.405527174472808838e-01
3.667262196540832520e-01
3.260203897953033447e-01
3.429855108261108398e-01
3.132363557815551758e-01
3.700004816055297852e-01
2.566574215888977051e-01
2.867528796195983887e-01
2.524177134037017822e-01
2.450214773416519165e-01
5.671776533126831055e-01
2.770531475543975830e-01
2.510901391506195068e-01
3.333943784236907959e-01
2.930938303470611572e-01
2.416074872016906738e-01
3.047479689121246338e-01
3.297417461872100830e-01
3.375004827976226807e-01
3.184745013713836670e-01
3.130887150764465332e-01
3.184745013713836670e-01
3.130887150764465332e-01
2.285655587911605835e-01
2.651241123676300049e-01
3.381004333496093750e-01
3.312008082866668701e-01
2.964426577091217041e-01
2.224381715059280396e-01
3.187765777111053467e-01
1.755303293466567993e-01
3.636291027069091797e-01
3.001707792282104492e-01
3.593072593212127686e-01
2.483047991991043091e-01
3.756937384605407715e-01
3.596500754356384277e-01
5.135535597801208496e-01
5.065383315086364746e-01
2.962994277477264404e-01
2.296081036329269409e-01
3.728035390377044678e-01
2.802801430225372314e-01
4.888925850391387939e-01
5.389070510864257812e-01
2.959572374820709229e-01
4.751427769660949707e-01
3.064320683479309082e-01
3.934786915779113770e-01
3.988966047763824463e-01
4.052267670631408691e-01
4.591113030910491943e-01
4.538719952106475830e-01
4.420859217643737793e-01
2.643778920173645020e-01
2.843605875968933105e-01
3.103716373443603516e-01
2.838248908519744873e-01
2.964822053909301758e-01
2.197877615690231323e-01
6.226599216461181641e-01
3.040506839752197266e-01
5.668470859527587891e-01
3.054741621017456055e-01
3.075779676437377930e-01
3.086980283260345459e-01
2.805502712726593018e-01
2.618211805820465088e-01
2.655691206455230713e-01
4.871137738227844238e-01
4.180545508861541748e-01
5.542920231819152832e-01
4.164439737796783447e-01
1.741814315319061279e-01
8.194475769996643066e-01
2.561082541942596436e-01
3.081343770027160645e-01
2.917033135890960693e-01
3.281846046447753906e-01
3.829825520515441895e-01
3.818043172359466553e-01
3.876201212406158447e-01
2.280606329441070557e-01
3.097305297851562500e-01
4.404828548431396484e-01
4.462378621101379395e-01
4.713226556777954102e-01
2.728112637996673584e-01
2.624766528606414795e-01
2.638255655765533447e-01
4.831684529781341553e-01
4.729010462760925293e-01
4.889080822467803955e-01
2.514150142669677734e-01
4.700781404972076416e-01
2.536861896514892578e-01
2.869261503219604492e-01
2.164205163717269897e-01
3.175932466983795166e-01
2.437122464179992676e-01
9.668464064598083496e-01
7.896028161048889160e-01
3.243681490421295166e-01
3.449640572071075439e-01
2.565357089042663574e-01
2.866760194301605225e-01
2.477021962404251099e-01
2.474288791418075562e-01
8.560665845870971680e-01
3.410491943359375000e-01
3.632950186729431152e-01
2.931656241416931152e-01
2.865745723247528076e-01
3.285529315471649170e-01
3.237949609756469727e-01
3.276526927947998047e-01
2.886604666709899902e-01
3.000625967979431152e-01
4.950541257858276367e-01
4.939910471439361572e-01
2.477264106273651123e-01
4.962429106235504150e-01
4.974327087402343750e-01
2.483050078153610229e-01
