2.536389827728271484e-01
2.622950673103332520e-01
2.292049825191497803e-01
4.198506772518157959e-01
1.749458611011505127e-01
4.051323533058166504e-01
3.586994409561157227e-01
2.703446745872497559e-01
2.558325827121734619e-01
3.043508827686309814e-01
2.493148595094680786e-01
2.979654669761657715e-01
2.530519366264343262e-01
4.570214450359344482e-01
2.938434779644012451e-01
2.344959229230880737e-01
3.165791928768157959e-01
3.558088243007659912e-01
3.394372761249542236e-01
2.555693387985229492e-01
2.872031927108764648e-01
9.521224498748779297e-01
2.496205419301986694e-01
2.475251555442810059e-01
6.108642816543579102e-01
2.577662169933319092e-01
3.510022163391113281e-01
3.680238127708435059e-01
2.386219352483749390e-01
3.588571548461914062e-01
7.688474059104919434e-01
7.283387184143066406e-01
3.467066287994384766e-01
2.717230319976806641e-01
2.455088794231414795e-01
2.907277941703796387e-01
2.626121938228607178e-01
3.657642602920532227e-01
2.918634116649627686e-01
2.969556152820587158e-01
3.420858085155487061e-01
4.841925501823425293e-01
2.203868627548217773e-01
2.181753218173980713e-01
2.843719422817230225e-01
6.372200846672058105e-01
5.858875513076782227e-01
3.411271572113037109e-01
5.028588175773620605e-01
2.694775760173797607e-01
2.724745571613311768e-01
3.125069141387939453e-01
3.131765127182006836e-01
2.976374924182891846e-01
2.314521670341491699e-01
3.057402372360229492e-01
3.227029740810394287e-01
2.585731744766235352e-01
2.881454825401306152e-01
3.111856877803802490e-01
2.783994674682617188e-01
2.975719571113586426e-01
2.176586091518402100e-01
2.910984754562377930e-01
2.871493995189666748e-01
4.217895865440368652e-01
4.232937693595886230e-01
2.594363093376159668e-01
3.569151163101196289e-01
3.520403504371643066e-01
2.966509163379669189e-01
2.254740744829177856e-01
8.407397866249084473e-01
2.328952252864837646e-01
3.388886749744415283e-01
2.882064282894134521e-01
2.290755659341812134e-01
2.421171516180038452e-01
2.536241710186004639e-01
4.116878509521484375e-01
4.499993920326232910e-01
2.951263189315795898e-01
3.464243412017822266e-01
3.584378063678741455e-01
2.983846366405487061e-01
3.739113211631774902e-01
2.937873005867004395e-01
3.347838222980499268e-01
2.567323446273803711e-01
2.877942919731140137e-01
2.494667470455169678e-01
2.477298378944396973e-01
4.156856536865234375e-01
2.702713310718536377e-01
2.573880255222320557e-01
3.297318220138549805e-01
2.909507155418395996e-01
2.363917976617813110e-01
2.996470928192138672e-01
3.328208625316619873e-01
3.156119287014007568e-01
3.366256952285766602e-01
3.154526650905609131e-01
3.366256952285766602e-01
3.154526650905609131e-01
2.348055988550186157e-01
2.560369968414306641e-01
3.022000491619110107e-01
3.230718672275543213e-01
2.965002954006195068e-01
2.257503867149353027e-01
3.460758626461029053e-01
1.753804981708526611e-01
3.785208165645599365e-01
3.085930049419403076e-01
3.795927762985229492e-01
2.485487312078475952e-01
3.624017536640167236e-01
3.224155008792877197e-01
5.948565602302551270e-01
5.762212872505187988e-01
2.951470315456390381e-01
2.271255701780319214e-01
3.496002554893493652e-01
3.509836792945861816e-01
5.184227824211120605e-01
4.790666103363037109e-01
3.838066160678863525e-01
4.245516061782836914e-01
3.848671317100524902e-01
3.715730607509613037e-01
3.684668838977813721e-01
3.678495287895202637e-01
4.671956598758697510e-01
4.692499041557312012e-01
4.651881158351898193e-01
2.527865469455718994e-01
2.975071966648101807e-01
3.205752968788146973e-01
2.662615180015563965e-01
2.972229719161987305e-01
2.174360007047653198e-01
6.823081970214843750e-01
2.910541594028472900e-01
6.778519153594970703e-01
2.725168466567993164e-01
3.555573523044586182e-01
3.531404137611389160e-01
2.726661860942840576e-01
2.447203695774078369e-01
2.593989074230194092e-01
5.226827859878540039e-01
4.393485486507415771e-01
5.194751620292663574e-01
4.487476944923400879e-01
1.739788949489593506e-01
9.224863648414611816e-01
2.589218318462371826e-01
3.140552937984466553e-01
3.078322410583496094e-01
3.139550387859344482e-01
3.764343857765197754e-01
3.756621778011322021e-01
3.765564262866973877e-01
2.253098934888839722e-01
3.149840831756591797e-01
4.411004781723022461e-01
4.383394122123718262e-01
4.433141350746154785e-01
2.648173868656158447e-01
2.654375731945037842e-01
2.648445069789886475e-01
4.734496772289276123e-01
4.706074595451354980e-01
4.722084999084472656e-01
2.410567402839660645e-01
5.264571905136108398e-01
2.474224567413330078e-01
2.942553162574768066e-01
2.386742085218429565e-01
3.618831634521484375e-01
2.487878650426864624e-01
9.130310416221618652e-01
8.147805929183959961e-01
2.739949524402618408e-01
3.612835705280303955e-01
2.564632296562194824e-01
2.875258326530456543e-01
2.480454146862030029e-01
2.474187016487121582e-01
8.991233706474304199e-01
3.804973363876342773e-01
3.978395164012908936e-01
2.901070415973663330e-01
3.179630935192108154e-01
2.972807586193084717e-01
3.569005429744720459e-01
2.968918979167938232e-01
3.178666234016418457e-01
3.298726677894592285e-01
4.290031492710113525e-01
4.455321133136749268e-01
2.493611127138137817e-01
4.966804683208465576e-01
4.964937269687652588e-01
2.477109581232070923e-01
