2.545949220657348633e-01
2.663893699645996094e-01
3.553941249847412109e-01
3.743731379508972168e-01
1.758487373590469360e-01
2.217811495065689087e-01
2.605478763580322266e-01
2.970266044139862061e-01
2.961366176605224609e-01
3.072775006294250488e-01
2.548640370368957520e-01
2.398405373096466064e-01
3.002685606479644775e-01
4.748959541320800781e-01
2.998071312904357910e-01
2.542554140090942383e-01
3.798642456531524658e-01
2.452157735824584961e-01
3.731468021869659424e-01
2.596022486686706543e-01
2.878080606460571289e-01
1.257290840148925781e+00
2.568541467189788818e-01
2.483175098896026611e-01
5.144176483154296875e-01
3.072052001953125000e-01
2.635437548160552979e-01
2.879655957221984863e-01
2.480917572975158691e-01
4.414390921592712402e-01
1.100161552429199219e+00
1.021275877952575684e+00
3.242031931877136230e-01
2.861107587814331055e-01
2.532466948032379150e-01
2.706679701805114746e-01
3.017361164093017578e-01
2.455016225576400757e-01
3.916359245777130127e-01
3.039461672306060791e-01
3.456193208694458008e-01
4.918161630630493164e-01
2.328907251358032227e-01
2.276488095521926880e-01
2.515434920787811279e-01
6.766412258148193359e-01
5.193345546722412109e-01
3.607450127601623535e-01
5.289275646209716797e-01
2.581317424774169922e-01
3.048973083496093750e-01
2.956253290176391602e-01
2.561652362346649170e-01
2.957749962806701660e-01
2.203039824962615967e-01
2.997104525566101074e-01
2.767936885356903076e-01
2.540349364280700684e-01
3.035381734371185303e-01
3.000213801860809326e-01
2.733339667320251465e-01
3.032625913619995117e-01
2.090622484683990479e-01
2.879325151443481445e-01
2.634431421756744385e-01
4.654145240783691406e-01
4.709665477275848389e-01
3.076042532920837402e-01
2.925909161567687988e-01
3.751121163368225098e-01
2.934812605381011963e-01
2.210920453071594238e-01
7.512800693511962891e-01
2.331945896148681641e-01
3.317370116710662842e-01
2.745535373687744141e-01
2.239697873592376709e-01
2.233064174652099609e-01
2.591250538825988770e-01
4.306376576423645020e-01
4.577574133872985840e-01
2.922816574573516846e-01
3.450791835784912109e-01
3.500141799449920654e-01
3.660641312599182129e-01
2.813996672630310059e-01
2.438441514968872070e-01
4.909654259681701660e-01
2.549759447574615479e-01
2.906718850135803223e-01
2.534556090831756592e-01
2.550340890884399414e-01
6.593612432479858398e-01
2.441165000200271606e-01
2.424068003892898560e-01
3.801083564758300781e-01
2.946309447288513184e-01
2.285679578781127930e-01
3.797572255134582520e-01
2.475697994232177734e-01
3.067343235015869141e-01
3.704293966293334961e-01
3.213699758052825928e-01
3.704293966293334961e-01
3.213699758052825928e-01
2.901405394077301025e-01
2.560096979141235352e-01
2.399687170982360840e-01
3.222202062606811523e-01
3.024748563766479492e-01
2.119317054748535156e-01
3.751713335514068604e-01
1.733329296112060547e-01
3.954906463623046875e-01
3.301099836826324463e-01
4.132131338119506836e-01
2.441750466823577881e-01
3.912827968597412109e-01
3.689623475074768066e-01
7.006416320800781250e-01
6.584013700485229492e-01
2.983926534652709961e-01
2.423117458820343018e-01
3.770196437835693359e-01
2.632588148117065430e-01
4.826926290988922119e-01
4.365448355674743652e-01
2.306695282459259033e-01
4.887192845344543457e-01
3.070601224899291992e-01
3.573176264762878418e-01
2.563684582710266113e-01
3.998532891273498535e-01
4.177947640419006348e-01
5.059040188789367676e-01
4.758594036102294922e-01
3.080782890319824219e-01
2.505760788917541504e-01
2.262927293777465820e-01
2.838484644889831543e-01
3.030548691749572754e-01
2.049826085567474365e-01
8.666093349456787109e-01
2.635499835014343262e-01
7.875349521636962891e-01
3.738324940204620361e-01
2.560891509056091309e-01
3.078593611717224121e-01
2.926195859909057617e-01
3.032308518886566162e-01
2.509591579437255859e-01
6.251625418663024902e-01
4.177296757698059082e-01
7.121582627296447754e-01
3.251787126064300537e-01
1.773917675018310547e-01
1.416099309921264648e+00
3.052568137645721436e-01
3.673642873764038086e-01
2.856207489967346191e-01
2.606205642223358154e-01
3.318745195865631104e-01
3.773728013038635254e-01
2.595151066780090332e-01
2.278687506914138794e-01
4.394740164279937744e-01
4.847285151481628418e-01
3.315752744674682617e-01
3.901088833808898926e-01
2.502826452255249023e-01
2.423276007175445557e-01
3.040106296539306641e-01
5.426039099693298340e-01
5.723276138305664062e-01
4.789711236953735352e-01
9.521130323410034180e-01
9.237058758735656738e-01
2.418267130851745605e-01
2.139810323715209961e-01
3.522809743881225586e-01
3.719207048416137695e-01
3.878785371780395508e-01
1.301599502563476562e+00
9.896649718284606934e-01
2.870620787143707275e-01
4.027179479598999023e-01
2.697210609912872314e-01
2.812709212303161621e-01
2.603021264076232910e-01
2.419364750385284424e-01
1.262376785278320312e+00
2.590801715850830078e-01
4.230499863624572754e-01
2.842538654804229736e-01
2.625575065612792969e-01
3.459355235099792480e-01
3.298440873622894287e-01
3.801438212394714355e-01
2.386709749698638916e-01
3.171656131744384766e-01
4.920966327190399170e-01
5.326627492904663086e-01
2.495653033256530762e-01
5.019756555557250977e-01
4.945588111877441406e-01
2.440399676561355591e-01
