2.575030326843261719e-01
2.578764855861663818e-01
2.278339564800262451e-01
4.308836758136749268e-01
1.749523431062698364e-01
4.023810327053070068e-01
3.698106408119201660e-01
2.643021643161773682e-01
2.563850581645965576e-01
3.045459687709808350e-01
2.444542497396469116e-01
3.018549084663391113e-01
2.510341703891754150e-01
4.099259376525878906e-01
2.953207492828369141e-01
2.211365252733230591e-01
2.657697200775146484e-01
4.152168333530426025e-01
3.182293772697448730e-01
2.560496926307678223e-01
2.881771624088287354e-01
9.224684238433837891e-01
2.499424964189529419e-01
2.472597807645797729e-01
7.198958992958068848e-01
3.030222058296203613e-01
2.482043653726577759e-01
3.034678697586059570e-01
2.242599576711654663e-01
2.866407632827758789e-01
9.614531993865966797e-01
9.182866811752319336e-01
2.487308681011199951e-01
2.895304858684539795e-01
3.019467294216156006e-01
3.634094595909118652e-01
2.524736225605010986e-01
2.720712125301361084e-01
4.245922863483428955e-01
2.491574585437774658e-01
3.243086934089660645e-01
5.013237595558166504e-01
2.252220362424850464e-01
2.278795987367630005e-01
3.328492343425750732e-01
1.018743991851806641e+00
9.947324395179748535e-01
4.706879854202270508e-01
3.605762422084808350e-01
2.514063417911529541e-01
2.943333983421325684e-01
3.322414159774780273e-01
2.829309999942779541e-01
2.932536005973815918e-01
2.247877717018127441e-01
3.410806059837341309e-01
3.070225715637207031e-01
2.568174004554748535e-01
2.964645922183990479e-01
3.024483323097229004e-01
2.580043971538543701e-01
2.954803407192230225e-01
2.154500633478164673e-01
2.648619115352630615e-01
2.718742787837982178e-01
4.407218098640441895e-01
4.301831722259521484e-01
2.445302754640579224e-01
3.851124644279479980e-01
3.698128461837768555e-01
2.983616292476654053e-01
3.267516195774078369e-01
9.932107925415039062e-01
2.807569205760955811e-01
2.692042291164398193e-01
2.764596939086914062e-01
2.489555925130844116e-01
2.544928491115570068e-01
2.418757677078247070e-01
4.067596495151519775e-01
4.564398825168609619e-01
2.752572298049926758e-01
3.528051078319549561e-01
3.438898324966430664e-01
2.729160785675048828e-01
4.078169167041778564e-01
2.821713387966156006e-01
2.885077893733978271e-01
2.562594413757324219e-01
2.875770926475524902e-01
2.485314160585403442e-01
2.487706542015075684e-01
5.188227891921997070e-01
2.799520492553710938e-01
2.751117348670959473e-01
2.902089357376098633e-01
2.973118424415588379e-01
2.848858535289764404e-01
2.970155179500579834e-01
4.302436709403991699e-01
3.438175618648529053e-01
4.232533276081085205e-01
4.078974425792694092e-01
4.232533276081085205e-01
4.078974425792694092e-01
3.004366457462310791e-01
2.478687465190887451e-01
3.542825281620025635e-01
2.646077573299407959e-01
2.960272133350372314e-01
2.188747227191925049e-01
3.743982315063476562e-01
1.758483648300170898e-01
3.690840601921081543e-01
2.757733166217803955e-01
4.319206774234771729e-01
2.532353699207305908e-01
3.692478239536285400e-01
3.714826405048370361e-01
6.576583981513977051e-01
6.799497604370117188e-01
2.972033619880676270e-01
2.252923250198364258e-01
3.663129508495330811e-01
2.887737154960632324e-01
4.405085444450378418e-01
5.518026351928710938e-01
3.027577102184295654e-01
4.657316505908966064e-01
3.229520916938781738e-01
4.077705740928649902e-01
4.095918536186218262e-01
4.061329364776611328e-01
4.378355145454406738e-01
4.398976266384124756e-01
4.418401122093200684e-01
2.524437010288238525e-01
3.016476631164550781e-01
3.101701736450195312e-01
2.683394551277160645e-01
2.983176112174987793e-01
2.212478667497634888e-01
1.009562253952026367e+00
2.987104654312133789e-01
9.535742402076721191e-01
2.690315842628479004e-01
3.027245402336120605e-01
2.680798470973968506e-01
2.681096792221069336e-01
2.578184902667999268e-01
2.926184833049774170e-01
9.329428076744079590e-01
4.437332749366760254e-01
1.001270174980163574e+00
4.627218246459960938e-01
1.740136146545410156e-01
7.013615965843200684e-01
2.922058999538421631e-01
3.097210228443145752e-01
3.022561669349670410e-01
3.194772005081176758e-01
3.330448567867279053e-01
3.435794711112976074e-01
3.305245637893676758e-01
2.151902616024017334e-01
3.994598090648651123e-01
3.786107301712036133e-01
3.798236250877380371e-01
3.978548645973205566e-01
2.648840248584747314e-01
2.636576294898986816e-01
2.701231837272644043e-01
5.053207874298095703e-01
5.141907930374145508e-01
4.986912012100219727e-01
5.441162586212158203e-01
7.068739533424377441e-01
2.525966763496398926e-01
2.895736992359161377e-01
2.814331948757171631e-01
2.500759959220886230e-01
4.002929627895355225e-01
9.356886148452758789e-01
9.248481988906860352e-01
3.568971455097198486e-01
3.332288861274719238e-01
2.558207213878631592e-01
2.849497497081756592e-01
2.475248873233795166e-01
2.484286576509475708e-01
9.311931133270263672e-01
3.330748379230499268e-01
3.947817385196685791e-01
2.951799631118774414e-01
3.333190679550170898e-01
2.802005708217620850e-01
2.782486379146575928e-01
2.909041941165924072e-01
3.292639851570129395e-01
3.645136654376983643e-01
3.934719860553741455e-01
3.579869568347930908e-01
2.490182071924209595e-01
4.967608451843261719e-01
4.965867996215820312e-01
2.492023706436157227e-01
