2.656572759151458740e-01
2.859319150447845459e-01
2.305462509393692017e-01
4.104410409927368164e-01
1.761919409036636353e-01
3.719519078731536865e-01
3.156787157058715820e-01
2.665539383888244629e-01
2.999750375747680664e-01
3.041620254516601562e-01
2.487824112176895142e-01
2.715657949447631836e-01
2.709735929965972900e-01
3.044174313545227051e-01
2.943890988826751709e-01
2.249306887388229370e-01
2.631985247135162354e-01
4.164424538612365723e-01
3.788883686065673828e-01
2.568488419055938721e-01
2.883045673370361328e-01
9.670813083648681641e-01
2.501664757728576660e-01
2.453380376100540161e-01
7.712934017181396484e-01
2.760950326919555664e-01
2.995152771472930908e-01
3.307824730873107910e-01
2.310842871665954590e-01
3.309926986694335938e-01
8.383386731147766113e-01
8.691133856773376465e-01
2.958680689334869385e-01
2.823825180530548096e-01
2.765966355800628662e-01
3.347937762737274170e-01
2.554902732372283936e-01
3.238410055637359619e-01
3.713395297527313232e-01
2.988394498825073242e-01
3.443078994750976562e-01
4.877451360225677490e-01
2.206285446882247925e-01
2.215279936790466309e-01
2.769906818866729736e-01
7.309876680374145508e-01
7.233444452285766602e-01
3.657300472259521484e-01
5.056440234184265137e-01
2.900944352149963379e-01
2.640084624290466309e-01
2.862100601196289062e-01
3.198637068271636963e-01
2.967325448989868164e-01
2.369675189256668091e-01
2.871710658073425293e-01
3.568947017192840576e-01
2.555047273635864258e-01
2.865231335163116455e-01
3.136425018310546875e-01
2.812778949737548828e-01
2.984996736049652100e-01
2.185829132795333862e-01
3.164227902889251709e-01
2.961586713790893555e-01
4.296519458293914795e-01
4.358686804771423340e-01
2.563669383525848389e-01
3.673242926597595215e-01
3.592831790447235107e-01
2.983945310115814209e-01
2.258569449186325073e-01
7.391527891159057617e-01
2.332182824611663818e-01
3.365487456321716309e-01
2.870673835277557373e-01
2.304043769836425781e-01
2.414254695177078247e-01
2.432575821876525879e-01
4.394807815551757812e-01
4.430429041385650635e-01
2.919473648071289062e-01
3.494718074798583984e-01
3.705553710460662842e-01
2.731927037239074707e-01
4.081310033798217773e-01
2.907380163669586182e-01
2.732720077037811279e-01
2.570821344852447510e-01
2.850057184696197510e-01
2.512420713901519775e-01
2.479441761970520020e-01
3.711302876472473145e-01
2.664585113525390625e-01
2.846687436103820801e-01
2.763095498085021973e-01
2.908820807933807373e-01
2.226160764694213867e-01
2.584751844406127930e-01
4.041367471218109131e-01
2.950007021427154541e-01
3.736853599548339844e-01
3.773786723613739014e-01
3.736853599548339844e-01
3.773786723613739014e-01
2.392895072698593140e-01
2.834806442260742188e-01
3.111147880554199219e-01
2.894905507564544678e-01
2.953867018222808838e-01
2.208572924137115479e-01
2.906813919544219971e-01
1.743004024028778076e-01
3.786485791206359863e-01
2.940923273563385010e-01
4.120559990406036377e-01
2.500986754894256592e-01
3.831040561199188232e-01
3.742544054985046387e-01
5.460297465324401855e-01
4.784824848175048828e-01
2.963105738162994385e-01
2.290727049112319946e-01
3.799267411231994629e-01
2.875276505947113037e-01
4.763877093791961670e-01
5.510345697402954102e-01
2.916694283485412598e-01
4.893037378787994385e-01
3.053695559501647949e-01
3.937700688838958740e-01
4.025409221649169922e-01
4.143757522106170654e-01
4.605492651462554932e-01
4.624702632427215576e-01
4.519113898277282715e-01
2.584783732891082764e-01
2.759217917919158936e-01
3.266926109790802002e-01
3.099778592586517334e-01
2.973831295967102051e-01
2.228956818580627441e-01
4.520593583583831787e-01
3.206654787063598633e-01
4.407650530338287354e-01
3.063188791275024414e-01
3.157500922679901123e-01
3.118737041950225830e-01
2.766117453575134277e-01
2.560104727745056152e-01
2.751570641994476318e-01
3.965229094028472900e-01
3.861394226551055908e-01
3.997387886047363281e-01
3.962866663932800293e-01
1.743114590644836426e-01
3.592122495174407959e-01
2.527070045471191406e-01
3.081214427947998047e-01
3.151243329048156738e-01
2.999670505523681641e-01
3.839225172996520996e-01
3.780177831649780273e-01
3.977545201778411865e-01
2.252864390611648560e-01
2.852288484573364258e-01
4.435622692108154297e-01
4.422006309032440186e-01
4.351996183395385742e-01
2.774054706096649170e-01
2.635567486286163330e-01
2.588629126548767090e-01
4.739520549774169922e-01
4.563071131706237793e-01
4.744478762149810791e-01
2.745678424835205078e-01
3.214062750339508057e-01
2.376912385225296021e-01
2.885540127754211426e-01
3.221955299377441406e-01
2.676740586757659912e-01
3.535944223403930664e-01
4.772017002105712891e-01
3.516253530979156494e-01
3.714397251605987549e-01
2.723270952701568604e-01
2.563346624374389648e-01
2.903842628002166748e-01
2.469929456710815430e-01
2.470974475145339966e-01
1.120060443878173828e+00
3.941524922847747803e-01
3.930643200874328613e-01
2.877971529960632324e-01
2.972222566604614258e-01
3.200191855430603027e-01
3.288700878620147705e-01
3.196565210819244385e-01
2.984408736228942871e-01
3.209524750709533691e-01
4.060474336147308350e-01
3.632298111915588379e-01
2.478104680776596069e-01
4.959081113338470459e-01
4.954928457736968994e-01
2.492162883281707764e-01
