2.648380994796752930e-01
2.728697359561920166e-01
2.381757944822311401e-01
4.309517443180084229e-01
1.737255454063415527e-01
3.773874938488006592e-01
2.727275490760803223e-01
2.350511252880096436e-01
3.330887258052825928e-01
3.061266243457794189e-01
2.361939698457717896e-01
2.527887225151062012e-01
3.071877956390380859e-01
2.942006886005401611e-01
2.897592782974243164e-01
2.383611202239990234e-01
3.768320083618164062e-01
2.758666574954986572e-01
2.496705353260040283e-01
2.554903626441955566e-01
2.893222868442535400e-01
8.526152372360229492e-01
2.490135282278060913e-01
2.464746385812759399e-01
7.234561443328857422e-01
3.049817681312561035e-01
2.536721527576446533e-01
3.043827116489410400e-01
3.323893249034881592e-01
2.351105958223342896e-01
4.309676587581634521e-01
7.449935674667358398e-01
3.059485852718353271e-01
2.808403074741363525e-01
2.575781643390655518e-01
2.845574915409088135e-01
2.832074463367462158e-01
2.500247061252593994e-01
3.782928586006164551e-01
2.804728746414184570e-01
3.754256367683410645e-01
5.622872114181518555e-01
2.232015430927276611e-01
2.267673760652542114e-01
3.277648985385894775e-01
1.717548131942749023e+00
1.608975291252136230e+00
3.373341858386993408e-01
4.901256561279296875e-01
2.946976423263549805e-01
2.620595097541809082e-01
2.774865627288818359e-01
3.196825683116912842e-01
2.973688840866088867e-01
2.346516400575637817e-01
2.845510840415954590e-01
3.562731146812438965e-01
2.812877893447875977e-01
2.772631049156188965e-01
2.766804993152618408e-01
2.742294371128082275e-01
3.011927306652069092e-01
2.051210403442382812e-01
2.727196514606475830e-01
3.345485031604766846e-01
4.401012659072875977e-01
3.880551755428314209e-01
2.481454014778137207e-01
3.870661556720733643e-01
3.735137283802032471e-01
2.996593713760375977e-01
2.377036660909652710e-01
7.674608230590820312e-01
2.853501439094543457e-01
2.572023272514343262e-01
2.792355120182037354e-01
2.451847642660140991e-01
2.347164154052734375e-01
2.495911717414855957e-01
4.479857683181762695e-01
4.361049830913543701e-01
2.965449988842010498e-01
3.537535965442657471e-01
3.999761641025543213e-01
3.682102560997009277e-01
2.782063484191894531e-01
3.391680717468261719e-01
4.973234534263610840e-01
2.565087378025054932e-01
2.917268574237823486e-01
2.439687997102737427e-01
2.543100714683532715e-01
6.645933389663696289e-01
2.979374527931213379e-01
2.652055025100708008e-01
2.950633764266967773e-01
2.961191534996032715e-01
3.533443808555603027e-01
2.808845043182373047e-01
2.578202486038208008e-01
3.650713860988616943e-01
2.996493875980377197e-01
3.579114675521850586e-01
2.996493875980377197e-01
3.579114675521850586e-01
2.361848056316375732e-01
2.931955456733703613e-01
3.781102001667022705e-01
3.102430403232574463e-01
2.896630465984344482e-01
2.465252876281738281e-01
2.700565457344055176e-01
1.762587577104568481e-01
3.726512789726257324e-01
2.950968146324157715e-01
4.437289535999298096e-01
2.485588639974594116e-01
4.011626243591308594e-01
3.763759136199951172e-01
4.727520346641540527e-01
6.088951230049133301e-01
2.942845821380615234e-01
2.390334308147430420e-01
3.873560428619384766e-01
2.594281136989593506e-01
4.822423160076141357e-01
4.864909350872039795e-01
3.024989664554595947e-01
4.847899675369262695e-01
2.902396321296691895e-01
4.157294332981109619e-01
3.896759450435638428e-01
3.736006021499633789e-01
4.562011957168579102e-01
4.436645507812500000e-01
4.762531518936157227e-01
2.483195662498474121e-01
2.610200643539428711e-01
3.532695174217224121e-01
3.574457168579101562e-01
2.928450405597686768e-01
2.427960187196731567e-01
1.485228061676025391e+00
3.764472603797912598e-01
1.531516671180725098e+00
3.404685556888580322e-01
3.710607290267944336e-01
3.474954366683959961e-01
2.683622241020202637e-01
2.383818030357360840e-01
2.621885836124420166e-01
1.488121509552001953e+00
3.241437077522277832e-01
1.445248126983642578e+00
3.584096729755401611e-01
1.736133545637130737e-01
1.404574871063232422e+00
2.569511234760284424e-01
3.609322011470794678e-01
2.642883062362670898e-01
2.886680960655212402e-01
3.949784636497497559e-01
3.981250822544097900e-01
4.054141938686370850e-01
2.285415381193161011e-01
2.715996801853179932e-01
4.772268533706665039e-01
3.998064398765563965e-01
4.629713594913482666e-01
2.766136825084686279e-01
2.590476274490356445e-01
2.565371096134185791e-01
4.757958054542541504e-01
4.590295553207397461e-01
4.783304035663604736e-01
1.238796710968017578e+00
1.287286162376403809e+00
3.042316734790802002e-01
2.933240532875061035e-01
2.441117763519287109e-01
2.898390591144561768e-01
3.153412342071533203e-01
1.062434077262878418e+00
1.274222135543823242e+00
3.866821527481079102e-01
2.803275287151336670e-01
2.565167844295501709e-01
2.909164428710937500e-01
2.494171410799026489e-01
2.435060143470764160e-01
1.107455730438232422e+00
2.933393716812133789e-01
4.090401530265808105e-01
2.924946546554565430e-01
2.537950277328491211e-01
3.631140291690826416e-01
2.974029779434204102e-01
3.699701726436614990e-01
2.483531832695007324e-01
2.750609219074249268e-01
5.002606511116027832e-01
4.826899766921997070e-01
2.443278133869171143e-01
4.960801899433135986e-01
4.946979284286499023e-01
2.522587776184082031e-01
