2.502263784408569336e-01
2.619993984699249268e-01
2.328715175390243530e-01
4.255236387252807617e-01
1.748648881912231445e-01
4.099116325378417969e-01
3.690504133701324463e-01
2.802991867065429688e-01
2.529605329036712646e-01
3.045714497566223145e-01
2.445458322763442993e-01
3.041983544826507568e-01
2.528472542762756348e-01
4.797811806201934814e-01
2.958957552909851074e-01
2.314180135726928711e-01
3.665464818477630615e-01
2.808723747730255127e-01
3.712121248245239258e-01
2.568975985050201416e-01
2.877975702285766602e-01
5.416184663772583008e-01
2.498154491186141968e-01
2.480251193046569824e-01
5.640987753868103027e-01
2.761832773685455322e-01
3.405003845691680908e-01
3.271256089210510254e-01
2.275635451078414917e-01
3.444865047931671143e-01
6.419579982757568359e-01
6.545844674110412598e-01
3.469921648502349854e-01
2.735579907894134521e-01
2.653698027133941650e-01
3.255896568298339844e-01
2.611053586006164551e-01
3.034459650516510010e-01
4.006586372852325439e-01
2.969239652156829834e-01
3.456566929817199707e-01
4.885144531726837158e-01
2.220848798751831055e-01
2.205664515495300293e-01
2.837548851966857910e-01
6.535509228706359863e-01
7.185367345809936523e-01
3.504544794559478760e-01
4.989589154720306396e-01
2.826817035675048828e-01
2.629577219486236572e-01
2.902179360389709473e-01
3.121114373207092285e-01
2.960743308067321777e-01
2.341878265142440796e-01
3.041677772998809814e-01
3.514448702335357666e-01
2.600588202476501465e-01
2.892394661903381348e-01
3.042981922626495361e-01
2.787427902221679688e-01
2.977233827114105225e-01
2.147114276885986328e-01
3.038257658481597900e-01
2.981564104557037354e-01
4.290058314800262451e-01
4.299861192703247070e-01
2.808593511581420898e-01
3.303136229515075684e-01
3.429160118103027344e-01
2.965524196624755859e-01
2.210365235805511475e-01
8.596954941749572754e-01
2.327508181333541870e-01
3.358216583728790283e-01
2.865118086338043213e-01
2.244758009910583496e-01
2.402983754873275757e-01
2.470996081829071045e-01
4.415099620819091797e-01
4.416654109954833984e-01
2.946421205997467041e-01
3.463732004165649414e-01
3.710453212261199951e-01
2.726925909519195557e-01
4.106640815734863281e-01
2.898369729518890381e-01
2.709554135799407959e-01
2.551985681056976318e-01
2.877166271209716797e-01
2.487786412239074707e-01
2.493449002504348755e-01
3.618251085281372070e-01
2.829488515853881836e-01
2.720326483249664307e-01
3.018984198570251465e-01
2.901593744754791260e-01
2.221682816743850708e-01
2.509982585906982422e-01
4.040802419185638428e-01
3.223491609096527100e-01
3.374656736850738525e-01
3.448005914688110352e-01
3.374656736850738525e-01
3.448005914688110352e-01
2.355631291866302490e-01
2.770453095436096191e-01
3.432125449180603027e-01
3.170335888862609863e-01
2.950802445411682129e-01
2.251989096403121948e-01
2.954637706279754639e-01
1.753183454275131226e-01
3.728592693805694580e-01
2.976511120796203613e-01
3.866346776485443115e-01
2.516989409923553467e-01
3.692907392978668213e-01
3.402784764766693115e-01
5.014305710792541504e-01
4.646514356136322021e-01
2.947642505168914795e-01
2.271813452243804932e-01
3.548549115657806396e-01
3.392693102359771729e-01
5.020037293434143066e-01
4.999008774757385254e-01
3.734019696712493896e-01
4.520882368087768555e-01
3.673017323017120361e-01
3.841820061206817627e-01
4.021322727203369141e-01
3.668247759342193604e-01
4.569315314292907715e-01
4.689261317253112793e-01
4.578969776630401611e-01
2.514480650424957275e-01
2.803753018379211426e-01
3.322481811046600342e-01
2.971963584423065186e-01
2.969169616699218750e-01
2.169301807880401611e-01
6.667116284370422363e-01
3.300696015357971191e-01
6.882265210151672363e-01
2.974095046520233154e-01
3.058796226978302002e-01
3.083481192588806152e-01
2.820058465003967285e-01
2.653107941150665283e-01
2.712589800357818604e-01
5.849165916442871094e-01
3.924960196018218994e-01
5.635843873023986816e-01
4.168317615985870361e-01
1.740692704916000366e-01
1.012194514274597168e+00
2.609370946884155273e-01
3.109737336635589600e-01
3.177763819694519043e-01
3.018352687358856201e-01
3.732309937477111816e-01
3.779467940330505371e-01
3.870907127857208252e-01
2.262019217014312744e-01
3.068500459194183350e-01
4.416072964668273926e-01
4.380142986774444580e-01
4.300761222839355469e-01
2.685266137123107910e-01
2.623372972011566162e-01
2.609984874725341797e-01
4.615413844585418701e-01
4.733897149562835693e-01
4.764032363891601562e-01
2.635806500911712646e-01
6.289998888969421387e-01
2.526659071445465088e-01
2.893310487270355225e-01
2.211908251047134399e-01
3.324978947639465332e-01
2.402127087116241455e-01
8.206207156181335449e-01
9.050619602203369141e-01
3.000259995460510254e-01
3.555024266242980957e-01
2.577294111251831055e-01
2.838574945926666260e-01
2.482906132936477661e-01
2.466994673013687134e-01
8.888189792633056641e-01
3.169375956058502197e-01
3.972715735435485840e-01
2.951056361198425293e-01
2.877349555492401123e-01
3.282319307327270508e-01
3.236497640609741211e-01
3.391145765781402588e-01
2.734878063201904297e-01
2.756837904453277588e-01
4.998597204685211182e-01
4.760266244411468506e-01
2.509422600269317627e-01
4.964496493339538574e-01
4.968257844448089600e-01
2.484688758850097656e-01
