2.488524168729782104e-01
3.176306784152984619e-01
2.284326553344726562e-01
3.442462980747222900e-01
1.716914176940917969e-01
3.961063325405120850e-01
3.025220036506652832e-01
2.428696006536483765e-01
2.870773673057556152e-01
3.053216040134429932e-01
2.510665357112884521e-01
2.706568539142608643e-01
2.766689658164978027e-01
4.925052225589752197e-01
2.893294990062713623e-01
2.384138703346252441e-01
2.783898413181304932e-01
4.047839641571044922e-01
2.366016954183578491e-01
2.616410255432128906e-01
2.806542217731475830e-01
1.545647978782653809e+00
2.500464618206024170e-01
2.458160072565078735e-01
7.068322300910949707e-01
2.463799715042114258e-01
3.044273555278778076e-01
2.453451752662658691e-01
2.208922058343887329e-01
4.477531909942626953e-01
5.606447458267211914e-01
5.104005932807922363e-01
3.102789223194122314e-01
2.787240743637084961e-01
2.480494529008865356e-01
2.680692374706268311e-01
3.026123344898223877e-01
2.561858892440795898e-01
4.552486836910247803e-01
2.650493979454040527e-01
3.532191812992095947e-01
5.358532667160034180e-01
3.448082208633422852e-01
2.484405636787414551e-01
3.588212728500366211e-01
1.088812828063964844e+00
1.186148047447204590e+00
2.261682152748107910e-01
2.301376610994338989e-01
3.026767075061798096e-01
2.430157661437988281e-01
2.558786571025848389e-01
3.153334558010101318e-01
2.289649397134780884e-01
2.366782873868942261e-01
3.761853873729705811e-01
4.142366945743560791e-01
2.400275319814682007e-01
3.034647107124328613e-01
3.276185989379882812e-01
2.728549540042877197e-01
3.006119430065155029e-01
3.524123728275299072e-01
2.989971339702606201e-01
2.590266466140747070e-01
4.571103751659393311e-01
4.689035713672637939e-01
2.463165074586868286e-01
3.767177164554595947e-01
3.163331151008605957e-01
2.883307039737701416e-01
3.559269905090332031e-01
8.242722153663635254e-01
2.741277217864990234e-01
2.634189426898956299e-01
2.872567474842071533e-01
2.463209182024002075e-01
2.370284646749496460e-01
2.434204220771789551e-01
4.187994003295898438e-01
4.829813241958618164e-01
2.891480624675750732e-01
3.444045484066009521e-01
4.069679677486419678e-01
3.231138885021209717e-01
3.562254011631011963e-01
3.515552282333374023e-01
2.497251033782958984e-01
2.540634572505950928e-01
2.868017256259918213e-01
2.483794242143630981e-01
2.441361695528030396e-01
5.621214509010314941e-01
2.961855232715606689e-01
2.616427838802337646e-01
3.011563718318939209e-01
2.854080498218536377e-01
3.455807268619537354e-01
2.396479994058609009e-01
2.971689999103546143e-01
3.464461863040924072e-01
3.431538045406341553e-01
2.859376966953277588e-01
3.431538045406341553e-01
2.859376966953277588e-01
3.422446250915527344e-01
2.459294646978378296e-01
3.952951431274414062e-01
3.857713639736175537e-01
2.908953428268432617e-01
2.461269646883010864e-01
3.412950336933135986e-01
1.735019087791442871e-01
3.646198511123657227e-01
2.685857117176055908e-01
3.163336217403411865e-01
2.434325069189071655e-01
3.879835307598114014e-01
3.686885535717010498e-01
5.213744044303894043e-01
5.817027688026428223e-01
2.987764775753021240e-01
3.280832469463348389e-01
3.723613321781158447e-01
4.322722852230072021e-01
4.533089101314544678e-01
5.532206892967224121e-01
2.439969927072525024e-01
4.110831320285797119e-01
2.702894508838653564e-01
2.863238155841827393e-01
4.135361015796661377e-01
3.837733268737792969e-01
4.916014969348907471e-01
5.799118876457214355e-01
5.220050811767578125e-01
2.862689495086669922e-01
2.667024433612823486e-01
2.774844467639923096e-01
2.930348813533782959e-01
2.923133671283721924e-01
3.370416462421417236e-01
7.161085605621337891e-01
2.513892352581024170e-01
7.308559417724609375e-01
3.285154104232788086e-01
3.411455154418945312e-01
3.384407758712768555e-01
2.813427150249481201e-01
2.497703433036804199e-01
2.581883668899536133e-01
6.988520026206970215e-01
4.005913734436035156e-01
6.912880539894104004e-01
3.288038671016693115e-01
1.726950854063034058e-01
9.326029419898986816e-01
2.650940716266632080e-01
3.478856384754180908e-01
4.083516895771026611e-01
3.518033027648925781e-01
2.744015157222747803e-01
3.571631908416748047e-01
3.263158202171325684e-01
2.251494675874710083e-01
4.307077229022979736e-01
4.253540933132171631e-01
5.154342055320739746e-01
4.541558921337127686e-01
2.593749165534973145e-01
2.419157028198242188e-01
2.872243821620941162e-01
3.812014758586883545e-01
4.729073941707611084e-01
3.954937458038330078e-01
1.234084725379943848e+00
1.231523990631103516e+00
3.035117089748382568e-01
2.903201878070831299e-01
2.168377637863159180e-01
3.641774952411651611e-01
2.485665529966354370e-01
1.245890498161315918e+00
1.195095658302307129e+00
2.559595108032226562e-01
2.552091777324676514e-01
2.570372819900512695e-01
2.904397547245025635e-01
2.505282163619995117e-01
2.479539960622787476e-01
1.517416357994079590e+00
3.615686893463134766e-01
3.409255445003509521e-01
2.968710958957672119e-01
3.693422079086303711e-01
2.353194504976272583e-01
2.829467952251434326e-01
2.508663535118103027e-01
3.597944676876068115e-01
2.904928624629974365e-01
4.920393228530883789e-01
4.893715679645538330e-01
2.522688508033752441e-01
4.968009293079376221e-01
4.980914890766143799e-01
2.496011257171630859e-01
