2.534956037998199463e-01
2.628809511661529541e-01
2.284151166677474976e-01
4.208458364009857178e-01
1.754486560821533203e-01
4.034266173839569092e-01
3.645127415657043457e-01
2.811802327632904053e-01
2.595104277133941650e-01
3.059656918048858643e-01
2.452758997678756714e-01
3.005760610103607178e-01
2.542869150638580322e-01
4.464185535907745361e-01
2.952949106693267822e-01
2.356126010417938232e-01
3.477500081062316895e-01
3.183309435844421387e-01
3.459642231464385986e-01
2.577155530452728271e-01
2.868351936340332031e-01
7.901445627212524414e-01
2.491916865110397339e-01
2.472454905509948730e-01
6.429479122161865234e-01
2.990997433662414551e-01
2.749573290348052979e-01
3.229263126850128174e-01
2.474376112222671509e-01
2.664233148097991943e-01
7.040891051292419434e-01
7.200568318367004395e-01
3.083278536796569824e-01
2.709293663501739502e-01
2.527168989181518555e-01
2.959617376327514648e-01
2.797087430953979492e-01
2.824675142765045166e-01
4.020357429981231689e-01
2.705606818199157715e-01
3.105735480785369873e-01
4.796170890331268311e-01
2.250986248254776001e-01
2.210730612277984619e-01
3.080925941467285156e-01
6.615939736366271973e-01
6.095913052558898926e-01
3.898701667785644531e-01
3.911812007427215576e-01
2.804971337318420410e-01
2.752071321010589600e-01
2.922101020812988281e-01
3.047980368137359619e-01
2.987947463989257812e-01
2.402464449405670166e-01
3.011969625949859619e-01
3.416602015495300293e-01
2.728123962879180908e-01
2.731876075267791748e-01
2.992235720157623291e-01
2.913896739482879639e-01
2.991524636745452881e-01
2.198147326707839966e-01
2.912970185279846191e-01
3.261610567569732666e-01
4.131883680820465088e-01
3.820764720439910889e-01
2.538134157657623291e-01
3.664712309837341309e-01
3.376150429248809814e-01
2.954498231410980225e-01
2.159229516983032227e-01
7.353036403656005859e-01
2.294840365648269653e-01
3.406437337398529053e-01
2.847573161125183105e-01
2.234034538269042969e-01
2.807708084583282471e-01
2.405365258455276489e-01
4.328084588050842285e-01
3.658052384853363037e-01
2.959498763084411621e-01
3.250380456447601318e-01
3.095848858356475830e-01
3.520737588405609131e-01
3.071746528148651123e-01
3.483230769634246826e-01
3.649150729179382324e-01
2.551928162574768066e-01
2.883483469486236572e-01
2.498388588428497314e-01
2.456778138875961304e-01
6.717821955680847168e-01
2.805848717689514160e-01
2.732396423816680908e-01
3.035556077957153320e-01
2.952896356582641602e-01
2.334707826375961304e-01
2.809050977230072021e-01
3.777191638946533203e-01
3.343106806278228760e-01
3.144409358501434326e-01
3.798389732837677002e-01
3.144409358501434326e-01
3.798389732837677002e-01
2.432031631469726562e-01
2.803983986377716064e-01
2.947171926498413086e-01
2.846477627754211426e-01
2.955681979656219482e-01
2.199022471904754639e-01
3.041238486766815186e-01
1.749669462442398071e-01
3.790974318981170654e-01
3.105331361293792725e-01
4.219935834407806396e-01
2.483315020799636841e-01
3.860205411911010742e-01
3.668551146984100342e-01
5.757893323898315430e-01
5.026121139526367188e-01
2.980195581912994385e-01
2.370666563510894775e-01
3.825154304504394531e-01
2.634123265743255615e-01
4.896848499774932861e-01
5.112172365188598633e-01
2.779599130153656006e-01
4.748830497264862061e-01
2.960718572139739990e-01
3.915091454982757568e-01
3.947637975215911865e-01
4.005153477191925049e-01
4.451549649238586426e-01
4.619414806365966797e-01
4.544239044189453125e-01
2.945564389228820801e-01
2.601118087768554688e-01
2.686567306518554688e-01
2.951705455780029297e-01
2.997504770755767822e-01
2.184099555015563965e-01
5.409506559371948242e-01
2.739256322383880615e-01
4.299713373184204102e-01
3.612706363201141357e-01
3.212671875953674316e-01
2.964993715286254883e-01
2.757993340492248535e-01
2.500629127025604248e-01
2.850428819656372070e-01
4.110756814479827881e-01
4.238801002502441406e-01
5.189251899719238281e-01
3.452347815036773682e-01
1.734283864498138428e-01
8.315899372100830078e-01
2.536064982414245605e-01
3.033165037631988525e-01
3.222323656082153320e-01
3.099682927131652832e-01
3.859368562698364258e-01
3.973294496536254883e-01
3.852687180042266846e-01
2.294043451547622681e-01
2.977757453918457031e-01
4.551336765289306641e-01
4.649839103221893311e-01
4.508230984210968018e-01
2.634133398532867432e-01
2.616598010063171387e-01
2.708635032176971436e-01
4.696774482727050781e-01
4.782241284847259521e-01
4.750321507453918457e-01
2.709405422210693359e-01
5.871685743331909180e-01
2.931689023971557617e-01
2.893151938915252686e-01
2.199285328388214111e-01
3.436828553676605225e-01
2.488995343446731567e-01
1.038725733757019043e+00
9.536561965942382812e-01
2.872452139854431152e-01
2.695090770721435547e-01
2.583765685558319092e-01
2.854193150997161865e-01
2.497076094150543213e-01
2.450795620679855347e-01
8.491942882537841797e-01
3.884782791137695312e-01
3.223434686660766602e-01
2.934493422508239746e-01
3.267450630664825439e-01
2.935874462127685547e-01
3.395372033119201660e-01
2.790276706218719482e-01
3.328652083873748779e-01
2.817161679267883301e-01
4.843629598617553711e-01
5.055786371231079102e-01
2.482067644596099854e-01
4.972292184829711914e-01
4.944727718830108643e-01
2.492975294589996338e-01
