2.543019056320190430e-01
2.674996852874755859e-01
2.274357527494430542e-01
4.234809279441833496e-01
1.755768656730651855e-01
4.112245440483093262e-01
3.599319458007812500e-01
2.672317028045654297e-01
2.645421326160430908e-01
3.041931092739105225e-01
2.500393390655517578e-01
2.956694066524505615e-01
2.483909875154495239e-01
3.820745050907135010e-01
2.978927195072174072e-01
2.193234115839004517e-01
3.473576009273529053e-01
3.068034350872039795e-01
2.790310084819793701e-01
2.566313147544860840e-01
2.876431345939636230e-01
8.224837183952331543e-01
2.491548806428909302e-01
2.476532757282257080e-01
7.754489183425903320e-01
2.902342975139617920e-01
2.802111506462097168e-01
3.259551823139190674e-01
2.408688664436340332e-01
2.735198736190795898e-01
5.532268881797790527e-01
6.934829950332641602e-01
2.626180052757263184e-01
2.916364669799804688e-01
2.919174432754516602e-01
3.482162654399871826e-01
2.572289705276489258e-01
3.054064810276031494e-01
3.977523148059844971e-01
3.000969588756561279e-01
3.532083630561828613e-01
5.075053572654724121e-01
2.203733026981353760e-01
2.219675332307815552e-01
2.655378580093383789e-01
6.834366321563720703e-01
6.313592791557312012e-01
3.233904242515563965e-01
5.105653405189514160e-01
2.664999961853027344e-01
2.920799851417541504e-01
2.969930469989776611e-01
2.727691233158111572e-01
2.965704798698425293e-01
2.347007393836975098e-01
3.012569844722747803e-01
3.070103526115417480e-01
2.567172348499298096e-01
2.901765704154968262e-01
3.125218749046325684e-01
2.784970700740814209e-01
2.978839874267578125e-01
2.182066589593887329e-01
2.995901405811309814e-01
2.861794531345367432e-01
4.226461946964263916e-01
4.298042654991149902e-01
2.551279664039611816e-01
3.601758182048797607e-01
3.381392359733581543e-01
2.962232530117034912e-01
2.217769920825958252e-01
7.209178209304809570e-01
2.318813055753707886e-01
3.405082523822784424e-01
2.868089973926544189e-01
2.298860847949981689e-01
2.402952462434768677e-01
2.450936734676361084e-01
4.364565312862396240e-01
4.422318637371063232e-01
2.954804897308349609e-01
3.471719920635223389e-01
3.734786212444305420e-01
2.946037650108337402e-01
3.807856142520904541e-01
2.999620139598846436e-01
3.184490203857421875e-01
2.559669017791748047e-01
2.874703109264373779e-01
2.500241398811340332e-01
2.480883896350860596e-01
4.292648732662200928e-01
2.671359181404113770e-01
2.670993208885192871e-01
3.139072358608245850e-01
2.909030616283416748e-01
2.285563498735427856e-01
2.883594036102294922e-01
3.589359223842620850e-01
3.046131134033203125e-01
3.574945926666259766e-01
3.448610603809356689e-01
3.574945926666259766e-01
3.448610603809356689e-01
2.286480814218521118e-01
2.678924202919006348e-01
2.964220345020294189e-01
3.025521337985992432e-01
2.969038784503936768e-01
2.194405645132064819e-01
3.275344967842102051e-01
1.752822697162628174e-01
3.844381868839263916e-01
3.068086504936218262e-01
3.994081616401672363e-01
2.488573789596557617e-01
3.814194202423095703e-01
3.661248683929443359e-01
5.967234373092651367e-01
5.531445145606994629e-01
2.959490716457366943e-01
2.391288727521896362e-01
3.779147267341613770e-01
2.725672125816345215e-01
4.871585965156555176e-01
5.270479321479797363e-01
2.848904132843017578e-01
4.715168178081512451e-01
3.107248544692993164e-01
3.992261886596679688e-01
3.933812379837036133e-01
4.015872776508331299e-01
4.518383741378784180e-01
4.566326141357421875e-01
4.546510875225067139e-01
2.911595106124877930e-01
2.618038058280944824e-01
2.745101153850555420e-01
3.001653850078582764e-01
2.983179092407226562e-01
2.132862359285354614e-01
6.729310750961303711e-01
2.727672755718231201e-01
5.803351402282714844e-01
3.516531288623809814e-01
3.046379983425140381e-01
2.877889871597290039e-01
2.729201316833496094e-01
2.621861398220062256e-01
2.833172976970672607e-01
6.933330893516540527e-01
4.095517396926879883e-01
7.387638688087463379e-01
3.585624694824218750e-01
1.739534139633178711e-01
4.520137012004852295e-01
2.523714601993560791e-01
3.290685713291168213e-01
3.341762125492095947e-01
3.267236053943634033e-01
3.728433847427368164e-01
3.752819299697875977e-01
3.716621994972229004e-01
2.430297285318374634e-01
2.786877751350402832e-01
4.330736398696899414e-01
4.324069917201995850e-01
4.306886494159698486e-01
2.623715400695800781e-01
2.647338211536407471e-01
2.662347555160522461e-01
4.007742702960968018e-01
4.072728753089904785e-01
4.020394682884216309e-01
2.548139691352844238e-01
4.211534261703491211e-01
2.480923980474472046e-01
2.877440452575683594e-01
2.203500866889953613e-01
3.520892858505249023e-01
2.679623663425445557e-01
8.206371665000915527e-01
6.410003304481506348e-01
2.951430082321166992e-01
3.383157849311828613e-01
2.566699683666229248e-01
2.878226041793823242e-01
2.481687813997268677e-01
2.478010356426239014e-01
9.153544902801513672e-01
4.211654663085937500e-01
2.956839203834533691e-01
2.920990288257598877e-01
3.132853209972381592e-01
3.082862794399261475e-01
3.417364954948425293e-01
2.725394666194915771e-01
3.424954414367675781e-01
2.864417731761932373e-01
5.036972165107727051e-01
4.809251427650451660e-01
2.483952194452285767e-01
4.964899420738220215e-01
4.961082637310028076e-01
2.475448399782180786e-01
