3.048553466796875000e-01
3.125884830951690674e-01
2.470002174377441406e-01
3.913008868694305420e-01
1.798780411481857300e-01
2.662044167518615723e-01
3.736210465431213379e-01
2.967811822891235352e-01
2.646019756793975830e-01
3.069643974304199219e-01
2.536678910255432129e-01
3.049565553665161133e-01
2.547293901443481445e-01
2.291611582040786743e-01
2.847966551780700684e-01
2.317061573266983032e-01
3.644185662269592285e-01
3.058629035949707031e-01
2.454458773136138916e-01
2.578781545162200928e-01
2.954863011837005615e-01
1.303577542304992676e+00
2.479925751686096191e-01
2.552162408828735352e-01
6.982558965682983398e-01
2.447904050350189209e-01
3.596286475658416748e-01
3.906893730163574219e-01
3.417563438415527344e-01
4.406409859657287598e-01
7.477662563323974609e-01
8.884774446487426758e-01
2.401873171329498291e-01
2.940852940082550049e-01
3.007605671882629395e-01
3.709707260131835938e-01
2.545831203460693359e-01
3.739746510982513428e-01
2.199156582355499268e-01
3.016194701194763184e-01
3.458489179611206055e-01
5.417777895927429199e-01
2.084686160087585449e-01
2.345779538154602051e-01
2.659338712692260742e-01
1.266531467437744141e+00
1.161741137504577637e+00
3.220527470111846924e-01
5.058338642120361328e-01
2.995514869689941406e-01
2.605943083763122559e-01
2.478021383285522461e-01
3.172392249107360840e-01
3.031179904937744141e-01
2.422431409358978271e-01
2.731690406799316406e-01
3.919405937194824219e-01
2.715483009815216064e-01
2.842142879962921143e-01
2.621611356735229492e-01
2.750973403453826904e-01
2.984729409217834473e-01
2.067237347364425659e-01
2.713705897331237793e-01
3.170933425426483154e-01
4.391023516654968262e-01
4.032831192016601562e-01
3.086296021938323975e-01
2.453177571296691895e-01
2.966486215591430664e-01
2.944588959217071533e-01
2.230231165885925293e-01
7.631877660751342773e-01
2.918085753917694092e-01
2.318996042013168335e-01
2.666081786155700684e-01
2.757690250873565674e-01
2.532695531845092773e-01
2.307365536689758301e-01
4.306679069995880127e-01
4.652077853679656982e-01
2.883273363113403320e-01
3.447696864604949951e-01
3.942848443984985352e-01
2.710511386394500732e-01
4.185258746147155762e-01
3.487597703933715820e-01
3.410081863403320312e-01
2.516106665134429932e-01
2.982664108276367188e-01
2.499719262123107910e-01
2.555766701698303223e-01
4.551611244678497314e-01
2.394521236419677734e-01
2.973762154579162598e-01
2.688809633255004883e-01
3.031443357467651367e-01
3.588861525058746338e-01
3.343566656112670898e-01
3.816182613372802734e-01
2.700726389884948730e-01
2.383924126625061035e-01
4.760589301586151123e-01
2.383924126625061035e-01
4.760589301586151123e-01
2.311281859874725342e-01
2.440554350614547729e-01
2.722852230072021484e-01
3.471994102001190186e-01
2.947993874549865723e-01
2.520266175270080566e-01
3.584417700767517090e-01
1.798280477523803711e-01
3.577646315097808838e-01
2.513938248157501221e-01
3.397895991802215576e-01
3.016050457954406738e-01
2.521592378616333008e-01
3.133013248443603516e-01
6.597575545310974121e-01
6.517541408538818359e-01
2.975199818611145020e-01
2.334748506546020508e-01
2.712090611457824707e-01
4.268502891063690186e-01
5.591822862625122070e-01
6.742587089538574219e-01
4.196735322475433350e-01
4.528717994689941406e-01
3.308172821998596191e-01
4.993005394935607910e-01
4.358547925949096680e-01
4.872072935104370117e-01
4.496213197708129883e-01
3.045459389686584473e-01
3.360420167446136475e-01
3.046634197235107422e-01
2.599539160728454590e-01
2.566000819206237793e-01
3.020460009574890137e-01
2.999387383460998535e-01
2.222703099250793457e-01
1.471526622772216797e+00
2.448382079601287842e-01
1.431759834289550781e+00
3.633977770805358887e-01
3.075845837593078613e-01
2.550740838050842285e-01
2.892815768718719482e-01
2.432212680578231812e-01
3.033029735088348389e-01
1.473798513412475586e+00
4.146522283554077148e-01
1.513437986373901367e+00
3.065487146377563477e-01
1.736049950122833252e-01
1.579999327659606934e+00
3.034331202507019043e-01
3.719330132007598877e-01
3.221157491207122803e-01
2.580746412277221680e-01
3.804877996444702148e-01
2.743378877639770508e-01
3.041328787803649902e-01
2.063969820737838745e-01
4.045668244361877441e-01
4.191510379314422607e-01
2.956170439720153809e-01
2.833847701549530029e-01
2.369648367166519165e-01
3.007145524024963379e-01
2.533663511276245117e-01
5.260797739028930664e-01
4.310542345046997070e-01
4.925377368927001953e-01
9.197924137115478516e-01
1.124258995056152344e+00
2.415408194065093994e-01
3.003160953521728516e-01
2.252860069274902344e-01
2.565724253654479980e-01
2.674334347248077393e-01
1.145630121231079102e+00
1.414644479751586914e+00
3.624360561370849609e-01
3.805047869682312012e-01
2.620545029640197754e-01
2.907332181930541992e-01
2.481631934642791748e-01
2.448683530092239380e-01
1.155232071876525879e+00
2.827310264110565186e-01
4.304762780666351318e-01
2.904351651668548584e-01
3.609274625778198242e-01
2.488998174667358398e-01
2.760719060897827148e-01
2.354992926120758057e-01
3.591724634170532227e-01
3.769044280052185059e-01
4.963627457618713379e-01
3.300392031669616699e-01
2.514678835868835449e-01
4.947685003280639648e-01
4.987973570823669434e-01
2.560320496559143066e-01
