2.539789378643035889e-01
2.669305503368377686e-01
2.288880795240402222e-01
4.216683208942413330e-01
1.754671186208724976e-01
4.034006893634796143e-01
3.638408780097961426e-01
2.805415689945220947e-01
2.619544565677642822e-01
3.047426640987396240e-01
2.451279163360595703e-01
2.985631227493286133e-01
2.522698044776916504e-01
4.605999588966369629e-01
2.952394485473632812e-01
2.395720630884170532e-01
3.169802725315093994e-01
3.553687632083892822e-01
3.534453511238098145e-01
2.568143606185913086e-01
2.873748540878295898e-01
7.348643541336059570e-01
2.494046390056610107e-01
2.478750497102737427e-01
6.110860705375671387e-01
2.972400188446044922e-01
2.775916755199432373e-01
3.220547437667846680e-01
2.279450893402099609e-01
3.057678341865539551e-01
7.341008782386779785e-01
7.220191955566406250e-01
3.129788637161254883e-01
2.726079225540161133e-01
2.486138492822647095e-01
2.791130840778350830e-01
2.876741588115692139e-01
2.803246080875396729e-01
3.968676030635833740e-01
3.025106191635131836e-01
3.353102803230285645e-01
4.856934547424316406e-01
2.228792905807495117e-01
2.167265117168426514e-01
2.770577669143676758e-01
7.225217819213867188e-01
6.872432231903076172e-01
3.187124431133270264e-01
5.155688524246215820e-01
2.861954867839813232e-01
2.575726211071014404e-01
2.952584326267242432e-01
3.280195593833923340e-01
2.965476512908935547e-01
2.376509457826614380e-01
3.006030619144439697e-01
3.610787987709045410e-01
2.625983655452728271e-01
2.884860038757324219e-01
3.004559576511383057e-01
2.758994400501251221e-01
2.976200580596923828e-01
2.179268598556518555e-01
2.977516055107116699e-01
2.974808216094970703e-01
4.302116930484771729e-01
4.283486008644104004e-01
2.657915949821472168e-01
3.504894673824310303e-01
3.460932672023773193e-01
2.959145307540893555e-01
2.219515144824981689e-01
7.522052526473999023e-01
2.339033931493759155e-01
3.369005322456359863e-01
2.872945964336395264e-01
2.255819588899612427e-01
2.711643874645233154e-01
2.467106431722640991e-01
4.270623922348022461e-01
3.705046772956848145e-01
2.956133484840393066e-01
3.432743549346923828e-01
3.153147101402282715e-01
3.175406455993652344e-01
3.518249094486236572e-01
3.318393528461456299e-01
3.283307850360870361e-01
2.562655210494995117e-01
2.879334986209869385e-01
2.503431737422943115e-01
2.477288097143173218e-01
5.549120306968688965e-01
2.743454277515411377e-01
2.644043266773223877e-01
3.094632327556610107e-01
2.922219336032867432e-01
2.293675243854522705e-01
2.833175659179687500e-01
3.722523450851440430e-01
3.177120685577392578e-01
3.466999232769012451e-01
3.348879814147949219e-01
3.466999232769012451e-01
3.348879814147949219e-01
2.423932254314422607e-01
2.752959728240966797e-01
3.015238046646118164e-01
2.926695644855499268e-01
2.968844473361968994e-01
2.226923257112503052e-01
3.128703832626342773e-01
1.746602952480316162e-01
3.813925683498382568e-01
3.069183826446533203e-01
4.048234522342681885e-01
2.473644018173217773e-01
3.815766870975494385e-01
3.651581406593322754e-01
5.734495520591735840e-01
5.240492820739746094e-01
2.963770329952239990e-01
2.278378754854202271e-01
3.741340637207031250e-01
2.913694083690643311e-01
4.838814437389373779e-01
5.299231410026550293e-01
2.995849549770355225e-01
4.794722497463226318e-01
3.132879137992858887e-01
4.045904874801635742e-01
3.962953984737396240e-01
3.831306993961334229e-01
4.592474699020385742e-01
4.483905732631683350e-01
4.655915498733520508e-01
2.518463134765625000e-01
2.937245070934295654e-01
3.260195553302764893e-01
2.753415107727050781e-01
2.971261739730834961e-01
2.171809822320938110e-01
6.860593557357788086e-01
3.169110417366027832e-01
6.714321970939636230e-01
2.872390747070312500e-01
3.507458269596099854e-01
3.483065366744995117e-01
2.747085690498352051e-01
2.474977225065231323e-01
2.606065571308135986e-01
5.338946580886840820e-01
4.254951775074005127e-01
5.508230924606323242e-01
4.457563757896423340e-01
1.742416173219680786e-01
9.308698177337646484e-01
2.568110227584838867e-01
3.144869208335876465e-01
3.167873919010162354e-01
3.151702284812927246e-01
3.685434162616729736e-01
3.744508922100067139e-01
3.697282075881958008e-01
2.258389145135879517e-01
3.221115767955780029e-01
4.464831650257110596e-01
4.475652873516082764e-01
4.454353153705596924e-01
2.659983634948730469e-01
2.605443000793457031e-01
2.697603702545166016e-01
4.621802270412445068e-01
4.667515754699707031e-01
4.698083102703094482e-01
2.585107982158660889e-01
5.223284363746643066e-01
2.543477714061737061e-01
2.896418869495391846e-01
2.206129878759384155e-01
3.034955561161041260e-01
2.509039044380187988e-01
9.359632134437561035e-01
8.489703536033630371e-01
3.374703824520111084e-01
3.453339636325836182e-01
2.563356757164001465e-01
2.874972224235534668e-01
2.488846927881240845e-01
2.472795695066452026e-01
8.592258691787719727e-01
3.568215966224670410e-01
3.718699812889099121e-01
2.943441569805145264e-01
3.113380372524261475e-01
3.068161606788635254e-01
3.377076685428619385e-01
3.099775612354278564e-01
3.050669431686401367e-01
2.826555669307708740e-01
4.785803556442260742e-01
4.831721782684326172e-01
2.491747140884399414e-01
4.966936409473419189e-01
4.964679181575775146e-01
2.486232817173004150e-01
