2.532202303409576416e-01
2.897458374500274658e-01
2.352720648050308228e-01
3.875260055065155029e-01
1.750735640525817871e-01
3.961455225944519043e-01
3.261307179927825928e-01
2.875615656375885010e-01
2.766984403133392334e-01
3.034300506114959717e-01
2.479500174522399902e-01
2.807947695255279541e-01
2.696138322353363037e-01
4.701601266860961914e-01
2.920379638671875000e-01
2.171651273965835571e-01
2.699547111988067627e-01
4.125262200832366943e-01
2.504108250141143799e-01
2.569343447685241699e-01
2.876742184162139893e-01
1.309879779815673828e+00
2.498304396867752075e-01
2.470902204513549805e-01
7.082192897796630859e-01
2.516568303108215332e-01
3.524964451789855957e-01
3.596001863479614258e-01
2.291036993265151978e-01
3.599558770656585693e-01
1.067694425582885742e+00
1.072142243385314941e+00
2.783274650573730469e-01
2.484568953514099121e-01
2.874552309513092041e-01
3.464586734771728516e-01
2.528020739555358887e-01
3.786336779594421387e-01
3.323354125022888184e-01
2.468777596950531006e-01
3.744632899761199951e-01
4.935832917690277100e-01
2.803634703159332275e-01
2.488911002874374390e-01
3.679353296756744385e-01
1.078932642936706543e+00
1.079613685607910156e+00
3.180516958236694336e-01
3.723931312561035156e-01
2.609577476978302002e-01
2.707319259643554688e-01
3.205958604812622070e-01
3.107499778270721436e-01
2.775366008281707764e-01
3.498606383800506592e-01
3.102974593639373779e-01
3.044571876525878906e-01
2.708247005939483643e-01
2.768985927104949951e-01
2.992621958255767822e-01
2.923221886157989502e-01
2.956887185573577881e-01
3.505826294422149658e-01
2.788569033145904541e-01
3.128982186317443848e-01
4.065939784049987793e-01
3.794380426406860352e-01
2.473897039890289307e-01
3.816254734992980957e-01
3.467353284358978271e-01
2.955158948898315430e-01
2.324680685997009277e-01
1.036186099052429199e+00
2.917403876781463623e-01
2.857964336872100830e-01
2.679477632045745850e-01
2.323398739099502563e-01
2.528877258300781250e-01
3.002459108829498291e-01
3.263988196849822998e-01
4.515713751316070557e-01
2.982201278209686279e-01
2.262268662452697754e-01
3.083423674106597900e-01
3.766600489616394043e-01
2.699749171733856201e-01
2.795312404632568359e-01
5.268329381942749023e-01
2.567469775676727295e-01
2.873966991901397705e-01
2.495882064104080200e-01
2.483136653900146484e-01
3.514167368412017822e-01
2.499872297048568726e-01
3.036316037178039551e-01
2.611869275569915771e-01
2.942126095294952393e-01
2.181121110916137695e-01
3.358294963836669922e-01
4.286941289901733398e-01
2.956689894199371338e-01
4.231225252151489258e-01
4.789523184299468994e-01
4.231225252151489258e-01
4.789523184299468994e-01
4.439993202686309814e-01
2.808343768119812012e-01
3.005675077438354492e-01
2.842830121517181396e-01
2.229146510362625122e-01
3.526875972747802734e-01
3.751894533634185791e-01
1.753448396921157837e-01
3.778985142707824707e-01
2.900246083736419678e-01
4.315273463726043701e-01
2.483944147825241089e-01
3.594037592411041260e-01
3.047990202903747559e-01
5.966136455535888672e-01
5.599210262298583984e-01
2.949786782264709473e-01
3.365232050418853760e-01
3.400627970695495605e-01
4.336140155792236328e-01
5.374163985252380371e-01
5.997425913810729980e-01
4.307759702205657959e-01
4.858504831790924072e-01
4.213313460350036621e-01
3.561135232448577881e-01
3.598916530609130859e-01
3.551801741123199463e-01
4.281430542469024658e-01
4.331670701503753662e-01
4.282576441764831543e-01
2.452150583267211914e-01
2.439379394054412842e-01
3.876389861106872559e-01
3.752610981464385986e-01
2.965310215950012207e-01
2.321945726871490479e-01
1.005556702613830566e+00
3.860462903976440430e-01
1.074734926223754883e+00
3.262803852558135986e-01
3.693390786647796631e-01
3.762150704860687256e-01
2.741423249244689941e-01
2.397152632474899292e-01
2.515147924423217773e-01
1.047857761383056641e+00
2.595997154712677002e-01
9.393883347511291504e-01
2.899462878704071045e-01
1.740798205137252808e-01
5.206403732299804688e-01
2.610844969749450684e-01
3.261497914791107178e-01
3.216057121753692627e-01
3.189225196838378906e-01
3.632778227329254150e-01
3.622300624847412109e-01
3.583906292915344238e-01
2.189974188804626465e-01
3.285486996173858643e-01
4.305275678634643555e-01
4.227033257484436035e-01
4.223797619342803955e-01
2.635769844055175781e-01
2.660532295703887939e-01
2.666480541229248047e-01
4.521704912185668945e-01
4.527496099472045898e-01
4.491456449031829834e-01
1.130383968353271484e+00
8.512538075447082520e-01
3.034499883651733398e-01
2.937622964382171631e-01
2.797636985778808594e-01
3.645534217357635498e-01
3.156629502773284912e-01
1.083470463752746582e+00
7.210057377815246582e-01
2.578196525573730469e-01
2.914166152477264404e-01
2.563249766826629639e-01
2.873060703277587891e-01
2.486835122108459473e-01
2.472284883260726929e-01
1.249950170516967773e+00
3.458032608032226562e-01
3.597649335861206055e-01
2.930052280426025391e-01
3.137780725955963135e-01
3.009856343269348145e-01
2.563755810260772705e-01
3.064288794994354248e-01
3.135903775691986084e-01
3.635369837284088135e-01
3.803992867469787598e-01
3.655003905296325684e-01
2.485866099596023560e-01
4.963902235031127930e-01
4.963331222534179688e-01
2.485778927803039551e-01
