2.538792192935943604e-01
2.639503180980682373e-01
2.281222641468048096e-01
4.243173897266387939e-01
1.753020733594894409e-01
4.084057211875915527e-01
3.642218410968780518e-01
2.798434495925903320e-01
2.583393156528472900e-01
3.043032586574554443e-01
2.466442584991455078e-01
2.995551824569702148e-01
2.525227367877960205e-01
4.520958065986633301e-01
2.942381799221038818e-01
2.363596111536026001e-01
3.458506166934967041e-01
3.180197775363922119e-01
3.506514430046081543e-01
2.563100755214691162e-01
2.872727513313293457e-01
9.186355471611022949e-01
2.499404251575469971e-01
2.475392371416091919e-01
5.998464822769165039e-01
2.829573452472686768e-01
2.967692315578460693e-01
3.293287754058837891e-01
2.359395027160644531e-01
3.197193443775177002e-01
7.326772809028625488e-01
7.226046323776245117e-01
3.176570236682891846e-01
2.754766047000885010e-01
2.555378079414367676e-01
2.894129157066345215e-01
2.753102481365203857e-01
3.084373772144317627e-01
3.710263669490814209e-01
2.944095134735107422e-01
3.283972740173339844e-01
4.863840341567993164e-01
2.211202532052993774e-01
2.209286242723464966e-01
2.846074402332305908e-01
6.468257904052734375e-01
6.606673002243041992e-01
3.524169027805328369e-01
4.768237769603729248e-01
2.881091833114624023e-01
2.645164430141448975e-01
2.891462445259094238e-01
3.216668963432312012e-01
2.967388629913330078e-01
2.415896952152252197e-01
2.924813628196716309e-01
3.560407757759094238e-01
2.856625616550445557e-01
2.647708058357238770e-01
2.778315246105194092e-01
3.001664578914642334e-01
2.984530925750732422e-01
2.191790044307708740e-01
2.800816893577575684e-01
3.459321260452270508e-01
4.061430990695953369e-01
3.549845218658447266e-01
2.617732584476470947e-01
3.613732755184173584e-01
3.575263023376464844e-01
2.969690263271331787e-01
2.239182889461517334e-01
7.168107032775878906e-01
2.332853227853775024e-01
3.395738005638122559e-01
2.890580892562866211e-01
2.295214682817459106e-01
2.395507246255874634e-01
2.446039468050003052e-01
4.354798495769500732e-01
4.400319159030914307e-01
2.958146333694458008e-01
3.474557399749755859e-01
3.755841851234436035e-01
2.799091339111328125e-01
4.002712965011596680e-01
3.077646791934967041e-01
3.030037581920623779e-01
2.565385699272155762e-01
2.882287204265594482e-01
2.499790638685226440e-01
2.480002641677856445e-01
3.947250545024871826e-01
2.841295301914215088e-01
2.609370052814483643e-01
3.107492923736572266e-01
2.901712357997894287e-01
2.321747094392776489e-01
2.655790746212005615e-01
3.742038607597351074e-01
3.294221460819244385e-01
3.209494054317474365e-01
3.079124093055725098e-01
3.209494054317474365e-01
3.079124093055725098e-01
2.234867662191390991e-01
2.676356434822082520e-01
3.267039358615875244e-01
3.203108608722686768e-01
2.957238852977752686e-01
2.247936427593231201e-01
3.087047338485717773e-01
1.749027967453002930e-01
3.701875507831573486e-01
3.073640167713165283e-01
3.694830834865570068e-01
2.519445717334747314e-01
3.750117421150207520e-01
3.589438199996948242e-01
5.368567109107971191e-01
5.077320933341979980e-01
2.951494455337524414e-01
2.285697311162948608e-01
3.670993745326995850e-01
3.060133755207061768e-01
4.897128343582153320e-01
5.321353673934936523e-01
3.121877610683441162e-01
4.806337952613830566e-01
3.187704086303710938e-01
3.973167538642883301e-01
4.055902063846588135e-01
3.964257240295410156e-01
4.564337730407714844e-01
4.551802277565002441e-01
4.510102570056915283e-01
2.635913491249084473e-01
2.857767045497894287e-01
3.076227009296417236e-01
2.767424881458282471e-01
2.977955639362335205e-01
2.180825173854827881e-01
5.793223977088928223e-01
2.996333539485931396e-01
5.823918581008911133e-01
3.030985593795776367e-01
3.416311442852020264e-01
3.333372473716735840e-01
2.722508013248443604e-01
2.470451444387435913e-01
2.661200165748596191e-01
4.866293668746948242e-01
4.304838776588439941e-01
4.660038650035858154e-01
4.189659655094146729e-01
1.742104887962341309e-01
9.053001403808593750e-01
2.675853967666625977e-01
3.284802734851837158e-01
3.195949196815490723e-01
3.188619315624237061e-01
3.578047454357147217e-01
3.520251512527465820e-01
3.549086153507232666e-01
2.232290506362915039e-01
3.535947203636169434e-01
4.319382607936859131e-01
4.255599379539489746e-01
4.284239411354064941e-01
2.657546103000640869e-01
2.675740122795104980e-01
2.621818482875823975e-01
4.701408743858337402e-01
4.631927311420440674e-01
4.638722836971282959e-01
2.517869174480438232e-01
5.904873013496398926e-01
2.465368211269378662e-01
2.902531325817108154e-01
2.236900478601455688e-01
3.598156273365020752e-01
2.519267797470092773e-01
9.255766272544860840e-01
8.786939382553100586e-01
2.790238261222839355e-01
3.564662039279937744e-01
2.572345137596130371e-01
2.861400842666625977e-01
2.479201704263687134e-01
2.476583719253540039e-01
9.067656397819519043e-01
3.823194801807403564e-01
3.442451655864715576e-01
2.937203943729400635e-01
3.143534660339355469e-01
3.052011430263519287e-01
3.361239731311798096e-01
2.958842813968658447e-01
3.183319866657257080e-01
2.875548303127288818e-01
4.792920947074890137e-01
4.805739820003509521e-01
2.489947229623794556e-01
4.964823424816131592e-01
4.966007769107818604e-01
2.489892095327377319e-01
