2.597149610519409180e-01
2.605176866054534912e-01
3.602534234523773193e-01
3.583648502826690674e-01
1.762949228286743164e-01
2.451106905937194824e-01
2.994044125080108643e-01
2.728523910045623779e-01
3.071842789649963379e-01
3.031107783317565918e-01
2.462594807147979736e-01
2.632082402706146240e-01
2.763703465461730957e-01
4.479266405105590820e-01
2.927319109439849854e-01
2.348824292421340942e-01
2.987676560878753662e-01
3.794835209846496582e-01
3.500519692897796631e-01
2.538446784019470215e-01
2.903151214122772217e-01
8.906680345535278320e-01
2.480137348175048828e-01
2.480699717998504639e-01
6.840376853942871094e-01
2.896474599838256836e-01
2.847249209880828857e-01
3.161576688289642334e-01
2.258127778768539429e-01
3.237138390541076660e-01
6.664620637893676758e-01
7.330069541931152344e-01
3.017390668392181396e-01
2.811228632926940918e-01
2.714772224426269531e-01
3.218728303909301758e-01
2.611174285411834717e-01
2.938408553600311279e-01
3.830488026142120361e-01
3.041373491287231445e-01
3.349844515323638916e-01
4.869267940521240234e-01
2.192878872156143188e-01
2.132113426923751831e-01
2.761739790439605713e-01
6.795605421066284180e-01
6.744276881217956543e-01
3.218348324298858643e-01
5.143881440162658691e-01
2.799305021762847900e-01
2.728293538093566895e-01
2.929706573486328125e-01
3.050996661186218262e-01
2.962410449981689453e-01
2.300527989864349365e-01
2.964646220207214355e-01
3.341645300388336182e-01
2.820081412792205811e-01
2.696512639522552490e-01
2.747657597064971924e-01
2.873466908931732178e-01
2.970231175422668457e-01
2.222456187009811401e-01
2.717514634132385254e-01
3.358742296695709229e-01
4.152128100395202637e-01
3.589583933353424072e-01
2.633329927921295166e-01
3.581431806087493896e-01
3.577607274055480957e-01
2.987502813339233398e-01
2.259435355663299561e-01
7.976018190383911133e-01
2.276072353124618530e-01
3.445609807968139648e-01
2.888381481170654297e-01
2.332756072282791138e-01
2.411437779664993286e-01
2.464340329170227051e-01
4.359014630317687988e-01
4.474865496158599854e-01
2.952458560466766357e-01
3.487301766872406006e-01
3.707197308540344238e-01
2.752275764942169189e-01
4.052627086639404297e-01
3.033647537231445312e-01
2.880812287330627441e-01
2.582558095455169678e-01
2.850299775600433350e-01
2.500217854976654053e-01
2.468717098236083984e-01
3.753024041652679443e-01
2.784278392791748047e-01
2.643998563289642334e-01
3.079653680324554443e-01
2.919163703918457031e-01
2.314006537199020386e-01
2.745216786861419678e-01
3.593367636203765869e-01
3.160623013973236084e-01
3.188585638999938965e-01
3.338319361209869385e-01
3.188585638999938965e-01
3.338319361209869385e-01
2.288245111703872681e-01
2.662525177001953125e-01
3.230224549770355225e-01
3.068686723709106445e-01
2.971272468566894531e-01
2.250339686870574951e-01
3.135054409503936768e-01
1.759904474020004272e-01
3.861145973205566406e-01
3.095069825649261475e-01
3.788137137889862061e-01
2.439043521881103516e-01
3.765810132026672363e-01
3.379023969173431396e-01
5.379588007926940918e-01
5.184351801872253418e-01
2.953433096408843994e-01
2.326251268386840820e-01
3.587558567523956299e-01
3.251464962959289551e-01
5.108401775360107422e-01
4.658170044422149658e-01
3.705174922943115234e-01
4.465168416500091553e-01
3.684113323688507080e-01
3.626570701599121094e-01
3.680213391780853271e-01
3.861294686794281006e-01
4.695476293563842773e-01
4.860577881336212158e-01
4.364421367645263672e-01
2.687115669250488281e-01
2.826394438743591309e-01
3.069913685321807861e-01
2.910493314266204834e-01
2.968422472476959229e-01
2.196372449398040771e-01
6.141088604927062988e-01
3.025722205638885498e-01
5.494071841239929199e-01
3.140912055969238281e-01
3.481249213218688965e-01
3.157961964607238770e-01
2.769901752471923828e-01
2.399415075778961182e-01
2.755878567695617676e-01
4.994316101074218750e-01
4.208283424377441406e-01
5.550603270530700684e-01
4.158657789230346680e-01
1.738883256912231445e-01
7.877187728881835938e-01
2.676821351051330566e-01
3.014680743217468262e-01
3.123395442962646484e-01
3.354030251502990723e-01
3.645699620246887207e-01
3.723708391189575195e-01
3.665380775928497314e-01
2.318563610315322876e-01
3.297026753425598145e-01
4.206108450889587402e-01
4.473025202751159668e-01
4.515025019645690918e-01
2.671391069889068604e-01
2.569678723812103271e-01
2.645384967327117920e-01
4.711591303348541260e-01
4.606539607048034668e-01
4.769706130027770996e-01
2.636476159095764160e-01
4.342559576034545898e-01
2.925434112548828125e-01
2.849976122379302979e-01
2.256511300802230835e-01
3.455138504505157471e-01
2.470069080591201782e-01
1.095176100730895996e+00
8.332005739212036133e-01
2.912843525409698486e-01
2.727364599704742432e-01
2.557569444179534912e-01
2.872000634670257568e-01
2.465414851903915405e-01
2.499298006296157837e-01
8.089040517807006836e-01
4.209698438644409180e-01
2.819724977016448975e-01
2.917437553405761719e-01
3.333148360252380371e-01
2.838046252727508545e-01
3.339099586009979248e-01
2.598209679126739502e-01
3.540591597557067871e-01
2.906520962715148926e-01
5.000868439674377441e-01
5.077936053276062012e-01
2.485301494598388672e-01
4.966940581798553467e-01
4.971733093261718750e-01
2.493577748537063599e-01
