2.482967525720596313e-01
2.872005105018615723e-01
2.325800359249114990e-01
3.832922577857971191e-01
1.778539568185806274e-01
4.082747697830200195e-01
3.094275295734405518e-01
2.813129425048828125e-01
2.809251248836517334e-01
3.069593310356140137e-01
2.529354095458984375e-01
2.783077359199523926e-01
2.885962128639221191e-01
4.440978169441223145e-01
2.962579131126403809e-01
2.363307476043701172e-01
3.481520116329193115e-01
3.081673681735992432e-01
3.414885997772216797e-01
2.507658898830413818e-01
2.911947965621948242e-01
6.134018898010253906e-01
2.529366016387939453e-01
2.412042170763015747e-01
6.398966312408447266e-01
2.580831050872802734e-01
3.413636088371276855e-01
3.678111433982849121e-01
2.343121916055679321e-01
3.487243652343750000e-01
7.272921800613403320e-01
7.308866977691650391e-01
3.309558033943176270e-01
2.858830094337463379e-01
2.531690001487731934e-01
3.044577538967132568e-01
2.597104609012603760e-01
3.643162250518798828e-01
2.952727377414703369e-01
2.605770230293273926e-01
3.356804251670837402e-01
4.766466617584228516e-01
2.238897979259490967e-01
2.250241041183471680e-01
3.086342811584472656e-01
4.854007959365844727e-01
5.448056459426879883e-01
4.464480578899383545e-01
3.635284900665283203e-01
2.403792589902877808e-01
2.871519625186920166e-01
3.291522562503814697e-01
2.909280061721801758e-01
2.973559498786926270e-01
2.225360274314880371e-01
3.464111089706420898e-01
3.004748821258544922e-01
2.696819901466369629e-01
2.901470363140106201e-01
2.891392111778259277e-01
2.645423412322998047e-01
2.931658625602722168e-01
2.181966602802276611e-01
2.584570646286010742e-01
2.899397909641265869e-01
4.364233613014221191e-01
4.085863828659057617e-01
2.468399703502655029e-01
3.884062767028808594e-01
3.776348829269409180e-01
2.965670228004455566e-01
2.449461221694946289e-01
7.732441425323486328e-01
2.415252923965454102e-01
3.370165228843688965e-01
2.913042306900024414e-01
2.445428967475891113e-01
2.449688613414764404e-01
2.904888391494750977e-01
4.171964824199676514e-01
3.738753795623779297e-01
2.965822517871856689e-01
3.500266671180725098e-01
3.298290371894836426e-01
2.836769819259643555e-01
3.888033032417297363e-01
2.660587131977081299e-01
4.496448636054992676e-01
2.579216957092285156e-01
2.899025082588195801e-01
2.440079897642135620e-01
2.427762746810913086e-01
4.977377057075500488e-01
2.669621109962463379e-01
2.604266107082366943e-01
3.295094966888427734e-01
2.939408123493194580e-01
2.527104020118713379e-01
3.098140060901641846e-01
3.014570176601409912e-01
2.959445416927337646e-01
3.268529772758483887e-01
3.282499313354492188e-01
3.268529772758483887e-01
3.282499313354492188e-01
2.374470829963684082e-01
2.377061545848846436e-01
3.457798659801483154e-01
3.725400865077972412e-01
2.952879071235656738e-01
2.257299721240997314e-01
3.418888449668884277e-01
1.746676266193389893e-01
3.618293106555938721e-01
2.535975873470306396e-01
2.844638526439666748e-01
2.606347203254699707e-01
3.778967261314392090e-01
3.770157694816589355e-01
4.906635880470275879e-01
5.762722492218017578e-01
2.962708175182342529e-01
2.281697541475296021e-01
3.468690514564514160e-01
3.101732730865478516e-01
4.729415178298950195e-01
5.434685945510864258e-01
2.844853401184082031e-01
5.115650892257690430e-01
3.007375299930572510e-01
3.929566740989685059e-01
4.395884871482849121e-01
4.348788559436798096e-01
4.192823767662048340e-01
4.830102622509002686e-01
3.996917605400085449e-01
3.021601438522338867e-01
2.464098781347274780e-01
2.460595518350601196e-01
3.087278306484222412e-01
2.980876863002777100e-01
2.195502817630767822e-01
5.660732388496398926e-01
2.674746811389923096e-01
4.280502796173095703e-01
3.804880976676940918e-01
3.082020878791809082e-01
2.492054402828216553e-01
2.851909399032592773e-01
2.529335319995880127e-01
3.029798567295074463e-01
4.193586111068725586e-01
4.054326713085174561e-01
5.588518381118774414e-01
3.131034076213836670e-01
1.711557507514953613e-01
9.265825152397155762e-01
2.408870756626129150e-01
3.348221778869628906e-01
3.005302250385284424e-01
2.820641994476318359e-01
4.137188792228698730e-01
3.829273283481597900e-01
3.925718665122985840e-01
2.365871369838714600e-01
2.705720663070678711e-01
4.909251034259796143e-01
4.470171928405761719e-01
4.565417766571044922e-01
2.591218650341033936e-01
2.904018759727478027e-01
2.488708347082138062e-01
4.882876873016357422e-01
4.766175448894500732e-01
4.305295944213867188e-01
2.462534308433532715e-01
5.999154448509216309e-01
2.386405020952224731e-01
2.903676629066467285e-01
2.784318625926971436e-01
2.589173316955566406e-01
2.513394653797149658e-01
9.656150341033935547e-01
1.001735210418701172e+00
3.548541069030761719e-01
3.589890301227569580e-01
2.539425492286682129e-01
2.863173484802246094e-01
2.481952905654907227e-01
2.468999624252319336e-01
8.781060576438903809e-01
3.229570388793945312e-01
3.678647875785827637e-01
2.757411599159240723e-01
3.074489831924438477e-01
3.041571974754333496e-01
2.789705395698547363e-01
3.231114447116851807e-01
3.003764152526855469e-01
3.775669634342193604e-01
3.902944028377532959e-01
4.113535284996032715e-01
2.517110109329223633e-01
4.972449541091918945e-01
4.968491792678833008e-01
2.497842609882354736e-01
