2.518533170223236084e-01
2.754831612110137939e-01
2.272912859916687012e-01
4.143496155738830566e-01
1.754400581121444702e-01
4.153630435466766357e-01
3.324130773544311523e-01
2.670484781265258789e-01
2.682638168334960938e-01
3.041932880878448486e-01
2.475367337465286255e-01
2.863390147686004639e-01
2.673509418964385986e-01
4.558999836444854736e-01
2.935169339179992676e-01
2.363965064287185669e-01
3.036464452743530273e-01
3.688856661319732666e-01
2.964170873165130615e-01
2.543762326240539551e-01
2.888716757297515869e-01
9.751979708671569824e-01
2.511671781539916992e-01
2.487833052873611450e-01
7.694804072380065918e-01
2.445877790451049805e-01
3.636004328727722168e-01
3.499095439910888672e-01
3.524805903434753418e-01
3.826608657836914062e-01
5.070146918296813965e-01
6.369180083274841309e-01
3.037780821323394775e-01
2.792195379734039307e-01
2.572470605373382568e-01
2.827537655830383301e-01
2.909290790557861328e-01
3.291721045970916748e-01
2.997696101665496826e-01
2.526094317436218262e-01
4.015111327171325684e-01
5.699107646942138672e-01
3.514078557491302490e-01
2.262165397405624390e-01
3.562853038311004639e-01
1.298314690589904785e+00
1.265147566795349121e+00
3.274527490139007568e-01
3.591442406177520752e-01
3.035640418529510498e-01
2.479551434516906738e-01
2.944969236850738525e-01
3.488663733005523682e-01
2.935774028301239014e-01
3.563389778137207031e-01
2.571991682052612305e-01
3.660131096839904785e-01
2.815501689910888672e-01
2.746515274047851562e-01
2.954868674278259277e-01
3.082582056522369385e-01
2.939381897449493408e-01
2.288833111524581909e-01
3.098436594009399414e-01
3.533757030963897705e-01
4.203391969203948975e-01
4.236466288566589355e-01
2.464586943387985229e-01
3.944559097290039062e-01
3.789765834808349609e-01
2.962373197078704834e-01
2.351051568984985352e-01
1.150909662246704102e+00
2.936787307262420654e-01
2.893711328506469727e-01
2.625108361244201660e-01
2.400504350662231445e-01
2.527579367160797119e-01
3.039486408233642578e-01
4.196147620677947998e-01
3.245337009429931641e-01
2.964892089366912842e-01
2.217249423265457153e-01
3.150545954704284668e-01
2.644681930541992188e-01
4.149775505065917969e-01
2.813162505626678467e-01
4.979472458362579346e-01
2.557345032691955566e-01
2.886396050453186035e-01
2.500753104686737061e-01
2.496105283498764038e-01
7.113143801689147949e-01
2.503203153610229492e-01
3.044709861278533936e-01
2.607832849025726318e-01
2.963859140872955322e-01
2.153756171464920044e-01
3.255794644355773926e-01
4.401715993881225586e-01
2.853450477123260498e-01
4.343637526035308838e-01
4.773130714893341064e-01
4.343637526035308838e-01
4.773130714893341064e-01
4.384025931358337402e-01
2.770603299140930176e-01
2.912933230400085449e-01
2.742075026035308838e-01
2.264019250869750977e-01
3.511714637279510498e-01
3.760385215282440186e-01
1.747385263442993164e-01
3.776716887950897217e-01
2.897662818431854248e-01
4.254873096942901611e-01
2.497506588697433472e-01
3.487967848777770996e-01
2.825681567192077637e-01
5.961285829544067383e-01
5.442880988121032715e-01
2.978475391864776611e-01
3.254871964454650879e-01
3.092369437217712402e-01
4.424905478954315186e-01
5.099663734436035156e-01
6.054331064224243164e-01
4.457982480525970459e-01
5.115869641304016113e-01
4.293408393859863281e-01
3.477553129196166992e-01
3.201071321964263916e-01
3.355353772640228271e-01
4.586484730243682861e-01
4.301722347736358643e-01
4.286801517009735107e-01
2.436558455228805542e-01
2.437068223953247070e-01
3.894232809543609619e-01
3.735042512416839600e-01
2.960125207901000977e-01
2.294502407312393188e-01
1.161749720573425293e+00
3.906204402446746826e-01
1.195110678672790527e+00
3.348708152770996094e-01
3.682440817356109619e-01
3.795777261257171631e-01
2.740214467048645020e-01
2.379738390445709229e-01
2.495842128992080688e-01
1.266119122505187988e+00
2.757990360260009766e-01
1.281727671623229980e+00
2.921297252178192139e-01
1.742388457059860229e-01
1.271934151649475098e+00
2.533456087112426758e-01
3.505075573921203613e-01
3.511362075805664062e-01
3.369141221046447754e-01
3.499175310134887695e-01
3.380206227302551270e-01
3.506112694740295410e-01
2.238343954086303711e-01
3.456090688705444336e-01
4.576469063758850098e-01
4.415882527828216553e-01
4.310484826564788818e-01
2.681692838668823242e-01
2.636614739894866943e-01
2.610882520675659180e-01
4.077788591384887695e-01
3.904708921909332275e-01
4.160140454769134521e-01
8.068571686744689941e-01
1.087558746337890625e+00
3.030977249145507812e-01
2.938844561576843262e-01
2.723587751388549805e-01
3.646312654018402100e-01
3.081302344799041748e-01
1.232892155647277832e+00
1.334051251411437988e+00
2.583683431148529053e-01
2.902591824531555176e-01
2.551105618476867676e-01
2.874099612236022949e-01
2.501094639301300049e-01
2.480937987565994263e-01
1.107038259506225586e+00
3.245247304439544678e-01
4.136895835399627686e-01
2.928567230701446533e-01
3.326038718223571777e-01
2.844424545764923096e-01
2.840039134025573730e-01
2.933172583580017090e-01
3.272940814495086670e-01
3.556946814060211182e-01
3.903325796127319336e-01
3.321948349475860596e-01
2.485742270946502686e-01
4.969737529754638672e-01
4.960761964321136475e-01
2.488739341497421265e-01
