2.501915693283081055e-01
2.548089027404785156e-01
2.338475286960601807e-01
4.304851591587066650e-01
1.755979806184768677e-01
4.125452041625976562e-01
3.655014634132385254e-01
2.636317610740661621e-01
2.574433386325836182e-01
3.042244017124176025e-01
2.480129301548004150e-01
2.989798188209533691e-01
2.478424310684204102e-01
4.407768845558166504e-01
2.903104126453399658e-01
2.324763983488082886e-01
3.710651993751525879e-01
2.768259346485137939e-01
3.414693474769592285e-01
2.581179738044738770e-01
2.888085544109344482e-01
1.050266981124877930e+00
2.485062181949615479e-01
2.481317967176437378e-01
6.655665636062622070e-01
2.757618725299835205e-01
3.143152296543121338e-01
3.417065143585205078e-01
2.559236884117126465e-01
3.069386184215545654e-01
7.368198633193969727e-01
6.315618753433227539e-01
3.077592849731445312e-01
2.773758172988891602e-01
2.658933997154235840e-01
3.153625130653381348e-01
2.576806247234344482e-01
3.383945822715759277e-01
3.409090638160705566e-01
2.685144543647766113e-01
3.695990741252899170e-01
4.781486392021179199e-01
2.187781631946563721e-01
2.241514176130294800e-01
3.347491323947906494e-01
4.370223581790924072e-01
4.828395843505859375e-01
3.644626736640930176e-01
4.763602316379547119e-01
2.724555730819702148e-01
2.798559665679931641e-01
2.903309464454650879e-01
2.823500037193298340e-01
2.968712449073791504e-01
2.239970266819000244e-01
2.807792425155639648e-01
3.087459206581115723e-01
2.761014103889465332e-01
2.680371999740600586e-01
3.056828677654266357e-01
2.922885119915008545e-01
2.986691594123840332e-01
2.174471318721771240e-01
2.918120920658111572e-01
3.254306912422180176e-01
4.072248041629791260e-01
3.712826669216156006e-01
2.673094868659973145e-01
3.364368379116058350e-01
3.249352276325225830e-01
2.981977164745330811e-01
2.353080064058303833e-01
9.326236844062805176e-01
2.394531071186065674e-01
3.433684110641479492e-01
2.872324585914611816e-01
2.322125732898712158e-01
2.637919485569000244e-01
2.493047714233398438e-01
4.137530326843261719e-01
4.033401906490325928e-01
2.938045263290405273e-01
3.430121839046478271e-01
3.266341388225555420e-01
3.090235590934753418e-01
3.635517358779907227e-01
3.316223025321960449e-01
3.146307468414306641e-01
2.542725205421447754e-01
2.905465662479400635e-01
2.490021884441375732e-01
2.471551895141601562e-01
4.975157678127288818e-01
2.795913517475128174e-01
2.589723169803619385e-01
3.217233121395111084e-01
2.919233441352844238e-01
2.351641952991485596e-01
2.811424434185028076e-01
3.556554317474365234e-01
3.295212388038635254e-01
3.234312832355499268e-01
3.097290098667144775e-01
3.234312832355499268e-01
3.097290098667144775e-01
2.302327901124954224e-01
2.504023909568786621e-01
3.482427895069122314e-01
3.555146753787994385e-01
2.975893318653106689e-01
2.301069051027297974e-01
3.464416265487670898e-01
1.750244796276092529e-01
3.612028658390045166e-01
2.792809307575225830e-01
3.229982256889343262e-01
2.568461298942565918e-01
3.653490245342254639e-01
3.346053957939147949e-01
5.001822113990783691e-01
5.490155816078186035e-01
2.960761189460754395e-01
2.362993061542510986e-01
3.559133708477020264e-01
3.317372202873229980e-01
5.125780701637268066e-01
4.964753687381744385e-01
3.548575043678283691e-01
4.418587684631347656e-01
3.584478497505187988e-01
3.932942152023315430e-01
3.744978606700897217e-01
4.157660007476806641e-01
4.278164505958557129e-01
4.574274420738220215e-01
4.635647237300872803e-01
2.608332633972167969e-01
2.935319542884826660e-01
3.046279847621917725e-01
2.615677714347839355e-01
2.953543066978454590e-01
2.159294784069061279e-01
4.880039691925048828e-01
2.663714587688446045e-01
5.254184603691101074e-01
2.767782807350158691e-01
3.520480096340179443e-01
3.505955338478088379e-01
2.631221711635589600e-01
2.494729459285736084e-01
2.599641680717468262e-01
4.037416577339172363e-01
4.322117865085601807e-01
3.209659159183502197e-01
4.187380373477935791e-01
1.737687289714813232e-01
8.578141927719116211e-01
2.636793255805969238e-01
3.168346285820007324e-01
3.131934702396392822e-01
3.126135766506195068e-01
3.704146444797515869e-01
3.671842515468597412e-01
3.643457293510437012e-01
2.229213267564773560e-01
3.441199064254760742e-01
4.503792226314544678e-01
4.290819168090820312e-01
4.370668530464172363e-01
2.611261010169982910e-01
2.688924670219421387e-01
2.609213590621948242e-01
4.894644320011138916e-01
4.832592606544494629e-01
4.808541834354400635e-01
2.352398931980133057e-01
5.728659629821777344e-01
2.461428642272949219e-01
2.921023070812225342e-01
2.288399040699005127e-01
3.793296813964843750e-01
2.415625602006912231e-01
9.723812341690063477e-01
9.337748289108276367e-01
2.628327310085296631e-01
3.600829243659973145e-01
2.534890770912170410e-01
2.867329716682434082e-01
2.439786940813064575e-01
2.500955760478973389e-01
8.698707818984985352e-01
3.875968158245086670e-01
3.790952563285827637e-01
2.887038886547088623e-01
2.806090116500854492e-01
3.384558856487274170e-01
3.651485741138458252e-01
3.207199573516845703e-01
2.984660863876342773e-01
3.039737343788146973e-01
5.016690492630004883e-01
4.071096777915954590e-01
2.459252625703811646e-01
4.965218603610992432e-01
4.958907663822174072e-01
2.482189387083053589e-01
