2.544332742691040039e-01
2.604552507400512695e-01
2.276743501424789429e-01
4.335667490959167480e-01
1.752842813730239868e-01
4.138003587722778320e-01
3.712798953056335449e-01
2.664047479629516602e-01
2.509416639804840088e-01
3.055054843425750732e-01
2.419184893369674683e-01
3.047931194305419922e-01
2.478167712688446045e-01
4.803379774093627930e-01
2.955363690853118896e-01
2.241612523794174194e-01
2.764141261577606201e-01
4.090484380722045898e-01
2.877260148525238037e-01
2.556614577770233154e-01
2.868900597095489502e-01
8.989099860191345215e-01
2.465746998786926270e-01
2.513973414897918701e-01
7.261477708816528320e-01
3.040575385093688965e-01
2.600432336330413818e-01
3.028645813465118408e-01
2.315264791250228882e-01
3.199812173843383789e-01
6.814903020858764648e-01
8.679550886154174805e-01
2.569018304347991943e-01
2.980428934097290039e-01
2.987174391746520996e-01
3.748472929000854492e-01
2.449753284454345703e-01
2.790440022945404053e-01
4.363880753517150879e-01
2.518674135208129883e-01
3.418283462524414062e-01
4.992924332618713379e-01
2.258480191230773926e-01
2.254730910062789917e-01
3.265308141708374023e-01
1.248694181442260742e+00
1.208273649215698242e+00
4.864331781864166260e-01
3.516345322132110596e-01
2.537070512771606445e-01
3.026402592658996582e-01
3.785132765769958496e-01
3.103994131088256836e-01
2.971442043781280518e-01
2.274136543273925781e-01
3.231781423091888428e-01
2.913899123668670654e-01
2.983677685260772705e-01
2.578581869602203369e-01
2.580693066120147705e-01
3.137055933475494385e-01
2.938250601291656494e-01
2.217656224966049194e-01
2.486241906881332397e-01
3.471470475196838379e-01
3.691469132900238037e-01
2.920867204666137695e-01
2.463660538196563721e-01
3.810886144638061523e-01
3.679378628730773926e-01
3.000070154666900635e-01
3.527369201183319092e-01
9.613910317420959473e-01
2.865182161331176758e-01
2.325784564018249512e-01
2.793192565441131592e-01
3.365445733070373535e-01
2.417350113391876221e-01
3.040134310722351074e-01
4.729921519756317139e-01
2.474158108234405518e-01
2.326211631298065186e-01
3.475802242755889893e-01
2.878254652023315430e-01
2.551101148128509521e-01
4.373844861984252930e-01
3.336983919143676758e-01
5.758213400840759277e-01
2.539588510990142822e-01
2.877758443355560303e-01
2.502975761890411377e-01
2.434428483247756958e-01
5.801942348480224609e-01
3.065841495990753174e-01
2.514399588108062744e-01
2.954792380332946777e-01
2.918965816497802734e-01
3.443299531936645508e-01
2.458000928163528442e-01
3.013294637203216553e-01
3.627945184707641602e-01
3.739089369773864746e-01
2.611181437969207764e-01
3.739089369773864746e-01
2.611181437969207764e-01
4.144036173820495605e-01
2.530718445777893066e-01
2.723675966262817383e-01
3.195018172264099121e-01
2.903650999069213867e-01
2.137504369020462036e-01
3.636605143547058105e-01
1.754990667104721069e-01
4.023361802101135254e-01
3.392194509506225586e-01
3.509917557239532471e-01
2.424543648958206177e-01
3.895023763179779053e-01
3.751276731491088867e-01
6.830871105194091797e-01
6.671303510665893555e-01
2.942501306533813477e-01
2.374954819679260254e-01
3.854351043701171875e-01
2.465032488107681274e-01
4.897194504737854004e-01
5.465790629386901855e-01
2.623202204704284668e-01
4.762548208236694336e-01
3.064639270305633545e-01
3.626287281513214111e-01
4.261578321456909180e-01
3.813030123710632324e-01
4.821999371051788330e-01
4.556335210800170898e-01
4.329902529716491699e-01
2.995788455009460449e-01
2.407474517822265625e-01
2.573291063308715820e-01
3.229065239429473877e-01
2.986990809440612793e-01
2.248545289039611816e-01
1.171908736228942871e+00
2.779560685157775879e-01
1.198387980461120605e+00
3.869553506374359131e-01
3.166296184062957764e-01
2.496470063924789429e-01
2.846208512783050537e-01
2.460889071226119995e-01
3.021573126316070557e-01
1.378836870193481445e+00
4.029808044433593750e-01
1.370803952217102051e+00
3.388138413429260254e-01
1.755652427673339844e-01
7.544730901718139648e-01
2.333215028047561646e-01
4.204266071319580078e-01
3.759787380695343018e-01
3.913467526435852051e-01
3.322691917419433594e-01
2.680840492248535156e-01
3.585759103298187256e-01
2.204909920692443848e-01
3.940319418907165527e-01
5.220106840133666992e-01
4.972198307514190674e-01
4.446546137332916260e-01
2.966733276844024658e-01
2.566773891448974609e-01
2.432204931974411011e-01
3.013359904289245605e-01
2.706044018268585205e-01
3.890893459320068359e-01
5.874923467636108398e-01
9.116717576980590820e-01
2.414983361959457397e-01
2.942837476730346680e-01
2.503559887409210205e-01
3.777448832988739014e-01
3.023113906383514404e-01
9.721944332122802734e-01
1.104881882667541504e+00
2.682268917560577393e-01
3.947347402572631836e-01
2.567065954208374023e-01
2.853143513202667236e-01
2.525505125522613525e-01
2.483652383089065552e-01
1.320839524269104004e+00
3.961406648159027100e-01
3.091134130954742432e-01
2.986750602722167969e-01
2.595853507518768311e-01
3.578268885612487793e-01
2.529938220977783203e-01
3.654841184616088867e-01
2.520109415054321289e-01
3.613665699958801270e-01
3.427525460720062256e-01
4.793953299522399902e-01
2.412353157997131348e-01
4.951806068420410156e-01
4.965140521526336670e-01
2.449972629547119141e-01
