2.405021339654922485e-01
3.735346794128417969e-01
2.421490401029586792e-01
2.753844559192657471e-01
1.752932071685791016e-01
3.977125287055969238e-01
2.529673576354980469e-01
2.771997749805450439e-01
3.115556240081787109e-01
3.053079545497894287e-01
2.493498027324676514e-01
2.462105900049209595e-01
3.038613200187683105e-01
4.496672749519348145e-01
2.722809314727783203e-01
3.518393635749816895e-01
2.631398141384124756e-01
4.192790091037750244e-01
2.406281381845474243e-01
2.554499506950378418e-01
2.887629866600036621e-01
1.267328143119812012e+00
2.497229874134063721e-01
2.478465884923934937e-01
4.498725235462188721e-01
2.593257129192352295e-01
3.056119680404663086e-01
2.601721286773681641e-01
3.500092625617980957e-01
3.256348371505737305e-01
9.147421121597290039e-01
8.914838433265686035e-01
3.280375599861145020e-01
2.534445822238922119e-01
2.478759586811065674e-01
2.794962823390960693e-01
2.866655588150024414e-01
2.482888996601104736e-01
4.305721223354339600e-01
3.037044107913970947e-01
2.552862763404846191e-01
5.386192798614501953e-01
2.176643759012222290e-01
2.725003361701965332e-01
2.678930759429931641e-01
1.254418253898620605e+00
1.287468791007995605e+00
2.633353769779205322e-01
4.634713232517242432e-01
2.735383510589599609e-01
2.741277217864990234e-01
2.983108758926391602e-01
3.028343319892883301e-01
2.951526343822479248e-01
2.227117121219635010e-01
3.124877810478210449e-01
3.390021026134490967e-01
2.482533007860183716e-01
2.844527065753936768e-01
3.392751216888427734e-01
2.969799935817718506e-01
2.970354557037353516e-01
2.175527513027191162e-01
3.410100340843200684e-01
2.990855276584625244e-01
3.993149399757385254e-01
4.302429854869842529e-01
2.566274404525756836e-01
3.632517755031585693e-01
3.537227511405944824e-01
2.951323390007019043e-01
2.288392633199691772e-01
7.373190522193908691e-01
2.878758609294891357e-01
2.318620532751083374e-01
2.738884091377258301e-01
2.759667932987213135e-01
2.433369606733322144e-01
2.405127584934234619e-01
4.521716237068176270e-01
4.330303966999053955e-01
2.946204841136932373e-01
3.491848707199096680e-01
3.923926949501037598e-01
3.716092109680175781e-01
2.848854660987854004e-01
3.382320702075958252e-01
4.734107255935668945e-01
2.559238374233245850e-01
2.868537008762359619e-01
2.499724179506301880e-01
2.475410401821136475e-01
6.937990784645080566e-01
2.644284367561340332e-01
2.888688743114471436e-01
3.137194812297821045e-01
2.960039377212524414e-01
3.543081879615783691e-01
3.138543069362640381e-01
3.285318613052368164e-01
3.180785179138183594e-01
2.586470246315002441e-01
4.559389948844909668e-01
2.586470246315002441e-01
4.559389948844909668e-01
2.277328670024871826e-01
2.843863368034362793e-01
3.357678949832916260e-01
2.998521029949188232e-01
2.930482327938079834e-01
2.392915189266204834e-01
2.941216230392456055e-01
1.754942089319229126e-01
3.695584833621978760e-01
2.697370648384094238e-01
4.304446280002593994e-01
2.652011215686798096e-01
3.289760351181030273e-01
3.015107214450836182e-01
5.346542000770568848e-01
5.872257351875305176e-01
2.954109311103820801e-01
2.261605411767959595e-01
3.238603472709655762e-01
3.670786023139953613e-01
5.149629712104797363e-01
5.462304949760437012e-01
3.945325016975402832e-01
4.044266343116760254e-01
3.716123998165130615e-01
4.065607488155364990e-01
4.038630127906799316e-01
3.803929090499877930e-01
4.128938913345336914e-01
4.371260106563568115e-01
4.178341925144195557e-01
3.040057718753814697e-01
2.528282999992370605e-01
3.065855801105499268e-01
3.686633408069610596e-01
2.963829636573791504e-01
2.256577908992767334e-01
1.354141235351562500e+00
2.769317328929901123e-01
1.342615604400634766e+00
3.829745650291442871e-01
3.543759286403656006e-01
2.634004652500152588e-01
2.882666587829589844e-01
2.816919386386871338e-01
2.772659063339233398e-01
1.296605467796325684e+00
3.519692420959472656e-01
1.266134738922119141e+00
4.206047654151916504e-01
1.739323586225509644e-01
1.430148005485534668e+00
2.929441332817077637e-01
3.109571635723114014e-01
3.189284205436706543e-01
2.900871932506561279e-01
3.525952398777008057e-01
3.454109430313110352e-01
3.306222259998321533e-01
2.167493999004364014e-01
3.747728466987609863e-01
3.752706348896026611e-01
3.624710142612457275e-01
3.393353223800659180e-01
2.579244375228881836e-01
2.695947289466857910e-01
2.693615555763244629e-01
5.099009275436401367e-01
4.986875951290130615e-01
4.877888560295104980e-01
9.713329672813415527e-01
1.150733351707458496e+00
2.470912784337997437e-01
2.952387928962707520e-01
2.336737662553787231e-01
3.784098625183105469e-01
2.723715007305145264e-01
1.048319578170776367e+00
1.145440220832824707e+00
2.699893414974212646e-01
3.803856968879699707e-01
2.575617134571075439e-01
2.883975207805633545e-01
2.480198889970779419e-01
2.480362355709075928e-01
1.145619034767150879e+00
3.503280282020568848e-01
3.523519635200500488e-01
2.974780797958374023e-01
3.262904882431030273e-01
2.895849943161010742e-01
2.771306037902832031e-01
2.906857132911682129e-01
3.283573985099792480e-01
3.485298156738281250e-01
4.418329894542694092e-01
4.222857356071472168e-01
2.486672550439834595e-01
4.963302612304687500e-01
4.969255328178405762e-01
2.480585128068923950e-01
