2.779578566551208496e-01
2.877870500087738037e-01
3.630839586257934570e-01
2.943858206272125244e-01
1.778065860271453857e-01
2.299397140741348267e-01
2.748476564884185791e-01
2.559314668178558350e-01
3.305712342262268066e-01
3.031164705753326416e-01
2.491593956947326660e-01
2.422910928726196289e-01
2.764937877655029297e-01
4.432562887668609619e-01
2.932862341403961182e-01
2.352009862661361694e-01
2.878378331661224365e-01
3.910897672176361084e-01
3.488746285438537598e-01
2.607460618019104004e-01
2.840993106365203857e-01
1.017840623855590820e+00
2.527088522911071777e-01
2.433099746704101562e-01
6.313369870185852051e-01
2.780060172080993652e-01
2.670199871063232422e-01
2.713543176651000977e-01
2.309254258871078491e-01
3.645933568477630615e-01
8.863326311111450195e-01
6.975723505020141602e-01
3.210337758064270020e-01
2.862319052219390869e-01
2.705908715724945068e-01
3.385035693645477295e-01
2.459732145071029663e-01
2.884222567081451416e-01
4.336422085762023926e-01
3.021564483642578125e-01
3.339533209800720215e-01
4.646699726581573486e-01
2.303638607263565063e-01
2.361869215965270996e-01
2.534864842891693115e-01
1.184362888336181641e+00
1.163892865180969238e+00
3.855141699314117432e-01
4.849232733249664307e-01
2.730039358139038086e-01
2.693546116352081299e-01
2.880193293094635010e-01
2.805817425251007080e-01
2.949889004230499268e-01
2.230125516653060913e-01
3.090250492095947266e-01
3.361641466617584229e-01
2.433105111122131348e-01
3.022730648517608643e-01
3.191933929920196533e-01
2.573685050010681152e-01
3.024692535400390625e-01
2.112983018159866333e-01
2.900022268295288086e-01
2.523786127567291260e-01
4.494345784187316895e-01
4.682114124298095703e-01
2.581272125244140625e-01
3.986685276031494141e-01
3.685192465782165527e-01
2.953685522079467773e-01
2.672856748104095459e-01
1.075245738029479980e+00
2.608707845211029053e-01
3.123352825641632080e-01
2.784340083599090576e-01
2.331730276346206665e-01
3.061033785343170166e-01
2.419503778219223022e-01
2.609711885452270508e-01
5.121518969535827637e-01
2.931323945522308350e-01
3.598389625549316406e-01
2.703733444213867188e-01
3.151321113109588623e-01
3.588325083255767822e-01
3.707294464111328125e-01
3.944224119186401367e-01
2.515508532524108887e-01
2.887412011623382568e-01
2.500054240226745605e-01
2.455959469079971313e-01
6.969000101089477539e-01
3.003909885883331299e-01
2.550830841064453125e-01
3.120993077754974365e-01
3.047646880149841309e-01
3.105118870735168457e-01
2.528932392597198486e-01
3.861052095890045166e-01
3.711951971054077148e-01
4.235275983810424805e-01
3.505902290344238281e-01
4.235275983810424805e-01
3.505902290344238281e-01
2.483127415180206299e-01
2.498878240585327148e-01
3.673491775989532471e-01
2.575353980064392090e-01
2.954304218292236328e-01
2.304814308881759644e-01
3.702964186668395996e-01
1.759270131587982178e-01
3.712148666381835938e-01
2.700169086456298828e-01
4.125634133815765381e-01
2.439014613628387451e-01
3.811837732791900635e-01
3.766761124134063721e-01
6.787782907485961914e-01
7.014480829238891602e-01
2.963289916515350342e-01
2.390673309564590454e-01
3.744763731956481934e-01
2.858903408050537109e-01
4.721300899982452393e-01
5.925601720809936523e-01
2.374131977558135986e-01
5.110857486724853516e-01
2.819001674652099609e-01
4.194551110267639160e-01
3.317462801933288574e-01
4.113267362117767334e-01
4.283735156059265137e-01
4.900439381599426270e-01
5.086871385574340820e-01
3.085286617279052734e-01
2.571608722209930420e-01
3.231198191642761230e-01
3.947278559207916260e-01
2.973527014255523682e-01
2.348932623863220215e-01
1.171191215515136719e+00
2.649865746498107910e-01
1.104338645935058594e+00
3.784502744674682617e-01
3.696819543838500977e-01
2.683526277542114258e-01
2.620222866535186768e-01
2.787591516971588135e-01
2.849810719490051270e-01
1.278722643852233887e+00
3.293082118034362793e-01
1.325798511505126953e+00
4.350029528141021729e-01
1.740235537290573120e-01
9.380714893341064453e-01
2.403683662414550781e-01
3.641786575317382812e-01
2.433335036039352417e-01
3.203868567943572998e-01
3.789879679679870605e-01
4.282614886760711670e-01
3.771580755710601807e-01
2.190616428852081299e-01
2.630792558193206787e-01
4.701420366764068604e-01
3.958921432495117188e-01
4.908205568790435791e-01
2.551513314247131348e-01
2.557019591331481934e-01
3.036587834358215332e-01
3.934248685836791992e-01
4.818068146705627441e-01
4.757948517799377441e-01
6.873484849929809570e-01
8.446186184883117676e-01
2.550342679023742676e-01
2.963854670524597168e-01
2.402362376451492310e-01
2.435644865036010742e-01
4.045827388763427734e-01
1.269948005676269531e+00
1.165966749191284180e+00
3.538640439510345459e-01
3.367813825607299805e-01
2.588674724102020264e-01
2.956485748291015625e-01
2.541089355945587158e-01
2.522186636924743652e-01
1.126214623451232910e+00
4.319851398468017578e-01
2.526154518127441406e-01
2.965627312660217285e-01
2.260996252298355103e-01
3.812841773033142090e-01
2.655727267265319824e-01
3.408871889114379883e-01
2.805956304073333740e-01
3.793168962001800537e-01
3.482937812805175781e-01
4.832202792167663574e-01
2.477931380271911621e-01
4.959257841110229492e-01
4.940072000026702881e-01
2.539038658142089844e-01
