2.489839494228363037e-01
3.042911887168884277e-01
2.313608527183532715e-01
3.680450320243835449e-01
1.754746437072753906e-01
4.016579687595367432e-01
3.199002742767333984e-01
2.726764082908630371e-01
2.975246310234069824e-01
3.038377463817596436e-01
2.483521401882171631e-01
2.716964483261108398e-01
2.658005356788635254e-01
3.307357132434844971e-01
2.940399050712585449e-01
2.213396877050399780e-01
2.716552019119262695e-01
4.108887612819671631e-01
3.726036548614501953e-01
2.557748258113861084e-01
2.885068953037261963e-01
9.379420280456542969e-01
2.484468221664428711e-01
2.483410984277725220e-01
7.686212658882141113e-01
2.897489368915557861e-01
2.756485342979431152e-01
3.208222389221191406e-01
2.471818923950195312e-01
2.753361165523529053e-01
8.921245336532592773e-01
9.132504463195800781e-01
2.647165060043334961e-01
2.842607200145721436e-01
2.909938991069793701e-01
3.456456959247589111e-01
2.564333379268646240e-01
3.000545203685760498e-01
3.976878225803375244e-01
2.836045622825622559e-01
3.624715805053710938e-01
4.847946465015411377e-01
2.229950726032257080e-01
2.264573425054550171e-01
3.091024756431579590e-01
5.765863656997680664e-01
5.314759016036987305e-01
3.503925502300262451e-01
4.959387481212615967e-01
2.806695699691772461e-01
2.748416662216186523e-01
3.004235327243804932e-01
3.062696158885955811e-01
2.967270910739898682e-01
2.433555871248245239e-01
2.913604676723480225e-01
3.332741558551788330e-01
2.638447880744934082e-01
2.809642553329467773e-01
3.050164580345153809e-01
2.843195497989654541e-01
2.970203459262847900e-01
2.200497984886169434e-01
2.922145724296569824e-01
3.028260171413421631e-01
4.167663455009460449e-01
4.053649604320526123e-01
2.529052793979644775e-01
3.682611584663391113e-01
3.527320027351379395e-01
2.968892753124237061e-01
2.298414856195449829e-01
6.952745318412780762e-01
2.345112860202789307e-01
3.411663174629211426e-01
2.876771092414855957e-01
2.322829514741897583e-01
2.393798679113388062e-01
2.442456781864166260e-01
4.408996403217315674e-01
4.441869556903839111e-01
2.950977385044097900e-01
3.472366333007812500e-01
3.808068037033081055e-01
2.767235636711120605e-01
4.104812443256378174e-01
3.056696951389312744e-01
2.896125316619873047e-01
2.556683421134948730e-01
2.870215773582458496e-01
2.499113678932189941e-01
2.471341490745544434e-01
3.905513584613800049e-01
2.642109990119934082e-01
2.675099074840545654e-01
3.160811364650726318e-01
2.915952801704406738e-01
2.318828254938125610e-01
2.920880913734436035e-01
3.481249511241912842e-01
3.036342561244964600e-01
3.547567725181579590e-01
3.536778688430786133e-01
3.547567725181579590e-01
3.536778688430786133e-01
2.260852307081222534e-01
2.586953938007354736e-01
3.058780133724212646e-01
3.283486664295196533e-01
2.957855463027954102e-01
2.221737802028656006e-01
3.335627615451812744e-01
1.753094345331192017e-01
3.842098414897918701e-01
3.051972389221191406e-01
3.727248311042785645e-01
2.499730736017227173e-01
3.796660900115966797e-01
3.573217689990997314e-01
6.054459214210510254e-01
5.571397542953491211e-01
2.961746156215667725e-01
2.315136194229125977e-01
3.735753297805786133e-01
2.928308546543121338e-01
5.031202435493469238e-01
5.303900837898254395e-01
3.019807338714599609e-01
4.753670394420623779e-01
3.093661665916442871e-01
3.992913663387298584e-01
4.014802277088165283e-01
3.925112783908843994e-01
4.569561481475830078e-01
4.593243896961212158e-01
4.563067555427551270e-01
2.625657618045806885e-01
2.694659531116485596e-01
3.183068335056304932e-01
3.121481835842132568e-01
2.960852682590484619e-01
2.151818424463272095e-01
4.119012653827667236e-01
3.077945411205291748e-01
4.054327309131622314e-01
3.048019707202911377e-01
3.030453622341156006e-01
3.023440539836883545e-01
2.784253060817718506e-01
2.681560516357421875e-01
2.707045674324035645e-01
3.940383791923522949e-01
3.612672686576843262e-01
4.153519868850708008e-01
3.703425824642181396e-01
1.732206493616104126e-01
3.517301082611083984e-01
2.507677376270294189e-01
3.208470344543457031e-01
3.123954534530639648e-01
2.947685420513153076e-01
3.892792761325836182e-01
3.782342076301574707e-01
3.906242251396179199e-01
2.249468266963958740e-01
2.838216722011566162e-01
4.598723351955413818e-01
4.327288568019866943e-01
4.345823824405670166e-01
2.671795189380645752e-01
2.723999321460723877e-01
2.621433436870574951e-01
4.619103372097015381e-01
4.580757319927215576e-01
4.617487490177154541e-01
2.698451876640319824e-01
3.424884378910064697e-01
2.360582500696182251e-01
2.879019677639007568e-01
3.199309408664703369e-01
2.694287300109863281e-01
3.494125306606292725e-01
4.380803704261779785e-01
3.807959854602813721e-01
3.715637028217315674e-01
2.762274444103240967e-01
2.561652064323425293e-01
2.917346656322479248e-01
2.481036037206649780e-01
2.472270280122756958e-01
1.105413436889648438e+00
3.954267203807830811e-01
3.503927886486053467e-01
2.877107262611389160e-01
2.898444533348083496e-01
3.281218409538269043e-01
3.010741472244262695e-01
3.170527815818786621e-01
3.006041646003723145e-01
3.443056941032409668e-01
3.795421719551086426e-01
4.021482169628143311e-01
2.484417557716369629e-01
4.962322413921356201e-01
4.969495832920074463e-01
2.471916973590850830e-01
