2.599481344223022461e-01
2.775443792343139648e-01
2.309393733739852905e-01
4.114490151405334473e-01
1.753538250923156738e-01
3.899520337581634521e-01
3.518444597721099854e-01
2.848276793956756592e-01
2.755192518234252930e-01
3.039935231208801270e-01
2.490427047014236450e-01
2.898144125938415527e-01
2.516363263130187988e-01
3.221692442893981934e-01
2.983988523483276367e-01
2.280782461166381836e-01
2.674977183341979980e-01
4.116001129150390625e-01
3.776098191738128662e-01
2.568500936031341553e-01
2.872039675712585449e-01
9.631019830703735352e-01
2.492020428180694580e-01
2.474364340305328369e-01
7.576820254325866699e-01
2.584349513053894043e-01
3.514447212219238281e-01
3.605663180351257324e-01
2.429531961679458618e-01
3.582616150379180908e-01
6.077535748481750488e-01
5.955078005790710449e-01
3.137124180793762207e-01
2.903346717357635498e-01
2.521487772464752197e-01
2.764333188533782959e-01
2.881710231304168701e-01
3.651601672172546387e-01
2.973988056182861328e-01
2.872838377952575684e-01
3.481482565402984619e-01
4.804458022117614746e-01
2.203902006149291992e-01
2.234593480825424194e-01
2.924003303050994873e-01
6.208984851837158203e-01
5.481340289115905762e-01
3.620569109916687012e-01
4.808652997016906738e-01
2.832349538803100586e-01
2.719545960426330566e-01
2.998415827751159668e-01
3.197539150714874268e-01
2.964209020137786865e-01
2.428902536630630493e-01
2.958217561244964600e-01
3.445000350475311279e-01
2.593976557254791260e-01
2.777090668678283691e-01
3.179528415203094482e-01
3.003543317317962646e-01
2.971430122852325439e-01
2.181162089109420776e-01
3.065482974052429199e-01
3.006113171577453613e-01
3.892904818058013916e-01
3.964893817901611328e-01
2.546081840991973877e-01
3.661876916885375977e-01
3.553714156150817871e-01
2.968859374523162842e-01
2.262004613876342773e-01
7.057047486305236816e-01
2.333364188671112061e-01
3.413325250148773193e-01
2.879693210124969482e-01
2.311330139636993408e-01
2.406991720199584961e-01
2.444612234830856323e-01
4.372012019157409668e-01
4.432970881462097168e-01
2.956409454345703125e-01
3.484583497047424316e-01
3.761273026466369629e-01
2.715134024620056152e-01
4.100796282291412354e-01
3.015122413635253906e-01
2.758483588695526123e-01
2.568391561508178711e-01
2.867943942546844482e-01
2.499669790267944336e-01
2.479344010353088379e-01
3.656164109706878662e-01
2.646230757236480713e-01
2.755773961544036865e-01
3.031201660633087158e-01
2.902818620204925537e-01
2.301553785800933838e-01
2.789396345615386963e-01
3.721416294574737549e-01
2.950556278228759766e-01
3.620118498802185059e-01
3.666778504848480225e-01
3.620118498802185059e-01
3.666778504848480225e-01
2.275395542383193970e-01
2.556053400039672852e-01
2.937006354331970215e-01
3.184389173984527588e-01
2.958406507968902588e-01
2.228344529867172241e-01
3.422166705131530762e-01
1.755081862211227417e-01
3.861218392848968506e-01
3.135893046855926514e-01
3.792991638183593750e-01
2.485872358083724976e-01
3.801962435245513916e-01
3.531300723552703857e-01
6.247544884681701660e-01
5.895603895187377930e-01
2.957967519760131836e-01
2.331680953502655029e-01
3.700874447822570801e-01
2.964688539505004883e-01
4.998454451560974121e-01
5.060162544250488281e-01
3.236815631389617920e-01
4.626803696155548096e-01
3.270811736583709717e-01
3.893136084079742432e-01
3.865838646888732910e-01
3.924309015274047852e-01
4.531776010990142822e-01
4.608854651451110840e-01
4.597332775592803955e-01
2.801617980003356934e-01
2.706677913665771484e-01
2.869220972061157227e-01
2.972010672092437744e-01
2.970449626445770264e-01
2.170226424932479858e-01
4.717489182949066162e-01
2.722333073616027832e-01
3.866515159606933594e-01
3.263989090919494629e-01
3.129978179931640625e-01
2.976782023906707764e-01
2.771313488483428955e-01
2.613669633865356445e-01
2.778040766716003418e-01
4.401935636997222900e-01
3.996426463127136230e-01
5.018471479415893555e-01
3.723377287387847900e-01
1.738595217466354370e-01
3.701362311840057373e-01
2.584849894046783447e-01
3.295004367828369141e-01
3.272825181484222412e-01
3.250931501388549805e-01
3.637730777263641357e-01
3.656134903430938721e-01
3.632287383079528809e-01
2.367253750562667847e-01
3.036082088947296143e-01
4.216720759868621826e-01
4.187377393245697021e-01
4.203171730041503906e-01
2.645624876022338867e-01
2.644615769386291504e-01
2.661114037036895752e-01
4.191848039627075195e-01
4.245603680610656738e-01
4.226950705051422119e-01
2.780380547046661377e-01
3.450779914855957031e-01
2.383893132209777832e-01
2.857201099395751953e-01
2.303577214479446411e-01
3.018611371517181396e-01
3.288042843341827393e-01
6.402565240859985352e-01
4.712436199188232422e-01
3.466888666152954102e-01
2.938131690025329590e-01
2.564465105533599854e-01
2.882196605205535889e-01
2.477345019578933716e-01
2.481184005737304688e-01
1.088939905166625977e+00
3.362199366092681885e-01
3.691789209842681885e-01
2.941876947879791260e-01
3.108881711959838867e-01
3.130279779434204102e-01
3.274166882038116455e-01
3.178931772708892822e-01
2.986388802528381348e-01
2.782389819622039795e-01
4.961742460727691650e-01
4.969653189182281494e-01
2.476070821285247803e-01
4.960985481739044189e-01
4.964828491210937500e-01
2.476980239152908325e-01
