2.628374695777893066e-01
2.565262913703918457e-01
2.247652113437652588e-01
4.331034123897552490e-01
1.747207194566726685e-01
4.025724828243255615e-01
3.743824362754821777e-01
2.653851509094238281e-01
2.582924067974090576e-01
3.045807480812072754e-01
2.458929568529129028e-01
3.050770163536071777e-01
2.508334517478942871e-01
3.906158804893493652e-01
2.975308001041412354e-01
2.210151404142379761e-01
3.265240192413330078e-01
3.377767801284790039e-01
2.865917086601257324e-01
2.557939887046813965e-01
2.903030216693878174e-01
1.134122610092163086e+00
2.495542317628860474e-01
2.443777620792388916e-01
7.442165613174438477e-01
3.027094006538391113e-01
2.472606897354125977e-01
3.148537576198577881e-01
2.603064179420471191e-01
2.203668653964996338e-01
9.826844334602355957e-01
1.018370866775512695e+00
2.435288727283477783e-01
2.948759496212005615e-01
3.033517003059387207e-01
3.636875152587890625e-01
2.482094764709472656e-01
2.749980092048645020e-01
4.163236021995544434e-01
2.481461465358734131e-01
3.820264041423797607e-01
4.834312498569488525e-01
2.306291162967681885e-01
2.505376040935516357e-01
3.737588822841644287e-01
8.870609998703002930e-01
8.756202459335327148e-01
3.324043750762939453e-01
4.672048687934875488e-01
2.456101626157760620e-01
3.038292825222015381e-01
3.195750415325164795e-01
2.589844763278961182e-01
2.967248857021331787e-01
2.254213094711303711e-01
3.124638199806213379e-01
2.680518031120300293e-01
2.743095457553863525e-01
2.568431496620178223e-01
3.108477592468261719e-01
3.345808684825897217e-01
2.910235822200775146e-01
2.168087065219879150e-01
2.958330810070037842e-01
3.178946971893310547e-01
3.129873275756835938e-01
3.084945082664489746e-01
2.387879341840744019e-01
4.030299186706542969e-01
3.726032078266143799e-01
2.947214841842651367e-01
3.085905015468597412e-01
9.835168123245239258e-01
2.662367820739746094e-01
3.120545446872711182e-01
2.776093780994415283e-01
2.378242909908294678e-01
2.495357543230056763e-01
3.006489872932434082e-01
2.843119502067565918e-01
4.907131195068359375e-01
2.895206212997436523e-01
2.341329753398895264e-01
2.779148221015930176e-01
3.826749622821807861e-01
2.609351575374603271e-01
2.646562457084655762e-01
4.959472715854644775e-01
2.602421641349792480e-01
2.904084324836730957e-01
2.447638809680938721e-01
2.449775487184524536e-01
6.115178465843200684e-01
3.014710545539855957e-01
2.468677759170532227e-01
3.140600323677062988e-01
2.500145733356475830e-01
3.000211417675018311e-01
3.136310875415802002e-01
3.953230381011962891e-01
3.840225338935852051e-01
4.302009046077728271e-01
2.704530358314514160e-01
4.302009046077728271e-01
2.704530358314514160e-01
4.244643747806549072e-01
2.745795845985412598e-01
3.280358910560607910e-01
3.283411860466003418e-01
2.927029430866241455e-01
2.314849197864532471e-01
3.220957815647125244e-01
1.735937893390655518e-01
3.740587532520294189e-01
2.772561609745025635e-01
4.214878678321838379e-01
2.558615505695343018e-01
3.967180252075195312e-01
3.780954480171203613e-01
5.738750696182250977e-01
6.296706795692443848e-01
2.949121892452239990e-01
2.271548062562942505e-01
3.715155422687530518e-01
2.633670568466186523e-01
4.526002407073974609e-01
5.053032636642456055e-01
3.055685162544250488e-01
4.908778071403503418e-01
2.729977369308471680e-01
3.754497170448303223e-01
4.316996037960052490e-01
4.021018147468566895e-01
4.370182156562805176e-01
4.190043509006500244e-01
4.047863483428955078e-01
2.996117174625396729e-01
2.554429471492767334e-01
3.153025805950164795e-01
3.840547204017639160e-01
2.946519851684570312e-01
2.393903285264968872e-01
9.717772603034973145e-01
2.844754457473754883e-01
9.401918649673461914e-01
3.779951930046081543e-01
3.940228521823883057e-01
3.219606876373291016e-01
2.732228040695190430e-01
2.680799365043640137e-01
2.562571465969085693e-01
9.127687215805053711e-01
3.230621218681335449e-01
1.001370549201965332e+00
4.284320771694183350e-01
1.735871583223342896e-01
6.976022124290466309e-01
2.501172721385955811e-01
2.881092429161071777e-01
2.914784550666809082e-01
3.282693922519683838e-01
4.052373468875885010e-01
3.789823055267333984e-01
3.709819614887237549e-01
2.265004217624664307e-01
2.922434806823730469e-01
4.220406115055084229e-01
4.530604779720306396e-01
4.630852341651916504e-01
2.481634318828582764e-01
2.865675389766693115e-01
2.618213295936584473e-01
4.813084602355957031e-01
4.909490644931793213e-01
4.495004713535308838e-01
5.879618525505065918e-01
7.637337446212768555e-01
3.024836182594299316e-01
2.943102121353149414e-01
2.613605856895446777e-01
3.622016012668609619e-01
3.147011101245880127e-01
8.319994807243347168e-01
8.655554056167602539e-01
2.578816115856170654e-01
2.842782139778137207e-01
2.553664147853851318e-01
2.918787300586700439e-01
2.494909018278121948e-01
2.449988573789596558e-01
1.214294672012329102e+00
3.329035639762878418e-01
4.262120127677917480e-01
2.948803603649139404e-01
3.281391263008117676e-01
2.885550856590270996e-01
3.017874360084533691e-01
3.088467717170715332e-01
3.108893036842346191e-01
3.490416109561920166e-01
4.133127629756927490e-01
3.137645125389099121e-01
2.479653358459472656e-01
4.971996843814849854e-01
4.945384562015533447e-01
2.483610212802886963e-01
