2.503986358642578125e-01
2.568553686141967773e-01
2.264856994152069092e-01
4.279949963092803955e-01
1.752124577760696411e-01
4.158226251602172852e-01
3.690644502639770508e-01
2.679754495620727539e-01
2.504953145980834961e-01
3.040123581886291504e-01
2.495908141136169434e-01
3.017596006393432617e-01
2.467027008533477783e-01
3.521558940410614014e-01
2.983877658843994141e-01
2.191231548786163330e-01
3.314920663833618164e-01
3.308259248733520508e-01
3.135223984718322754e-01
2.567699551582336426e-01
2.880820035934448242e-01
8.601236939430236816e-01
2.481879591941833496e-01
2.479194998741149902e-01
7.828347086906433105e-01
2.978464066982269287e-01
2.606421113014221191e-01
3.123128116130828857e-01
2.463977038860321045e-01
2.508786916732788086e-01
5.217921733856201172e-01
6.910717487335205078e-01
2.596756219863891602e-01
2.897184789180755615e-01
2.953834533691406250e-01
3.554924428462982178e-01
2.544946074485778809e-01
2.902607917785644531e-01
4.263958036899566650e-01
2.916502952575683594e-01
3.570379912853240967e-01
4.966980516910552979e-01
2.195120900869369507e-01
2.214103490114212036e-01
2.832017838954925537e-01
5.928070545196533203e-01
4.954987764358520508e-01
3.180557787418365479e-01
5.028054118156433105e-01
2.635386288166046143e-01
2.897550165653228760e-01
3.012156784534454346e-01
2.749139964580535889e-01
2.969926297664642334e-01
2.392455190420150757e-01
3.013942837715148926e-01
3.034892678260803223e-01
2.495715320110321045e-01
2.731949090957641602e-01
3.411315679550170898e-01
3.160977959632873535e-01
2.968033254146575928e-01
2.181094735860824585e-01
3.267858922481536865e-01
2.899466753005981445e-01
3.508246243000030518e-01
3.863343000411987305e-01
2.524970173835754395e-01
3.675562143325805664e-01
3.491745591163635254e-01
2.950422763824462891e-01
2.258416861295700073e-01
7.218753695487976074e-01
2.329873740673065186e-01
3.401229679584503174e-01
2.865070104598999023e-01
2.287903875112533569e-01
2.406953424215316772e-01
2.460138052701950073e-01
4.370090067386627197e-01
4.430316388607025146e-01
2.960205972194671631e-01
3.460122942924499512e-01
3.753031492233276367e-01
3.183406889438629150e-01
3.493283987045288086e-01
2.990329265594482422e-01
3.513781726360321045e-01
2.560867667198181152e-01
2.870328724384307861e-01
2.507454156875610352e-01
2.490733712911605835e-01
5.159816741943359375e-01
2.660786509513854980e-01
2.713633179664611816e-01
3.125718533992767334e-01
2.916035056114196777e-01
2.381190657615661621e-01
2.898937463760375977e-01
3.484685122966766357e-01
3.063851892948150635e-01
3.433808088302612305e-01
3.577734529972076416e-01
3.433808088302612305e-01
3.577734529972076416e-01
2.278574556112289429e-01
2.520775794982910156e-01
2.903025448322296143e-01
3.298355340957641602e-01
2.967275381088256836e-01
2.244822233915328979e-01
3.608348071575164795e-01
1.750573813915252686e-01
3.833591639995574951e-01
3.054759204387664795e-01
3.723872601985931396e-01
2.493086159229278564e-01
3.777577579021453857e-01
3.482085764408111572e-01
6.420270204544067383e-01
6.167601943016052246e-01
2.955279350280761719e-01
2.400524020195007324e-01
3.675795197486877441e-01
2.971204519271850586e-01
4.965811967849731445e-01
5.055163502693176270e-01
3.303565680980682373e-01
4.460683465003967285e-01
3.353826701641082764e-01
3.815775215625762939e-01
3.909420073032379150e-01
3.937765061855316162e-01
4.560354948043823242e-01
4.671809971332550049e-01
4.508436918258666992e-01
2.992883920669555664e-01
2.561328113079071045e-01
2.710294127464294434e-01
2.966679334640502930e-01
2.978847920894622803e-01
2.135004848241806030e-01
5.632985234260559082e-01
2.631952464580535889e-01
4.563057720661163330e-01
3.626670837402343750e-01
3.143587112426757812e-01
2.878365814685821533e-01
2.705136537551879883e-01
2.502154409885406494e-01
2.896178662776947021e-01
6.323254108428955078e-01
4.050717055797576904e-01
6.887900829315185547e-01
3.352152407169342041e-01
1.735215932130813599e-01
3.557091951370239258e-01
2.517771720886230469e-01
3.204711675643920898e-01
3.119632005691528320e-01
3.179199397563934326e-01
3.881823718547821045e-01
3.847904205322265625e-01
3.833188414573669434e-01
2.368814647197723389e-01
2.673540115356445312e-01
4.348933398723602295e-01
4.339126348495483398e-01
4.451497793197631836e-01
2.621412873268127441e-01
2.680991590023040771e-01
2.657878696918487549e-01
4.356783330440521240e-01
4.446325302124023438e-01
4.337760508060455322e-01
2.636452615261077881e-01
3.932505846023559570e-01
2.434470355510711670e-01
2.871168851852416992e-01
2.212801575660705566e-01
3.544807434082031250e-01
2.800335288047790527e-01
7.390382885932922363e-01
5.979678630828857422e-01
2.942881882190704346e-01
3.361325562000274658e-01
2.564690411090850830e-01
2.885628938674926758e-01
2.486882209777832031e-01
2.472969889640808105e-01
8.447029590606689453e-01
4.107667505741119385e-01
2.979598641395568848e-01
2.927741110324859619e-01
3.210910856723785400e-01
2.991521358489990234e-01
3.360518217086791992e-01
2.741309404373168945e-01
3.425135910511016846e-01
2.829472720623016357e-01
4.976654648780822754e-01
4.974280595779418945e-01
2.472413927316665649e-01
4.958287775516510010e-01
4.956780672073364258e-01
2.483862489461898804e-01
