2.513855099678039551e-01
2.620592415332794189e-01
2.291376441717147827e-01
4.218945801258087158e-01
1.746624857187271118e-01
4.091875255107879639e-01
3.658220469951629639e-01
2.828082442283630371e-01
2.572340667247772217e-01
3.047620952129364014e-01
2.480003684759140015e-01
3.013605773448944092e-01
2.532567381858825684e-01
4.204600453376770020e-01
2.973756194114685059e-01
2.296990007162094116e-01
3.290335834026336670e-01
3.296739161014556885e-01
3.767397701740264893e-01
2.555983662605285645e-01
2.876038849353790283e-01
8.029947876930236816e-01
2.510598599910736084e-01
2.471528798341751099e-01
6.331254243850708008e-01
2.874334454536437988e-01
2.927917242050170898e-01
3.288415074348449707e-01
2.523295581340789795e-01
2.765708565711975098e-01
6.658879518508911133e-01
6.792985200881958008e-01
3.065345883369445801e-01
2.730683684349060059e-01
2.497403919696807861e-01
2.831746339797973633e-01
2.867628633975982666e-01
3.007777035236358643e-01
3.958354294300079346e-01
2.639875113964080811e-01
3.644633293151855469e-01
4.750036597251892090e-01
2.243514060974121094e-01
2.285930216312408447e-01
3.360453248023986816e-01
5.247526764869689941e-01
5.191927552223205566e-01
3.714758455753326416e-01
4.483596384525299072e-01
2.704869508743286133e-01
2.748600542545318604e-01
3.010900318622589111e-01
2.978599369525909424e-01
2.958202660083770752e-01
2.325183451175689697e-01
3.073745369911193848e-01
3.281185328960418701e-01
2.772994041442871094e-01
2.713747024536132812e-01
2.859365344047546387e-01
2.932378053665161133e-01
2.971853911876678467e-01
2.180635035037994385e-01
2.754932045936584473e-01
3.220359385013580322e-01
4.040009379386901855e-01
3.659550249576568604e-01
2.522487044334411621e-01
3.593257665634155273e-01
3.373111486434936523e-01
2.957189977169036865e-01
2.270839065313339233e-01
7.416293025016784668e-01
2.323216497898101807e-01
3.382227718830108643e-01
2.865073978900909424e-01
2.272085100412368774e-01
2.617464661598205566e-01
2.449159920215606689e-01
4.223677217960357666e-01
4.127868413925170898e-01
2.934944331645965576e-01
3.371129333972930908e-01
3.395437598228454590e-01
3.118523955345153809e-01
3.562297821044921875e-01
3.260661959648132324e-01
3.332292735576629639e-01
2.570196986198425293e-01
2.877929806709289551e-01
2.497821450233459473e-01
2.468865215778350830e-01
5.530629754066467285e-01
2.839265763759613037e-01
2.582534849643707275e-01
3.207847177982330322e-01
2.944210469722747803e-01
2.390357702970504761e-01
2.789721786975860596e-01
3.517868816852569580e-01
3.403649032115936279e-01
3.021386265754699707e-01
3.246412873268127441e-01
3.021386265754699707e-01
3.246412873268127441e-01
2.362466901540756226e-01
2.625153660774230957e-01
3.159988224506378174e-01
3.232746720314025879e-01
2.956698536872863770e-01
2.244321554899215698e-01
3.289314508438110352e-01
1.753137260675430298e-01
3.775238692760467529e-01
2.918234169483184814e-01
3.751939535140991211e-01
2.487708628177642822e-01
3.823612034320831299e-01
3.649495840072631836e-01
5.587941408157348633e-01
5.379177927970886230e-01
2.964871525764465332e-01
2.318477332592010498e-01
3.748169541358947754e-01
2.879505455493927002e-01
4.919768571853637695e-01
5.250676274299621582e-01
2.953016161918640137e-01
4.869514703750610352e-01
3.060086965560913086e-01
3.918101191520690918e-01
3.932501971721649170e-01
3.970766365528106689e-01
4.491494297981262207e-01
4.675287008285522461e-01
4.597087502479553223e-01
2.575713992118835449e-01
2.834343314170837402e-01
3.142856359481811523e-01
2.929788231849670410e-01
2.952562868595123291e-01
2.182268053293228149e-01
6.050724387168884277e-01
2.925495505332946777e-01
5.993934869766235352e-01
2.828434705734252930e-01
2.911861538887023926e-01
3.054165542125701904e-01
2.831008136272430420e-01
2.753323316574096680e-01
2.651533186435699463e-01
4.888167083263397217e-01
4.022957980632781982e-01
5.119012594223022461e-01
4.045057296752929688e-01
1.741629540920257568e-01
7.487920522689819336e-01
2.483309954404830933e-01
3.048496842384338379e-01
3.204218745231628418e-01
3.101869821548461914e-01
3.879815638065338135e-01
3.964554965496063232e-01
3.898032605648040771e-01
2.288002669811248779e-01
2.778379321098327637e-01
4.544294178485870361e-01
4.656475186347961426e-01
4.502267241477966309e-01
2.656738758087158203e-01
2.613794207572937012e-01
2.715335488319396973e-01
4.527122080326080322e-01
4.660655558109283447e-01
4.659484326839447021e-01
2.700735330581665039e-01
5.242940187454223633e-01
2.453756034374237061e-01
2.879810035228729248e-01
2.242240160703659058e-01
3.474799692630767822e-01
2.691085636615753174e-01
7.575041055679321289e-01
7.685877084732055664e-01
2.969948649406433105e-01
3.450396955013275146e-01
2.551902234554290771e-01
2.888290584087371826e-01
2.487290501594543457e-01
2.470155507326126099e-01
9.546309113502502441e-01
3.296305537223815918e-01
3.814470469951629639e-01
2.953569293022155762e-01
3.014601469039916992e-01
3.199761211872100830e-01
3.304719328880310059e-01
3.265180289745330811e-01
2.870629727840423584e-01
2.783091664314270020e-01
4.976771473884582520e-01
4.893400073051452637e-01
2.471215724945068359e-01
4.964039623737335205e-01
4.959542453289031982e-01
2.481382787227630615e-01
