2.507802844047546387e-01
2.605177164077758789e-01
2.270646542310714722e-01
4.294411242008209229e-01
1.752273291349411011e-01
4.172215163707733154e-01
3.696367442607879639e-01
2.829363048076629639e-01
2.531426250934600830e-01
3.046765923500061035e-01
2.458089590072631836e-01
3.036876618862152100e-01
2.526574432849884033e-01
4.363140165805816650e-01
2.963422834873199463e-01
2.345079630613327026e-01
3.631734549999237061e-01
2.903723418712615967e-01
3.396868109703063965e-01
2.560887932777404785e-01
2.882419526576995850e-01
1.027618646621704102e+00
2.497075498104095459e-01
2.479246258735656738e-01
6.378819942474365234e-01
2.605132758617401123e-01
3.402787744998931885e-01
3.296716511249542236e-01
2.418592423200607300e-01
3.538715839385986328e-01
5.749462246894836426e-01
6.349611878395080566e-01
3.105085492134094238e-01
2.854038178920745850e-01
2.663590610027313232e-01
3.109645545482635498e-01
2.766903638839721680e-01
3.430742025375366211e-01
3.702695667743682861e-01
2.909239828586578369e-01
3.495542407035827637e-01
4.852217733860015869e-01
2.220313847064971924e-01
2.204249501228332520e-01
2.825040817260742188e-01
6.857327222824096680e-01
6.337454915046691895e-01
3.367010354995727539e-01
4.937032163143157959e-01
2.711932659149169922e-01
2.782759368419647217e-01
3.071554601192474365e-01
2.994621098041534424e-01
2.957902848720550537e-01
2.352877706289291382e-01
3.086193203926086426e-01
3.255530893802642822e-01
2.585991322994232178e-01
2.910684943199157715e-01
3.055367469787597656e-01
2.721827626228332520e-01
2.980114817619323730e-01
2.188474535942077637e-01
2.932968735694885254e-01
2.880267798900604248e-01
4.327384531497955322e-01
4.321179091930389404e-01
2.550620436668395996e-01
3.623884618282318115e-01
3.379516601562500000e-01
2.947054803371429443e-01
2.236574292182922363e-01
7.098750472068786621e-01
2.329208254814147949e-01
3.373735249042510986e-01
2.871758639812469482e-01
2.268892526626586914e-01
2.403098791837692261e-01
2.437555938959121704e-01
4.404279887676239014e-01
4.414173960685729980e-01
2.949966192245483398e-01
3.457454442977905273e-01
3.764549493789672852e-01
2.717896997928619385e-01
4.099545180797576904e-01
2.979016602039337158e-01
2.767987847328186035e-01
2.546631991863250732e-01
2.911290824413299561e-01
2.482466697692871094e-01
2.477815747261047363e-01
3.743940591812133789e-01
2.752187550067901611e-01
2.559720873832702637e-01
3.270218670368194580e-01
2.911503314971923828e-01
2.274032682180404663e-01
2.926394343376159668e-01
3.533520400524139404e-01
3.241913616657257080e-01
3.414448201656341553e-01
3.064840137958526611e-01
3.414448201656341553e-01
3.064840137958526611e-01
2.314949035644531250e-01
2.758375108242034912e-01
2.969813048839569092e-01
2.866142690181732178e-01
2.963002622127532959e-01
2.189888358116149902e-01
3.160423338413238525e-01
1.751700937747955322e-01
3.680996000766754150e-01
3.050584793090820312e-01
4.185273945331573486e-01
2.494395077228546143e-01
3.821388781070709229e-01
3.668702244758605957e-01
5.883726477622985840e-01
5.313199162483215332e-01
2.961330115795135498e-01
2.369354814291000366e-01
3.798243999481201172e-01
2.671725451946258545e-01
4.774477183818817139e-01
5.285270214080810547e-01
2.894130945205688477e-01
4.663805365562438965e-01
3.066833019256591797e-01
3.997464179992675781e-01
3.949833214282989502e-01
4.100639224052429199e-01
4.462002813816070557e-01
4.540852010250091553e-01
4.522021412849426270e-01
2.937388122081756592e-01
2.591668367385864258e-01
2.764894068241119385e-01
3.094503283500671387e-01
2.973143756389617920e-01
2.171266674995422363e-01
5.113694667816162109e-01
2.662904262542724609e-01
3.931138515472412109e-01
3.504118919372558594e-01
3.261674046516418457e-01
2.929717302322387695e-01
2.695257067680358887e-01
2.519380748271942139e-01
2.867223024368286133e-01
3.921433985233306885e-01
3.943093419075012207e-01
4.777948856353759766e-01
3.357930183410644531e-01
1.737488508224487305e-01
8.355605602264404297e-01
2.549683749675750732e-01
3.232451975345611572e-01
3.079065978527069092e-01
3.053731024265289307e-01
3.870820105075836182e-01
3.759546577930450439e-01
3.801984488964080811e-01
2.295024394989013672e-01
2.911332249641418457e-01
4.519975781440734863e-01
4.261219501495361328e-01
4.387275278568267822e-01
2.642120122909545898e-01
2.704051733016967773e-01
2.597964406013488770e-01
4.711442887783050537e-01
4.553750753402709961e-01
4.485031366348266602e-01
2.569228410720825195e-01
6.215922236442565918e-01
2.419941872358322144e-01
2.865600287914276123e-01
2.251160293817520142e-01
3.453974425792694092e-01
3.293403685092926025e-01
9.544725418090820312e-01
9.699379801750183105e-01
3.000349998474121094e-01
2.916639149188995361e-01
2.566354870796203613e-01
2.882753908634185791e-01
2.470179200172424316e-01
2.481632232666015625e-01
9.865058660507202148e-01
3.874436020851135254e-01
3.298754096031188965e-01
2.933060526847839355e-01
3.258257806301116943e-01
2.925873398780822754e-01
3.362769484519958496e-01
2.825269699096679688e-01
3.320046365261077881e-01
2.843226194381713867e-01
4.687881469726562500e-01
5.004959106445312500e-01
2.481973320245742798e-01
4.964327514171600342e-01
4.966192245483398438e-01
2.488791793584823608e-01
