2.782941758632659912e-01
2.829377949237823486e-01
2.339626997709274292e-01
4.128234088420867920e-01
1.743670105934143066e-01
3.456587791442871094e-01
3.316695392131805420e-01
2.721065580844879150e-01
3.340467512607574463e-01
3.046106100082397461e-01
2.487698197364807129e-01
2.576807737350463867e-01
2.499101907014846802e-01
2.869572043418884277e-01
2.949655950069427490e-01
2.356894761323928833e-01
3.654972016811370850e-01
2.867516875267028809e-01
2.853477597236633301e-01
2.529625296592712402e-01
2.903871238231658936e-01
9.201029539108276367e-01
2.516583502292633057e-01
2.480185776948928833e-01
7.689443230628967285e-01
2.838264703750610352e-01
2.752988636493682861e-01
2.936612367630004883e-01
3.592457771301269531e-01
3.007765412330627441e-01
9.432210922241210938e-01
8.930346369743347168e-01
3.086839914321899414e-01
2.601454854011535645e-01
2.656767666339874268e-01
3.091293573379516602e-01
2.721975147724151611e-01
2.575288712978363037e-01
3.888623416423797607e-01
2.755673229694366455e-01
3.412201702594757080e-01
5.342464447021484375e-01
2.278353869915008545e-01
2.297458052635192871e-01
3.057190477848052979e-01
6.018936634063720703e-01
5.632979869842529297e-01
4.542770981788635254e-01
4.042077660560607910e-01
2.909682989120483398e-01
2.619484364986419678e-01
2.586824595928192139e-01
2.990851104259490967e-01
2.981771230697631836e-01
2.290383726358413696e-01
2.823316752910614014e-01
3.612569570541381836e-01
2.721713483333587646e-01
2.824890017509460449e-01
2.854112088680267334e-01
2.788655161857604980e-01
2.973839342594146729e-01
2.141954898834228516e-01
2.782133817672729492e-01
3.186240196228027344e-01
4.265579879283905029e-01
3.891969323158264160e-01
2.728762626647949219e-01
3.761749267578125000e-01
3.398332297801971436e-01
2.957049608230590820e-01
2.233627438545227051e-01
8.901206254959106445e-01
2.336491793394088745e-01
3.367468118667602539e-01
2.887515127658843994e-01
2.224289327859878540e-01
2.401984781026840210e-01
2.424483299255371094e-01
4.475901424884796143e-01
4.318766593933105469e-01
2.941399812698364258e-01
3.375545740127563477e-01
3.778585493564605713e-01
3.449426889419555664e-01
3.184453248977661133e-01
3.030270338058471680e-01
3.859410583972930908e-01
2.562238276004791260e-01
2.885911464691162109e-01
2.492135316133499146e-01
2.499654889106750488e-01
5.770056247711181641e-01
2.666723132133483887e-01
2.624064385890960693e-01
3.228775262832641602e-01
2.904639840126037598e-01
2.484878450632095337e-01
2.951917946338653564e-01
3.302787840366363525e-01
3.155938684940338135e-01
3.340080082416534424e-01
3.428206443786621094e-01
3.340080082416534424e-01
3.428206443786621094e-01
2.285765260457992554e-01
2.581715881824493408e-01
3.100754022598266602e-01
3.179165124893188477e-01
2.949579060077667236e-01
2.326587289571762085e-01
3.503878712654113770e-01
1.742389947175979614e-01
3.751969337463378906e-01
2.880922555923461914e-01
3.785902857780456543e-01
2.412426471710205078e-01
3.170255422592163086e-01
2.947259247303009033e-01
5.568172931671142578e-01
5.752307176589965820e-01
2.964192330837249756e-01
2.218770533800125122e-01
3.266252279281616211e-01
4.221556484699249268e-01
5.731572508811950684e-01
4.775508642196655273e-01
4.742520749568939209e-01
3.575890362262725830e-01
4.751460850238800049e-01
3.422738015651702881e-01
3.782153725624084473e-01
2.432171255350112915e-01
4.631192386150360107e-01
5.450477600097656250e-01
5.014371871948242188e-01
2.683131098747253418e-01
2.839547395706176758e-01
2.910098433494567871e-01
3.009000420570373535e-01
2.926079332828521729e-01
2.137631624937057495e-01
1.021192431449890137e+00
2.520134747028350830e-01
1.015054106712341309e+00
2.994588315486907959e-01
3.401731550693511963e-01
2.818724215030670166e-01
2.798623442649841309e-01
2.405816763639450073e-01
2.981120347976684570e-01
1.054806947708129883e+00
3.792935609817504883e-01
1.036919832229614258e+00
4.238207042217254639e-01
1.724178045988082886e-01
1.042792558670043945e+00
3.012446463108062744e-01
3.335720598697662354e-01
2.982381582260131836e-01
3.097789585590362549e-01
3.025967478752136230e-01
3.355367481708526611e-01
3.226540088653564453e-01
3.583873808383941650e-01
2.584445178508758545e-01
4.314037859439849854e-01
4.311693906784057617e-01
4.613951444625854492e-01
2.743878662586212158e-01
2.553108632564544678e-01
2.716163396835327148e-01
4.707995057106018066e-01
4.640972912311553955e-01
4.843322336673736572e-01
7.432213425636291504e-01
9.782508015632629395e-01
3.005141615867614746e-01
2.946180999279022217e-01
2.414623349905014038e-01
3.610831499099731445e-01
3.072687387466430664e-01
8.328855037689208984e-01
8.645178079605102539e-01
2.512736022472381592e-01
2.927551865577697754e-01
2.595383226871490479e-01
2.887498438358306885e-01
2.455125153064727783e-01
2.497387677431106567e-01
8.613325357437133789e-01
3.174552619457244873e-01
3.762241303920745850e-01
2.857702374458312988e-01
3.297573328018188477e-01
2.845368683338165283e-01
2.484250813722610474e-01
2.992366552352905273e-01
3.235560357570648193e-01
3.594540655612945557e-01
3.750223517417907715e-01
3.336781859397888184e-01
2.497656345367431641e-01
4.981966018676757812e-01
4.981422424316406250e-01
2.471018433570861816e-01
