2.821101546287536621e-01
2.863313853740692139e-01
2.418815493583679199e-01
3.842972815036773682e-01
1.737436950206756592e-01
3.285335302352905273e-01
3.152906596660614014e-01
2.781649827957153320e-01
3.166007995605468750e-01
3.026418387889862061e-01
2.599332332611083984e-01
2.677429914474487305e-01
2.516734004020690918e-01
3.449599742889404297e-01
2.963826954364776611e-01
2.275980412960052490e-01
3.128438889980316162e-01
3.572339117527008057e-01
3.350599408149719238e-01
2.566127181053161621e-01
2.863962054252624512e-01
6.556007266044616699e-01
2.499718070030212402e-01
2.484184801578521729e-01
7.448191046714782715e-01
2.726818025112152100e-01
3.241400718688964844e-01
3.447650074958801270e-01
2.314003854990005493e-01
3.361952900886535645e-01
6.447188854217529297e-01
5.519078969955444336e-01
3.193175792694091797e-01
2.764011621475219727e-01
2.510625720024108887e-01
2.807221412658691406e-01
2.820923328399658203e-01
3.313939571380615234e-01
3.441073000431060791e-01
2.976967096328735352e-01
3.292457461357116699e-01
4.935760498046875000e-01
2.201464921236038208e-01
2.189574688673019409e-01
2.758660912513732910e-01
7.581166625022888184e-01
7.676206827163696289e-01
3.452127277851104736e-01
4.911718666553497314e-01
2.770316600799560547e-01
2.763074040412902832e-01
3.146793842315673828e-01
3.161227107048034668e-01
2.963094413280487061e-01
2.412406355142593384e-01
3.048226535320281982e-01
3.359690606594085693e-01
2.602095603942871094e-01
2.690240740776062012e-01
3.234336972236633301e-01
3.179153203964233398e-01
2.987087965011596680e-01
2.183530181646347046e-01
3.257515430450439453e-01
3.201920390129089355e-01
3.742417097091674805e-01
3.819454908370971680e-01
2.809553146362304688e-01
3.429489135742187500e-01
3.598901927471160889e-01
2.974517941474914551e-01
2.240878194570541382e-01
7.228590250015258789e-01
2.322422266006469727e-01
3.383872509002685547e-01
2.859711945056915283e-01
2.281773984432220459e-01
2.405892908573150635e-01
2.442888021469116211e-01
4.416614770889282227e-01
4.418156743049621582e-01
2.948013246059417725e-01
3.498862385749816895e-01
3.750836253166198730e-01
2.774407565593719482e-01
4.038566350936889648e-01
2.925440371036529541e-01
2.836117148399353027e-01
2.558605074882507324e-01
2.877623140811920166e-01
2.495910078287124634e-01
2.479475140571594238e-01
3.614461719989776611e-01
2.553106546401977539e-01
2.844097316265106201e-01
2.877759039402008057e-01
2.886247932910919189e-01
2.222222536802291870e-01
2.748696208000183105e-01
3.949642777442932129e-01
2.758470177650451660e-01
3.992197513580322266e-01
3.951112329959869385e-01
3.992197513580322266e-01
3.951112329959869385e-01
2.340789437294006348e-01
2.919032573699951172e-01
3.112628757953643799e-01
2.741788029670715332e-01
2.944234013557434082e-01
2.201859802007675171e-01
2.779870331287384033e-01
1.758724153041839600e-01
3.846453726291656494e-01
3.086613416671752930e-01
4.220973849296569824e-01
2.510209083557128906e-01
3.832633495330810547e-01
3.724798262119293213e-01
5.277285575866699219e-01
4.479680359363555908e-01
2.954990267753601074e-01
2.283347398042678833e-01
3.782548606395721436e-01
2.847464680671691895e-01
4.803422987461090088e-01
5.383380055427551270e-01
2.784898579120635986e-01
4.929572045803070068e-01
3.038412928581237793e-01
3.973421156406402588e-01
3.991821408271789551e-01
4.101696908473968506e-01
4.531006217002868652e-01
4.571666717529296875e-01
4.536660611629486084e-01
2.857421934604644775e-01
2.603527903556823730e-01
2.863307297229766846e-01
3.167331814765930176e-01
2.971938252449035645e-01
2.172964513301849365e-01
5.451225042343139648e-01
2.980329096317291260e-01
4.799208641052246094e-01
3.535720109939575195e-01
3.236097395420074463e-01
3.021843433380126953e-01
2.803717851638793945e-01
2.602770626544952393e-01
2.748690843582153320e-01
5.655630230903625488e-01
3.960186839103698730e-01
6.132456660270690918e-01
3.628014326095581055e-01
1.739448010921478271e-01
5.023728609085083008e-01
2.627971172332763672e-01
3.139437735080718994e-01
3.130694329738616943e-01
3.261957466602325439e-01
3.685112893581390381e-01
3.643952310085296631e-01
3.669432699680328369e-01
2.216721028089523315e-01
3.306773006916046143e-01
4.305546283721923828e-01
4.368160367012023926e-01
4.443430602550506592e-01
2.623477578163146973e-01
2.698326706886291504e-01
2.647133469581604004e-01
4.716267883777618408e-01
4.743826687335968018e-01
4.651590287685394287e-01
2.653868794441223145e-01
3.509298861026763916e-01
2.974381446838378906e-01
2.904850244522094727e-01
2.245768010616302490e-01
3.687449395656585693e-01
2.582934200763702393e-01
8.078222274780273438e-01
5.599513053894042969e-01
2.719368934631347656e-01
2.585425376892089844e-01
2.551985979080200195e-01
2.886233925819396973e-01
2.498213499784469604e-01
2.475118190050125122e-01
7.989390492439270020e-01
3.935391604900360107e-01
3.743820786476135254e-01
2.915056943893432617e-01
3.001002967357635498e-01
3.171251714229583740e-01
3.573843836784362793e-01
3.096946477890014648e-01
3.088768720626831055e-01
2.995169162750244141e-01
4.769660830497741699e-01
4.224407672882080078e-01
2.491019517183303833e-01
4.966538846492767334e-01
4.967447221279144287e-01
2.486758828163146973e-01
