2.670863568782806396e-01
2.829697430133819580e-01
2.310291975736618042e-01
4.086935222148895264e-01
1.758021563291549683e-01
3.698183298110961914e-01
3.606677949428558350e-01
2.927730977535247803e-01
3.026117980480194092e-01
3.046873807907104492e-01
2.444167733192443848e-01
2.765938043594360352e-01
2.510144710540771484e-01
2.658856213092803955e-01
2.998295724391937256e-01
2.274239063262939453e-01
2.614170014858245850e-01
4.195504486560821533e-01
3.854288160800933838e-01
2.547583878040313721e-01
2.891522347927093506e-01
8.823238015174865723e-01
2.521580755710601807e-01
2.483810335397720337e-01
7.413671612739562988e-01
2.804069519042968750e-01
2.958020269870758057e-01
3.215761482715606689e-01
2.256704568862915039e-01
3.401362895965576172e-01
7.110974788665771484e-01
6.352643966674804688e-01
2.795241177082061768e-01
2.864183783531188965e-01
2.812657058238983154e-01
3.240834772586822510e-01
2.669716179370880127e-01
2.993018925189971924e-01
3.780049085617065430e-01
2.660426795482635498e-01
2.820676267147064209e-01
4.959634840488433838e-01
2.228898257017135620e-01
2.213156670331954956e-01
3.139089047908782959e-01
6.598825454711914062e-01
7.117654681205749512e-01
4.319048225879669189e-01
3.428047001361846924e-01
2.483490854501724243e-01
2.851288020610809326e-01
3.317740857601165771e-01
2.978962063789367676e-01
2.917623221874237061e-01
2.299143821001052856e-01
3.435819447040557861e-01
3.093029260635375977e-01
2.534989714622497559e-01
2.859642505645751953e-01
3.380785286426544189e-01
3.123214542865753174e-01
2.965205609798431396e-01
2.226584702730178833e-01
3.412187993526458740e-01
2.905272543430328369e-01
3.768351078033447266e-01
4.255914688110351562e-01
2.336625307798385620e-01
3.449881076812744141e-01
2.558372318744659424e-01
2.922781407833099365e-01
2.195381373167037964e-01
8.984993100166320801e-01
2.314487695693969727e-01
3.318375647068023682e-01
2.824490964412689209e-01
2.173667401075363159e-01
2.391633242368698120e-01
2.444269210100173950e-01
4.456879794597625732e-01
4.334627091884613037e-01
2.938148081302642822e-01
3.575281798839569092e-01
3.727126419544219971e-01
2.654224932193756104e-01
4.232656657695770264e-01
2.948143184185028076e-01
2.727168798446655273e-01
2.609903514385223389e-01
2.895389795303344727e-01
2.536899745464324951e-01
2.433628588914871216e-01
2.918012440204620361e-01
2.869352400302886963e-01
2.410541325807571411e-01
3.253333568572998047e-01
2.826870083808898926e-01
2.284624427556991577e-01
2.881162464618682861e-01
3.689002692699432373e-01
3.263295292854309082e-01
3.301834762096405029e-01
2.599312365055084229e-01
3.301834762096405029e-01
2.599312365055084229e-01
2.432656288146972656e-01
2.820801138877868652e-01
3.444459736347198486e-01
2.964487671852111816e-01
2.941842377185821533e-01
2.248239964246749878e-01
2.840852141380310059e-01
1.756824702024459839e-01
3.757261931896209717e-01
2.879824638366699219e-01
4.006887972354888916e-01
2.657187283039093018e-01
3.605777025222778320e-01
3.748929500579833984e-01
4.883207976818084717e-01
4.671095311641693115e-01
2.984958589076995850e-01
2.326082736253738403e-01
3.415698111057281494e-01
3.108752965927124023e-01
4.503999054431915283e-01
5.171159505844116211e-01
2.576141953468322754e-01
5.073595643043518066e-01
3.206927478313446045e-01
4.421851336956024170e-01
4.068386554718017578e-01
4.333733618259429932e-01
3.703984022140502930e-01
3.728177547454833984e-01
4.503524303436279297e-01
2.899146974086761475e-01
2.709231972694396973e-01
2.686225175857543945e-01
2.982380092144012451e-01
2.929428219795227051e-01
2.106761485338211060e-01
4.637627303600311279e-01
2.883606851100921631e-01
3.391654789447784424e-01
3.541630804538726807e-01
3.017720282077789307e-01
2.942838966846466064e-01
2.886365950107574463e-01
2.659567892551422119e-01
2.634193599224090576e-01
4.083046913146972656e-01
4.416673183441162109e-01
5.200596451759338379e-01
3.916486203670501709e-01
1.755108684301376343e-01
3.515652716159820557e-01
2.872430980205535889e-01
2.590936124324798584e-01
3.088324368000030518e-01
3.428200185298919678e-01
3.327321112155914307e-01
3.832789361476898193e-01
3.497783839702606201e-01
2.226323932409286499e-01
3.520267903804779053e-01
3.152538836002349854e-01
3.973022699356079102e-01
3.840449154376983643e-01
2.705327272415161133e-01
2.434262633323669434e-01
2.823653519153594971e-01
4.719675481319427490e-01
5.099980235099792480e-01
5.032281875610351562e-01
2.893128097057342529e-01
2.865889370441436768e-01
3.007155954837799072e-01
2.902166843414306641e-01
2.336642295122146606e-01
3.091903924942016602e-01
2.470355182886123657e-01
7.949081063270568848e-01
4.607282876968383789e-01
3.499464988708496094e-01
2.570753097534179688e-01
2.571677863597869873e-01
2.868597507476806641e-01
2.530176937580108643e-01
2.458221763372421265e-01
8.945311903953552246e-01
3.048083484172821045e-01
3.934162855148315430e-01
2.914672791957855225e-01
3.226338624954223633e-01
2.997758686542510986e-01
3.274644315242767334e-01
3.225291371345520020e-01
2.942663729190826416e-01
2.765393555164337158e-01
4.890753030776977539e-01
5.100529789924621582e-01
2.470499724149703979e-01
4.983960688114166260e-01
4.942290782928466797e-01
2.485013753175735474e-01
