2.409800291061401367e-01
3.789307177066802979e-01
2.864291667938232422e-01
2.116308808326721191e-01
1.745779067277908325e-01
3.615355789661407471e-01
2.749454379081726074e-01
3.015708923339843750e-01
3.725175559520721436e-01
2.981387674808502197e-01
2.713520824909210205e-01
2.406841516494750977e-01
2.485399097204208374e-01
3.113243579864501953e-01
2.969830036163330078e-01
2.258166074752807617e-01
2.632760703563690186e-01
4.177496135234832764e-01
3.739997148513793945e-01
2.563044130802154541e-01
2.837364375591278076e-01
3.270437419414520264e-01
2.423502057790756226e-01
2.518810331821441650e-01
7.666972279548645020e-01
2.930835187435150146e-01
2.840180695056915283e-01
3.002779781818389893e-01
2.680268585681915283e-01
2.665026485919952393e-01
6.801205277442932129e-01
7.338433265686035156e-01
3.366579711437225342e-01
2.738972902297973633e-01
2.594910562038421631e-01
3.177448809146881104e-01
2.530722916126251221e-01
3.047907054424285889e-01
4.474896490573883057e-01
2.844573557376861572e-01
3.592318594455718994e-01
4.707456529140472412e-01
2.203072756528854370e-01
2.232509106397628784e-01
3.029033243656158447e-01
4.885496199131011963e-01
5.247824192047119141e-01
3.634380400180816650e-01
4.948370456695556641e-01
2.470100522041320801e-01
3.051250874996185303e-01
3.227458596229553223e-01
2.712713479995727539e-01
2.990284264087677002e-01
2.230834364891052246e-01
2.946577966213226318e-01
2.430831044912338257e-01
3.058194220066070557e-01
2.474669963121414185e-01
2.604414522647857666e-01
3.179495036602020264e-01
2.954197824001312256e-01
2.288156002759933472e-01
2.608055174350738525e-01
3.718497455120086670e-01
3.840640783309936523e-01
2.827484905719757080e-01
2.363834530115127563e-01
3.699140846729278564e-01
3.224940001964569092e-01
2.896568775177001953e-01
2.654878199100494385e-01
1.098920822143554688e+00
2.460334300994873047e-01
3.220500946044921875e-01
2.838431596755981445e-01
2.167891412973403931e-01
2.507869303226470947e-01
2.871648967266082764e-01
4.535601139068603516e-01
3.327395617961883545e-01
2.894001305103302002e-01
3.545916080474853516e-01
3.054069578647613525e-01
2.673007547855377197e-01
4.179523885250091553e-01
2.545334398746490479e-01
4.152831733226776123e-01
2.490168213844299316e-01
2.942962944507598877e-01
2.453105300664901733e-01
2.494830042123794556e-01
6.079357266426086426e-01
3.073090016841888428e-01
2.605965733528137207e-01
2.985627353191375732e-01
2.904571294784545898e-01
2.249201983213424683e-01
2.422278672456741333e-01
4.066289365291595459e-01
3.591495454311370850e-01
3.054471909999847412e-01
2.518885135650634766e-01
3.054471909999847412e-01
2.518885135650634766e-01
2.563191354274749756e-01
2.465888857841491699e-01
3.394318521022796631e-01
3.458839356899261475e-01
2.960231602191925049e-01
2.360703200101852417e-01
3.573006093502044678e-01
1.761968582868576050e-01
3.791604936122894287e-01
2.964547276496887207e-01
3.190652430057525635e-01
2.431266754865646362e-01
3.464065492153167725e-01
2.845215201377868652e-01
4.977312386035919189e-01
5.798389315605163574e-01
2.915641963481903076e-01
2.197191715240478516e-01
3.289794623851776123e-01
4.046079218387603760e-01
5.721182823181152344e-01
4.038451611995697021e-01
5.020217895507812500e-01
3.557031154632568359e-01
4.732740819454193115e-01
2.498764544725418091e-01
3.636344671249389648e-01
4.055931568145751953e-01
4.773122370243072510e-01
4.164163768291473389e-01
5.144156813621520996e-01
2.415829896926879883e-01
3.035576641559600830e-01
3.150444030761718750e-01
2.512700855731964111e-01
2.971225976943969727e-01
2.224455028772354126e-01
5.442233085632324219e-01
2.653801739215850830e-01
4.717721939086914062e-01
2.460543513298034668e-01
2.842136323451995850e-01
2.724480330944061279e-01
2.702600061893463135e-01
2.642358839511871338e-01
2.895810902118682861e-01
2.499219775199890137e-01
4.485250413417816162e-01
3.730490207672119141e-01
4.524125158786773682e-01
1.741668134927749634e-01
3.745672702789306641e-01
2.611111104488372803e-01
3.376926183700561523e-01
2.662900388240814209e-01
3.193532526493072510e-01
3.968710899353027344e-01
3.978824615478515625e-01
4.022360742092132568e-01
2.285095453262329102e-01
2.841431796550750732e-01
4.588285982608795166e-01
4.226497113704681396e-01
4.864128530025482178e-01
2.622058093547821045e-01
2.558349668979644775e-01
2.637859284877777100e-01
4.781206548213958740e-01
4.762895107269287109e-01
4.878312349319458008e-01
2.544596791267395020e-01
3.259226977825164795e-01
3.041382431983947754e-01
2.938942611217498779e-01
2.189841270446777344e-01
3.686175644397735596e-01
2.694129049777984619e-01
6.734878420829772949e-01
4.920944273471832275e-01
2.572626173496246338e-01
2.506978511810302734e-01
2.604596316814422607e-01
2.833391726016998291e-01
2.495900243520736694e-01
2.511246502399444580e-01
7.379978299140930176e-01
2.981538474559783936e-01
4.106735289096832275e-01
2.937904894351959229e-01
2.548010647296905518e-01
3.671877086162567139e-01
3.214451968669891357e-01
3.723520040512084961e-01
2.485116571187973022e-01
2.816543579101562500e-01
5.249633193016052246e-01
4.745084345340728760e-01
2.563368380069732666e-01
4.954706430435180664e-01
4.963685572147369385e-01
2.453407645225524902e-01
