2.900829911231994629e-01
2.931634485721588135e-01
2.252239435911178589e-01
3.958085179328918457e-01
1.792982220649719238e-01
2.909102737903594971e-01
2.855874598026275635e-01
2.710825502872467041e-01
2.975228130817413330e-01
3.071382343769073486e-01
2.475768625736236572e-01
2.535055279731750488e-01
2.881923317909240723e-01
2.526837587356567383e-01
2.395153939723968506e-01
2.192368954420089722e-01
2.507133483886718750e-01
4.257204532623291016e-01
3.948281407356262207e-01
2.535159885883331299e-01
2.974590361118316650e-01
9.913430213928222656e-01
2.430154383182525635e-01
2.544669210910797119e-01
5.946436524391174316e-01
2.580494284629821777e-01
3.556763529777526855e-01
3.641977310180664062e-01
2.242068052291870117e-01
3.758269846439361572e-01
7.451173663139343262e-01
9.353314638137817383e-01
3.607712388038635254e-01
2.486252337694168091e-01
2.448945045471191406e-01
2.706848680973052979e-01
2.638911008834838867e-01
3.717317581176757812e-01
2.949093580245971680e-01
3.008827567100524902e-01
3.512995839118957520e-01
4.875079989433288574e-01
2.175991088151931763e-01
2.272143363952636719e-01
2.603448927402496338e-01
7.607339024543762207e-01
7.844508886337280273e-01
3.720050156116485596e-01
5.145921111106872559e-01
2.579666674137115479e-01
2.936439514160156250e-01
3.252746462821960449e-01
2.823709845542907715e-01
2.963743805885314941e-01
2.253061532974243164e-01
3.134058713912963867e-01
2.930641472339630127e-01
2.930147647857666016e-01
2.493529766798019409e-01
2.880392670631408691e-01
3.267119824886322021e-01
2.952407002449035645e-01
2.194231003522872925e-01
2.792956233024597168e-01
3.578030467033386230e-01
3.571893870830535889e-01
2.845532894134521484e-01
2.933731973171234131e-01
3.270646929740905762e-01
3.176183104515075684e-01
2.994522452354431152e-01
2.291616499423980713e-01
7.415560483932495117e-01
2.254680693149566650e-01
3.404930830001831055e-01
2.861971855163574219e-01
2.239980697631835938e-01
2.447265684604644775e-01
2.355866730213165283e-01
4.362769722938537598e-01
4.368314743041992188e-01
3.001430630683898926e-01
3.486881554126739502e-01
3.840780258178710938e-01
2.571355402469635010e-01
4.150965213775634766e-01
3.130933642387390137e-01
2.938875854015350342e-01
2.552061975002288818e-01
2.910041213035583496e-01
2.510839104652404785e-01
2.493581473827362061e-01
3.423775434494018555e-01
3.044390380382537842e-01
2.494444847106933594e-01
3.128122389316558838e-01
2.871734499931335449e-01
2.172516286373138428e-01
2.581333518028259277e-01
3.990356624126434326e-01
3.670388460159301758e-01
2.942622601985931396e-01
2.441318482160568237e-01
2.942622601985931396e-01
2.441318482160568237e-01
2.137958109378814697e-01
3.070082664489746094e-01
3.248935639858245850e-01
2.560961842536926270e-01
3.020568788051605225e-01
2.273615598678588867e-01
2.807959020137786865e-01
1.729499250650405884e-01
3.506304323673248291e-01
2.424324750900268555e-01
4.652070403099060059e-01
2.408564090728759766e-01
3.896868228912353516e-01
3.824190795421600342e-01
5.116320848464965820e-01
4.093412756919860840e-01
2.927402853965759277e-01
2.357471883296966553e-01
3.791590332984924316e-01
2.522793412208557129e-01
4.814945161342620850e-01
5.567309260368347168e-01
2.728614807128906250e-01
4.816630482673645020e-01
3.108590543270111084e-01
4.275918006896972656e-01
3.861892819404602051e-01
4.038705825805664062e-01
4.428949356079101562e-01
4.466668069362640381e-01
4.557693898677825928e-01
2.693192958831787109e-01
2.835986316204071045e-01
2.875728905200958252e-01
2.881947755813598633e-01
2.978216707706451416e-01
2.130712568759918213e-01
5.134259462356567383e-01
2.852165102958679199e-01
4.314577579498291016e-01
3.077644407749176025e-01
2.639789581298828125e-01
2.784112989902496338e-01
2.822566926479339600e-01
2.939667105674743652e-01
2.635287642478942871e-01
3.874877095222473145e-01
4.339169561862945557e-01
4.835333228111267090e-01
4.110295176506042480e-01
1.758414953947067261e-01
4.850326478481292725e-01
2.954407632350921631e-01
3.764086961746215820e-01
3.100571334362030029e-01
2.683858275413513184e-01
3.371977210044860840e-01
3.069719672203063965e-01
3.580502867698669434e-01
2.181631326675415039e-01
3.876466453075408936e-01
4.380502700805664062e-01
3.223761022090911865e-01
3.227725923061370850e-01
2.785015702247619629e-01
2.714321315288543701e-01
2.423001080751419067e-01
4.853169322013854980e-01
4.572708606719970703e-01
5.032826662063598633e-01
3.199965953826904297e-01
2.784598767757415771e-01
2.372088730335235596e-01
2.869145274162292480e-01
3.216695189476013184e-01
3.785471022129058838e-01
3.647885918617248535e-01
5.616502761840820312e-01
3.338212966918945312e-01
2.686907649040222168e-01
2.601776719093322754e-01
2.601833939552307129e-01
2.862444818019866943e-01
2.462795227766036987e-01
2.542067170143127441e-01
9.759837985038757324e-01
4.301285743713378906e-01
2.785350680351257324e-01
2.906931042671203613e-01
3.621946871280670166e-01
2.609311640262603760e-01
2.739854753017425537e-01
2.360975742340087891e-01
3.692421317100524902e-01
2.533268928527832031e-01
4.652563035488128662e-01
4.855534136295318604e-01
2.481656074523925781e-01
4.972366690635681152e-01
4.958273768424987793e-01
2.448341548442840576e-01
