2.511258423328399658e-01
2.714591026306152344e-01
2.268450409173965454e-01
4.108951091766357422e-01
1.748931854963302612e-01
4.121426045894622803e-01
3.539149463176727295e-01
2.830654680728912354e-01
2.608699202537536621e-01
3.043371438980102539e-01
2.445088624954223633e-01
2.960136532783508301e-01
2.583258748054504395e-01
4.508810341358184814e-01
2.963159382343292236e-01
2.410919219255447388e-01
3.121365308761596680e-01
3.678606450557708740e-01
3.426823019981384277e-01
2.553776502609252930e-01
2.871092557907104492e-01
1.024406433105468750e+00
2.482163757085800171e-01
2.480756789445877075e-01
6.155923604965209961e-01
2.783720195293426514e-01
3.071416616439819336e-01
3.264440000057220459e-01
2.316383868455886841e-01
3.374239802360534668e-01
6.691800951957702637e-01
6.729561090469360352e-01
3.016691803932189941e-01
2.864257991313934326e-01
2.650440633296966553e-01
3.015580475330352783e-01
2.767235338687896729e-01
3.172750771045684814e-01
3.632424771785736084e-01
3.006825745105743408e-01
3.341546356678009033e-01
4.828174710273742676e-01
2.227325141429901123e-01
2.162418812513351440e-01
2.779545187950134277e-01
6.952211260795593262e-01
6.474983096122741699e-01
3.293814957141876221e-01
5.063092708587646484e-01
2.783936858177185059e-01
2.738919854164123535e-01
3.081537783145904541e-01
3.151032328605651855e-01
2.969935536384582520e-01
2.315337508916854858e-01
3.009103238582611084e-01
3.354641795158386230e-01
2.617499828338623047e-01
2.920832037925720215e-01
2.989186942577362061e-01
2.726881206035614014e-01
2.973285317420959473e-01
2.181144058704376221e-01
2.773710191249847412e-01
2.858504056930541992e-01
4.352918565273284912e-01
4.297896623611450195e-01
2.532041966915130615e-01
3.741327524185180664e-01
3.625206947326660156e-01
2.967044711112976074e-01
2.306660711765289307e-01
7.974392771720886230e-01
2.324821799993515015e-01
3.445421457290649414e-01
2.857716977596282959e-01
2.312726378440856934e-01
2.463624924421310425e-01
2.422020882368087769e-01
4.355335235595703125e-01
4.398013651371002197e-01
2.959855794906616211e-01
3.406874835491180420e-01
3.688426315784454346e-01
3.544154167175292969e-01
3.001245260238647461e-01
3.081534802913665771e-01
4.222273826599121094e-01
2.560114562511444092e-01
2.870436012744903564e-01
2.502199411392211914e-01
2.475600540637969971e-01
6.786055564880371094e-01
2.636879682540893555e-01
2.537588775157928467e-01
3.453491628170013428e-01
2.950674593448638916e-01
2.470307648181915283e-01
3.358510434627532959e-01
2.908208370208740234e-01
3.301868140697479248e-01
3.309302926063537598e-01
3.377736508846282959e-01
3.309302926063537598e-01
3.377736508846282959e-01
2.324936538934707642e-01
2.660693824291229248e-01
3.007375299930572510e-01
3.080370128154754639e-01
2.972471415996551514e-01
2.280237674713134766e-01
3.315692245960235596e-01
1.754232347011566162e-01
3.807242214679718018e-01
3.121619224548339844e-01
3.938501477241516113e-01
2.473177760839462280e-01
3.635317087173461914e-01
3.169539868831634521e-01
5.820990204811096191e-01
5.473371744155883789e-01
2.952709197998046875e-01
2.292905747890472412e-01
3.519990146160125732e-01
3.350425362586975098e-01
5.211235880851745605e-01
4.818948805332183838e-01
3.790918588638305664e-01
4.056811034679412842e-01
3.752586245536804199e-01
3.796493709087371826e-01
3.589771986007690430e-01
3.617733716964721680e-01
4.592645466327667236e-01
4.582228958606719971e-01
4.683537483215332031e-01
2.616903483867645264e-01
2.839888930320739746e-01
3.070458471775054932e-01
2.786589264869689941e-01
2.977070212364196777e-01
2.166118770837783813e-01
6.341214776039123535e-01
3.046674728393554688e-01
6.070241928100585938e-01
3.040854036808013916e-01
3.395018279552459717e-01
3.309290409088134766e-01
2.730772495269775391e-01
2.492430806159973145e-01
2.657698094844818115e-01
5.193186402320861816e-01
4.239446520805358887e-01
5.435376763343811035e-01
4.184010028839111328e-01
1.738425791263580322e-01
8.705832362174987793e-01
2.598356902599334717e-01
3.240837156772613525e-01
3.169839978218078613e-01
3.142488002777099609e-01
3.717777431011199951e-01
3.695482015609741211e-01
3.753729462623596191e-01
2.315614670515060425e-01
3.001776337623596191e-01
4.276721477508544922e-01
4.234388768672943115e-01
4.206724762916564941e-01
2.665416598320007324e-01
2.610134184360504150e-01
2.660749554634094238e-01
4.443989396095275879e-01
4.404083490371704102e-01
4.525913596153259277e-01
2.807101011276245117e-01
5.596187710762023926e-01
2.872564792633056641e-01
2.863270342350006104e-01
2.306826263666152954e-01
3.077602386474609375e-01
2.709543108940124512e-01
1.017108678817749023e+00
9.160106182098388672e-01
3.449091911315917969e-01
2.561897635459899902e-01
2.566510438919067383e-01
2.869212925434112549e-01
2.478887289762496948e-01
2.476394027471542358e-01
9.667766094207763672e-01
3.671159446239471436e-01
3.399195373058319092e-01
2.919875681400299072e-01
3.131506741046905518e-01
3.109827339649200439e-01
3.372495472431182861e-01
3.004200756549835205e-01
3.148930370807647705e-01
2.845613360404968262e-01
5.021696090698242188e-01
4.985289275646209717e-01
2.479611337184906006e-01
4.969035089015960693e-01
4.958851039409637451e-01
2.476029098033905029e-01
