2.552590370178222656e-01
2.810553014278411865e-01
2.307635545730590820e-01
4.134931862354278564e-01
1.746908575296401978e-01
4.081790149211883545e-01
3.398316502571105957e-01
2.875176966190338135e-01
2.757841944694519043e-01
3.035250008106231689e-01
2.472774833440780640e-01
2.870896160602569580e-01
2.613042891025543213e-01
3.159983456134796143e-01
2.986369132995605469e-01
2.297067493200302124e-01
2.664897441864013672e-01
4.096492230892181396e-01
3.780965209007263184e-01
2.572102546691894531e-01
2.903295457363128662e-01
9.341297149658203125e-01
2.491924613714218140e-01
2.477759718894958496e-01
7.553262114524841309e-01
2.732369601726531982e-01
3.274749517440795898e-01
3.503302633762359619e-01
2.292013317346572876e-01
3.485883772373199463e-01
6.537036895751953125e-01
6.838394999504089355e-01
2.999939024448394775e-01
2.914753556251525879e-01
2.645391523838043213e-01
2.903642654418945312e-01
2.846215963363647461e-01
3.389415144920349121e-01
3.198961019515991211e-01
2.978444099426269531e-01
3.362997174263000488e-01
4.886677563190460205e-01
2.228556275367736816e-01
2.185073792934417725e-01
2.835646271705627441e-01
6.925926208496093750e-01
7.120661139488220215e-01
3.411504924297332764e-01
4.977126419544219971e-01
2.688561975955963135e-01
2.804057598114013672e-01
3.003443777561187744e-01
2.906357049942016602e-01
2.968879640102386475e-01
2.260608077049255371e-01
2.969867289066314697e-01
3.131687939167022705e-01
2.592712044715881348e-01
2.665793597698211670e-01
3.271037340164184570e-01
3.208616673946380615e-01
2.977018058300018311e-01
2.198917567729949951e-01
3.261418342590332031e-01
3.167335093021392822e-01
3.549992442131042480e-01
3.660901486873626709e-01
2.534457445144653320e-01
3.740530014038085938e-01
3.482618331909179688e-01
2.964863479137420654e-01
2.419873923063278198e-01
9.351139068603515625e-01
2.352574318647384644e-01
3.411391079425811768e-01
2.869277596473693848e-01
2.277697920799255371e-01
2.621328830718994141e-01
2.403836101293563843e-01
4.088018834590911865e-01
4.385317862033843994e-01
2.927934825420379639e-01
3.422163426876068115e-01
3.363553583621978760e-01
3.239451646804809570e-01
3.435841798782348633e-01
3.168818652629852295e-01
3.526032269001007080e-01
2.553929984569549561e-01
2.855447828769683838e-01
2.522816359996795654e-01
2.479324638843536377e-01
5.989508032798767090e-01
2.821843922138214111e-01
2.561052143573760986e-01
3.197309076786041260e-01
2.946795225143432617e-01
2.318409979343414307e-01
2.816383242607116699e-01
3.603277504444122314e-01
3.387407958507537842e-01
3.132049143314361572e-01
3.270454108715057373e-01
3.132049143314361572e-01
3.270454108715057373e-01
2.469887733459472656e-01
2.640298008918762207e-01
3.327203094959259033e-01
3.321024179458618164e-01
2.930507063865661621e-01
2.266189157962799072e-01
3.288525044918060303e-01
1.750765442848205566e-01
3.480977714061737061e-01
3.015287816524505615e-01
3.616220355033874512e-01
2.523727118968963623e-01
3.657878935337066650e-01
3.120493888854980469e-01
5.295016765594482422e-01
5.349969863891601562e-01
2.946960330009460449e-01
2.250621318817138672e-01
3.400305211544036865e-01
3.661285042762756348e-01
5.266388654708862305e-01
4.593744277954101562e-01
4.180530011653900146e-01
4.083376228809356689e-01
4.076990187168121338e-01
3.449460864067077637e-01
3.608192503452301025e-01
3.692568838596343994e-01
4.685073196887969971e-01
4.566108286380767822e-01
4.513648152351379395e-01
2.520063221454620361e-01
2.975021004676818848e-01
3.242877721786499023e-01
2.719146311283111572e-01
2.973733544349670410e-01
2.150892168283462524e-01
5.411437153816223145e-01
3.105733692646026611e-01
4.853064715862274170e-01
2.820493876934051514e-01
3.321478664875030518e-01
3.374695181846618652e-01
2.738169729709625244e-01
2.559912800788879395e-01
2.607185840606689453e-01
3.225687444210052490e-01
4.366961121559143066e-01
3.927617967128753662e-01
4.540101289749145508e-01
1.740458011627197266e-01
3.656080663204193115e-01
2.528714239597320557e-01
3.325298726558685303e-01
3.245201110839843750e-01
3.350848257541656494e-01
3.633516132831573486e-01
3.650948405265808105e-01
3.788695633411407471e-01
2.380230873823165894e-01
2.882285118103027344e-01
4.330663681030273438e-01
4.214040338993072510e-01
4.274997413158416748e-01
2.710840106010437012e-01
2.583753466606140137e-01
2.624977529048919678e-01
3.937048912048339844e-01
4.027015268802642822e-01
4.131694436073303223e-01
2.598647177219390869e-01
3.321706354618072510e-01
2.379718273878097534e-01
2.888746261596679688e-01
2.379858791828155518e-01
2.943508327007293701e-01
3.408853411674499512e-01
6.141366958618164062e-01
4.380646646022796631e-01
3.597606122493743896e-01
2.906937003135681152e-01
2.551786899566650391e-01
2.886799871921539307e-01
2.483901232481002808e-01
2.465776503086090088e-01
1.041590690612792969e+00
3.485404551029205322e-01
3.557538986206054688e-01
2.947485744953155518e-01
3.092705309391021729e-01
3.164539039134979248e-01
3.269426822662353516e-01
3.126955926418304443e-01
3.056793510913848877e-01
2.814268767833709717e-01
5.018854141235351562e-01
5.020508170127868652e-01
2.484184652566909790e-01
4.972309470176696777e-01
4.959832429885864258e-01
2.475493550300598145e-01
