2.492297440767288208e-01
2.656569778919219971e-01
2.378411293029785156e-01
4.011832177639007568e-01
1.730244606733322144e-01
3.819894194602966309e-01
3.592563271522521973e-01
2.702847123146057129e-01
2.317774593830108643e-01
3.039207458496093750e-01
2.490423023700714111e-01
2.991021871566772461e-01
2.518143355846405029e-01
4.598959386348724365e-01
2.934443354606628418e-01
2.138396203517913818e-01
2.733801305294036865e-01
4.164852201938629150e-01
2.746622562408447266e-01
2.562830150127410889e-01
2.843603789806365967e-01
1.146758437156677246e+00
2.436263859272003174e-01
2.576506733894348145e-01
6.728535294532775879e-01
2.638626098632812500e-01
3.467208743095397949e-01
3.705566525459289551e-01
2.557004988193511963e-01
3.273176848888397217e-01
1.001189947128295898e+00
8.980004191398620605e-01
3.089315295219421387e-01
2.885864078998565674e-01
2.511450350284576416e-01
2.680601477622985840e-01
2.985012531280517578e-01
3.712935745716094971e-01
3.086959719657897949e-01
2.497014552354812622e-01
3.459435701370239258e-01
4.895041882991790771e-01
2.197294533252716064e-01
2.369082272052764893e-01
3.426432609558105469e-01
1.109752058982849121e+00
1.026873946189880371e+00
4.617795050144195557e-01
3.733355402946472168e-01
3.010349869728088379e-01
2.383637875318527222e-01
2.624713182449340820e-01
3.392470777034759521e-01
2.996132969856262207e-01
2.223179787397384644e-01
2.612349390983581543e-01
3.726673424243927002e-01
2.500692307949066162e-01
3.030086159706115723e-01
3.110563158988952637e-01
2.532021701335906982e-01
2.964578568935394287e-01
2.203405201435089111e-01
2.725765109062194824e-01
2.562484741210937500e-01
4.521113932132720947e-01
4.586192071437835693e-01
2.498551905155181885e-01
3.970278799533843994e-01
3.798894286155700684e-01
2.962776720523834229e-01
2.731708288192749023e-01
1.058779001235961914e+00
2.359267175197601318e-01
3.026033043861389160e-01
2.725073397159576416e-01
2.186450213193893433e-01
2.925844788551330566e-01
2.411655485630035400e-01
4.492928981781005859e-01
3.045285642147064209e-01
2.929131090641021729e-01
2.723379731178283691e-01
2.509887516498565674e-01
3.649293184280395508e-01
2.953783869743347168e-01
3.355243802070617676e-01
3.414446711540222168e-01
2.561635076999664307e-01
2.829183042049407959e-01
2.506039738655090332e-01
2.399796992540359497e-01
7.119052410125732422e-01
3.015545904636383057e-01
2.449137717485427856e-01
3.166999816894531250e-01
2.454341351985931396e-01
2.659144401550292969e-01
3.491635918617248535e-01
4.220724105834960938e-01
4.033475518226623535e-01
4.246475696563720703e-01
3.030499219894409180e-01
4.246475696563720703e-01
3.030499219894409180e-01
3.359183371067047119e-01
2.620101571083068848e-01
2.885789573192596436e-01
2.831069827079772949e-01
2.914509475231170654e-01
2.458313256502151489e-01
3.556005954742431641e-01
1.764163523912429810e-01
3.559285402297973633e-01
2.330019176006317139e-01
4.166388511657714844e-01
2.466303408145904541e-01
3.821656703948974609e-01
3.703357875347137451e-01
6.488512158393859863e-01
6.270383000373840332e-01
3.007365167140960693e-01
2.267818897962570190e-01
3.922984898090362549e-01
2.486451864242553711e-01
5.028448104858398438e-01
4.920976758003234863e-01
2.592160701751708984e-01
4.857936799526214600e-01
3.056699633598327637e-01
3.696099221706390381e-01
4.617497324943542480e-01
4.120628833770751953e-01
4.689224660396575928e-01
4.522138237953186035e-01
3.904300928115844727e-01
2.556653320789337158e-01
3.003194034099578857e-01
3.273059725761413574e-01
2.853389382362365723e-01
2.974448204040527344e-01
2.144475281238555908e-01
1.300694823265075684e+00
3.135261833667755127e-01
1.206830739974975586e+00
2.777548432350158691e-01
3.833226561546325684e-01
3.744215071201324463e-01
2.716539800167083740e-01
2.465549409389495850e-01
2.585467994213104248e-01
1.202324628829956055e+00
4.308103621006011963e-01
1.270739912986755371e+00
4.717835783958435059e-01
1.757543385028839111e-01
7.236536145210266113e-01
3.035151362419128418e-01
3.737839460372924805e-01
3.398521542549133301e-01
2.619173228740692139e-01
2.654008567333221436e-01
3.378303945064544678e-01
3.156281113624572754e-01
2.255802899599075317e-01
4.074223041534423828e-01
4.053376317024230957e-01
3.050199151039123535e-01
2.514179944992065430e-01
2.811588644981384277e-01
2.448019236326217651e-01
2.736291587352752686e-01
4.549928605556488037e-01
5.128873586654663086e-01
4.688394665718078613e-01
6.015674471855163574e-01
9.253986477851867676e-01
3.020095229148864746e-01
2.925429940223693848e-01
2.545104622840881348e-01
3.567255139350891113e-01
3.245412707328796387e-01
8.552254438400268555e-01
9.029062986373901367e-01
2.578920722007751465e-01
2.944665551185607910e-01
2.520321309566497803e-01
2.820835113525390625e-01
2.423128336668014526e-01
2.458788603544235229e-01
1.207587599754333496e+00
4.498896002769470215e-01
2.523252964019775391e-01
2.857152819633483887e-01
2.326637804508209229e-01
3.845615983009338379e-01
2.527728974819183350e-01
3.484174609184265137e-01
2.850040495395660400e-01
3.515189290046691895e-01
3.129436373710632324e-01
4.046164453029632568e-01
2.472073584794998169e-01
4.988562166690826416e-01
4.939712584018707275e-01
2.449227571487426758e-01
