2.621395885944366455e-01
2.951437234878540039e-01
2.261047363281250000e-01
4.027606546878814697e-01
1.756560206413269043e-01
3.887307643890380859e-01
3.224085271358489990e-01
2.765284776687622070e-01
2.877002656459808350e-01
3.037076294422149658e-01
2.535064518451690674e-01
2.798688411712646484e-01
2.588987648487091064e-01
4.348336756229400635e-01
2.947417497634887695e-01
2.306004762649536133e-01
3.726831376552581787e-01
2.809786200523376465e-01
3.299365043640136719e-01
2.537743151187896729e-01
2.912415564060211182e-01
1.064848542213439941e+00
2.462760955095291138e-01
2.470367401838302612e-01
6.553611159324645996e-01
2.825598418712615967e-01
3.139286935329437256e-01
3.476512432098388672e-01
2.550716102123260498e-01
2.755242288112640381e-01
6.375799775123596191e-01
7.049379944801330566e-01
3.079427480697631836e-01
2.801030576229095459e-01
2.648778855800628662e-01
3.215045630931854248e-01
2.671469151973724365e-01
3.121365308761596680e-01
3.662970066070556641e-01
2.623961269855499268e-01
3.852244317531585693e-01
4.818421602249145508e-01
2.237502932548522949e-01
2.224463671445846558e-01
3.426196575164794922e-01
5.569896101951599121e-01
5.182237029075622559e-01
3.406770229339599609e-01
4.754875600337982178e-01
2.613705396652221680e-01
2.833062112331390381e-01
3.301288187503814697e-01
3.041647672653198242e-01
2.975159585475921631e-01
2.278776019811630249e-01
3.131942749023437500e-01
3.016268908977508545e-01
2.631484568119049072e-01
2.981968820095062256e-01
3.136416375637054443e-01
2.696221172809600830e-01
2.973434031009674072e-01
2.153568714857101440e-01
2.765868604183197021e-01
2.818532884120941162e-01
4.482457637786865234e-01
4.353365004062652588e-01
2.565669119358062744e-01
3.804614245891571045e-01
3.697069585323333740e-01
2.962280809879302979e-01
2.299321442842483521e-01
7.427842020988464355e-01
2.360007315874099731e-01
3.338415920734405518e-01
2.853690981864929199e-01
2.258066684007644653e-01
2.973679602146148682e-01
2.396272420883178711e-01
4.296509921550750732e-01
3.095012307167053223e-01
2.959448993206024170e-01
3.321784734725952148e-01
2.734031975269317627e-01
3.420960009098052979e-01
3.149754703044891357e-01
3.695532083511352539e-01
3.550987243652343750e-01
2.545826733112335205e-01
2.891562879085540771e-01
2.487874776124954224e-01
2.521541118621826172e-01
6.629584431648254395e-01
2.911424338817596436e-01
2.531564533710479736e-01
3.271811902523040771e-01
2.948841154575347900e-01
2.352719753980636597e-01
2.893666326999664307e-01
3.483648598194122314e-01
3.546546399593353271e-01
2.929780483245849609e-01
3.114849030971527100e-01
2.929780483245849609e-01
3.114849030971527100e-01
2.547362744808197021e-01
2.840581238269805908e-01
3.017991483211517334e-01
2.855190038681030273e-01
2.975994944572448730e-01
2.193636149168014526e-01
3.092644214630126953e-01
1.753111630678176880e-01
3.705092966556549072e-01
2.896502017974853516e-01
4.269635975360870361e-01
2.447905391454696655e-01
3.868383467197418213e-01
3.738883435726165771e-01
5.593862533569335938e-01
4.971055984497070312e-01
2.964575588703155518e-01
2.361292392015457153e-01
3.795548379421234131e-01
2.664380967617034912e-01
4.849542081356048584e-01
5.226927399635314941e-01
2.696186602115631104e-01
4.905710220336914062e-01
2.964586019515991211e-01
4.017959833145141602e-01
3.961698710918426514e-01
3.874164521694183350e-01
4.645142555236816406e-01
4.504657685756683350e-01
4.669477641582489014e-01
2.800066471099853516e-01
2.681603431701660156e-01
2.861869335174560547e-01
2.910795211791992188e-01
2.968396246433258057e-01
2.185295224189758301e-01
4.962019622325897217e-01
2.632617056369781494e-01
4.398646354675292969e-01
3.230743110179901123e-01
3.209881484508514404e-01
3.116070926189422607e-01
2.693492174148559570e-01
2.608913183212280273e-01
2.742088735103607178e-01
3.873349130153656006e-01
4.024740755558013916e-01
4.198052883148193359e-01
3.528862297534942627e-01
1.741657704114913940e-01
8.492936491966247559e-01
2.529752552509307861e-01
3.036139309406280518e-01
2.892040014266967773e-01
3.340032100677490234e-01
3.936328589916229248e-01
3.794741928577423096e-01
3.982686102390289307e-01
2.305001467466354370e-01
2.797055244445800781e-01
4.342013895511627197e-01
4.378882348537445068e-01
4.676396548748016357e-01
2.753058671951293945e-01
2.685019969940185547e-01
2.554898262023925781e-01
4.894702136516571045e-01
4.487215578556060791e-01
4.601228237152099609e-01
2.556663453578948975e-01
6.290705204010009766e-01
2.409155219793319702e-01
2.922818362712860107e-01
2.255429625511169434e-01
3.401049673557281494e-01
3.089718520641326904e-01
1.022759079933166504e+00
9.808560013771057129e-01
3.044984340667724609e-01
3.401026427745819092e-01
2.557275295257568359e-01
2.897606194019317627e-01
2.465749830007553101e-01
2.494037896394729614e-01
8.837826848030090332e-01
4.037664830684661865e-01
3.623557984828948975e-01
2.935375869274139404e-01
3.306347131729125977e-01
2.896854877471923828e-01
3.591383397579193115e-01
2.815351188182830811e-01
3.340983390808105469e-01
2.987837791442871094e-01
4.225073158740997314e-01
4.746023714542388916e-01
2.496337443590164185e-01
4.968501627445220947e-01
4.970792531967163086e-01
2.476382255554199219e-01
