3.125690817832946777e-01
3.786153793334960938e-01
2.278883159160614014e-01
4.369165897369384766e-01
1.717727929353713989e-01
3.290382027626037598e-01
3.470644354820251465e-01
2.932513356208801270e-01
3.906774520874023438e-01
2.685171961784362793e-01
2.172270715236663818e-01
2.403060495853424072e-01
3.052683174610137939e-01
4.560057818889617920e-01
2.973642945289611816e-01
2.403052449226379395e-01
2.666124403476715088e-01
4.220544993877410889e-01
3.342056274414062500e-01
2.554346323013305664e-01
2.789698541164398193e-01
1.023866891860961914e+00
2.604956328868865967e-01
2.470987737178802490e-01
5.296574831008911133e-01
2.497027814388275146e-01
2.882880568504333496e-01
2.593020200729370117e-01
2.223497778177261353e-01
4.122504889965057373e-01
8.428481817245483398e-01
6.287018060684204102e-01
3.173189461231231689e-01
2.905721366405487061e-01
2.379675209522247314e-01
2.661253809928894043e-01
3.064797222614288330e-01
2.941592335700988770e-01
4.640401601791381836e-01
2.540917694568634033e-01
4.078887403011322021e-01
4.835516214370727539e-01
2.307823002338409424e-01
2.309530973434448242e-01
3.865141570568084717e-01
4.856067895889282227e-01
3.286400437355041504e-01
3.709860444068908691e-01
4.688276052474975586e-01
3.015739321708679199e-01
2.616192698478698730e-01
2.703270912170410156e-01
3.011239767074584961e-01
2.913337349891662598e-01
2.622407078742980957e-01
2.837350964546203613e-01
3.881071805953979492e-01
3.051739335060119629e-01
2.514309287071228027e-01
2.425146400928497314e-01
3.069068789482116699e-01
2.985069155693054199e-01
2.117088735103607178e-01
2.745835185050964355e-01
3.808329105377197266e-01
4.198274016380310059e-01
3.279387354850769043e-01
2.500292062759399414e-01
3.786922693252563477e-01
3.675514459609985352e-01
3.030825555324554443e-01
2.529869079589843750e-01
5.873716473579406738e-01
2.537409067153930664e-01
3.063427805900573730e-01
2.958221435546875000e-01
2.233565300703048706e-01
2.381992042064666748e-01
2.486660629510879517e-01
4.389166831970214844e-01
4.522025883197784424e-01
2.906985878944396973e-01
3.325627446174621582e-01
3.711002767086029053e-01
3.756352961063385010e-01
2.915313541889190674e-01
2.721458077430725098e-01
4.878923892974853516e-01
2.565718889236450195e-01
2.775259912014007568e-01
2.560987770557403564e-01
2.473222017288208008e-01
6.654644012451171875e-01
3.003137111663818359e-01
2.374859601259231567e-01
3.252757787704467773e-01
2.932044267654418945e-01
2.191694676876068115e-01
2.550520598888397217e-01
4.038265347480773926e-01
3.629383146762847900e-01
3.214314579963684082e-01
2.304379940032958984e-01
3.214314579963684082e-01
2.304379940032958984e-01
2.552967667579650879e-01
2.465225458145141602e-01
2.688367962837219238e-01
3.176550269126892090e-01
2.877084016799926758e-01
2.383133918046951294e-01
3.587316572666168213e-01
1.780374795198440552e-01
3.931463956832885742e-01
3.543432354927062988e-01
3.504551351070404053e-01
2.582712471485137939e-01
3.846574425697326660e-01
3.759187459945678711e-01
6.725047826766967773e-01
6.537809371948242188e-01
3.007999062538146973e-01
2.368034273386001587e-01
3.884457945823669434e-01
2.533960640430450439e-01
5.060616731643676758e-01
5.477503538131713867e-01
2.752216458320617676e-01
4.927147626876831055e-01
2.840822935104370117e-01
3.509442210197448730e-01
4.664605855941772461e-01
4.457726180553436279e-01
4.799357652664184570e-01
4.698973596096038818e-01
3.903685212135314941e-01
2.567452788352966309e-01
3.018394708633422852e-01
2.986724078655242920e-01
2.456643879413604736e-01
3.024823665618896484e-01
2.259509861469268799e-01
8.470556735992431641e-01
2.848021686077117920e-01
8.941677212715148926e-01
2.754047214984893799e-01
2.751288115978240967e-01
2.413497269153594971e-01
2.772217988967895508e-01
2.649512887001037598e-01
3.014286160469055176e-01
7.455775141716003418e-01
4.736448526382446289e-01
6.748293638229370117e-01
4.682402908802032471e-01
1.749313175678253174e-01
7.474849224090576172e-01
2.471517026424407959e-01
3.233125209808349609e-01
3.585003316402435303e-01
2.465531378984451294e-01
3.765741288661956787e-01
4.145513176918029785e-01
3.832477927207946777e-01
1.956894695758819580e-01
3.323608636856079102e-01
5.095745325088500977e-01
5.079952478408813477e-01
4.142655432224273682e-01
2.515913248062133789e-01
2.218703925609588623e-01
3.033152222633361816e-01
4.579648673534393311e-01
5.292640924453735352e-01
5.266842842102050781e-01
7.303935885429382324e-01
5.988905429840087891e-01
2.293205857276916504e-01
2.258735001087188721e-01
3.523740768432617188e-01
3.822848796844482422e-01
3.813897967338562012e-01
7.238383293151855469e-01
7.623884677886962891e-01
2.912961244583129883e-01
4.040701985359191895e-01
2.550187706947326660e-01
2.934319376945495605e-01
2.522582411766052246e-01
2.449006438255310059e-01
8.440825939178466797e-01
2.389110028743743896e-01
4.465706944465637207e-01
3.018131256103515625e-01
3.740692138671875000e-01
2.385969012975692749e-01
2.642130255699157715e-01
2.794213891029357910e-01
3.433709144592285156e-01
3.789260387420654297e-01
4.405674934387207031e-01
3.564111590385437012e-01
2.468828707933425903e-01
4.956556558609008789e-01
4.970777630805969238e-01
2.466099411249160767e-01
