2.582345008850097656e-01
2.684494256973266602e-01
2.304119616746902466e-01
4.148827195167541504e-01
1.745986938476562500e-01
3.948835134506225586e-01
3.545089662075042725e-01
2.809259593486785889e-01
2.666977345943450928e-01
3.041898906230926514e-01
2.500819861888885498e-01
2.937191724777221680e-01
2.524731159210205078e-01
3.249453008174896240e-01
2.971533536911010742e-01
2.295251637697219849e-01
2.741550207138061523e-01
4.014858007431030273e-01
3.792051374912261963e-01
2.570230662822723389e-01
2.877773046493530273e-01
8.520337343215942383e-01
2.497188448905944824e-01
2.471975237131118774e-01
7.340548038482666016e-01
2.998993098735809326e-01
2.873293757438659668e-01
3.482993543148040771e-01
2.442967891693115234e-01
2.621089816093444824e-01
7.145749926567077637e-01
7.065343856811523438e-01
3.082959651947021484e-01
2.663969695568084717e-01
2.478257119655609131e-01
2.812265753746032715e-01
2.834319770336151123e-01
2.783600389957427979e-01
3.780937790870666504e-01
2.902095019817352295e-01
3.566269576549530029e-01
4.817792475223541260e-01
2.195670455694198608e-01
2.232194989919662476e-01
2.946907281875610352e-01
6.283175945281982422e-01
5.722386240959167480e-01
3.496665656566619873e-01
4.957398474216461182e-01
2.782371342182159424e-01
2.684955596923828125e-01
2.973286509513854980e-01
3.064031302928924561e-01
2.970079481601715088e-01
2.424996793270111084e-01
3.049717843532562256e-01
3.407964408397674561e-01
2.538214027881622314e-01
2.670462429523468018e-01
3.384560048580169678e-01
3.241663873195648193e-01
2.970391809940338135e-01
2.199157774448394775e-01
3.384927213191986084e-01
3.132635951042175293e-01
3.510682880878448486e-01
3.798107802867889404e-01
2.656634449958801270e-01
3.423963785171508789e-01
3.355826437473297119e-01
2.964283823966979980e-01
2.225063443183898926e-01
7.013654112815856934e-01
2.314148247241973877e-01
3.387309014797210693e-01
2.864009737968444824e-01
2.273435890674591064e-01
2.400648891925811768e-01
2.457908540964126587e-01
4.390018582344055176e-01
4.401235282421112061e-01
2.945187091827392578e-01
3.504438996315002441e-01
3.715325891971588135e-01
2.759670615196228027e-01
4.050728976726531982e-01
2.903101444244384766e-01
2.796230316162109375e-01
2.563284933567047119e-01
2.880119681358337402e-01
2.495519220829010010e-01
2.485781461000442505e-01
3.510982394218444824e-01
2.565106153488159180e-01
2.899973094463348389e-01
2.800514698028564453e-01
2.895319759845733643e-01
2.246014773845672607e-01
2.680365145206451416e-01
3.964592814445495605e-01
2.755791842937469482e-01
3.931183218955993652e-01
4.059733152389526367e-01
3.931183218955993652e-01
4.059733152389526367e-01
2.340522110462188721e-01
2.614982128143310547e-01
3.080561459064483643e-01
3.124391734600067139e-01
2.963944673538208008e-01
2.227375209331512451e-01
3.287449777126312256e-01
1.747544109821319580e-01
3.748044669628143311e-01
3.114894628524780273e-01
3.788439035415649414e-01
2.577735483646392822e-01
3.648029267787933350e-01
3.518987596035003662e-01
5.978351831436157227e-01
5.659087896347045898e-01
2.958865165710449219e-01
2.312026172876358032e-01
3.578199148178100586e-01
3.095162808895111084e-01
4.880382716655731201e-01
5.450531244277954102e-01
3.133053779602050781e-01
4.764034450054168701e-01
3.119725286960601807e-01
4.116661548614501953e-01
4.161508083343505859e-01
4.030232727527618408e-01
4.485294222831726074e-01
4.321582615375518799e-01
4.358477890491485596e-01
2.958958745002746582e-01
2.567131221294403076e-01
2.896207571029663086e-01
3.243703246116638184e-01
2.975353300571441650e-01
2.194931805133819580e-01
4.404627382755279541e-01
2.659089863300323486e-01
3.482718765735626221e-01
3.565748333930969238e-01
3.354434072971343994e-01
3.126109242439270020e-01
2.758592069149017334e-01
2.540332973003387451e-01
2.787027657032012939e-01
5.111948847770690918e-01
3.714188933372497559e-01
5.228407382965087891e-01
3.465119600296020508e-01
1.740026175975799561e-01
4.573696851730346680e-01
2.644164264202117920e-01
3.210419714450836182e-01
3.183913528919219971e-01
3.099478185176849365e-01
3.651441931724548340e-01
3.711729943752288818e-01
3.679740726947784424e-01
2.248664945363998413e-01
3.315295875072479248e-01
4.417124390602111816e-01
4.310863316059112549e-01
4.287050366401672363e-01
2.646213769912719727e-01
2.638833522796630859e-01
2.680620551109313965e-01
4.676883220672607422e-01
4.788224399089813232e-01
4.776722192764282227e-01
2.867633998394012451e-01
3.427345454692840576e-01
3.000492155551910400e-01
2.891586124897003174e-01
2.199759781360626221e-01
3.076553046703338623e-01
2.559432983398437500e-01
7.881265878677368164e-01
5.489459037780761719e-01
3.437893092632293701e-01
2.577124238014221191e-01
2.579134404659271240e-01
2.868406474590301514e-01
2.480382621288299561e-01
2.471233457326889038e-01
8.926047086715698242e-01
3.902587294578552246e-01
3.182081580162048340e-01
2.941443920135498047e-01
3.267558813095092773e-01
2.924192845821380615e-01
3.295142948627471924e-01
2.784202396869659424e-01
3.358904123306274414e-01
2.797152698040008545e-01
4.881764352321624756e-01
5.014433860778808594e-01
2.486821413040161133e-01
4.968508780002593994e-01
4.965816736221313477e-01
2.494178861379623413e-01
