2.493565678596496582e-01
3.809827566146850586e-01
2.419389784336090088e-01
2.729587554931640625e-01
1.758617311716079712e-01
3.958289325237274170e-01
2.766196131706237793e-01
2.944435477256774902e-01
3.745599389076232910e-01
3.011111617088317871e-01
2.577003240585327148e-01
2.398576736450195312e-01
2.635710835456848145e-01
2.819151580333709717e-01
2.853664457798004150e-01
2.337840199470520020e-01
3.692816197872161865e-01
2.944357991218566895e-01
2.407971620559692383e-01
2.450998574495315552e-01
2.888982295989990234e-01
1.008138418197631836e+00
2.510055899620056152e-01
2.417329698801040649e-01
7.579010128974914551e-01
2.415580153465270996e-01
3.797810673713684082e-01
3.902719616889953613e-01
3.554949462413787842e-01
3.938099443912506104e-01
5.134454369544982910e-01
8.142238259315490723e-01
3.332459032535552979e-01
2.815610766410827637e-01
2.505199909210205078e-01
2.966867089271545410e-01
2.773545682430267334e-01
3.733506202697753906e-01
2.357717156410217285e-01
2.465828061103820801e-01
4.041492044925689697e-01
5.578131675720214844e-01
2.232093513011932373e-01
2.194567322731018066e-01
3.705113828182220459e-01
1.386050462722778320e+00
1.445614337921142578e+00
3.569006621837615967e-01
4.711965918540954590e-01
3.024075925350189209e-01
2.552379071712493896e-01
2.605319321155548096e-01
2.849246859550476074e-01
2.963018715381622314e-01
2.510046958923339844e-01
2.601466774940490723e-01
3.737922906875610352e-01
2.763510048389434814e-01
2.752447128295898438e-01
2.951350808143615723e-01
2.909373939037322998e-01
3.035582602024078369e-01
2.237744033336639404e-01
2.780317664146423340e-01
3.204987347126007080e-01
4.197504222393035889e-01
3.741607069969177246e-01
2.464756667613983154e-01
3.751400113105773926e-01
3.094723522663116455e-01
2.933851778507232666e-01
2.473941743373870850e-01
7.802482247352600098e-01
2.799021601676940918e-01
2.544341087341308594e-01
2.822175920009613037e-01
2.574178278446197510e-01
2.308250665664672852e-01
2.493635118007659912e-01
4.523302614688873291e-01
4.216670691967010498e-01
2.909587323665618896e-01
3.442365229129791260e-01
4.070200622081756592e-01
3.609483242034912109e-01
2.969378530979156494e-01
3.486052155494689941e-01
5.375201702117919922e-01
2.538459897041320801e-01
2.933886349201202393e-01
2.548918724060058594e-01
2.468966543674468994e-01
6.148666739463806152e-01
3.069302141666412354e-01
2.512068152427673340e-01
2.995394468307495117e-01
3.043311834335327148e-01
3.546710610389709473e-01
2.736158967018127441e-01
2.257694602012634277e-01
3.809366226196289062e-01
2.935726046562194824e-01
3.308261036872863770e-01
2.935726046562194824e-01
3.308261036872863770e-01
2.350066304206848145e-01
2.655038535594940186e-01
2.381170988082885742e-01
3.068502545356750488e-01
2.920997142791748047e-01
2.438454478979110718e-01
3.521004021167755127e-01
1.703391522169113159e-01
3.888530135154724121e-01
3.148943781852722168e-01
3.589266538619995117e-01
2.417709231376647949e-01
3.901433646678924561e-01
3.749321699142456055e-01
6.715426445007324219e-01
6.350238919258117676e-01
2.987002432346343994e-01
2.270712107419967651e-01
3.842763304710388184e-01
2.600090205669403076e-01
5.071139335632324219e-01
4.862121343612670898e-01
2.664619684219360352e-01
4.908349812030792236e-01
3.130752444267272949e-01
3.262653946876525879e-01
4.474135339260101318e-01
4.155657589435577393e-01
4.897734522819519043e-01
4.867419898509979248e-01
4.044890105724334717e-01
3.043147325515747070e-01
2.514728903770446777e-01
3.234584927558898926e-01
3.844901323318481445e-01
2.947476804256439209e-01
2.289922982454299927e-01
1.171608090400695801e+00
2.672725319862365723e-01
1.247542619705200195e+00
3.818295300006866455e-01
3.876262307167053223e-01
3.140946924686431885e-01
2.893769443035125732e-01
2.608914971351623535e-01
3.084082901477813721e-01
9.501873254776000977e-01
3.337414860725402832e-01
1.046066999435424805e+00
4.460930824279785156e-01
1.770796775817871094e-01
1.411081075668334961e+00
3.027376532554626465e-01
3.064512908458709717e-01
3.274399340152740479e-01
2.735220789909362793e-01
2.709898054599761963e-01
3.398872613906860352e-01
3.851603269577026367e-01
2.106733024120330811e-01
4.044206440448760986e-01
3.785768747329711914e-01
3.573165237903594971e-01
3.050873279571533203e-01
3.037191033363342285e-01
2.458074688911437988e-01
2.490749210119247437e-01
4.590126574039459229e-01
5.272264480590820312e-01
5.435174703598022461e-01
1.264450073242187500e+00
1.384602785110473633e+00
2.381390929222106934e-01
2.913900613784790039e-01
2.753578126430511475e-01
3.714009821414947510e-01
3.892623186111450195e-01
1.219739675521850586e+00
1.578195810317993164e+00
3.178590834140777588e-01
3.296372890472412109e-01
2.604534327983856201e-01
2.801124453544616699e-01
2.472279369831085205e-01
2.451300621032714844e-01
1.197648048400878906e+00
3.236834406852722168e-01
4.083129167556762695e-01
2.895738184452056885e-01
2.395767271518707275e-01
3.669243156909942627e-01
3.280064165592193604e-01
3.614393174648284912e-01
2.464121282100677490e-01
2.738488614559173584e-01
5.321322083473205566e-01
4.364087581634521484e-01
2.484472393989562988e-01
4.946621656417846680e-01
4.984611272811889648e-01
2.534662187099456787e-01
