2.554522454738616943e-01
2.661068439483642578e-01
2.269616276025772095e-01
4.255963563919067383e-01
1.744236201047897339e-01
4.082286357879638672e-01
3.608315289020538330e-01
2.722803950309753418e-01
2.618550658226013184e-01
3.046161532402038574e-01
2.488958239555358887e-01
2.967365384101867676e-01
2.491721361875534058e-01
4.432921707630157471e-01
2.931511700153350830e-01
2.313773930072784424e-01
3.716888725757598877e-01
2.799536585807800293e-01
3.394988477230072021e-01
2.572938799858093262e-01
2.855339646339416504e-01
6.344339251518249512e-01
2.491475790739059448e-01
2.479287385940551758e-01
6.472380757331848145e-01
2.785103619098663330e-01
3.339506387710571289e-01
3.732578158378601074e-01
2.600733637809753418e-01
2.919090986251831055e-01
6.567195057868957520e-01
7.320030927658081055e-01
3.484691977500915527e-01
2.671292126178741455e-01
2.432667613029479980e-01
2.804640531539916992e-01
2.603391706943511963e-01
3.248790800571441650e-01
3.227778375148773193e-01
2.729492783546447754e-01
3.525577187538146973e-01
4.759454429149627686e-01
2.231164425611495972e-01
2.302240133285522461e-01
3.072457909584045410e-01
5.517761707305908203e-01
5.298079252243041992e-01
3.912513554096221924e-01
4.471072554588317871e-01
2.559019625186920166e-01
2.896265089511871338e-01
3.143549859523773193e-01
2.830903232097625732e-01
2.974245846271514893e-01
2.277734726667404175e-01
3.115666508674621582e-01
2.955841720104217529e-01
2.623227238655090332e-01
2.880570590496063232e-01
3.019143342971801758e-01
2.804192304611206055e-01
2.974709570407867432e-01
2.148926705121994019e-01
2.761647403240203857e-01
2.904979586601257324e-01
4.250435829162597656e-01
4.153915643692016602e-01
2.605218291282653809e-01
3.586197495460510254e-01
3.477757573127746582e-01
2.973221242427825928e-01
2.381799221038818359e-01
8.381078839302062988e-01
2.368762195110321045e-01
3.382475674152374268e-01
2.875954806804656982e-01
2.268470078706741333e-01
2.576104402542114258e-01
2.478516995906829834e-01
4.005900025367736816e-01
4.458252489566802979e-01
2.940959632396697998e-01
3.431954681873321533e-01
3.403817713260650635e-01
3.076374530792236328e-01
3.619349002838134766e-01
3.162781596183776855e-01
3.486427068710327148e-01
2.569306790828704834e-01
2.869724035263061523e-01
2.513372898101806641e-01
2.484622448682785034e-01
5.497593879699707031e-01
2.875140309333801270e-01
2.513876855373382568e-01
3.261735439300537109e-01
2.950658202171325684e-01
2.438346445560455322e-01
2.784131765365600586e-01
3.403554856777191162e-01
3.475576937198638916e-01
2.838781476020812988e-01
3.021951615810394287e-01
2.838781476020812988e-01
3.021951615810394287e-01
2.358720749616622925e-01
2.530659735202789307e-01
3.149877488613128662e-01
3.351143002510070801e-01
2.962155044078826904e-01
2.290059477090835571e-01
3.480659723281860352e-01
1.752744764089584351e-01
3.751503527164459229e-01
2.943505048751831055e-01
3.611133694648742676e-01
2.468618005514144897e-01
3.617849051952362061e-01
3.077856302261352539e-01
5.701591968536376953e-01
5.780702829360961914e-01
2.952892482280731201e-01
2.292268872261047363e-01
3.431689143180847168e-01
3.684149086475372314e-01
5.429248809814453125e-01
4.421027600765228271e-01
4.217657446861267090e-01
4.055306911468505859e-01
4.124726057052612305e-01
3.499132692813873291e-01
3.587930798530578613e-01
3.507192432880401611e-01
4.752370417118072510e-01
4.663535952568054199e-01
4.734426438808441162e-01
2.830216288566589355e-01
2.728433609008789062e-01
2.774632871150970459e-01
2.904261946678161621e-01
2.946376204490661621e-01
2.165251523256301880e-01
5.122551918029785156e-01
2.517092525959014893e-01
4.553708136081695557e-01
3.208252489566802979e-01
3.400184512138366699e-01
3.025060296058654785e-01
2.628118395805358887e-01
2.450424581766128540e-01
2.814951837062835693e-01
3.699663579463958740e-01
3.983101546764373779e-01
4.119913876056671143e-01
3.439264893531799316e-01
1.735668480396270752e-01
8.706368207931518555e-01
2.589198350906372070e-01
3.038410544395446777e-01
3.224004209041595459e-01
3.150273859500885010e-01
3.781267106533050537e-01
3.720483481884002686e-01
3.760821223258972168e-01
2.250528186559677124e-01
3.116795122623443604e-01
4.350113570690155029e-01
4.472258090972900391e-01
4.344070553779602051e-01
2.682414054870605469e-01
2.686677277088165283e-01
2.604431509971618652e-01
4.760689437389373779e-01
4.624164402484893799e-01
4.618934392929077148e-01
2.575033605098724365e-01
6.193723082542419434e-01
2.421303689479827881e-01
2.940548658370971680e-01
2.362390160560607910e-01
2.896200120449066162e-01
2.558992803096771240e-01
1.013600349426269531e+00
9.948905706405639648e-01
3.411864042282104492e-01
3.609579503536224365e-01
2.570767402648925781e-01
2.872518301010131836e-01
2.474017590284347534e-01
2.468290179967880249e-01
8.730311393737792969e-01
4.024551510810852051e-01
3.490896522998809814e-01
2.938908934593200684e-01
3.034955859184265137e-01
3.145978152751922607e-01
3.285787105560302734e-01
3.060951232910156250e-01
3.120357990264892578e-01
3.289559781551361084e-01
4.219925105571746826e-01
4.524605870246887207e-01
2.481559216976165771e-01
4.964206814765930176e-01
4.967408478260040283e-01
2.491587698459625244e-01
