2.545283436775207520e-01
2.499490976333618164e-01
3.515417277812957764e-01
3.688465952873229980e-01
1.736885607242584229e-01
2.260232269763946533e-01
2.521528899669647217e-01
2.922345995903015137e-01
3.058212995529174805e-01
3.033134937286376953e-01
2.453972101211547852e-01
2.405576705932617188e-01
2.981691956520080566e-01
4.650016427040100098e-01
2.940717339515686035e-01
2.423675507307052612e-01
3.043221235275268555e-01
3.707077503204345703e-01
3.409613370895385742e-01
2.560922801494598389e-01
2.875624895095825195e-01
1.103219270706176758e+00
2.526287138462066650e-01
2.478256225585937500e-01
6.712618470191955566e-01
2.929989099502563477e-01
2.725015878677368164e-01
3.322476148605346680e-01
2.279241383075714111e-01
3.148443996906280518e-01
9.926050901412963867e-01
8.495528101921081543e-01
2.579289376735687256e-01
2.934462428092956543e-01
2.957874834537506104e-01
3.489089012145996094e-01
2.580497860908508301e-01
2.881397902965545654e-01
3.780016601085662842e-01
3.027401864528656006e-01
3.166068494319915771e-01
4.881564378738403320e-01
2.196775674819946289e-01
2.263730764389038086e-01
2.680834531784057617e-01
6.377184391021728516e-01
7.116209864616394043e-01
3.030976355075836182e-01
5.011577606201171875e-01
2.575452625751495361e-01
2.741589546203613281e-01
3.440525829792022705e-01
3.176104724407196045e-01
2.953300476074218750e-01
2.386456131935119629e-01
3.323665857315063477e-01
3.154248595237731934e-01
2.905702292919158936e-01
2.527654170989990234e-01
2.777799069881439209e-01
3.161032199859619141e-01
2.973843216896057129e-01
2.193587720394134521e-01
2.789062261581420898e-01
3.556563258171081543e-01
3.725354671478271484e-01
3.067536950111389160e-01
2.428126037120819092e-01
3.771218061447143555e-01
3.247327208518981934e-01
2.913840711116790771e-01
2.276546210050582886e-01
7.005363106727600098e-01
2.339402288198471069e-01
3.426427841186523438e-01
2.833893299102783203e-01
2.326053082942962646e-01
2.415804266929626465e-01
2.462915778160095215e-01
4.469710588455200195e-01
4.389427304267883301e-01
2.933516502380371094e-01
3.395706117153167725e-01
3.842038214206695557e-01
3.228100240230560303e-01
3.487164080142974854e-01
3.093760013580322266e-01
3.856006860733032227e-01
2.534779310226440430e-01
2.891728579998016357e-01
2.488911598920822144e-01
2.459759414196014404e-01
5.371980667114257812e-01
2.466941475868225098e-01
2.461943924427032471e-01
3.684853911399841309e-01
2.926522493362426758e-01
2.461149543523788452e-01
3.614901304244995117e-01
2.505462765693664551e-01
3.028824329376220703e-01
3.641891181468963623e-01
3.246093690395355225e-01
3.641891181468963623e-01
3.246093690395355225e-01
2.230559885501861572e-01
2.724004983901977539e-01
3.547119498252868652e-01
3.571021556854248047e-01
2.965057194232940674e-01
2.265361994504928589e-01
2.880792021751403809e-01
1.723366528749465942e-01
3.830474615097045898e-01
3.129630982875823975e-01
3.618505001068115234e-01
2.493864744901657104e-01
3.842524588108062744e-01
3.707619905471801758e-01
5.225169658660888672e-01
4.262387454509735107e-01
2.978055477142333984e-01
2.343848347663879395e-01
3.865791857242584229e-01
2.574613392353057861e-01
5.061860084533691406e-01
5.411875844001770020e-01
2.620837390422821045e-01
4.967119097709655762e-01
2.869313359260559082e-01
3.923079371452331543e-01
4.371558427810668945e-01
4.059752523899078369e-01
4.684714972972869873e-01
4.531672000885009766e-01
4.257061481475830078e-01
2.792137265205383301e-01
2.539596557617187500e-01
3.002791404724121094e-01
3.201797604560852051e-01
2.944557368755340576e-01
2.172407954931259155e-01
5.307390689849853516e-01
3.124133050441741943e-01
5.198401808738708496e-01
3.459489047527313232e-01
2.971102893352508545e-01
2.921780645847320557e-01
2.651034295558929443e-01
2.669299542903900146e-01
2.746706902980804443e-01
5.927665829658508301e-01
3.601048886775970459e-01
5.909197926521301270e-01
3.372530937194824219e-01
1.751438379287719727e-01
7.908558845520019531e-01
2.495488822460174561e-01
3.193182647228240967e-01
3.359622359275817871e-01
2.727918624877929688e-01
3.844734728336334229e-01
3.842547237873077393e-01
4.001939296722412109e-01
2.277701348066329956e-01
2.773583233356475830e-01
4.796103835105895996e-01
4.594097435474395752e-01
4.256770312786102295e-01
2.714737653732299805e-01
2.613922655582427979e-01
2.617694139480590820e-01
4.468209743499755859e-01
4.429070949554443359e-01
4.609777927398681641e-01
2.699733078479766846e-01
5.115300416946411133e-01
2.382731735706329346e-01
2.919309139251708984e-01
3.356541991233825684e-01
2.667971849441528320e-01
3.584285378456115723e-01
7.945504188537597656e-01
6.661192774772644043e-01
3.657117187976837158e-01
2.916257679462432861e-01
2.573131918907165527e-01
2.868014872074127197e-01
2.487272322177886963e-01
2.448571175336837769e-01
1.190745472908020020e+00
4.154860675334930420e-01
4.287559986114501953e-01
2.908455729484558105e-01
3.542543649673461914e-01
2.606858611106872559e-01
3.628060519695281982e-01
2.435088455677032471e-01
3.611724078655242920e-01
2.960216104984283447e-01
2.690566480159759521e-01
4.063822627067565918e-01
2.524845600128173828e-01
4.957693815231323242e-01
4.955048263072967529e-01
2.510682344436645508e-01
