2.523938964614789171e-01
2.678822945590028093e-01
2.330881715122742892e-01
2.984555521672452860e-01
1.747620557654235296e-01
3.275867606622321904e-01
3.260931163761924267e-01
2.764719530382873658e-01
2.566818066576516677e-01
3.017383411720900854e-01
2.454502124778034089e-01
2.759565057630573026e-01
2.468273210571983178e-01
4.479865435917149696e-01
2.925160787737161039e-01
2.342088199888604783e-01
3.330775797526397963e-01
2.939810957784146361e-01
3.410265375160532741e-01
2.565297922171176359e-01
2.848336880006127059e-01
6.455144692240050164e-01
2.481828742596998982e-01
2.462657800299576094e-01
5.903581021782906557e-01
2.601124624764324933e-01
2.835207863475063816e-01
3.182124324776970381e-01
2.273788230697432189e-01
2.964874068429504961e-01
6.829804514460176001e-01
5.044413843525920038e-01
3.036034115042839931e-01
2.660938547400885645e-01
2.478339712889228996e-01
2.829379349585227077e-01
2.574449507142617111e-01
2.985578487555888283e-01
2.768836400186623359e-01
3.001589433776979399e-01
3.261955317308400937e-01
4.829645583601130387e-01
2.192181056505015657e-01
2.131462773879546080e-01
2.740100086844572402e-01
5.941668689755250643e-01
5.788295980777448113e-01
3.067567950062171644e-01
4.535462918733470516e-01
2.646908713534279478e-01
2.604655045124220636e-01
2.828829812660152987e-01
2.876544181927087052e-01
2.962542771379005346e-01
2.269994761140497197e-01
2.893050362429586686e-01
3.097105278650694737e-01
2.548653651387573493e-01
2.814310667335374605e-01
2.858378074765822174e-01
2.588685913956227380e-01
2.968711440250751399e-01
2.157408047118375694e-01
2.727024948638068769e-01
2.734291228795144302e-01
4.099461236816953069e-01
3.537384669386353653e-01
2.456130555811910088e-01
3.664679086713136247e-01
3.378344075009076519e-01
2.967822816804974173e-01
2.242473645441118990e-01
6.880684398029631721e-01
2.322529103404152584e-01
3.372767662187947102e-01
2.873187837174141501e-01
2.248395313857182998e-01
2.375155620324931882e-01
2.396091570898306045e-01
4.238281308390895452e-01
4.439311860420196987e-01
2.928853188897005966e-01
3.459972409232885404e-01
3.644154259160261589e-01
2.764110607371731421e-01
3.743720025553118336e-01
2.739731031086921065e-01
2.382634288933983269e-01
2.541202782397644633e-01
2.845350950288020320e-01
2.492262137792380650e-01
2.461699318530733149e-01
3.480969171789506933e-01
2.522841033525700660e-01
2.681759623886000865e-01
2.694158931395254641e-01
2.913134799085864146e-01
2.274407919716601167e-01
2.554363831277824404e-01
2.853378252809173343e-01
2.688480515367465684e-01
3.055313233512041982e-01
3.345893969383437194e-01
3.055313233512041982e-01
3.345893969383437194e-01
2.185777094038043877e-01
2.516500342390219913e-01
2.991018632565209945e-01
2.863509085669401211e-01
2.955895765502025152e-01
2.207379131386372484e-01
3.018110334158017327e-01
1.753306438730936612e-01
3.147676300470984567e-01
2.704385200766913355e-01
3.012153571779682126e-01
2.482195343729047265e-01
3.565372740835163201e-01
3.182749082825752640e-01
5.291278306240412288e-01
4.755654384601911144e-01
2.958130465395912845e-01
2.231487508143520371e-01
3.507293077131369841e-01
2.678231520015952882e-01
4.249235953045501502e-01
4.120705795398326710e-01
2.581996973950440033e-01
3.716824483116315525e-01
2.700370893958949914e-01
3.490373123804427213e-01
3.502887511288444999e-01
3.553169248119592560e-01
4.268897839849336573e-01
4.182330586353141255e-01
4.064958082956928176e-01
2.469462124552201099e-01
2.932811057026989965e-01
3.078597477423242190e-01
2.533972490030915181e-01
2.975816381377657804e-01
2.151928672594257685e-01
5.394823835476189045e-01
2.929944501019357550e-01
5.327242646665956149e-01
2.662240948783472505e-01
3.305466917935871440e-01
3.288685351668347301e-01
2.674682796551008934e-01
2.383509360296581781e-01
2.521507582351637522e-01
3.965140914233105107e-01
4.213132293773180215e-01
3.324397389875713427e-01
4.060678382402175823e-01
1.735485106481487738e-01
8.134515461473975639e-01
2.596099711313024638e-01
2.793751968852911105e-01
2.828211423451844064e-01
2.842353525217649612e-01
3.217526248426467173e-01
3.282302697125156765e-01
3.254061654539600612e-01
2.207187475720746583e-01
3.062546549659077022e-01
3.638119638192396921e-01
3.692313387965894811e-01
3.633311365748757571e-01
2.565809341620153838e-01
2.543085926647111195e-01
2.560361115683690847e-01
4.421881293257750589e-01
3.773685001077463630e-01
3.631325215215800428e-01
2.334413556928292555e-01
5.505901015291205791e-01
2.481970325231029617e-01
2.936804686731829817e-01
2.224586741854936156e-01
3.321592017204154645e-01
2.418587220043353636e-01
7.186327505700309537e-01
7.552270780895339319e-01
2.584532180998366790e-01
3.588568466577546356e-01
2.556043493870207017e-01
2.856876804363518429e-01
2.461588725140022027e-01
2.466721005347083384e-01
7.790434106571353379e-01
2.747851210661089172e-01
2.988634929826576303e-01
2.902338035303162478e-01
2.696068695424782002e-01
2.944369208078764788e-01
3.211336931657981508e-01
2.837678384372537832e-01
2.543768806188423381e-01
2.804488997188672728e-01
4.679237703219972233e-01
3.823856914107887639e-01
2.473481492955692251e-01
4.960931710583976750e-01
4.959443720142899803e-01
2.469569807050330246e-01
