2.600064002971207433e-01
2.564887107009258260e-01
2.290500118727807344e-01
4.371447766472983387e-01
1.741233542435185466e-01
3.764527618650764795e-01
3.650679607446841168e-01
2.617134651524902211e-01
2.511431164911076541e-01
3.032072764346223637e-01
2.473477434396677277e-01
2.936205223540705456e-01
2.386054135777933849e-01
3.764521534721509965e-01
2.947806636171719230e-01
2.192619142611056948e-01
2.989456082056016206e-01
3.431515339154103117e-01
2.631501391874916940e-01
2.531578467372366803e-01
2.817844067600208668e-01
5.743354502501838432e-01
2.477006821788330926e-01
2.457782909004145588e-01
7.436189431053384924e-01
3.054284663583734516e-01
2.422639938041802332e-01
2.978136477033809237e-01
2.667135260802817598e-01
1.962236397383939623e-01
5.376999825460200277e-01
4.877415716006257562e-01
2.450095217223738353e-01
2.893485025637405617e-01
3.067509499952199015e-01
3.644901204159954888e-01
2.492256052157459656e-01
2.651022696958105218e-01
4.084073328767384714e-01
2.958533721606013689e-01
3.452551803593523760e-01
5.057901671618061368e-01
2.168119229917426782e-01
2.160918861983623651e-01
2.699468602708395282e-01
6.148392756954315086e-01
4.216991005530313918e-01
3.303224592634257939e-01
4.836365768729440351e-01
2.999345634270125793e-01
2.592558337168786031e-01
2.717689707808141897e-01
3.202690797867836503e-01
2.940710316845053796e-01
2.470379093557122374e-01
2.802501655637990030e-01
3.738525869209123886e-01
2.374796615785793874e-01
2.567510341815157915e-01
3.368072537243521070e-01
3.140978956624043694e-01
2.995724203477054814e-01
2.185022367658151776e-01
3.390009514286901338e-01
2.994792522833864545e-01
2.779134143742772456e-01
3.593043788835447727e-01
2.470411471198836750e-01
3.631729357520394053e-01
3.110421658630911357e-01
2.979458181119521987e-01
2.162308628936817911e-01
5.837222433767265128e-01
2.276449729199379324e-01
3.416629782513950775e-01
2.865068912144460578e-01
2.249778697358730262e-01
2.843109537407332854e-01
2.492845982808343519e-01
4.183986990324536914e-01
2.403114457259911130e-01
2.948066779954608418e-01
3.314112715167899514e-01
2.666612728535946997e-01
3.223707453841287429e-01
2.818340493204061770e-01
3.165347217826778858e-01
3.301888966828788741e-01
2.586824029431128991e-01
2.864135753391541250e-01
2.484005098020638236e-01
2.465645985554612563e-01
4.671727218040588325e-01
2.984740717208680394e-01
2.472135951736711412e-01
3.012560961119514769e-01
2.880348944119061616e-01
2.158672481599470394e-01
2.508129886491803906e-01
3.943914883688732775e-01
3.429805300512520083e-01
2.716746820268177709e-01
2.539209170073292721e-01
2.716746820268177709e-01
2.539209170073292721e-01
2.285236433363458386e-01
2.478077656295597231e-01
2.743524387257693098e-01
2.647583615284435643e-01
2.971831006543380060e-01
2.195148166242686105e-01
3.660516176629559082e-01
1.753707570370431346e-01
3.764030222182979668e-01
2.712528831498137172e-01
4.007720137918718839e-01
2.450903118266934133e-01
3.857746081345819755e-01
3.740017476620356440e-01
6.570408949962182055e-01
6.191265200597478868e-01
2.969299887473613730e-01
2.274597770365676674e-01
3.830674074939656171e-01
2.609852557991221289e-01
4.509859087381430931e-01
4.789304080234684791e-01
2.559142245620759093e-01
4.921362506992698616e-01
2.575004191302777135e-01
3.620570549958458950e-01
3.789165392982384306e-01
3.993576702884483742e-01
4.433634191636149913e-01
4.413781694028400260e-01
4.206186910086601727e-01
2.944425993647168949e-01
2.462587628857456912e-01
2.844294900154961114e-01
2.973339290750557362e-01
2.985165184342233879e-01
2.178849283548085769e-01
5.735928281781453864e-01
2.644116946124460132e-01
4.576548112248514655e-01
3.466482066657565198e-01
3.338139301758200617e-01
2.969304701796925405e-01
2.838733956140060410e-01
2.391831369696275911e-01
2.573074748816863710e-01
5.596386421579150339e-01
2.758834240206553545e-01
4.864611453145988862e-01
3.565201169176120954e-01
1.740545074029835881e-01
3.659159027132372621e-01
2.476770642298310732e-01
2.674953096397065799e-01
2.746602761887504407e-01
2.869871796643009842e-01
4.125273136961329912e-01
3.837292742034245641e-01
3.826724028228063457e-01
2.187779703963207978e-01
2.627026818910386252e-01
4.227710638711671964e-01
4.301877036312704017e-01
4.303304818505488960e-01
2.413483153022027705e-01
2.820537040893517644e-01
2.514253731388624291e-01
4.847452070877575903e-01
4.895076163320969398e-01
4.318714635533681401e-01
2.570715399858702899e-01
3.803964102601760100e-01
2.477038985005044769e-01
2.919234617187561609e-01
2.187229931867548105e-01
2.651113773280847075e-01
2.434312742127154316e-01
7.673185153665091907e-01
5.574940648170194635e-01
3.397066660992277276e-01
3.616553469292912992e-01
2.546505185221064060e-01
2.889408227821354536e-01
2.472456186220489127e-01
2.481803289704775373e-01
8.594231887454409913e-01
2.911850834753225148e-01
2.572290163870891155e-01
2.943179823262938033e-01
3.084514021326567046e-01
2.790282320512318948e-01
3.163657906515472962e-01
2.547560329048059180e-01
2.696359578337250151e-01
2.627184271114511582e-01
4.951367157518599682e-01
4.811498717432950434e-01
2.481082341022918525e-01
4.957092989671067484e-01
4.977911068478876877e-01
2.470458817292713327e-01
