2.415426152560478656e-01
3.240193691499634321e-01
2.383853449373848910e-01
2.406488786916424760e-01
1.741130928560846725e-01
3.791296138082465017e-01
2.470110314025118492e-01
2.935080021350112145e-01
2.745976410832775549e-01
2.982423470945078647e-01
2.589265026123422908e-01
2.515598441916313543e-01
2.892235683763539345e-01
4.825102406386727605e-01
2.880711882819061431e-01
2.246507493789698939e-01
2.743875801969832273e-01
4.046305644351479436e-01
2.388818850399549443e-01
2.541152776367950339e-01
2.854319516089015574e-01
9.346634336503985008e-01
2.508498896434394609e-01
2.441062703026108949e-01
7.127511582939999313e-01
3.015579382462773017e-01
3.103012457461659657e-01
3.765530541276643217e-01
2.081837938924265552e-01
3.164157288109123445e-01
9.272961386641945802e-01
8.616480564975729228e-01
3.233084599844400775e-01
2.328506190909179208e-01
2.941483349110214918e-01
3.648407285360714680e-01
2.443011600842702746e-01
2.626421688674673849e-01
2.851242686909686852e-01
3.025941222907683192e-01
3.192394582099783995e-01
5.019980983859663182e-01
2.218540429339167230e-01
2.162412578012044007e-01
2.630140603190613269e-01
9.724042640506045387e-01
9.074041567617412429e-01
1.990841197665592921e-01
5.100260174458772777e-01
3.030843531581502437e-01
2.490547850121333229e-01
2.509699104554615756e-01
3.007503528165052509e-01
2.944250328631759506e-01
2.173503215082935591e-01
2.485013548026743513e-01
3.674979928774523841e-01
2.640639358506013390e-01
2.627921012768999476e-01
2.739460974478619693e-01
2.762584714790492502e-01
2.949224265191285888e-01
2.360944031213294547e-01
3.004713842362904397e-01
3.216436024176449471e-01
3.411750708232901830e-01
3.632266893928654539e-01
2.446474377772406006e-01
3.808183398012878196e-01
3.741792736932284535e-01
2.893368093088773962e-01
2.276347300519423189e-01
3.555902237170757707e-01
2.791579480742822916e-01
2.436887057619244179e-01
2.803949013521987998e-01
2.505206422247935882e-01
2.322324581041792790e-01
2.395300067527677268e-01
4.326307167399031095e-01
4.234628791118760782e-01
2.315303727811600654e-01
3.471094761657098626e-01
3.730347448519288345e-01
2.725085253766282856e-01
4.053165572590972099e-01
2.700895764900478335e-01
2.782636460001288725e-01
2.577615488435827107e-01
2.842202791329068168e-01
2.482555111476587584e-01
2.471068979012185640e-01
4.524122492481594260e-01
2.524017363223293731e-01
2.954762481539110475e-01
2.566646232977720099e-01
2.942567679288032867e-01
3.520134644392430290e-01
2.878500594342619512e-01
3.681979361844734400e-01
2.827594331860470711e-01
2.464199187392778767e-01
4.125717986005434934e-01
2.464199187392778767e-01
4.125717986005434934e-01
3.276109865284689282e-01
2.505501050669873275e-01
2.641471141220329000e-01
3.164579950183457613e-01
2.944247515267524595e-01
2.802712504140890126e-01
3.567563347416239927e-01
1.754265276168150423e-01
3.698163378690944580e-01
2.530679873346557973e-01
3.015440476321862295e-01
2.522038229785267816e-01
3.228201353357210146e-01
2.415109434564730873e-01
6.372220774700245727e-01
6.339455095927780670e-01
2.926590422728496677e-01
2.226934195631895264e-01
2.831882054957829964e-01
3.183636170099496954e-01
5.196242969774003129e-01
3.904226764899366153e-01
4.003650679330459372e-01
2.672592021079572278e-01
3.388619851434397923e-01
2.681692544193040595e-01
3.208565439392985774e-01
2.707782228306711003e-01
3.933720541838264251e-01
4.182133802549208856e-01
4.015714697741759598e-01
2.470635722033148185e-01
2.466623900012837045e-01
3.284876286472306339e-01
3.098590760833650481e-01
2.961743052916968044e-01
2.291884133222194253e-01
3.837475166269971316e-01
3.138494925671610480e-01
3.176394928801298256e-01
2.986331836219280333e-01
2.864113529568633187e-01
2.519092073916312513e-01
2.754111099568471999e-01
2.525042524601742167e-01
2.845047283330939258e-01
4.158599959908600985e-01
2.624696940043587667e-01
4.148115433137448127e-01
3.105358438561889867e-01
1.728568512326191242e-01
8.622612252630420526e-01
2.994061067625931050e-01
2.790203394561643346e-01
2.957827027372376683e-01
2.857290780911400652e-01
2.696174682760957286e-01
3.161851970335095574e-01
2.962345196265873670e-01
2.123419660404403941e-01
4.044166516090315078e-01
3.048733080927091277e-01
3.145775828739629243e-01
3.063838816852406111e-01
2.661000652408994638e-01
2.452143851306355093e-01
2.571473168954041544e-01
4.540808025717716356e-01
5.047551411187037873e-01
4.871073752023756809e-01
5.563209070284301783e-01
6.649258883107267426e-01
3.033561492778306667e-01
2.949416380193821685e-01
3.269922235494328033e-01
3.508594009149673121e-01
2.783771864271277208e-01
8.380824036316258940e-01
7.189800971876215696e-01
2.610266069632746211e-01
2.570948946278314717e-01
2.543138158752464850e-01
2.855315398852803499e-01
2.486563574427780310e-01
2.465664723921210666e-01
6.798067745975140408e-01
2.572652855141462913e-01
3.821299878045731346e-01
2.845488321393419562e-01
2.595400069655448561e-01
3.359762211646911689e-01
2.678518355900698089e-01
3.459027323034212231e-01
2.385922429632540975e-01
2.621423609561512880e-01
4.795259061835725478e-01
4.752791847197720965e-01
2.488684139018540464e-01
4.963476562121306168e-01
4.975814746094405772e-01
2.470079628458772825e-01
