2.478802556708613603e-01
2.535383871807441181e-01
2.258812677364094301e-01
3.461275497125579359e-01
1.731272655893163481e-01
3.917905302292293279e-01
2.967325182728168809e-01
2.711256276032813495e-01
2.538385719502785354e-01
3.035563014710546681e-01
2.470880624519588564e-01
2.799118261912655337e-01
2.604135791603764960e-01
4.574153528620154563e-01
2.978304712526664844e-01
2.150335239778913832e-01
2.634653277868460042e-01
4.185784476860518466e-01
2.763148784394247048e-01
2.530070710457785754e-01
2.863895073019948612e-01
9.470866964890575224e-01
2.510598361760951747e-01
2.436325816079032147e-01
6.868548725502992003e-01
2.702716117514465388e-01
2.720738379023086018e-01
3.396043906461619910e-01
2.423835783834941693e-01
2.522716587139690048e-01
7.677209109713259982e-01
9.784654278179348852e-01
2.603527576387352216e-01
2.923479748121848854e-01
2.649724757863126112e-01
2.818469859198864391e-01
2.652203378042021220e-01
3.117563217702774558e-01
3.042571059146446655e-01
2.578251988287311169e-01
3.229350382465512870e-01
4.697139272016913059e-01
2.225640769648745965e-01
2.234333153043469855e-01
2.881156549670415568e-01
7.234408699093373141e-01
8.833180334203848405e-01
3.851855774672058863e-01
3.619876597770357862e-01
2.457704044110349262e-01
2.976981527087989576e-01
3.058896258285369596e-01
2.511618588024346344e-01
2.975971761875103039e-01
2.204477240291642659e-01
3.071519354289208303e-01
2.742017648949571784e-01
2.715899874114524049e-01
2.675627899466032633e-01
2.662065186503279057e-01
2.728705333177666725e-01
2.924230084114425865e-01
2.099097253070893454e-01
2.467737526184717867e-01
2.845832787106714057e-01
3.868577802424182366e-01
2.765985064224679157e-01
2.451717141142362999e-01
3.788692361858522206e-01
3.717735505532796525e-01
2.995495840869424886e-01
3.391828753292865928e-01
1.024643345298196895e+00
2.839237370356010315e-01
2.685069167577729399e-01
2.766944072815133437e-01
2.420717940744647745e-01
2.439846834168228618e-01
3.023924724852217194e-01
2.747326013619695861e-01
3.932168966925174702e-01
2.848447623812135343e-01
2.070632699912958175e-01
2.425288827983495266e-01
3.397727507976932015e-01
2.627781847140461813e-01
2.540042951008532057e-01
4.724992054976751010e-01
2.576518091733580595e-01
2.866705417369229125e-01
2.509413836096152650e-01
2.480672214090958172e-01
6.047916113705600338e-01
2.736515294178271107e-01
2.438706336446935519e-01
3.135573054659028802e-01
2.277605768795047669e-01
2.655543756548390255e-01
3.572410031269389052e-01
4.370073375889803602e-01
3.384660260617539107e-01
4.474892139912786670e-01
2.958643609594604484e-01
4.474892139912786670e-01
2.958643609594604484e-01
4.411825054257434431e-01
2.533906009741843657e-01
2.764703511950736825e-01
2.937778309066628735e-01
2.956054146009333694e-01
2.150392202495133021e-01
3.447226431741869934e-01
1.746716771125531864e-01
3.718130541842118442e-01
2.572564687055292620e-01
3.629442737206513003e-01
2.417886272855909180e-01
3.804079907223197887e-01
3.778043795500594104e-01
5.989001277110949095e-01
5.727076466743561411e-01
2.972728940322999502e-01
2.265058953097808248e-01
3.790173765447131249e-01
2.607569565277392254e-01
3.362733408973981875e-01
5.451605768021895448e-01
2.358798750407700706e-01
4.589253242111239195e-01
2.810520948573425604e-01
3.429303845916776283e-01
3.668548526423087708e-01
3.566532789761061029e-01
4.420843023762146551e-01
4.303807603020934347e-01
4.310833035267459534e-01
2.747441894818573038e-01
2.685644880562265691e-01
3.055039956431071513e-01
2.884176195766898210e-01
2.926153948793407955e-01
2.255290685309251919e-01
7.151926663655709948e-01
2.909908243045994936e-01
9.098216616820139491e-01
3.181820569872110260e-01
3.482121579836917613e-01
3.106756433529346273e-01
2.820584438861281629e-01
2.534222558229958788e-01
2.773886122869574922e-01
7.569952654055325247e-01
3.813271773499134487e-01
8.079147285311520932e-01
4.424665809246758341e-01
1.741025018357496013e-01
6.797959056989640869e-01
2.406870463945332550e-01
3.015168940904802142e-01
2.842385112660909541e-01
2.599732731053809864e-01
3.887971717680527850e-01
3.664673744115197751e-01
3.299089278882935128e-01
2.179848222618816500e-01
2.669899462392501532e-01
4.406605937850350818e-01
4.111156434272777438e-01
4.222778015568129928e-01
2.584411550290698356e-01
2.556435204142920581e-01
2.504527296643318524e-01
4.646710192554105445e-01
3.864841557269816930e-01
3.386937784778703553e-01
5.882450446081930462e-01
9.010044044419166509e-01
2.999805053617627393e-01
2.928796338671101340e-01
2.445038892467618907e-01
3.590181413319160630e-01
3.020622338053871037e-01
7.813055220478585250e-01
8.532337609573710235e-01
2.592974218227455663e-01
2.924514788093932061e-01
2.596360215441426700e-01
2.826781837791542129e-01
2.467856342361344490e-01
2.473660751406733249e-01
7.930951364086901156e-01
2.588755932007779093e-01
4.199105966543774104e-01
2.944547889446372801e-01
2.567108555829489824e-01
3.560915554944134587e-01
2.764375256835792105e-01
3.735249711582525056e-01
2.386226508790474377e-01
2.461288301802958267e-01
4.921975732616211130e-01
4.583383165293538064e-01
2.472390991806687754e-01
4.955807959992853950e-01
4.965710226453630138e-01
2.472089022281766801e-01
