2.429203559272750668e-01
2.657255037588606705e-01
2.359735319135404519e-01
3.932185426356434865e-01
1.775126921506844924e-01
3.664102850542487189e-01
3.000691815915473848e-01
2.814747046932733476e-01
3.834736186770702493e-01
3.077638818342942617e-01
2.545060350786890746e-01
2.447576261229126304e-01
2.556205260865986872e-01
3.388190484474083997e-01
3.041709690191225501e-01
2.141257064772584540e-01
3.760558508080561468e-01
2.606273693021777804e-01
2.588594526427013820e-01
2.665781574421709488e-01
2.776372178307167649e-01
8.656326946439540926e-01
2.447490696873285965e-01
2.435099422465007435e-01
7.625263062318036189e-01
3.056129298860172372e-01
2.394610026302597117e-01
2.921255826324278271e-01
2.424784426449081709e-01
2.686345644334365290e-01
8.960822237517180877e-01
6.427723260636442060e-01
2.948323403596537773e-01
2.856912515242893136e-01
2.457820812015827638e-01
2.442852540888613699e-01
3.064741056910450512e-01
2.775634417626048345e-01
4.331192178229573697e-01
2.395692293308356868e-01
3.987404456962003740e-01
4.966946568164538611e-01
3.497027074943979685e-01
2.393557101324586267e-01
3.678205687460465168e-01
1.189910770955981967e+00
1.027307330801741747e+00
3.144728018924171642e-01
2.838547459709029330e-01
2.636974251003312841e-01
3.059787314383156653e-01
3.788196773743529588e-01
2.923160297612447667e-01
2.919931233743945365e-01
3.608248448948429554e-01
3.449098684239010337e-01
3.203710424370703747e-01
2.277725676964051649e-01
2.305050737788639781e-01
3.572442529002235467e-01
3.771207869447045780e-01
2.868777250605942242e-01
3.508094537297568039e-01
3.742874368602311930e-01
2.584833080753559664e-01
2.408963806912357841e-01
3.853614731767541213e-01
2.514994929299353976e-01
4.270882226725090658e-01
3.823647854997568873e-01
2.948817100851199857e-01
2.650035999583710278e-01
5.460262282020826863e-01
3.009237407253846919e-01
2.270875264781432867e-01
2.517211210118270870e-01
3.098290598289555886e-01
2.373879441246173339e-01
2.982743178596414801e-01
3.039773568362885703e-01
4.804989020384755616e-01
3.012617661146139159e-01
2.201897942091836646e-01
3.142809861116059866e-01
3.778294025341297213e-01
2.647895241028520030e-01
2.561313472442776074e-01
5.414461695830615762e-01
2.676829500775829151e-01
2.681422293604589502e-01
2.487933024983677577e-01
2.665637055488326856e-01
3.722895730107350643e-01
2.445544972261105288e-01
3.007368495605408643e-01
2.551006403563011449e-01
2.806635694849213825e-01
2.037912603220230767e-01
3.339406207358047718e-01
4.236444617704005489e-01
2.967270940369008958e-01
4.375727847057280795e-01
4.823049280935272631e-01
4.375727847057280795e-01
4.823049280935272631e-01
4.449783747460493988e-01
2.366884021931483228e-01
2.528945789105788156e-01
3.152360169952866387e-01
2.257560967967153220e-01
3.567815734487568835e-01
3.989374713345304468e-01
1.751474682581611320e-01
3.587141334482102373e-01
2.334695099081193492e-01
3.065606259356784546e-01
2.487510955541676061e-01
3.383858312800094303e-01
2.522914842637261068e-01
6.788700380108085852e-01
6.808345205246389975e-01
2.950721316271183725e-01
3.293708051611906606e-01
3.099491225824905771e-01
4.148876900876824481e-01
5.482413530459643303e-01
6.228613850729598500e-01
4.623529780564770153e-01
4.343179545036392475e-01
4.764029955013645568e-01
3.158484666532208052e-01
3.804439242213805694e-01
2.265238659728416870e-01
3.082460283767181064e-01
4.415713933746540087e-01
3.110499036637334180e-01
3.101989073889869220e-01
2.557717106124302031e-01
3.429791306574530574e-01
3.822064245556699436e-01
2.963140477839416032e-01
2.129026277407581047e-01
1.313762784326511612e+00
2.637796424446319787e-01
1.354481903350393868e+00
3.755555964066017438e-01
3.671259858128995690e-01
3.215754485564709664e-01
2.964230296203664849e-01
2.452448554410779080e-01
2.996069574003059066e-01
1.237444871822825032e+00
2.940239454973650468e-01
1.260568125198519684e+00
4.208285467151298143e-01
1.753172429825008427e-01
1.240218998133690853e+00
2.479592475087303016e-01
3.724019190879636065e-01
2.384954204044571202e-01
2.991402624979748737e-01
3.694786187375331821e-01
3.806446144924426900e-01
4.312105444707678981e-01
2.315766529127042672e-01
2.180820627936801148e-01
4.620865965112044838e-01
3.711850667484196120e-01
4.647532788099800749e-01
3.070406414312570331e-01
2.484691172439823792e-01
2.517920728272831643e-01
4.692939452708378423e-01
3.824839036161092887e-01
4.563448386422779279e-01
1.081768834156942916e+00
1.152651809740758981e+00
2.482852255562079113e-01
2.925144933596534047e-01
2.654574768395133177e-01
2.762259632826553624e-01
3.918598268528605821e-01
1.131410546190242616e+00
1.049672399537481482e+00
3.874165925091963558e-01
3.262317942628758516e-01
2.577834090325696326e-01
2.737006216457005259e-01
2.467267811687934576e-01
2.432452886107463463e-01
4.153018493578050641e-01
4.169244266994839299e-01
2.778192054865824545e-01
2.958250130618357288e-01
3.675970255541380904e-01
2.496110536077422448e-01
3.307980271718337084e-01
2.651453773759489541e-01
3.710953622673528463e-01
2.754325050956848431e-01
4.683516506784811129e-01
5.270918477960983006e-01
2.493604198507141101e-01
4.972256896879351240e-01
4.950531576880040641e-01
2.393751808675806114e-01
