2.467110370419057785e-01
2.602102628836676645e-01
2.240409479978890117e-01
4.200200791110152432e-01
1.756891722365587216e-01
4.102432965584356106e-01
3.680036932321839593e-01
2.831415428522959798e-01
2.472939870964282749e-01
3.028602519042574159e-01
2.420427393054340459e-01
3.019338954843234224e-01
2.521583737427274818e-01
4.616663035121490455e-01
2.937276328723505414e-01
2.319867446212833251e-01
2.930838570508498275e-01
3.053657155759980646e-01
3.461213428276436188e-01
2.576706456463866979e-01
2.844708839295506664e-01
4.563939038452679009e-01
2.480519023617525631e-01
2.457864571988020441e-01
5.862083525794011818e-01
3.019701923478552708e-01
2.523016091694632590e-01
2.956954961522781922e-01
2.359447866893255030e-01
2.572194871419578588e-01
7.289629905598411508e-01
7.173778612727231829e-01
2.907837597929583406e-01
2.654009308536237621e-01
2.489957259190169470e-01
2.662919874293483979e-01
2.711612045000499904e-01
2.591228870547521157e-01
3.943733754081387155e-01
2.525562288066839356e-01
2.780194628063377138e-01
4.881259574383055577e-01
2.208765410448728095e-01
2.209280108879850546e-01
3.058542415095464317e-01
4.848538898907454597e-01
3.903372454272384107e-01
3.659424285561819756e-01
2.767221356832674783e-01
2.542185500843183177e-01
2.752952159990017522e-01
2.928412355128951483e-01
2.666293576944376298e-01
2.953340973146699744e-01
2.190849956817261801e-01
3.043564014982441668e-01
2.980143213198832020e-01
2.656680430807289439e-01
2.649143923462780603e-01
2.729116510309416155e-01
2.716794494166560048e-01
2.971002844119549624e-01
2.131710323930881834e-01
2.601855082539168973e-01
2.853356800500897461e-01
3.351105397119433782e-01
3.149468501303492873e-01
2.534569978298710224e-01
3.215483543822383883e-01
3.068245461635255578e-01
2.962897394598128509e-01
2.230268370921013876e-01
7.045926101700275002e-01
2.318821337864321874e-01
3.415061585986607917e-01
2.859429082519013843e-01
2.240454741548024153e-01
2.379465983460535006e-01
2.410376151436435799e-01
4.340289805783812405e-01
4.431577496960205087e-01
2.953972363086245778e-01
3.385552280752319732e-01
3.747464352443513613e-01
3.100596798002462906e-01
2.877166667259140054e-01
2.888237594580991829e-01
2.722086832356254149e-01
2.563962151283584179e-01
2.859812312917349164e-01
2.474664915034273938e-01
2.459870439485223048e-01
4.407187221376634989e-01
2.628259406198946713e-01
2.491518836173021723e-01
3.110683381475480846e-01
2.936141747005653335e-01
2.359263679322178564e-01
2.701380502906876035e-01
2.659002017547777985e-01
3.075325298885586700e-01
2.642930017269554677e-01
2.721780739982679331e-01
2.642930017269554677e-01
2.721780739982679331e-01
2.158477110356147588e-01
2.543404332320092776e-01
2.911369417232261836e-01
2.949442015265046901e-01
2.956914692174656967e-01
2.240572392213671382e-01
3.009627666057909101e-01
1.751683026424594725e-01
3.799366733425761367e-01
2.740807418400625362e-01
2.806425138629390914e-01
2.481228755410568310e-01
3.508328117791912892e-01
3.339107581809218073e-01
4.558305320160803142e-01
4.571105601613426050e-01
2.964763340952168980e-01
2.299532233898760603e-01
3.346850564179643661e-01
2.567259781517107764e-01
4.780796227550313526e-01
3.455523570969128988e-01
2.502584485999920783e-01
4.175997052824096945e-01
2.863428041832553617e-01
3.762148657778767724e-01
3.448783109814378967e-01
3.412780122908577463e-01
3.930842111888140922e-01
3.854349042531310388e-01
4.101824664051189062e-01
2.529944763915062400e-01
2.425484452429390869e-01
2.986985223444119653e-01
3.474612676160647173e-01
2.972829514532770445e-01
2.194853344540905749e-01
4.839817240283542654e-01
3.032273721383317855e-01
4.788383624407970829e-01
3.338028691350178878e-01
2.929150505991174880e-01
2.563052922361183650e-01
2.660347424936259086e-01
2.497682334635074886e-01
2.877133138317210515e-01
4.440039440861962006e-01
2.604776768283830202e-01
5.176520516799233418e-01
2.951187007880773927e-01
1.742938301512380883e-01
7.642592481369430146e-01
2.632181067461052959e-01
2.760167637803645491e-01
2.816344199575807061e-01
2.981222923679660020e-01
3.243520541727274442e-01
3.024393341992000495e-01
3.118561778678766161e-01
2.203910426572719961e-01
3.030631090463636879e-01
3.749218937118394268e-01
3.573333044101869582e-01
3.694446745615065919e-01
2.607660505939158324e-01
2.526775707476538457e-01
2.534596966156637543e-01
4.019611435580568437e-01
3.933484457476593699e-01
4.385928200047733427e-01
2.598008437785983005e-01
4.649411413050212882e-01
2.424270391032934679e-01
2.862873540378303439e-01
2.159387334756946719e-01
2.643339864370829462e-01
2.495794433147534297e-01
8.050130703339584137e-01
7.858833384649982490e-01
3.103097640364075316e-01
3.558738735646469475e-01
2.555523760253775034e-01
2.862967824675070605e-01
2.470440986159715135e-01
2.464031350372140050e-01
9.311580932565167723e-01
3.147477980664230013e-01
2.499767694475341917e-01
2.941930605284701072e-01
2.985146803265020798e-01
2.809302622954092943e-01
3.239894648066518057e-01
2.510166438748983597e-01
2.949758033870634177e-01
2.704340163701014488e-01
4.875673877644444709e-01
4.913214037479953222e-01
2.465479347578497793e-01
4.964441037362244402e-01
4.960719984069791311e-01
2.485307029185362393e-01
