2.506952585277419376e-01
2.587327667234717854e-01
2.252452986552586633e-01
4.107211984659509540e-01
1.748408690467688209e-01
3.521563617364736887e-01
3.491423545865156020e-01
2.776375100370913618e-01
2.521270313312402589e-01
3.044361743369702333e-01
2.431669189937717135e-01
2.925387897866559839e-01
2.496045471116601355e-01
3.981265882343099638e-01
2.947211545257322207e-01
2.360805559843174029e-01
2.969727436824291522e-01
3.118957034936744588e-01
3.484711196549403756e-01
2.556467563338772897e-01
2.853561871066599975e-01
4.085202805333743026e-01
2.480945196314939538e-01
2.468135793890308960e-01
5.721022399974421413e-01
2.887244875284904477e-01
2.593579120339315480e-01
2.987159677466734720e-01
2.247143950524551903e-01
2.833652711607447250e-01
4.521867179759037070e-01
6.701811598479875398e-01
2.888951132908302855e-01
2.648143337885403015e-01
2.433098157568168995e-01
2.591328172411050401e-01
2.776007915612331289e-01
2.687032295677062033e-01
3.414449719627783986e-01
3.018842080372188819e-01
3.273160738154912708e-01
4.831667590361407583e-01
2.200122693714147148e-01
2.134545956582374338e-01
2.721059074366712349e-01
6.699343852775528907e-01
6.263847841295839824e-01
2.993946096687068459e-01
5.123818110205560217e-01
2.750986015170469590e-01
2.521717950676516384e-01
2.694990994762608283e-01
3.007829178501984502e-01
2.961093982027616645e-01
2.329596865687404705e-01
2.776296709084587477e-01
3.448959129457379591e-01
2.557426414463291886e-01
2.797558740830146662e-01
2.818512018881421666e-01
2.614622362956038892e-01
2.972733518806472408e-01
2.155679402499093289e-01
2.835308302108463518e-01
2.770800366323099562e-01
3.468720594490772857e-01
3.738672364855387120e-01
2.559154958353944687e-01
3.205125432820029041e-01
3.078761287453422590e-01
2.954869647515671049e-01
2.169615340018814509e-01
6.813492457708900663e-01
2.319850592687477397e-01
3.343573090262381142e-01
2.863176097590386382e-01
2.205957604205961431e-01
2.586890705157656734e-01
2.426154600005173967e-01
3.757379062724750529e-01
2.885702144153002857e-01
2.947573113823895863e-01
3.376179527489303056e-01
2.782731685032072133e-01
2.901624956728351412e-01
3.075582736337219014e-01
3.112029166729142204e-01
2.754075644192386929e-01
2.552001709008872021e-01
2.858452300744799279e-01
2.489732531733731269e-01
2.463703952709130340e-01
3.813037380520939990e-01
2.629308001613733237e-01
2.552444937170513795e-01
2.826187544860581657e-01
2.912539946355756637e-01
2.243165422666046627e-01
2.582065401158424867e-01
2.920402932163605469e-01
2.838827976302775169e-01
3.004915768899790174e-01
2.729339538997146430e-01
3.004915768899790174e-01
2.729339538997146430e-01
2.252999317372016697e-01
2.644386384033717841e-01
2.780334352263078013e-01
2.710572389901518275e-01
2.964676962232471458e-01
2.202020361410210181e-01
2.827251543224253982e-01
1.742499988742826356e-01
3.701460673491125397e-01
2.767676895497245271e-01
3.207455257162210027e-01
2.453745840567594649e-01
3.684045390994805658e-01
3.393979797379448882e-01
5.122370200635986137e-01
4.524055888075768084e-01
2.960425523090935984e-01
2.248661174975099264e-01
3.644792793329910685e-01
2.658190700452044974e-01
3.677891947845012277e-01
4.270015436488485139e-01
2.599930459574730790e-01
3.972891366946450509e-01
2.738349397348318059e-01
3.338658167916533359e-01
3.552869253450661735e-01
3.362122103994946154e-01
4.410491638669099546e-01
4.180563874850002359e-01
4.454952100275755833e-01
2.469544481660920221e-01
2.842690717423700941e-01
3.037567298940229144e-01
2.612267819680378356e-01
2.967136213323909311e-01
2.149528649667447333e-01
5.760551152517119355e-01
3.012060554936143997e-01
5.177707992616189525e-01
2.731418867945841211e-01
3.159271695288248250e-01
3.185951409217409602e-01
2.687678178651598526e-01
2.408104102572683758e-01
2.560949297740408581e-01
4.372204878882917645e-01
3.644516791925020982e-01
4.634895439210162116e-01
4.025084109437599977e-01
1.738732738989205995e-01
6.142988799278132905e-01
2.500058615910537574e-01
2.799274410162372884e-01
2.785942412621337239e-01
2.821007019448009134e-01
3.374177340419729498e-01
3.241638883298849083e-01
3.197399753736694383e-01
2.228499844384816964e-01
2.802685317150864774e-01
4.107724500820827407e-01
3.923679245488254641e-01
3.968538313358203062e-01
2.556532447897281179e-01
2.522844191409810422e-01
2.597480158418185026e-01
3.772164715377899769e-01
3.846388131489685835e-01
3.955861410956332813e-01
2.485007040098946574e-01
4.160777586071305878e-01
2.491667440239833942e-01
2.885984385405347963e-01
2.171544539145888186e-01
2.778362487686422688e-01
2.443390168376677052e-01
7.827880444208202837e-01
6.974195985551685517e-01
3.028095460528442140e-01
3.228092349320300092e-01
2.551211046349656786e-01
2.858148020243399534e-01
2.476080896686632116e-01
2.460395971280069649e-01
7.719677428836595467e-01
2.830056335695196879e-01
3.024509672976627428e-01
2.937391318161391984e-01
2.821599009563529603e-01
2.801729426244345955e-01
3.283760130694301504e-01
2.694066892474258346e-01
2.622935854782928455e-01
2.735960425254859163e-01
3.989607961600729613e-01
4.139716889089109508e-01
2.479110424245645761e-01
4.965474044798051101e-01
4.963326797769880283e-01
2.476208327192510328e-01
