2.438685767379330793e-01
2.812396481682910010e-01
2.325535633458231666e-01
2.797582710568096709e-01
1.748892219340462406e-01
3.954747775089363926e-01
2.584300754227091823e-01
2.778826551431243241e-01
2.681326762414413811e-01
3.023160590487474209e-01
2.483687531355633360e-01
2.521562936115128162e-01
2.722926782302451110e-01
4.757118114242427365e-01
2.942671268213077340e-01
2.238559383481037723e-01
2.668326710963332404e-01
4.040942576831434985e-01
2.703842372888179413e-01
2.560391421649960697e-01
2.844774490469832440e-01
1.261737034596886575e+00
2.497631890483746897e-01
2.478662197875453055e-01
7.298326613326876489e-01
2.606616071851330374e-01
2.933029668517266320e-01
2.739661573382423665e-01
2.295521598550848141e-01
4.008897406955229670e-01
9.401156658709304281e-01
1.180996953773099767e+00
3.682781502212588709e-01
2.948191354011282517e-01
2.359278474821500104e-01
2.798086343891406091e-01
2.554912355334552077e-01
2.805201717959652785e-01
4.661259284028861916e-01
2.438903564083000075e-01
3.171450671642637165e-01
5.039975279869846059e-01
2.373491197577642375e-01
2.209440639106983739e-01
2.759999168894357591e-01
1.113577754344348580e+00
1.035230383313944014e+00
4.668018062934168877e-01
2.927785409364589975e-01
3.048926556400807786e-01
2.526446345158249174e-01
2.421489229827878953e-01
3.193746087325070038e-01
2.938071307944611910e-01
1.997104808976133405e-01
2.449675193115890826e-01
3.649759166700274338e-01
2.561894791418066197e-01
3.040384988334235428e-01
3.057804273401477646e-01
2.569930761761298199e-01
2.936690968654753764e-01
3.468143104479401440e-01
3.311568800370047194e-01
2.973053169397035789e-01
4.706631640988058196e-01
4.807525996412886360e-01
2.618469850666229615e-01
2.983790687418393928e-01
2.498127791661835240e-01
2.883359831410547414e-01
2.148060295995808666e-01
1.082965831863284212e+00
2.870528592071859841e-01
2.906374694209833409e-01
2.789884869504772880e-01
2.270989616149892976e-01
2.521169750976163804e-01
3.026103645922020302e-01
4.117814105150445214e-01
3.160441053089445007e-01
2.943783458269764175e-01
2.182466324979108474e-01
3.120060144223649190e-01
2.606158448685361173e-01
4.250135380356091508e-01
2.796555931858877853e-01
4.946545639685369089e-01
2.553917715419984913e-01
2.829795111769776161e-01
2.533964830074498242e-01
2.515831585169788776e-01
7.132915377500266274e-01
2.476966251936044972e-01
3.026284825920293464e-01
2.622109259792524960e-01
2.947843665684639625e-01
2.145904526479243124e-01
3.103586680032525136e-01
4.435700831027263868e-01
2.557477797497146321e-01
4.351704899340931854e-01
4.733061812640773081e-01
4.351704899340931854e-01
4.733061812640773081e-01
4.341524317209521922e-01
2.458918303464227018e-01
2.730224000868878842e-01
2.925915416097635280e-01
2.216324450271803803e-01
3.505272396799778423e-01
4.022073177663947896e-01
1.731631707179892843e-01
3.629468341956316735e-01
2.431047444765372934e-01
3.192020622428743404e-01
2.438434519958339042e-01
3.866430304483702285e-01
3.768762178173689081e-01
6.789678719497276305e-01
6.699370138216178550e-01
3.022175045835766571e-01
3.123263777110407147e-01
3.859139752003485913e-01
4.510321750647500738e-01
2.944850596543431842e-01
3.736808125566957739e-01
2.374370318893747611e-01
4.388228411623688041e-01
2.685233246810931340e-01
3.552655490791734594e-01
3.883507164662146072e-01
3.688799825175615443e-01
5.300781860754059105e-01
5.455538485797808423e-01
5.313318660942123461e-01
2.663775360070987364e-01
2.456509211686492833e-01
2.560006371596236785e-01
3.373979846063158705e-01
2.923805407254113642e-01
2.140627112492841100e-01
1.322211377615887251e+00
3.040198801423882879e-01
1.215798721357834733e+00
3.609782697101052706e-01
3.456845923713487978e-01
2.723947780527963269e-01
2.784379784385767054e-01
2.446139269894469226e-01
2.689724809512930581e-01
1.152982530302886666e+00
3.316531752655275667e-01
1.253523167657336401e+00
3.318090545115650603e-01
1.760629341934006609e-01
1.473857231685914204e+00
2.848709259301481223e-01
3.304338782436138655e-01
2.703600436244727456e-01
3.174458285646142852e-01
2.944637215855080425e-01
2.935446736915321986e-01
2.794341789617335037e-01
2.231133511003482728e-01
4.040639550662868396e-01
3.010133581273106707e-01
2.690790016745217006e-01
3.027635734169282222e-01
2.491655796296397829e-01
2.497041232819894874e-01
2.677826711963605111e-01
3.067899233379434709e-01
4.509460491650302272e-01
3.545802751569062106e-01
1.332217668246597819e+00
1.526433620224381560e+00
2.985372586677308981e-01
2.912727209128538330e-01
2.797745282180807980e-01
3.524314554418216394e-01
3.240883401264687547e-01
1.341285083905807474e+00
1.320733677788041627e+00
2.514865912443601248e-01
2.870786287006421578e-01
2.591078399384329489e-01
2.742002592757136759e-01
2.473547413083492241e-01
2.452318458094847609e-01
7.297725546723609069e-01
2.927604517564201259e-01
2.574461962809983517e-01
2.945015505300241365e-01
2.543672517094098251e-01
2.884755079767237773e-01
2.501917253293837184e-01
3.125863055530064827e-01
2.708051127528459112e-01
3.623417675896527523e-01
3.112726869056691714e-01
3.684397010790930183e-01
2.409922994459803292e-01
4.971676625336129418e-01
4.971225995656298746e-01
2.496077738189481088e-01
