2.612589472632677046e-01
2.581352386322199322e-01
2.390916721205198769e-01
3.993889919833096269e-01
1.746086127436893010e-01
3.070863139866725766e-01
2.519248275687840932e-01
2.818509867687762904e-01
2.841293230948415127e-01
3.067721810655480441e-01
2.453955426490131431e-01
2.378529954432883897e-01
2.760832397085036805e-01
4.322599914499264950e-01
2.857178877103232484e-01
2.292905891742847979e-01
2.816508333224539418e-01
3.990140364433362175e-01
2.693639201856615761e-01
2.562197779796690500e-01
2.864054808401287899e-01
2.791909645601444723e-01
2.498020903991878261e-01
2.468011585644079298e-01
4.597128285580617812e-01
2.407607219579208924e-01
3.610118822447296871e-01
2.912640884107571826e-01
2.275339812173980958e-01
3.793789211850389087e-01
6.373305890486872238e-01
1.063941196146823254e+00
2.657621040159571790e-01
2.615506040160062162e-01
3.017893140803621366e-01
3.744702050655961956e-01
2.536446002819947587e-01
3.010794463687785361e-01
2.393668775597452836e-01
3.027679289767955528e-01
3.470362571888905290e-01
5.791982776201889394e-01
2.176252971048895646e-01
2.231668036914223330e-01
2.662507702121469921e-01
1.460976884464382231e+00
1.531963230425912315e+00
3.173078887113551794e-01
5.100625494778667779e-01
3.033191789620032219e-01
2.424422234795896580e-01
2.648278031241976249e-01
3.233444258930479598e-01
2.984805005386254040e-01
2.531847094169480950e-01
2.743916312799621893e-01
3.840086954594487678e-01
2.462508206541248745e-01
2.846353720117156261e-01
3.101544167109616668e-01
2.564366938910408455e-01
2.974192409820704541e-01
2.112869795897161507e-01
3.097036119900504758e-01
2.800219740110813649e-01
3.163994958590591877e-01
4.237093796768929832e-01
2.475802648290678087e-01
3.854772351186904755e-01
3.743029937021939979e-01
2.971754891637722884e-01
2.346845255028264798e-01
6.872229903592058653e-01
2.764643820289686138e-01
2.352312648422152375e-01
2.822615738322074019e-01
2.542175953520623977e-01
2.436255151827340093e-01
2.393042082177291030e-01
4.489527290785758629e-01
4.317467195610903419e-01
2.940890621219122703e-01
3.483651784140732732e-01
3.952513006299524512e-01
3.695104108833059953e-01
2.718039312784449324e-01
3.473872623542266225e-01
4.557212872723057084e-01
2.563412538892217984e-01
2.861407190844574289e-01
2.498631049737681242e-01
2.485006349247709800e-01
7.191712277424713307e-01
2.478478907763205508e-01
2.995892456427904360e-01
2.443317750301550739e-01
2.960624428780687656e-01
3.552045945634533797e-01
2.906717732817774569e-01
3.571194439476892968e-01
2.730442507274776776e-01
2.129258681909637352e-01
4.692541388132235869e-01
2.129258681909637352e-01
4.692541388132235869e-01
2.225011963307344798e-01
2.532044801199367368e-01
2.516040749802596066e-01
2.869233963396870535e-01
2.957218297720101141e-01
2.406161450430072402e-01
3.037694455370175128e-01
1.773506637615102632e-01
3.885425848626222756e-01
2.990953884359986437e-01
3.760150471284066098e-01
2.398497654131714341e-01
4.004091806222712657e-01
3.727183083277411102e-01
6.303046064771429258e-01
4.942822878418179355e-01
2.946293385427580236e-01
2.260631546777335521e-01
3.891486540839294017e-01
2.739779073893652273e-01
4.997648604777443770e-01
5.474739102319172712e-01
2.856146004676447525e-01
5.011595185213534309e-01
2.751882775507018541e-01
3.578565307755995351e-01
3.902405325754433885e-01
3.479281647528620902e-01
4.383000331819828510e-01
4.335458738169541415e-01
4.650971187784226357e-01
2.377426885845334570e-01
2.418095431063495282e-01
3.860142687151997265e-01
3.842265259885787598e-01
2.912703011851048296e-01
2.417657377739456659e-01
1.353660478235803488e+00
4.031158992236069660e-01
1.508256935435370982e+00
3.469348701163391668e-01
2.725943427338149982e-01
2.558254322929223723e-01
2.631893268402495933e-01
2.586737092840075691e-01
2.828233678836286624e-01
1.581182242892760437e+00
2.911955552187235896e-01
1.436007237465212194e+00
3.334465681742230792e-01
1.730016729485660820e-01
9.870344569360351983e-01
2.434617012060068253e-01
2.950286956662692694e-01
2.640079980311856866e-01
2.782739054390963584e-01
3.896594702692183221e-01
3.855974796324118103e-01
4.003479937757837837e-01
2.205095180539751731e-01
2.636236242447450029e-01
4.457838731857993730e-01
4.136444197933201172e-01
4.477380559941337435e-01
2.693432092031110003e-01
2.539433461601087738e-01
2.521373278856153255e-01
4.710067470591215444e-01
4.290211165264945503e-01
4.459741463765699576e-01
1.169481502525042016e+00
1.108025755996611572e+00
3.042263502818739473e-01
2.974706595333757586e-01
2.149888234110309271e-01
2.573364933858657277e-01
3.081428339987417608e-01
8.260582925107839980e-01
1.076669120255898893e+00
3.766016957726880943e-01
2.679931660172501506e-01
2.539139818951262062e-01
2.930709609469364096e-01
2.488386654151945321e-01
2.433141352662029355e-01
8.467648568229921846e-01
2.480486793507873933e-01
4.308137231354112195e-01
2.887165483439401159e-01
2.603890382005494830e-01
3.542641924009826693e-01
3.273181567632346689e-01
3.706229112647332902e-01
2.331233018503412191e-01
2.849211499693923288e-01
5.067266617302784715e-01
4.661392748912151496e-01
2.463883033787501731e-01
4.955603538520313989e-01
4.942749665082422084e-01
2.507742974378637801e-01
