2.614461134297440537e-01
2.752325505598244293e-01
2.380551869169511281e-01
3.066562193848660911e-01
1.734047137346523826e-01
2.823451114716677424e-01
3.065041917976125685e-01
2.732324060207373950e-01
2.576645336173373768e-01
3.032680702652634230e-01
2.483244023832368585e-01
2.730498120437260812e-01
2.537962944690336231e-01
2.960486333854442931e-01
2.985634778467276540e-01
2.248319401416932206e-01
2.605197166804272269e-01
3.808303904027861009e-01
3.779106194201234947e-01
2.541484750637340029e-01
2.886587485783837503e-01
3.538213696284441823e-01
2.490931685761060832e-01
2.448044040911882546e-01
7.543851833478965041e-01
2.922006569187594049e-01
2.770971069985354585e-01
3.082054672218961233e-01
2.329898971269754870e-01
2.613586618638204517e-01
6.791201628060316020e-01
5.778614995718361902e-01
3.158427702783910274e-01
2.554533374801268297e-01
2.395015595836671729e-01
2.526624194310603810e-01
2.640407217918321336e-01
2.690433335779647828e-01
3.429260792380097178e-01
2.956714768167869045e-01
3.117312717935807886e-01
4.791277174900932523e-01
2.207742325625997593e-01
2.175150931897047724e-01
2.746577353632339014e-01
6.726665956360713405e-01
6.423775211611342240e-01
3.092103729762405440e-01
3.825098962661414026e-01
2.763357634821053121e-01
2.587587902852089838e-01
2.729415243696435289e-01
2.858880178780466297e-01
2.969735880418567509e-01
2.296254840872596070e-01
2.758884654161852801e-01
3.140337913639498213e-01
2.473595822658141430e-01
2.759713629642196464e-01
3.058962411855237762e-01
2.615126030780116073e-01
2.976738462846456601e-01
2.146511374444700082e-01
2.979862648297126881e-01
2.803696749004878641e-01
3.358182400150541702e-01
3.866396873693040415e-01
2.646839889216717756e-01
3.188939397590256908e-01
3.233457252794646464e-01
2.952873540854678569e-01
2.265526875682553620e-01
7.981973557101825767e-01
2.297138600459325553e-01
3.292222483719570159e-01
2.834794269077081097e-01
2.224389053736897659e-01
2.376040247354075097e-01
2.436577342104927768e-01
4.455214553083695628e-01
4.328238076845504212e-01
2.906060036407098202e-01
3.506008960433510957e-01
3.681054698300236794e-01
2.647756058004495650e-01
4.172500041708540053e-01
2.641312060992485611e-01
2.433777079879732297e-01
2.550441946798391868e-01
2.846047500935483532e-01
2.475008937541859910e-01
2.469069849231181890e-01
3.021669856054531866e-01
2.529882285620579374e-01
2.846224748150407713e-01
2.530567801616755430e-01
2.848925431432760003e-01
2.139509417702650240e-01
2.399567872147187753e-01
3.429010576666731147e-01
2.604507420787753325e-01
3.678186675446449838e-01
3.193641811173929534e-01
3.678186675446449838e-01
3.193641811173929534e-01
2.353046294066113153e-01
2.768935530101371278e-01
2.860548669273232925e-01
2.652171564025813111e-01
2.968441872238480883e-01
2.154308898092294200e-01
2.798160533904442970e-01
1.759561191478734576e-01
3.777769333691511355e-01
2.702409611282243218e-01
3.879680322892851141e-01
2.426583268148422290e-01
3.693673727904834836e-01
3.112697597265348115e-01
5.162738116501388586e-01
4.184396016611539038e-01
2.959078259298221769e-01
2.235616072175101721e-01
3.458585948401197707e-01
2.781433730439484830e-01
4.364681194675569809e-01
3.107362257930909033e-01
2.769861293232188659e-01
3.602038045365074104e-01
2.952273150312841876e-01
3.463214981024126393e-01
3.112517944349950660e-01
3.094141635421491787e-01
4.209089548579179052e-01
4.434237842113178396e-01
4.311802715940239450e-01
2.527703275325109411e-01
2.715533933591241511e-01
2.821297770969322660e-01
2.700741341131429052e-01
2.973753939703436822e-01
2.174789397991928885e-01
3.919226384637143346e-01
2.766763674051210820e-01
2.904956673348751961e-01
2.736748789459910181e-01
3.046757465088934524e-01
2.770323409698983164e-01
2.634067844530382785e-01
2.448572855327356690e-01
2.718735824980868521e-01
2.776684808418526940e-01
3.311488780816376765e-01
3.366008635929153558e-01
3.643302134679172744e-01
1.729280603869818300e-01
3.217866863831237989e-01
2.569267686329000933e-01
2.831375734883356809e-01
2.732424936017568973e-01
3.068332636799910307e-01
3.082077614429035162e-01
3.414897727513663273e-01
3.191785789394895323e-01
2.213040670446539959e-01
2.895047345940361949e-01
3.308032874613877072e-01
3.510992096653822725e-01
3.608235298932171986e-01
2.546932171553660806e-01
2.477615399939084584e-01
2.623858432373420424e-01
3.738228510830118312e-01
3.914183606645744162e-01
3.512571929191017350e-01
2.658572496557349285e-01
2.973414752563033336e-01
2.967501942557775885e-01
2.890772020090876526e-01
2.184080910383294494e-01
3.450785574950714363e-01
2.440989399356704725e-01
6.973588302645624681e-01
4.647330342413287796e-01
2.658866776313887903e-01
2.467743736828000856e-01
2.579072025621185205e-01
2.860660266211400571e-01
2.475901857849614751e-01
2.483068183846374455e-01
8.066105764065827355e-01
3.182496991312836476e-01
2.675471548952463308e-01
2.931737890352669740e-01
3.114639767122590053e-01
2.557361346887879194e-01
3.096342992176769893e-01
2.515380655027568135e-01
3.042634007309368838e-01
2.830302445249395782e-01
4.897295695701617269e-01
4.788037611446146480e-01
2.494806151951476925e-01
4.970508727291933493e-01
4.970711105513486716e-01
2.464917947535797960e-01
