2.482461560287514690e-01
2.607052972421205483e-01
2.256205545817609459e-01
4.186720738967371069e-01
1.749831676569961747e-01
4.044210400898375912e-01
3.599543907218483718e-01
2.832965400978330606e-01
2.531850635132260052e-01
3.044008117960300686e-01
2.430612972292635066e-01
3.017790747156182674e-01
2.505136851781621377e-01
3.562243254926254488e-01
2.962654734754971986e-01
2.309931902043466379e-01
2.888468119690140168e-01
3.075468219785943425e-01
3.467415878584709232e-01
2.552819505253691168e-01
2.857364806794640000e-01
4.622495032880248877e-01
2.477790290314889343e-01
2.472093562546499035e-01
6.068457575908222656e-01
2.499541471870686538e-01
3.152335617572089022e-01
3.241491832242326954e-01
2.335090591984497754e-01
3.306230867309484789e-01
4.802707931920029427e-01
4.708267003588690880e-01
2.969841958912488589e-01
2.818938652685722968e-01
2.440010952722284632e-01
2.520249509259632759e-01
2.795437695034160286e-01
3.297881299538166777e-01
2.528139525579480851e-01
2.648206199958607621e-01
2.843504811775741103e-01
4.813008131939775502e-01
2.198614778474381748e-01
2.193262783093141988e-01
2.881969997535954731e-01
5.129730564299992412e-01
5.107208494347590388e-01
3.303864099761228412e-01
3.058124566972547642e-01
2.679950712073858043e-01
2.617269226217817102e-01
2.853981592508220699e-01
2.935808252335791457e-01
2.965541073904850444e-01
2.305109402490488069e-01
2.840454464574923565e-01
3.193352682907596995e-01
2.538412902670753590e-01
2.777242593074423227e-01
2.884916985881345597e-01
2.603791906439442694e-01
2.976941967280076762e-01
2.146346068017940534e-01
2.722310592298949894e-01
2.739178599591801100e-01
3.563186768094543933e-01
3.487536064372332434e-01
2.465264933746064702e-01
3.772119584160198436e-01
3.468686827320802135e-01
2.965420368135242568e-01
2.294658386273476236e-01
6.384312476142669501e-01
2.340332658095025387e-01
3.428402523142092817e-01
2.875619887315713497e-01
2.244248467978710859e-01
2.418544235491945915e-01
2.399234694937206203e-01
3.746414245386948116e-01
4.381607074550197822e-01
2.904885585663078418e-01
3.451387824150699557e-01
3.209366471371797314e-01
3.227306008184809283e-01
2.805423980969790065e-01
2.813098040347520867e-01
3.552290477464742913e-01
2.550252430671087200e-01
2.867999287158172206e-01
2.484943327302832905e-01
2.477281615372874946e-01
5.527855328983907190e-01
2.588442099050169976e-01
2.627327485259756124e-01
2.800227385137439851e-01
2.952926527989626071e-01
2.338713548034375145e-01
2.711763971398983286e-01
2.674963231399432595e-01
2.848495942663073488e-01
2.613987947654591304e-01
3.404904570397671026e-01
2.613987947654591304e-01
3.404904570397671026e-01
2.177016728048277727e-01
2.599765686854657032e-01
2.723910592316805546e-01
2.695255003632222590e-01
2.964783409042518469e-01
2.219321492372061111e-01
2.962498899419324649e-01
1.745131405063129748e-01
3.714749490389717690e-01
2.617146940373459851e-01
3.380897435975166454e-01
2.441597590057914824e-01
3.726521546128354068e-01
3.166824477766400636e-01
5.262830522981494230e-01
4.748526493194341058e-01
2.966560856252929979e-01
2.221711719097862470e-01
3.631619965226098867e-01
2.594904596111667905e-01
4.705917537016549579e-01
3.892716151742161568e-01
2.655248764398788763e-01
3.821889769526236602e-01
2.746767707578064988e-01
3.249030962548111745e-01
3.489841612169964913e-01
3.576041225660509526e-01
4.283893164991715019e-01
4.407468641067557313e-01
4.375386260451923914e-01
2.523379722613744991e-01
2.599969731211018709e-01
2.953823926330048644e-01
2.837594768895285169e-01
2.972410438779614084e-01
2.138639917780781607e-01
3.789921886417975672e-01
2.901336802167924778e-01
3.979706634926375997e-01
2.874400921242748486e-01
2.832943038044370421e-01
2.748452343995338443e-01
2.701738403341132910e-01
2.513711092858526008e-01
2.636773518876220357e-01
3.322785854282474527e-01
3.004656502813652930e-01
3.440734939793398950e-01
3.339866357916112527e-01
1.740119947506856279e-01
4.219947586004840767e-01
2.524713844089597203e-01
2.793904804981652834e-01
2.842747146434623229e-01
2.821575162818556470e-01
3.559459922429714096e-01
3.501719254354724864e-01
3.516848963302364184e-01
2.248118312576526390e-01
2.666146656671837256e-01
3.617649521956589620e-01
3.824577513509352933e-01
4.052251518637977612e-01
2.589981732725035179e-01
2.587258220828403954e-01
2.480294591372172730e-01
4.190769289685607468e-01
3.877054315124656703e-01
3.895078412851250005e-01
2.536570625550386149e-01
3.390921274096785343e-01
2.865348738588208155e-01
2.854750480694821513e-01
2.214246568883626309e-01
3.181665384212822856e-01
2.409273657601554708e-01
5.780613403821182050e-01
5.453561726354425598e-01
2.741251285783608549e-01
2.546199497470626461e-01
2.536422070141259311e-01
2.850564131103299759e-01
2.482316928212822682e-01
2.454001699661032820e-01
8.076013948983148394e-01
2.412628639102615824e-01
3.006517413129707328e-01
2.919237527895115480e-01
2.869475104809059984e-01
3.071039018138285726e-01
3.233960621589879736e-01
2.976730839257454297e-01
2.488029734371719481e-01
2.763661354080279575e-01
4.641431928690369912e-01
4.975136105386620544e-01
2.452670311394329339e-01
4.947466926318814795e-01
4.964230208277065071e-01
2.467712936733995610e-01
