2.474443419632867125e-01
2.692770774148628421e-01
2.227446778961726104e-01
3.791127570981746020e-01
1.742291176842956368e-01
4.192237211915746942e-01
2.644817786344852428e-01
2.909693802066375401e-01
2.764673799069415350e-01
2.762556378187270290e-01
2.620604739171636388e-01
2.450951252175233852e-01
3.024515483844347763e-01
4.691575888399723282e-01
2.939251033578547112e-01
2.229061995511228966e-01
2.645731405215527854e-01
4.121801926381820635e-01
2.754281711087314677e-01
2.543974323583789166e-01
2.854885100222542826e-01
1.372808093890755421e+00
2.485795846232298767e-01
2.466357410099395409e-01
6.946740486295446271e-01
2.463628140524780075e-01
3.244647818881146173e-01
2.464450019485617260e-01
2.256352265669849255e-01
3.801111505432375193e-01
5.422822389762398387e-01
2.790451284754369432e-01
3.836792537204585796e-01
2.952815336598147988e-01
2.440360773575180053e-01
3.299324233339374635e-01
2.413045201323858746e-01
3.329323066550176624e-01
4.669096564118586645e-01
2.528709786068109033e-01
4.002737133729608598e-01
4.904694388339024269e-01
3.522631088215969486e-01
2.284428489051002764e-01
3.593736117813404740e-01
1.450399127905169783e+00
1.456032718973412354e+00
3.192995431707344456e-01
3.065171905879508496e-01
2.829784793688097655e-01
2.573181509847502491e-01
2.714807350683279275e-01
2.874933801532616462e-01
2.954687793755096936e-01
2.181281458973218790e-01
2.533414995123063895e-01
3.090161886164122240e-01
2.971067239948148586e-01
2.497087425351773859e-01
2.557296071931405845e-01
2.940583564689180363e-01
2.881362214072786809e-01
3.461575823228725812e-01
2.492157038664663538e-01
3.435234458551752468e-01
2.908304597377330825e-01
2.544320220767258278e-01
2.456909465075459431e-01
3.916196308483853583e-01
3.732686537578556729e-01
2.797496063788686427e-01
2.255426345294154200e-01
1.450872227071803078e+00
2.749084625076304578e-01
2.372130522857110735e-01
2.852189413286736475e-01
2.750700646817543227e-01
2.458035104288844308e-01
3.030442444251805756e-01
4.127737583770314522e-01
3.151398487537367399e-01
2.959909462130380087e-01
2.172185030724977095e-01
3.116341279169173029e-01
2.657763198844252939e-01
4.102195799766715778e-01
2.793553335618570999e-01
4.936571678282553055e-01
2.576921213020798573e-01
2.831664373349880304e-01
2.491890274682912187e-01
2.483746688497599220e-01
7.050018437165873619e-01
2.693403443710966072e-01
2.693085967746541853e-01
2.819382707587685388e-01
2.959293441776340572e-01
2.129302460806444808e-01
2.842361379856343517e-01
4.393100521316978258e-01
3.139080603189229324e-01
3.746103105822603530e-01
4.252359304782644123e-01
3.746103105822603530e-01
4.252359304782644123e-01
4.366276092388531316e-01
2.522262881343693142e-01
2.685505961759417914e-01
2.691772707190462355e-01
2.222905411510799900e-01
3.536591312848232360e-01
3.868128463141061180e-01
1.752048688544051713e-01
3.773804014065415546e-01
2.633809546313330974e-01
3.114587568109760118e-01
2.360771816237369480e-01
3.811064120168007885e-01
3.944889475083240282e-01
6.360877071462902599e-01
5.441507704384130895e-01
2.986513287472445932e-01
3.207883983834076691e-01
3.831063731626650481e-01
4.402627448929345433e-01
2.529389582673452486e-01
4.276938030108807798e-01
2.733726116793807059e-01
3.837070996722620198e-01
3.097893225771259917e-01
3.652317115702158334e-01
3.260477327535224457e-01
3.571027491627198902e-01
5.292883649846067406e-01
5.112483727011117862e-01
5.387893880608621844e-01
2.402399266260144828e-01
2.430984494609411961e-01
3.863846630692728268e-01
3.741478518097620665e-01
2.951657760101098482e-01
2.211323675324280980e-01
1.436164239560370426e+00
3.882214610828733647e-01
1.443219650449671931e+00
3.249442845795941226e-01
3.714706122811347044e-01
3.767369013988336457e-01
2.740840678804127850e-01
2.391647661882078668e-01
2.491434133079489244e-01
1.611624833792429712e+00
2.583918377707200009e-01
1.582984203708837967e+00
2.923004295474086467e-01
1.735234575133356716e-01
1.361905854806912064e+00
2.517034927201386996e-01
2.778998335041102941e-01
2.877702503145260216e-01
2.906633930502730556e-01
3.475187110272526803e-01
3.018033459501727189e-01
3.391751422623632828e-01
2.195233327678894342e-01
2.824022749670071497e-01
4.074930064303719512e-01
3.336460644823021071e-01
3.739289853009104547e-01
2.579494150160969168e-01
2.608178439774946344e-01
2.478140499499627281e-01
3.669027368575352166e-01
3.651765925799891344e-01
3.799562468017064765e-01
1.089024796563045960e+00
1.333821237517049729e+00
3.026071982823220208e-01
2.941097093800427165e-01
2.215320936476043445e-01
2.770689842467807251e-01
3.200861249619953997e-01
1.590162214670415297e+00
1.495351107941691016e+00
3.839788089809495486e-01
2.733168461219034340e-01
2.558111220375788308e-01
2.860448165237998719e-01
2.468568874742239350e-01
2.481213849275396288e-01
9.054084990090208729e-01
4.546455410154588983e-01
2.303993389795403191e-01
2.942645540602465415e-01
3.248133684333596172e-01
2.832971434570192293e-01
2.967069075800740641e-01
2.345637248022536536e-01
3.754308165919733598e-01
2.537724638719918713e-01
4.742371795563384840e-01
4.923455770261758735e-01
2.465304430362809940e-01
4.968120211566770528e-01
4.959863717713839937e-01
2.470880497272954779e-01
