2.496693370347221053e-01
2.598000034007048042e-01
2.270699886049949712e-01
3.846921747548561754e-01
1.744144547940560674e-01
3.491136569704702541e-01
3.340687796818043731e-01
2.805916866436882762e-01
2.538657081275687011e-01
3.030837953496852144e-01
2.444131648401716150e-01
2.876238715354594855e-01
2.517679351872451066e-01
4.498038845699845467e-01
2.944944607476293053e-01
2.320804393025822920e-01
3.559094757149816046e-01
2.822178333383675852e-01
3.409641026960067989e-01
2.552586848593594304e-01
2.843097536871905251e-01
6.961100429105876453e-01
2.482526325380482179e-01
2.469050284209618196e-01
5.957990504322913106e-01
2.603991505773596837e-01
2.752559095961404356e-01
2.859714239688630477e-01
2.374629108436292768e-01
2.712712348975581667e-01
5.909498860479949212e-01
5.109236514780324256e-01
2.920140646291485287e-01
2.735072613720882506e-01
2.460872964730520251e-01
2.576270822268283411e-01
2.793272398236304466e-01
2.859152768281123524e-01
2.936664439809408278e-01
2.611546845677676365e-01
3.347121369330031126e-01
4.780807882608146264e-01
2.201595563664995037e-01
2.231596418515265356e-01
2.999751361546535433e-01
3.649855830466284257e-01
3.154619981676982099e-01
3.350053388100203700e-01
3.331664367803757187e-01
2.593485691383169978e-01
2.729250218353564406e-01
2.720767999755315247e-01
2.704697184943836152e-01
2.953790641287713514e-01
2.265504549342529927e-01
2.847578827004786928e-01
2.839287007846431621e-01
2.516752121742784620e-01
2.671822369099833283e-01
3.006172427765521626e-01
2.661203303453315572e-01
2.962946251653545970e-01
2.169651904248898755e-01
2.781803051616456024e-01
2.751945878145553581e-01
2.987116786301944327e-01
3.263077231488868413e-01
2.616897977874027559e-01
3.130721469306433913e-01
3.221864554226746002e-01
2.963148863678622402e-01
2.228445722432874088e-01
6.844692009418408274e-01
2.321121773315864834e-01
3.352674662079652146e-01
2.880236894445249995e-01
2.267052717001539763e-01
2.389680586317152189e-01
2.419447425551899677e-01
4.171353187053713496e-01
4.130999091313025673e-01
2.943517569602722150e-01
3.428476662128642216e-01
3.588532284000955364e-01
2.669038621324433813e-01
3.690357674430634893e-01
2.902098140902805157e-01
2.619011746395550344e-01
2.543858047971246927e-01
2.859048460568637817e-01
2.485658713668272013e-01
2.471005742699938779e-01
3.402971436365221924e-01
2.662331523587303517e-01
2.503128988437560154e-01
2.890527589414301213e-01
2.893729059953873972e-01
2.328636982255090915e-01
2.544543342203976488e-01
2.689787809211592884e-01
2.957451958765434652e-01
2.745221911553938909e-01
2.651024152835732561e-01
2.745221911553938909e-01
2.651024152835732561e-01
2.109074650541435669e-01
2.483312626485562613e-01
2.697119296267758148e-01
3.066348169813306046e-01
2.954964599668035152e-01
2.192101780480967543e-01
3.325821458811945575e-01
1.750653745995297272e-01
3.481230671632473683e-01
2.665229724806468248e-01
3.016059691107807472e-01
2.478803151554376527e-01
3.439656481183474002e-01
2.991968637936124331e-01
5.126256877092362219e-01
5.304910170383994039e-01
2.954469870405146414e-01
2.263040488407737638e-01
3.336633191213073113e-01
2.784306238648945331e-01
4.805319253185971751e-01
3.560421359981630340e-01
2.657898014267671694e-01
3.223784302623804998e-01
2.981667721922607872e-01
3.097188912056667576e-01
3.201594322913984825e-01
3.311168771117801723e-01
4.095819830237013570e-01
3.806216343293875037e-01
4.104900025307962608e-01
2.776310679721083474e-01
2.551748457627667777e-01
2.637569371740038360e-01
2.845022636845272457e-01
2.963617928450637540e-01
2.148502059311507006e-01
4.509275765615998188e-01
2.563171276299978096e-01
3.709575449974471528e-01
3.135473434968873985e-01
2.968614681852147497e-01
2.795225692782817850e-01
2.637075767817501637e-01
2.451983494438700895e-01
2.663731720862070884e-01
3.293206524237500266e-01
3.607314661251292409e-01
3.550486947968035101e-01
2.928826246789456023e-01
1.733832728439248794e-01
8.314773115570609496e-01
2.476041846064286622e-01
2.937962180958106906e-01
2.799047146654478069e-01
2.939264542459739671e-01
3.198904801611608395e-01
3.485947037269949700e-01
3.100295351327364002e-01
2.270439847837044389e-01
2.611897245624996700e-01
3.930659537842922657e-01
3.799681227891500424e-01
3.809742170134620687e-01
2.554215677476367463e-01
2.562571667464040859e-01
2.523222751364782024e-01
3.354710377004154753e-01
3.388896455811423181e-01
3.044504537118462029e-01
2.493909851734786298e-01
6.178914010580242033e-01
2.383663292842102266e-01
2.841206624424668647e-01
2.253914747146224806e-01
2.798387658335469430e-01
2.862042278775852044e-01
7.633503124896657832e-01
7.878444036175905607e-01
3.104488999785727232e-01
2.802592138396110544e-01
2.563239265752610407e-01
2.851631640057756822e-01
2.475744566074123132e-01
2.459299118418421248e-01
6.304443071254633990e-01
2.655148015477075130e-01
2.849951295895064574e-01
2.922529750042919816e-01
2.795639437621947887e-01
2.982415626421660027e-01
3.227524008719753201e-01
2.762259609485790968e-01
2.562167631653368693e-01
2.783593912481922561e-01
4.908710463740518781e-01
4.388707704591887637e-01
2.475148771635703460e-01
4.964307876948400589e-01
4.964255027998976111e-01
2.475200438527974667e-01
