2.525381035202852176e-01
2.877292385889017590e-01
2.259642229780269573e-01
3.270060067959312811e-01
1.753038655746659846e-01
3.438800413267517064e-01
2.640151389624370570e-01
2.704031942374193753e-01
2.777158478070813619e-01
3.027820279494869982e-01
2.457459782882921162e-01
2.535870863558705168e-01
2.745395179777318506e-01
2.991894115639935348e-01
2.925843005621089343e-01
2.225962345712399204e-01
3.654866719240482120e-01
2.722357505266931876e-01
3.019619644698879335e-01
2.544198608393195005e-01
2.844024555957448963e-01
6.699905839600159840e-01
2.477462007957743628e-01
2.481286876145090137e-01
7.504748004513766002e-01
2.541980496312469251e-01
2.798348726412889231e-01
3.374032926749899186e-01
2.340219073847869535e-01
2.634332272551090370e-01
6.542251168221828728e-01
6.134690662463666566e-01
2.704718392613810196e-01
2.869797209265098070e-01
2.581852298597532291e-01
2.785049411340231318e-01
2.653819844756194479e-01
3.168523825484318990e-01
2.979872958730958032e-01
2.740162137571671153e-01
2.921144031738835967e-01
4.934423945126718003e-01
2.183720745978553479e-01
2.184249163058666621e-01
2.651191991193959652e-01
6.878375902816541432e-01
6.113739282318434443e-01
3.247521161250762067e-01
3.255694166048678229e-01
2.608664062612800483e-01
2.736002755767105721e-01
2.887660930858387265e-01
2.624938294416608309e-01
2.951185856287297793e-01
2.334476410392555268e-01
2.997548202782185367e-01
2.978228981700322131e-01
2.624141622725130185e-01
2.517853996605758371e-01
2.727449526701844484e-01
2.987658138660678753e-01
2.967542197123400061e-01
2.173017270674063584e-01
2.680381869483389745e-01
3.179714360892055836e-01
2.887404960903497964e-01
2.961869113201213710e-01
2.402559784329558190e-01
3.046707706189747955e-01
2.549053308332183687e-01
2.931067445802693072e-01
2.149722835221994921e-01
5.832881827746682069e-01
2.274580890564709690e-01
3.407130899387251222e-01
2.832563775218917557e-01
2.225207491505473423e-01
2.384872401624736626e-01
2.374172139899501377e-01
4.376934515776628176e-01
4.349813711879330080e-01
2.975079924965533529e-01
3.316762984960526794e-01
3.756659769621776279e-01
3.690879701072088404e-01
2.683336143255425910e-01
3.012422204895023881e-01
4.321442690098470929e-01
2.564546466227112798e-01
2.861382116636684847e-01
2.490727547354648630e-01
2.460211276651393664e-01
6.335259235860792870e-01
2.516670532458793463e-01
2.440768249746147756e-01
3.296143733509196427e-01
2.945666553016640377e-01
2.277931450562960536e-01
2.894856912442729802e-01
2.549223055050175435e-01
3.006914599475202232e-01
3.295747742768965205e-01
2.710181917405543595e-01
3.295747742768965205e-01
2.710181917405543595e-01
2.029334753366172361e-01
2.771017678270965012e-01
2.919896096164718013e-01
2.601039408739966308e-01
2.963101470613903055e-01
2.181132964663347051e-01
2.729125784922941111e-01
1.757514440458321225e-01
3.679253896858813988e-01
2.556634238851262508e-01
3.491812041321425975e-01
2.473555835801391489e-01
3.815171276824803615e-01
3.749177176789533772e-01
5.089048387920236394e-01
4.403269359341257516e-01
2.953731540713987469e-01
2.318813102326592601e-01
3.840533240026559603e-01
2.475965544233548199e-01
4.686731848689077995e-01
5.080767253357222346e-01
2.484078966008152478e-01
4.850484293709602657e-01
2.826510313836876898e-01
3.663018500867771254e-01
3.728383334264937510e-01
4.006542332684162599e-01
4.337785444712573546e-01
4.481034592518897131e-01
4.233489114080565274e-01
2.781994812698735942e-01
2.483496016189443434e-01
2.595030432887611149e-01
2.949570696852100715e-01
2.982311444903033570e-01
2.086700374755139642e-01
7.269472999056252327e-01
2.594865680685194964e-01
6.449048657856635280e-01
3.463771993345099998e-01
3.037076388650320480e-01
2.673540005322599944e-01
2.664152237704306980e-01
2.448009025102341196e-01
2.683564669742125042e-01
4.731222333116199552e-01
2.933718321696036635e-01
7.013607166516355740e-01
3.019857046988738136e-01
1.740367724540129168e-01
3.882026532149551179e-01
2.498413909960466028e-01
2.854215323459677323e-01
2.675111583459356401e-01
2.797711930034220695e-01
3.920393151651236918e-01
3.932005587015368064e-01
3.855006973515291424e-01
2.387075646909634363e-01
2.245358741482883502e-01
4.216563802585305831e-01
3.982689336376488698e-01
3.804560238555452778e-01
2.506008958038140055e-01
2.556857364242104969e-01
2.563229047574871466e-01
4.032448427172437011e-01
4.133562350465183610e-01
4.108014350638450329e-01
2.369241627511785575e-01
2.531677047832847083e-01
2.316611391234950912e-01
2.789179739677535852e-01
3.359331164722328955e-01
2.610419743452385144e-01
3.511471862155673418e-01
6.168794462939600765e-01
2.936298451175112234e-01
3.693147333799441934e-01
2.602255303606781367e-01
2.535337906314700240e-01
2.850978878005114292e-01
2.467293007076151179e-01
2.462191718604291313e-01
6.235983657287891280e-01
3.724946930682306867e-01
2.556536091680942091e-01
2.879671568023254302e-01
3.489378774663649541e-01
2.578659355219728444e-01
3.125662397879016008e-01
2.399982375999145934e-01
3.585342016205517179e-01
2.889341662591842219e-01
4.987460871606688162e-01
4.967122598164997460e-01
2.465824354147121422e-01
4.960090281014463143e-01
4.956959727359351309e-01
2.455757383026791474e-01
