2.458775310292980465e-01
2.646642449613275105e-01
2.242614666310057125e-01
3.185074893749095803e-01
1.744280911347737550e-01
4.062927956941622676e-01
2.973569063955798786e-01
2.697748566802145587e-01
2.563894607655815006e-01
3.025107867656143812e-01
2.470735708934160835e-01
2.797479476432813139e-01
2.597487269671447940e-01
3.157537201090138690e-01
2.946652099193520224e-01
2.190448886331846090e-01
2.657616009357302578e-01
4.036731153322915544e-01
3.337794536955522862e-01
2.582757824205318409e-01
2.824657972680433282e-01
8.363038242962457236e-01
2.498742129471687723e-01
2.469903649808848911e-01
7.707312357240838629e-01
2.936314492604492621e-01
2.528213100801678381e-01
3.013389069881395321e-01
2.203111948605013803e-01
2.701223408474507370e-01
8.339702819182167604e-01
8.118299368128615301e-01
2.476824207132924394e-01
2.932793641081535840e-01
2.925422748410563822e-01
3.538923127748241360e-01
2.475149163640659455e-01
2.728292534988637219e-01
4.018327154289563219e-01
2.793495174383099910e-01
2.999268638080901384e-01
4.951383873407670944e-01
2.209327902900067586e-01
2.177195397354326767e-01
2.760600770527874559e-01
6.677215250756435294e-01
7.288706759804346458e-01
3.304503558340308733e-01
3.191763173647551577e-01
2.593837224875741310e-01
2.806405646238744889e-01
2.857809515740669659e-01
2.610341733999419489e-01
2.958964986901588823e-01
2.263158559415807958e-01
2.943094905396902994e-01
2.959976947998482766e-01
2.479046708481348060e-01
2.866495951871986247e-01
3.049576336349559269e-01
2.556392371056227519e-01
2.973254904594907488e-01
2.125808851125886023e-01
2.915510030299020561e-01
2.743445312425351057e-01
3.721691385677485808e-01
4.078377238377321468e-01
2.625258611762539829e-01
3.432743171795603621e-01
3.329558789219336234e-01
2.952703702328307589e-01
2.200955840198122737e-01
7.215033108404075302e-01
2.336255073082278699e-01
3.380980573382403875e-01
2.855807384573703089e-01
2.208154870017016991e-01
2.583033288340234046e-01
2.404274710132508763e-01
3.525372780739089440e-01
3.143835395259499954e-01
2.925487932764535004e-01
3.370150481832706046e-01
2.727218056300125815e-01
3.194223404605231464e-01
2.800131867790264240e-01
3.097551570063711290e-01
3.023599779576027768e-01
2.564598577653278699e-01
2.850806455436795672e-01
2.475159902849062010e-01
2.476668343624538748e-01
4.804677015488237335e-01
2.694177924258313594e-01
2.505340826296967305e-01
3.016996657618957189e-01
2.947203091382043505e-01
2.252932247032145285e-01
2.639131665692894257e-01
2.927895639861545218e-01
3.160083329900144067e-01
2.786255389785180503e-01
2.925585806961907842e-01
2.786255389785180503e-01
2.925585806961907842e-01
2.318843355260837014e-01
2.747209650965970473e-01
3.060618067072031212e-01
2.677214399316351079e-01
2.947889983370576283e-01
2.204931250502064066e-01
2.818136272160413625e-01
1.746206108524409606e-01
3.698586909971888770e-01
2.593842376993524268e-01
3.412870622216928052e-01
2.452680894456522320e-01
3.824630869034762459e-01
3.664975266543167853e-01
4.800540767030068712e-01
4.261446344028330113e-01
2.958936225159662925e-01
2.274005676107053175e-01
3.754878663647877035e-01
2.648839237328047824e-01
4.661757375262211567e-01
5.064276813574791758e-01
2.486265480348504586e-01
4.773462116364975416e-01
2.745751700226524150e-01
3.456920568545068795e-01
3.467673890906208256e-01
3.580537493703798702e-01
4.676354437307336243e-01
4.351236152386877554e-01
4.149995097704642921e-01
2.558914577882351327e-01
2.574633082908016624e-01
2.881154105350043348e-01
2.866609117550679153e-01
2.962600524199878738e-01
2.171604117038339055e-01
3.932638981484549157e-01
2.946069342283965109e-01
3.493304258393140627e-01
2.926112224014256746e-01
2.798051993637433177e-01
2.741291812502734682e-01
2.716012677671653663e-01
2.509291986351714909e-01
2.671774909062757941e-01
2.694092465120035973e-01
3.373220106601622637e-01
3.442332474542840193e-01
3.076603772848705010e-01
1.745787505504922676e-01
3.229474499697832512e-01
2.456475991535193304e-01
2.768818319981034004e-01
2.835305789769249629e-01
2.681339229427835424e-01
3.858901614191874718e-01
3.681330538241596173e-01
3.661282075418364479e-01
2.140694049206638971e-01
2.661573632592755811e-01
4.363711567043860318e-01
4.242957231923676908e-01
4.105449841562845426e-01
2.586337116928232871e-01
2.583492050658993677e-01
2.525676081106228432e-01
4.726863973660782037e-01
4.592696004788824893e-01
4.480220627782274812e-01
2.551364403887416143e-01
3.430887206564616765e-01
2.385781565688147032e-01
2.906998461571865255e-01
2.973138918639014472e-01
2.637424441412306586e-01
3.397585980029715902e-01
3.768514291740075461e-01
3.403105403945333451e-01
3.727152606650230293e-01
2.691983481355507690e-01
2.561155981545838456e-01
2.842906186759074916e-01
2.457838076184843401e-01
2.441086172690096756e-01
8.235339905839255126e-01
3.669927087655355802e-01
3.492180524853017443e-01
2.893960823744813338e-01
2.839909862136553720e-01
2.629138135177551128e-01
3.528033682284691941e-01
2.575201286836259484e-01
2.888595431736301067e-01
3.329217730352603821e-01
3.194896403660290596e-01
3.532994507394076056e-01
2.471582343313958041e-01
4.977503230488404262e-01
4.955894476138351656e-01
2.494528479632951157e-01
