2.510353547318527889e-01
2.625137801972369789e-01
2.184900853717036684e-01
3.820571856669318089e-01
1.743351525021782922e-01
4.238615538441541930e-01
2.689010148942613254e-01
2.897192961185366400e-01
2.911218127154363011e-01
3.039966662751172333e-01
2.433332704535766666e-01
2.575716254304753483e-01
2.908767370934878249e-01
2.600823285513649830e-01
2.963453029352855483e-01
2.173135490761167743e-01
2.561811388125977418e-01
4.202503362511063045e-01
3.853985577803927254e-01
2.568006539850727910e-01
2.858292735854304212e-01
3.792583488400205760e-01
2.496209933393493674e-01
2.456691506589128715e-01
7.507886681153679298e-01
2.992081120694772278e-01
2.459547197856813694e-01
3.207575680625552317e-01
2.314766967349206062e-01
2.561414966352630884e-01
9.116806116416270589e-01
7.954958976228229117e-01
2.496011421580090484e-01
2.820433439301967549e-01
2.779164505984428879e-01
3.231833384779880247e-01
2.509379863632386631e-01
2.721313745156944131e-01
3.539298377719335420e-01
2.983363684638534186e-01
3.315594657498723286e-01
4.854892802051909984e-01
2.183726727202280893e-01
2.180432152818210234e-01
2.665755055114277239e-01
6.800207418794366188e-01
5.634046145353728274e-01
3.103492659962109879e-01
5.022347085231955166e-01
2.698453066014752100e-01
2.638698081213256552e-01
2.719588123482736264e-01
2.828616492894864831e-01
2.971740414103671291e-01
2.300412108678004941e-01
2.841187431865479507e-01
3.033052909857335555e-01
2.481862259108595925e-01
2.962537856505791378e-01
3.038576714969964954e-01
2.541289709109383899e-01
2.970983909479084639e-01
2.102611108257422257e-01
2.840620489095445622e-01
2.615001279849062388e-01
3.988583869040104868e-01
4.451915941497746054e-01
2.944782701173976891e-01
3.032319274503173512e-01
3.506095503377522626e-01
2.978016511291605162e-01
2.212915191733410003e-01
6.672270501248802610e-01
2.302058965270881996e-01
3.421442239805936869e-01
2.866043308574077186e-01
2.263592662872317141e-01
2.371107280571216891e-01
2.427646008981196035e-01
3.903631471201817194e-01
4.358170556111342075e-01
2.958562764884241081e-01
3.436434692289358495e-01
3.594436449131206412e-01
2.645005260986169615e-01
3.746213570452455177e-01
2.842154616406870615e-01
2.615024191717894575e-01
2.552321143348603161e-01
2.866525123881547010e-01
2.485761872744652323e-01
2.477639481466725746e-01
3.383487978356374826e-01
2.653661637246089167e-01
2.460865693411946886e-01
3.168611694373540955e-01
2.922280436391697656e-01
2.298443410117914365e-01
2.621186420870162403e-01
2.748762301831190191e-01
3.133494231530033480e-01
2.844510318571117358e-01
2.637450952519141967e-01
2.844510318571117358e-01
2.637450952519141967e-01
2.124630204001028977e-01
2.590096801491338363e-01
2.571364982591456960e-01
2.727779945298510200e-01
2.952418229326745358e-01
2.178820269712251345e-01
3.082968910771407001e-01
1.756095929614040208e-01
3.748014366005604225e-01
2.670484718475690800e-01
4.091097530078376399e-01
2.428608563273237375e-01
3.861213822563186460e-01
3.728788336700142314e-01
5.888093258412393505e-01
4.779304134517639580e-01
2.951577436097972407e-01
2.352544578615435866e-01
3.856082249633058234e-01
2.467621289409762664e-01
4.794844516356646658e-01
4.590205295371436178e-01
2.589129195711230014e-01
4.794639817233146140e-01
2.688542953462998431e-01
3.669360368474564038e-01
3.552651929098690764e-01
3.949835003939921041e-01
4.339033272571659050e-01
4.633884150723909801e-01
4.306223444117897592e-01
2.617185212327763910e-01
2.648441614609836625e-01
2.697448144932837466e-01
2.740660052992195395e-01
2.966094441988656460e-01
2.155336647693258667e-01
3.965010260066964554e-01
2.755129108005697214e-01
2.848873262726949740e-01
2.921570529463516364e-01
3.266502902243637596e-01
2.916975416677758393e-01
2.727671520853213183e-01
2.412614600306031976e-01
2.623842862591331815e-01
2.895298295238789565e-01
3.753457159321986203e-01
3.695870410236695713e-01
3.457457204309078991e-01
1.723826582170094324e-01
3.283694201333242080e-01
2.548810426873375778e-01
2.800876886185396097e-01
2.839593005939408110e-01
2.740019565780397737e-01
3.579015864750440534e-01
3.523093060969674784e-01
3.633088715853269868e-01
2.229444318544615278e-01
2.718388029047220655e-01
3.944727907818563195e-01
4.074768184532171489e-01
3.856979694554903415e-01
2.573287684624938065e-01
2.490528527276699988e-01
2.585025569101240817e-01
4.423428970178019948e-01
4.578328457102934235e-01
4.839587237530125763e-01
2.630741303622776139e-01
2.840048697248264697e-01
2.939254599657565858e-01
2.857370357984378439e-01
2.805167199053841265e-01
3.526765764405396797e-01
2.516292380467749501e-01
5.676643385589971169e-01
4.466470750016412472e-01
2.624178752262869563e-01
2.430971123293620140e-01
2.528947160145381678e-01
2.883778015536323514e-01
2.457140827273747441e-01
2.465266616416696144e-01
5.242386879162903579e-01
2.645099492011169229e-01
3.243537334895247315e-01
2.827797688881977800e-01
3.460833638263352552e-01
2.395627434714719395e-01
2.541074241241380594e-01
2.568767659368570988e-01
3.444938165494610960e-01
3.463424243005686076e-01
4.095594249215974147e-01
2.552284064860896318e-01
2.501936219495054514e-01
4.966190692280793018e-01
4.963983705789289380e-01
2.476859165052784917e-01
