2.464257167476805177e-01
2.636451213325338716e-01
2.314507574221458530e-01
3.148766913048257066e-01
1.740960920626591635e-01
4.011591745389660457e-01
3.376786477448168178e-01
2.609618388569300840e-01
2.499842711847289900e-01
3.029330014073664534e-01
2.481785979865318292e-01
2.901428071835808753e-01
2.499206394988135460e-01
4.394105855420303297e-01
2.934592982019647023e-01
2.201841856175391909e-01
3.628482101982086205e-01
2.807008067019926556e-01
3.220318884442374130e-01
2.525133434640166041e-01
2.908075043901461321e-01
4.846683578202598541e-01
2.443991945735944082e-01
2.512624885821866383e-01
6.418728811857277172e-01
2.884224608727383732e-01
2.544921943757261218e-01
2.861173747564181857e-01
2.601346782769459742e-01
2.173981609742751397e-01
3.178002739438509083e-01
3.511276373259878403e-01
2.451908134857280486e-01
2.881498577758586643e-01
2.808433094096340343e-01
3.387086129148992319e-01
2.509319809124820888e-01
2.719931998443649857e-01
3.560899759567440204e-01
2.532103767676842643e-01
3.249030164143058563e-01
4.746890664643405033e-01
2.253134314718787667e-01
2.269603293144684675e-01
3.151768850722801996e-01
3.587138802699934570e-01
2.988340938622362497e-01
3.689996584800690482e-01
3.708954000302994714e-01
2.463501239202559312e-01
2.861400501116013184e-01
3.112832132966431020e-01
2.546982584373097547e-01
2.969993325768733872e-01
2.265577130775828230e-01
3.075345472543268288e-01
2.755188254063370423e-01
2.528335498220057320e-01
2.914511396108316887e-01
2.942298337398228658e-01
2.605939914598696672e-01
2.957037747432900154e-01
2.136139321755230469e-01
2.639861404550866708e-01
2.522359139635825254e-01
4.335520366984979002e-01
3.705387418241781194e-01
2.587819830485013628e-01
3.416944285092303746e-01
3.362743449139783958e-01
2.953748820936746289e-01
2.254419392390413224e-01
7.659452298230109424e-01
2.293653322588093957e-01
3.409571810135137993e-01
2.862816136446788007e-01
2.220100892630951228e-01
2.559781288893542284e-01
2.491136914297380767e-01
3.854846011152082141e-01
3.186663640635453709e-01
2.950642540783386392e-01
3.365906573831263793e-01
2.778417527340626414e-01
3.005621729779091034e-01
2.926697320756532217e-01
3.154416058779483389e-01
3.663389167856613837e-01
2.527238708734383943e-01
2.828162115552535494e-01
2.509550556141532107e-01
2.482241775682391682e-01
5.187065762508865641e-01
2.525287834855216573e-01
2.432456507678691926e-01
3.456508819117460884e-01
2.938821113771362126e-01
2.434720135832386667e-01
2.973640609191425810e-01
2.202755162677446643e-01
3.002945562843500338e-01
3.059546673744718559e-01
2.980573151482628913e-01
3.059546673744718559e-01
2.980573151482628913e-01
2.279862236998498326e-01
2.445076605645833956e-01
2.867236882868144932e-01
3.259484637422334075e-01
2.976627883014593690e-01
2.233811421798704289e-01
3.598356651880635915e-01
1.760766603989417090e-01
3.725522273371141835e-01
2.560888083264873938e-01
3.179982844384208196e-01
2.482056573154225176e-01
3.578310099640815700e-01
2.736808301791179288e-01
5.556809156802275940e-01
5.337625335907957291e-01
2.952641000330050725e-01
2.218546378571732425e-01
3.311463408214375681e-01
3.379469749446193383e-01
5.382944249980359253e-01
3.065893805049621501e-01
3.154648733004083994e-01
3.370903138773702623e-01
3.409547409828644349e-01
2.917903114295180012e-01
2.977134303893061440e-01
3.021662080090754543e-01
4.488541542375710236e-01
4.508885155131567846e-01
4.724283364283364817e-01
2.527591502826779801e-01
2.916883719609341674e-01
3.030753809944186083e-01
2.605157798328884833e-01
2.910490548977553438e-01
2.166027730447143695e-01
4.368793193170689149e-01
2.533689773883292529e-01
4.654992017855341668e-01
2.522344281866214510e-01
2.865347945513475048e-01
3.026559226162717220e-01
2.630152464015467206e-01
2.465088015313964820e-01
2.504461713290653258e-01
3.782118515934975167e-01
4.194127954810467074e-01
2.461631469368475433e-01
3.268431938022073324e-01
1.737329864535938906e-01
8.503535402597838244e-01
2.894425350354299931e-01
2.902720458326886188e-01
2.737356216139291698e-01
2.794753951638594969e-01
3.103337999923447277e-01
2.791852677214580192e-01
3.226560867489847717e-01
2.228640811432801017e-01
3.872399165882869365e-01
3.409425145543589775e-01
3.041119230496359682e-01
3.302736862997010525e-01
2.540719174633996880e-01
2.595162339965025877e-01
2.515830646355294853e-01
3.751124799891994988e-01
3.950565156808473755e-01
4.964732794366336632e-01
2.340823715101767732e-01
5.881337065256352359e-01
2.377420949275842743e-01
2.916927058848023946e-01
2.345550042396185586e-01
2.679328685824819978e-01
2.447429486264166565e-01
1.056662798246879031e+00
8.800615745364979148e-01
3.410191027036520994e-01
3.578545882965072367e-01
2.530232512270327860e-01
2.848561540390018854e-01
2.501675175975270893e-01
2.474134560416107187e-01
8.207567817710594849e-01
3.160288061825765049e-01
3.078102620558004210e-01
2.928861783537194396e-01
3.061470189191589086e-01
2.508651789972439761e-01
3.433441625272665165e-01
2.875285537550443249e-01
2.970999418654261537e-01
2.912551152608359173e-01
2.433531473383770682e-01
3.190571431420376469e-01
2.450114758899168133e-01
4.972709759967428589e-01
4.957162648585581310e-01
2.458786047722627544e-01
