3.060198234496376291e-01
2.691813344263949692e-01
2.245697700632596772e-01
4.223690891294996641e-01
1.741185927449350190e-01
3.033417859685645368e-01
2.683582254149181612e-01
2.811017078000728198e-01
2.936157389813245366e-01
2.847463448295158295e-01
2.492363561477937139e-01
2.501480441994692328e-01
3.025685162998661415e-01
2.317578545426487724e-01
2.922979420106013859e-01
2.297534855132022658e-01
3.496243883959811449e-01
3.050881011839582935e-01
2.795861572779549387e-01
2.531792066525756502e-01
2.853231884002908059e-01
4.004584588843410065e-01
2.518995102245083495e-01
2.474386643540656405e-01
7.442083756489946689e-01
2.477527784204257288e-01
2.730223003138804172e-01
2.780732733302688775e-01
2.103927890609806894e-01
4.296307101557417241e-01
1.137418998463531894e+00
1.163239218645004014e+00
2.636157078218742122e-01
2.648113512566421246e-01
2.411882689826319037e-01
2.581302313180929842e-01
3.012812048041160207e-01
2.391160835201538437e-01
4.405337312645067893e-01
2.911425610663367358e-01
3.676166876019533736e-01
5.625784445901270692e-01
2.271787615091927226e-01
2.212200297921135816e-01
2.766669996227539841e-01
6.631197396450596582e-01
7.976886130310342216e-01
2.958377264848645605e-01
4.960352359489463847e-01
2.574318045814864009e-01
2.866470162711118319e-01
2.777710245453580140e-01
2.561479948216925373e-01
2.848712415854492419e-01
2.234360655029724585e-01
2.340271534030930467e-01
2.532324633255182422e-01
3.021610439323374475e-01
2.492085159799267147e-01
2.542698913471214683e-01
3.058563443108541224e-01
2.662887375071329998e-01
3.525502292679654759e-01
2.635639672558829916e-01
3.640645149486709808e-01
2.623400959844870428e-01
2.166377376607578065e-01
2.523197711674958210e-01
3.155591887284899255e-01
3.538978760842973470e-01
2.821415920213756201e-01
3.532888408787496770e-01
1.057287950007452570e+00
2.930381941712068006e-01
3.555835861544514032e-01
2.343961682877406250e-01
2.869808745461466248e-01
2.501786947002640482e-01
3.040527004266490030e-01
2.708968598352282653e-01
4.660999212391002677e-01
2.721712750083977173e-01
3.493447663725342545e-01
2.261194084175545960e-01
3.797053447877516974e-01
2.530787546505388064e-01
2.706547786394694621e-01
4.463015604924763235e-01
2.570738260437511746e-01
2.857659158947284950e-01
2.504892513148906374e-01
2.501617839985063596e-01
3.399237848799891437e-01
2.893003729119755785e-01
2.609885029288571134e-01
2.798791545106889544e-01
2.835617580661954906e-01
3.512167687865095367e-01
2.286767778745746882e-01
2.879108083679354779e-01
3.212244097395574038e-01
3.096013817754814657e-01
2.441999782302340938e-01
3.096013817754814657e-01
2.441999782302340938e-01
2.947677450691669199e-01
2.431575379093885991e-01
2.489174048557445118e-01
3.094562792408142027e-01
2.924724741589740939e-01
3.597881725916797779e-01
3.632094392829011698e-01
1.781467144461608143e-01
3.918892178953053418e-01
2.913124098657317029e-01
3.003045815364499549e-01
2.456455422853419668e-01
3.847854488049224364e-01
3.764974113380818443e-01
6.801877373684828143e-01
6.639865719396412791e-01
2.969921301434156335e-01
2.104714184201240956e-01
3.804963386744871778e-01
3.162657679118425214e-01
4.794138890198287872e-01
6.010557957889315350e-01
2.528678160441892309e-01
5.284083547143401116e-01
2.708975762184779867e-01
4.117010932569064585e-01
3.830762204415923411e-01
3.627255178940123059e-01
4.516118833986652592e-01
4.319206755624244720e-01
4.801407452079965998e-01
3.057467306008926911e-01
2.453959129959394636e-01
3.169227582055927361e-01
3.836345374471138991e-01
2.851556138161492338e-01
3.487443568355646506e-01
5.817880730215447826e-01
2.628481694819040926e-01
6.633892531533454040e-01
3.628274912642352468e-01
3.728966244583547529e-01
2.728075405275043885e-01
2.598107282040843513e-01
2.639487108087654743e-01
2.817200809104242754e-01
3.701140745624653672e-01
2.128561725799627824e-01
4.294594434087912194e-01
3.584456253035229745e-01
1.731639534932012114e-01
8.469436940578888295e-01
2.458059711127163205e-01
2.677879443575492124e-01
2.855522329202681009e-01
2.976333393081612155e-01
3.993680266901138975e-01
3.992812762830847406e-01
3.884623827918947114e-01
2.264846479981691141e-01
2.663279287003211260e-01
4.321284557207241694e-01
4.666769903654844898e-01
4.502857641895193219e-01
2.455700132796207191e-01
2.620541919100700667e-01
2.595438100760628086e-01
4.274859487392635438e-01
4.589761549828868525e-01
4.395914040967766612e-01
7.669945922764435098e-01
9.871799859110975683e-01
2.500670974789255818e-01
2.918589243572323744e-01
2.116460531823469160e-01
3.817551203859579911e-01
2.357481517874364385e-01
1.169838706891626057e+00
1.158687939114503962e+00
2.749363325440624117e-01
3.590650227897096425e-01
2.542002019520036571e-01
2.872060066770523723e-01
2.477123931469506768e-01
2.482948126836855007e-01
8.373906974370217693e-01
4.192921161177747269e-01
2.501735076011842307e-01
2.905623390692492758e-01
2.437943609594994399e-01
3.733947158882541806e-01
2.510161130258133921e-01
3.564683909535651396e-01
2.584414685354586294e-01
3.626850089909411379e-01
2.862775977862678234e-01
4.192784059130571506e-01
2.475631283262499927e-01
4.958504813824137214e-01
4.974859623212209425e-01
2.448727298451385537e-01
