2.692139096231186413e-01
2.864712731833774506e-01
3.623392847712310627e-01
2.400457598741458087e-01
1.761367734390943685e-01
2.223890163271525777e-01
2.586251618278315734e-01
2.430638609384856430e-01
3.106751131487593409e-01
3.023028199748492018e-01
2.472273187031546748e-01
2.402088723223081146e-01
2.682583714014260545e-01
4.314030027708136705e-01
2.921548368343709901e-01
2.285062498777677142e-01
2.798659023470879137e-01
3.863301058374383756e-01
3.470715969723163763e-01
2.605940856816730267e-01
2.827294527886528019e-01
1.006644627983792395e+00
2.520949908425515473e-01
2.424345158434776937e-01
6.251917820786823121e-01
2.644479994768964559e-01
2.566687944155999768e-01
2.628481271129826657e-01
2.303366884016915805e-01
3.269942776609355839e-01
7.581407149014607327e-01
4.527498359691475294e-01
2.897130250961497122e-01
2.846901174091303610e-01
2.551870954077176123e-01
3.255398366524309139e-01
2.438903028283284369e-01
2.619667827575749564e-01
4.287541458242496994e-01
3.021208469465549995e-01
3.205001779696361464e-01
4.562965674434444896e-01
2.248691429955535503e-01
2.305795533391587215e-01
2.478930025630264322e-01
1.179748819995420694e+00
1.157793649324084795e+00
3.804545631006026052e-01
4.790765470103840462e-01
2.556704314919385213e-01
2.581735175740266786e-01
2.719692464572679436e-01
2.603750040304892432e-01
2.949246023676579398e-01
2.229263686105457942e-01
2.969271419856075456e-01
3.143646552390595983e-01
2.430729406864126640e-01
3.021262102225784618e-01
3.173494671246578913e-01
2.567032686759202487e-01
3.019619496479690746e-01
2.101827287903852703e-01
2.860598962148870328e-01
2.508474855448448171e-01
4.485866101066356970e-01
4.679322693777274722e-01
2.562080658743116635e-01
3.935292192137994083e-01
3.667937471710510655e-01
2.952626294834054255e-01
2.536663755427215894e-01
1.057774967969422386e+00
2.483575668426574456e-01
2.730325881060995385e-01
2.759320969188542860e-01
2.327408666222416656e-01
3.059145205565715342e-01
2.402098391841474834e-01
2.569160056169750295e-01
5.099254465869927921e-01
2.924406949630344865e-01
3.596921771866641304e-01
2.686178380147816180e-01
3.054569064561389879e-01
3.488819113147534900e-01
3.702900302390858545e-01
3.246973594446580513e-01
2.511157522884582827e-01
2.872585801708193998e-01
2.497119175839656036e-01
2.450593931046713692e-01
6.953301078538883795e-01
3.001919252345118250e-01
2.541246542890236992e-01
3.088968551917043448e-01
3.046652190253237857e-01
3.007333585019712485e-01
2.483048330714059670e-01
3.794134352168607727e-01
3.696397632201543493e-01
4.222576214060833055e-01
3.499434208287912074e-01
4.222576214060833055e-01
3.499434208287912074e-01
2.358575372390470104e-01
2.494294002027086232e-01
3.658641755118350325e-01
2.553491044025733014e-01
2.952492948843749576e-01
2.269391768528972453e-01
3.689563121459309980e-01
1.758380544434997583e-01
3.705623235941442051e-01
2.635922486928387043e-01
4.041569118689595785e-01
2.417208939259005984e-01
3.808544264145848901e-01
3.765011187358266453e-01
6.784756694504434638e-01
7.011855472418758728e-01
2.960923469931106555e-01
2.382623408538196152e-01
3.716684973763377808e-01
2.850189640739311803e-01
4.671689461570795454e-01
5.891115633804940854e-01
2.239846495997728781e-01
5.079046820760634295e-01
2.683010971200841532e-01
4.143309351962899401e-01
3.159387900773782398e-01
3.884155262764705241e-01
4.176220960905393520e-01
4.849685644498007986e-01
5.065190409067575894e-01
3.075447174626383950e-01
2.547549083101136591e-01
3.216534333148085567e-01
3.940078210110334322e-01
2.969412251234546662e-01
2.330632037934308731e-01
1.160604401727098889e+00
2.645443853207961604e-01
1.085876659304215064e+00
3.783144372385776610e-01
3.679337136466692137e-01
2.448061643392028253e-01
2.543534704106751310e-01
2.702903190442899617e-01
2.790525484276998314e-01
1.266474087326169728e+00
3.278156993078704673e-01
1.312296019389846746e+00
4.342297228739597226e-01
1.734264508282355455e-01
8.894703317729443226e-01
2.379832295252100882e-01
3.626591824584347035e-01
2.391050777921655546e-01
3.166181716693347581e-01
3.777436609716660620e-01
4.279443580902220767e-01
3.766870004997307508e-01
2.182615857682489169e-01
2.614457991928904046e-01
4.695522390054358008e-01
3.915347734482546582e-01
4.899012538089199675e-01
2.542859604478164282e-01
2.524160234766248956e-01
3.034891999401945206e-01
3.803044522919641901e-01
4.754339839160658943e-01
4.715882997366143137e-01
6.589461386464899872e-01
7.373930195623895623e-01
2.517043207987849085e-01
2.962571638032343024e-01
2.362780566511185343e-01
2.423085870044311141e-01
4.043849654601317511e-01
1.194185243774512628e+00
1.133802717753373157e+00
3.517352846794994381e-01
3.354087721633060015e-01
2.583057113035641672e-01
2.950568345887520927e-01
2.537270845452593293e-01
2.508210453278074681e-01
1.084124035927944041e+00
4.306088319125158659e-01
2.509716381535751495e-01
2.965212935700993202e-01
2.260481352009023337e-01
3.812533491091007476e-01
2.631182901062109614e-01
3.391467953478050634e-01
2.803232802980418215e-01
3.779688476098459482e-01
3.268139326094122166e-01
4.821475329916473096e-01
2.467228313741611223e-01
4.959177097047356431e-01
4.939630929139518511e-01
2.524188956548336638e-01
