2.545267785927859960e-01
2.643583967002426371e-01
2.276511324363999500e-01
3.753733232638001294e-01
1.733315018501958016e-01
3.396532940295334257e-01
3.006445518046289012e-01
2.808715673576291927e-01
2.597297974063363379e-01
3.029790601481859857e-01
2.485221740731900775e-01
2.701810100464449582e-01
2.537800102388043100e-01
2.972262571968426470e-01
2.981429437905773749e-01
2.203445974436767374e-01
2.649881271121060644e-01
3.717639394311880729e-01
3.752029305510551360e-01
2.547154930200765666e-01
2.855436214568735642e-01
4.363909925578953186e-01
2.493117597690244769e-01
2.457975185617231051e-01
7.362532505822954043e-01
2.519616656174208935e-01
3.138851154402340082e-01
3.357865995315361674e-01
2.458182730358423052e-01
2.886305511745966279e-01
3.269704862865952522e-01
4.494600218046406193e-01
2.874430280197615151e-01
2.820487258015094145e-01
2.471411624382203742e-01
2.540237368347996183e-01
2.811062274425969454e-01
3.252140116421958216e-01
2.690742583156048862e-01
2.548893045057268880e-01
2.904582388828634842e-01
4.776704586692085419e-01
2.189929726983270153e-01
2.188983915835145677e-01
2.893271083369732266e-01
5.303606652075579797e-01
5.350412207482792004e-01
3.625369110207623535e-01
3.101636784127867474e-01
2.529614843069842300e-01
2.722176345812496456e-01
2.865673208555878926e-01
2.734975450214907622e-01
2.962117078862501196e-01
2.232754756662072015e-01
2.989865732047516933e-01
2.963939195356786738e-01
2.520644832743410557e-01
2.900934181926374533e-01
2.847534982744935328e-01
2.530131549079744357e-01
2.959554918556282499e-01
2.120462459315896331e-01
2.588900757845150058e-01
2.583297815967846023e-01
4.287457452956504045e-01
3.631743672254046928e-01
2.449864788681972716e-01
3.682016199627890507e-01
3.264733912033541685e-01
2.960003335304056127e-01
2.366083097385266731e-01
6.560202840004669689e-01
2.335520574976396035e-01
3.426658296337096177e-01
2.849510785631713672e-01
2.242723618032820276e-01
2.475039321053901509e-01
2.397217317319470797e-01
3.438269990231980211e-01
4.424735821099115007e-01
2.882212927893820775e-01
3.439292083951681622e-01
3.211139699321611807e-01
3.248233645875796549e-01
2.891306837296844789e-01
2.729173663169922048e-01
2.641527624118193418e-01
2.529607033450704257e-01
2.863296981944118413e-01
2.470158007400188871e-01
2.462454834681970239e-01
6.548258315111133987e-01
2.648325789930980889e-01
2.657290861947717575e-01
2.740931008801433810e-01
2.968800128019103424e-01
2.405401567661629714e-01
2.836890674663702372e-01
2.735380257733654452e-01
3.027800259287700135e-01
2.406106023079591372e-01
3.515608620099424098e-01
2.406106023079591372e-01
3.515608620099424098e-01
2.387402743996427101e-01
2.559291242927476118e-01
2.922252816681467080e-01
2.904742726167372502e-01
2.966614849693277600e-01
2.198623074216009832e-01
2.961508954180517295e-01
1.746901939405856585e-01
3.735265485158789645e-01
2.647779835541916316e-01
2.919880999405854438e-01
2.468341649583249697e-01
3.766464025527634374e-01
3.187684366909281919e-01
5.066003266428523721e-01
4.646893340742166978e-01
2.961929921714525626e-01
2.249590744214982063e-01
3.656262701998846953e-01
2.521848623492687902e-01
4.825492148227761291e-01
4.573298119528516614e-01
2.615908577837527393e-01
4.308433140982816933e-01
2.699072980588093640e-01
3.620254354233606309e-01
3.086156397180694344e-01
3.334881498943254030e-01
4.438121745920108885e-01
4.419094956840532440e-01
4.234437265399177974e-01
2.561190423631733992e-01
2.602645081379087455e-01
2.866091357937385897e-01
2.783626714077685471e-01
2.951886498076973786e-01
2.152197346372692333e-01
3.398081113784514051e-01
2.717056588979496756e-01
3.361195670651982437e-01
2.788635776514843956e-01
2.790031493524339212e-01
2.887277737809822442e-01
2.748109915524572511e-01
2.583143851623062592e-01
2.589877446203274758e-01
2.876144336902481946e-01
2.907596742779665622e-01
3.758119828914326388e-01
3.139864583918923757e-01
1.741858312882877402e-01
3.380888232010237360e-01
2.512181705376190788e-01
2.856374389411471260e-01
2.681292902495863162e-01
2.865335788607348833e-01
3.431164280135965416e-01
3.324681761232937127e-01
3.652101569459020314e-01
2.208099468341121474e-01
2.705142358045845019e-01
3.639635335894378376e-01
3.465428045952921310e-01
3.838013808078341582e-01
2.579057673621465985e-01
2.576463459604426687e-01
2.519917011610073865e-01
4.441600176349372875e-01
3.922700058254430799e-01
4.317799972194605318e-01
2.577956646729362422e-01
2.929268339752316708e-01
2.766474130609936632e-01
2.886224580605136758e-01
2.253467070325356481e-01
2.941634837816783921e-01
2.498791171278233192e-01
6.588024297149742692e-01
4.606209003175567585e-01
2.871695423891382770e-01
2.536273948671475820e-01
2.557329168076513670e-01
2.864352987582007293e-01
2.469785178627414979e-01
2.473545905000771872e-01
7.756950263441280136e-01
2.701922849646507530e-01
2.811795749071930861e-01
2.919601401875100422e-01
3.145420510869986752e-01
2.655242401391287310e-01
3.430424519486401369e-01
2.636704855998405761e-01
2.714959267400145482e-01
2.859609430254226314e-01
3.346071125217454645e-01
4.650789069445530055e-01
2.470585379509210866e-01
4.963416309395422554e-01
4.966064249029896183e-01
2.482036071684398659e-01
