2.513152483174262430e-01
2.591530340882659544e-01
2.287358289481869755e-01
3.387147212034563037e-01
1.741652732943315407e-01
3.837736756468217436e-01
3.150805292583500616e-01
2.914061874450480927e-01
2.501808821327698440e-01
2.953518732116031109e-01
2.493637405414979302e-01
2.804848046493755298e-01
2.576008264087075728e-01
4.670837364496448485e-01
2.893176374626646452e-01
2.140098517718406201e-01
2.683416463088711401e-01
4.114072744210026666e-01
2.482387908095123330e-01
2.547481820386984230e-01
2.860678526333879090e-01
5.735866007444185843e-01
2.481925201869376318e-01
2.451428748695889115e-01
7.062284542471530813e-01
2.416519558743999707e-01
3.366266148728378482e-01
3.692028628300421111e-01
2.259436479225177263e-01
3.461451553106797974e-01
7.479941133336225345e-01
8.712951841843930012e-01
2.538901189506339584e-01
2.392677398118747967e-01
2.872436518811477546e-01
3.382987152056124436e-01
2.440500563345444629e-01
3.677714816175224333e-01
2.920038987755549931e-01
2.422551121460408408e-01
3.876072005439711310e-01
4.854565894696715178e-01
2.904417297113011664e-01
2.357314043413479276e-01
3.735019609508534177e-01
5.276895506500942634e-01
5.169288978793621370e-01
2.645091524428892504e-01
3.093315298411978276e-01
2.577162243188511059e-01
2.803500352884326641e-01
2.777973979378534075e-01
2.598455444123317082e-01
2.873258479710957825e-01
3.516315653854837353e-01
2.552497410747452400e-01
2.735390296598225746e-01
2.841597023390745602e-01
2.570305921993575882e-01
2.599915874285076423e-01
2.824797572601663864e-01
2.947157837559504778e-01
3.558275136397912042e-01
2.514692829317600187e-01
3.131856358543931851e-01
3.225336995308920041e-01
2.868706387019476223e-01
2.451969775538870300e-01
3.902866836417520635e-01
3.727564790425156871e-01
2.971754182506665676e-01
2.295260961539017375e-01
3.108185933958442226e-01
2.908273110401460304e-01
2.662786563569453091e-01
2.673650470183756012e-01
2.321992300947630927e-01
2.469345093276524294e-01
3.023647472195758468e-01
3.239294978130489167e-01
4.466407161386060642e-01
2.970242499426005156e-01
2.225143518565377010e-01
2.944379342736873628e-01
3.743527743329418400e-01
2.673399012186348789e-01
2.617859820614873434e-01
5.301484063797194946e-01
2.561252100962109757e-01
2.868369349487341902e-01
2.485139780655969965e-01
2.470701761164780796e-01
3.028333241086046956e-01
2.515262238585448396e-01
2.987637186366082220e-01
2.539710393805988398e-01
2.929195147397379850e-01
2.148448041012838705e-01
3.247416433808532066e-01
4.224444937173250647e-01
2.944459963649651568e-01
3.854141074940751754e-01
4.605853739490094467e-01
3.854141074940751754e-01
4.605853739490094467e-01
4.461200623027375411e-01
2.744543609897860947e-01
2.844863422151210908e-01
2.642821825269096592e-01
2.214184919180522126e-01
3.511269440331672986e-01
3.693129905993131623e-01
1.748794971805650300e-01
3.777149972132205491e-01
2.694137474868403270e-01
3.601014492500844710e-01
2.454033670374742848e-01
3.498663554023168643e-01
2.696704598645724427e-01
5.622753325051227380e-01
4.866429011259542081e-01
2.954806528128836596e-01
3.412567973874937044e-01
3.264602052941258936e-01
4.269034378579757427e-01
4.295606107232851634e-01
4.999212424891162354e-01
3.306410334907633475e-01
4.398797898283344776e-01
3.720840551017929876e-01
2.891060455860082201e-01
2.952094659864427095e-01
3.061972546753317093e-01
3.233592007765206389e-01
3.276165490474893804e-01
3.442669225972403990e-01
2.417791613368739656e-01
2.422279284470563454e-01
3.889277704904877675e-01
3.742986110197284444e-01
2.954625043122768857e-01
2.331591374313588261e-01
8.947544050766799151e-01
3.887276068665740381e-01
7.713070442279819083e-01
3.260194348450228818e-01
3.506133970092625840e-01
3.552999753341071765e-01
2.708370466041234992e-01
2.363992193759512916e-01
2.528989622096703416e-01
8.067414327828739129e-01
2.612201644544628887e-01
8.892496983179921655e-01
2.887650263847489351e-01
1.734831555886049703e-01
4.682672269995806769e-01
2.731806853961651349e-01
2.877791663654390431e-01
2.772937751687237218e-01
2.876954459722197988e-01
3.024978153237499190e-01
2.915403461019947517e-01
2.937400648050649821e-01
2.126764871373371668e-01
3.301258127284483201e-01
3.260004991533825836e-01
3.146404605646880848e-01
3.294312889705477976e-01
2.536703114148860516e-01
2.602403469338116504e-01
2.574716245161343675e-01
4.475734041390653783e-01
4.625568151840652731e-01
4.489302995890773751e-01
1.135945626657972385e+00
8.603180247301753791e-01
2.866220279120623715e-01
2.939623096081628306e-01
2.826813016358684094e-01
3.726814689846970619e-01
2.973985672017783743e-01
9.186142650861093273e-01
7.472061503038911479e-01
2.727047872754300162e-01
3.014706078628578423e-01
2.548389708259574116e-01
2.862876517379028818e-01
2.492680648781823161e-01
2.462679157696072429e-01
1.213119805876728519e+00
3.462602852160671651e-01
2.858832340048163556e-01
2.900936597913238990e-01
2.699981869882772112e-01
2.774771637395416213e-01
2.761029145029435528e-01
2.688919716290106843e-01
2.696431800494603070e-01
2.577231103679556989e-01
3.782766340269333449e-01
2.637424893606584164e-01
2.482569197624671931e-01
4.963778176371628770e-01
4.963810251168049859e-01
2.478215285809262647e-01
