2.477514324029714554e-01
2.761378562280723536e-01
2.267678512816616032e-01
3.715966773225149455e-01
1.747105207455731390e-01
3.377221555899674876e-01
2.750439634132681999e-01
2.747208976366912747e-01
2.656406036571803408e-01
3.029906856974960427e-01
2.495017659276909383e-01
2.556381292855250953e-01
2.638666548385858457e-01
4.588099049183692046e-01
2.929112613131933940e-01
2.325077529379138974e-01
3.198314632424276716e-01
2.917278440916934446e-01
3.003181211169581588e-01
2.533013674626722889e-01
2.894903229531431976e-01
5.173850598906551967e-01
2.428557405482076603e-01
2.482586570170318419e-01
6.385887204975742026e-01
2.900756934654890040e-01
2.531457948409571723e-01
2.888018476385380562e-01
2.445873425405090396e-01
2.337430683232961937e-01
6.263342583047730727e-01
5.001667272737757575e-01
2.767083507289624933e-01
2.743170314755163930e-01
2.538731860939605900e-01
2.714569370008114157e-01
2.751664375543700913e-01
2.936695023150452388e-01
3.573501517859998811e-01
2.888344077223780060e-01
3.323375827865266974e-01
4.769718783863965417e-01
2.189672674919311557e-01
2.147719957609226793e-01
2.651904053576086828e-01
5.329772621306099190e-01
5.832483612114197635e-01
3.026921040696217147e-01
4.515575208246910277e-01
2.765143715340336872e-01
2.663124704480179794e-01
2.671115339655247278e-01
2.887113121600842769e-01
2.952396839872613588e-01
2.261573985541012466e-01
2.681475645486940396e-01
3.251546229585201564e-01
2.550284170527702954e-01
2.665742702951235943e-01
2.747060679082924950e-01
2.507146466027522780e-01
2.955446742355799516e-01
2.157048818471541951e-01
2.599128180741751004e-01
2.812143271369299535e-01
3.637760468557191262e-01
3.593033458997417218e-01
2.491160916761895883e-01
3.639607125835831458e-01
2.954588458138524554e-01
2.989588222715105492e-01
2.255192553143521295e-01
6.862245386596829144e-01
2.367227317825232047e-01
3.343310251240068087e-01
2.757170406158079290e-01
2.248622903370646464e-01
2.457343058681346337e-01
2.683505746638127909e-01
4.053471094350794557e-01
3.166315275816409813e-01
2.923288908445048628e-01
2.982438561238023311e-01
2.709387804123424837e-01
2.685672650176056386e-01
3.447515094058730134e-01
2.777463278415753800e-01
3.234180143435322896e-01
2.527084371384118455e-01
2.822838019073180549e-01
2.487857329080006008e-01
2.488605087332643739e-01
3.911778850782521300e-01
2.822368177510694021e-01
2.518309795080139191e-01
3.019894286309624531e-01
2.905194677923817470e-01
2.352246026797778777e-01
2.543913476362061887e-01
2.931786396255815497e-01
3.207049409345189006e-01
2.764710173545429361e-01
2.552716895196863178e-01
2.764710173545429361e-01
2.552716895196863178e-01
2.378814716870194801e-01
2.476550998830982231e-01
2.897731790185288925e-01
3.228377588892304972e-01
2.948384278142016646e-01
2.218276253469262105e-01
3.055945899539712074e-01
1.743303307916101996e-01
3.914335958790427505e-01
3.298969705869573832e-01
2.918043936859819332e-01
2.505584733061437808e-01
3.261286420613104253e-01
2.929823970832345359e-01
5.368256519340477428e-01
4.852629228986267695e-01
2.937625026411613827e-01
2.258904333547078480e-01
3.278353921153726036e-01
2.644110020872547651e-01
4.463460120553160992e-01
3.747293822535232022e-01
2.952013797770687842e-01
3.035682795813236523e-01
2.833289332260927051e-01
3.240301406061644185e-01
3.332998370442546432e-01
3.011244128675630294e-01
4.119301921166685365e-01
4.338057872095172351e-01
4.256820875308321983e-01
3.025938704936047552e-01
2.480112512708124994e-01
2.877565216766320155e-01
3.221078431371548478e-01
2.954505948781477320e-01
2.217925230776086054e-01
4.278967973702472727e-01
2.644754153827448828e-01
3.300172173615315563e-01
3.743325978293756684e-01
3.205351101122854152e-01
2.899800869521302893e-01
2.673892141775547349e-01
2.483953405544796766e-01
2.968116278195784274e-01
3.521155938891228354e-01
2.693261576790793588e-01
4.847352173885340343e-01
2.982194691549798216e-01
1.757190960146513270e-01
8.119027864643091341e-01
2.606885501593439458e-01
3.080095904906891002e-01
2.747885581651266507e-01
2.619356164968950629e-01
3.284182843218885761e-01
3.466190676421365691e-01
2.915413201407847099e-01
2.274295484796398370e-01
2.872204229272681819e-01
4.359548427814553540e-01
3.749277002162564876e-01
3.495058622836379469e-01
2.631656505303186511e-01
2.472035173877735470e-01
2.531726619633777320e-01
4.445689321797762217e-01
4.114375431451092191e-01
4.649424162313583464e-01
2.593846994827668784e-01
5.848450424799601643e-01
2.465122389028073790e-01
2.926057635121512845e-01
2.237270422503390976e-01
3.072902564358546695e-01
2.428131801629926367e-01
6.052359110662214325e-01
8.177900621171375617e-01
2.756993622068031335e-01
3.605145885998387034e-01
2.580555015015635889e-01
2.847886653765053788e-01
2.425928011321398237e-01
2.470232145075283159e-01
7.593072166075095497e-01
3.684688209105683177e-01
3.958173803898512588e-01
2.931837808382348198e-01
2.591686216840153878e-01
2.853488340529434231e-01
3.661015666088220377e-01
2.860109003432488861e-01
2.643508862529101999e-01
3.071886691872899866e-01
3.495992249448900413e-01
3.114843456914831998e-01
2.494909628781825650e-01
4.975673831460022956e-01
4.964349266219298396e-01
2.450117489629216050e-01
