2.535542612331914136e-01
2.536409552462411954e-01
2.336228106671900395e-01
3.642265425754460106e-01
1.745679933731834887e-01
2.817942208934724468e-01
3.320944540873086992e-01
2.762347657162464443e-01
2.472710847472470996e-01
3.037399660929649969e-01
2.442239443782482922e-01
2.907989484208663988e-01
2.514840047981895532e-01
4.574182060989602228e-01
2.963764268471517638e-01
2.295603881891322695e-01
3.532306358191947271e-01
2.688204241956473339e-01
3.454561596780510446e-01
2.513241025707133036e-01
2.915561381352382853e-01
9.409220649688699867e-01
2.482410403496664586e-01
2.465388454428216469e-01
5.458401509289888542e-01
2.460245800839283015e-01
3.509122831966082767e-01
3.775162086353974211e-01
2.401053285206906085e-01
3.585912713400954965e-01
4.813974484867968306e-01
5.273996668984985980e-01
3.212949380018202405e-01
2.929518924850114669e-01
2.322031512344231718e-01
2.375725270189423810e-01
2.952031781377972841e-01
3.794694549580249210e-01
2.422977693604361771e-01
2.871153210698867975e-01
2.881404679938737168e-01
4.786668174147195587e-01
2.190809668406743238e-01
2.160106055688084947e-01
2.743502949729614837e-01
6.340052687475766779e-01
6.131135536549728871e-01
2.997418261067628098e-01
3.319919448996143108e-01
2.627549492155776267e-01
2.612704292279377505e-01
2.811360948833103723e-01
2.849433495042670850e-01
2.963509269663676116e-01
2.255512228440696709e-01
2.893980482135913856e-01
2.893674790737922886e-01
2.438683472939831565e-01
3.028210640600617065e-01
3.039517795239529141e-01
2.477955011320991385e-01
3.006173736021198750e-01
2.162089541201244192e-01
3.031737647010182002e-01
2.685987069340637357e-01
4.503799008785021041e-01
4.709598069761433692e-01
2.691493120436337372e-01
3.048970570689981119e-01
3.131370171612583575e-01
2.953520841440383515e-01
2.243734475010789875e-01
5.394080306708184391e-01
2.341644951386396278e-01
3.309072906539793912e-01
2.807294760484027041e-01
2.186243009644328050e-01
2.369023778754804077e-01
2.403984186868695083e-01
4.401554811432014658e-01
4.361626201625907195e-01
2.941991203849984027e-01
3.439970041326856909e-01
3.698431269977182079e-01
2.698746732207503163e-01
3.400183483263522488e-01
2.739847615890461108e-01
2.630103905120719232e-01
2.566365008467850206e-01
2.861485670367743817e-01
2.457693717261683064e-01
2.491392763703744184e-01
3.432036072331362542e-01
2.869439098781538799e-01
2.567031381546500679e-01
2.870309381099189761e-01
2.878137645839971004e-01
2.204967990135284495e-01
2.388432546972274195e-01
4.021368607565885545e-01
3.052734960350501070e-01
2.966859206708255536e-01
2.560766717673030879e-01
2.966859206708255536e-01
2.560766717673030879e-01
2.246104390058560885e-01
2.540722436539796236e-01
2.798078695146116734e-01
2.852775937642669790e-01
2.957941994963639298e-01
2.231525567077151662e-01
3.178747375760267446e-01
1.745099946742554864e-01
3.752341809685583174e-01
2.671168924096430919e-01
3.132836244126539493e-01
2.445095844893180048e-01
3.459645527387602004e-01
2.778977129283500824e-01
4.997123550923082136e-01
4.849424324813335074e-01
2.945488690180860236e-01
2.215775986817069554e-01
3.236703646910519261e-01
3.417969045297379327e-01
5.215974019706826059e-01
3.217685680571994999e-01
2.979614449947945998e-01
3.313100569384131999e-01
3.284642038666799047e-01
2.917234120732571934e-01
2.880117392182377500e-01
3.422651322976087984e-01
4.268685352954544321e-01
4.072076620275656422e-01
4.351833404140246220e-01
2.551491281959396562e-01
2.779432519751832698e-01
2.830033474055048681e-01
2.623504101655246279e-01
2.972388668269463907e-01
2.134071920607220341e-01
5.693572468593178781e-01
2.798224982853535492e-01
4.096036370267948090e-01
2.801832111332164255e-01
3.226591587268113903e-01
2.958801411856220587e-01
2.838107216447066650e-01
2.401210786765615168e-01
2.668766294854919008e-01
3.672995073565644697e-01
3.565423038157053970e-01
3.996031747239935927e-01
3.310522183577710442e-01
1.742765249664102734e-01
9.371583181139140351e-01
2.596136905139858064e-01
2.881542324486306983e-01
2.797861440582090631e-01
2.843298032404337761e-01
3.109065230748204178e-01
3.408990459792798355e-01
3.456643597968888648e-01
2.388565702231043308e-01
2.538441934446266091e-01
3.127859206545079429e-01
3.074780956124770759e-01
2.773856400763449193e-01
2.508911218305450164e-01
2.647523762571050154e-01
2.533371495605582502e-01
4.267480253896683284e-01
4.698628360444959684e-01
4.105805525371059028e-01
2.522324798970437820e-01
6.242232149096960114e-01
2.405708120960613206e-01
2.844953774814320546e-01
2.249431090270240241e-01
3.747379706510292618e-01
3.566968082938268836e-01
7.784202713006193042e-01
9.455954937550036243e-01
2.587583278615558369e-01
2.575973704960363708e-01
2.535881981245440842e-01
2.843156276930796644e-01
2.456573478464683102e-01
2.465779996405120800e-01
6.440346850441406312e-01
3.455710351806314251e-01
2.322367433768206257e-01
2.949447648075034234e-01
3.138014119764435117e-01
2.894736021377096735e-01
3.252296256678964270e-01
2.368092950081832071e-01
3.414605830425070931e-01
2.772108638386441837e-01
4.976947596059040912e-01
4.976725910429551925e-01
2.481372319696608097e-01
4.955197786597703713e-01
4.970714266745109300e-01
2.463082966136805330e-01
