2.471826536486367576e-01
2.572475454430884212e-01
2.225381160342757847e-01
3.745112543329761068e-01
1.742169609831572541e-01
4.087218032952777969e-01
3.487749669770475180e-01
2.852199193548657918e-01
2.506589042023584790e-01
3.027905496891109549e-01
2.426362463399007185e-01
3.003016847175699611e-01
2.493974667198063100e-01
3.071613133888813074e-01
2.970882820911699973e-01
2.284697564813356896e-01
2.618335042850487016e-01
3.597251115139201150e-01
3.746546133125544520e-01
2.559855795687722702e-01
2.863693744729490231e-01
3.772036260321670609e-01
2.489833224991181981e-01
2.463108678082255310e-01
7.210028883023975599e-01
2.553376367416370085e-01
2.976416966750533022e-01
3.252238417043094576e-01
2.284783306508908207e-01
3.196632595537783894e-01
5.253106222224528388e-01
5.470843783638882352e-01
2.864485564544799745e-01
2.899935905312506779e-01
2.494659818186026057e-01
2.518190315099235743e-01
2.705438991285368799e-01
2.918211881043889511e-01
2.647453293791972029e-01
2.883899361928712879e-01
3.033581207982026240e-01
4.814170394987159485e-01
2.195586975065405844e-01
2.204748067248825383e-01
2.703214583596931231e-01
6.835806163296850313e-01
6.661962845495135177e-01
3.210409861276207755e-01
3.551605695195776402e-01
2.509826937955881854e-01
2.673568660998377200e-01
3.025475530306850902e-01
2.842331346314984075e-01
2.954054574213792472e-01
2.281486089092766845e-01
3.094893788007733182e-01
2.981674912787723453e-01
2.463649047516428270e-01
2.859100907554675275e-01
3.043712427931684616e-01
2.552589277594791151e-01
2.973680716774483312e-01
2.138673977056284314e-01
2.815010607556713840e-01
2.624167111706192101e-01
3.553905535256204895e-01
3.984015481120461444e-01
2.477957720602683156e-01
3.645791452373952080e-01
3.273789503401983714e-01
2.967249154761776309e-01
2.409468157345762140e-01
6.590178515258554581e-01
2.362719292297053575e-01
3.406680065801362400e-01
2.810987828595563065e-01
2.320435910157592485e-01
2.440189739436290639e-01
2.391577335678023442e-01
3.865449441469062664e-01
3.117241224332428229e-01
2.895608069774672222e-01
3.469003140614400071e-01
3.190157962702769301e-01
3.153121780394664841e-01
2.894666367664455731e-01
2.760856943323102830e-01
2.737472286661139509e-01
2.542135095693152658e-01
2.867541048094728318e-01
2.478911260067762912e-01
2.460071757667655346e-01
5.289213748499841383e-01
2.493912023784550236e-01
2.590390220278540601e-01
2.829994700056414070e-01
2.954583561555524929e-01
2.348241524087401610e-01
2.996622956880016231e-01
2.528853927077086006e-01
2.994582759334529221e-01
2.946125946349087976e-01
3.396524595302887195e-01
2.946125946349087976e-01
3.396524595302887195e-01
2.401722926123466828e-01
2.718395041596676220e-01
2.962728182586598646e-01
2.667245635979614837e-01
2.963673036379868009e-01
2.207767475290696446e-01
2.745519979447573200e-01
1.749739965746054116e-01
3.760722830144747064e-01
2.677790668438581601e-01
3.307141586089911711e-01
2.466027507488062487e-01
3.874801331136819571e-01
3.582868580223762534e-01
5.177571253647421656e-01
4.446346509012624182e-01
2.958340215149504182e-01
2.284138692438598128e-01
3.705623346625258607e-01
2.493918380524479950e-01
4.466800519256006741e-01
4.511552379759382059e-01
2.494241028203960375e-01
4.823962486245029213e-01
2.729461750655780561e-01
3.499085508458866789e-01
3.612720025632954468e-01
3.469434363972887514e-01
4.213303674102756857e-01
4.393688733979213557e-01
4.438866141169693358e-01
2.587411956856427442e-01
2.699743766582405891e-01
2.828288971106682759e-01
2.691782699766026576e-01
2.969299976025355225e-01
2.145468335890707012e-01
4.104448024297069897e-01
2.811745816964867917e-01
3.379351791593735443e-01
2.832270102334583650e-01
2.902828230240453999e-01
2.863669535596803928e-01
2.699969952893929714e-01
2.481885874362476929e-01
2.619591468255558775e-01
2.842139138808632559e-01
3.408881532486836008e-01
3.601150443832400461e-01
3.685111853145214833e-01
1.727143580287023306e-01
2.954281420166106065e-01
2.501387577117961669e-01
2.983527256687389384e-01
2.956123028074030823e-01
2.939403031346644601e-01
2.996809753060288295e-01
3.041716519556904030e-01
3.112544302252311379e-01
2.319514778898400797e-01
2.590482346653419365e-01
3.235104160674093787e-01
3.373290589590691169e-01
3.498445511199226310e-01
2.526020232177164093e-01
2.560776917315326640e-01
2.571215524670586450e-01
3.027546170754000787e-01
2.896497692237021693e-01
3.011795556984362965e-01
2.640691580142676687e-01
3.287678196257766139e-01
2.382260850290603416e-01
2.816098489743086852e-01
2.263040426562013818e-01
3.342569726346182324e-01
2.560305569577847051e-01
6.873575318155227265e-01
5.174653294697382222e-01
2.731192817104369230e-01
3.332145025045743503e-01
2.546889157084245570e-01
2.887462021592115402e-01
2.464180418659923655e-01
2.467061557085285517e-01
1.048051407877152341e+00
2.745689501714805303e-01
2.427755057588908694e-01
2.923729679921118763e-01
2.967292096384957500e-01
3.033894207571278812e-01
3.263474092291076545e-01
2.552184820483112127e-01
2.805924595987399628e-01
2.776386712265695444e-01
4.992772328391640868e-01
4.897800943273384333e-01
2.486735801796705891e-01
4.968274215801035676e-01
4.957367518384132032e-01
2.455218184522334757e-01
