2.499011979271806572e-01
2.614315714929636436e-01
2.280712839679377713e-01
3.927401258567682629e-01
1.732633450890625482e-01
3.239580393076520459e-01
3.426487403599409731e-01
2.780349617441857379e-01
2.495846600990994923e-01
3.048919725391204816e-01
2.492361430992292848e-01
2.941260957094141149e-01
2.498100113772402375e-01
2.960240659831086529e-01
2.989237563719978619e-01
2.226860308703241531e-01
2.667187009442697487e-01
3.519462686338238888e-01
3.704799875040071799e-01
2.546753812280345697e-01
2.860989677347274274e-01
5.402992762681780858e-01
2.482281842009654016e-01
2.477556329768195176e-01
7.149663284173197741e-01
2.554325814286133034e-01
2.969919802174678103e-01
3.346796814408789511e-01
2.253218019852362419e-01
3.494273539319271427e-01
5.423936484047795492e-01
5.500361043563855024e-01
2.966470036160434587e-01
2.827688469202334631e-01
2.389950496584825612e-01
2.492265763924462474e-01
2.802356853363551781e-01
2.982532254846619324e-01
2.627777497377303817e-01
2.975371747649893650e-01
3.316767728858182052e-01
4.839629341236114657e-01
2.134461739847482720e-01
2.150806104370971694e-01
2.690362655777062684e-01
6.084320625261525617e-01
6.609519994540384857e-01
3.295862991250014251e-01
4.949952135287126742e-01
2.856440654849397576e-01
2.533140570030434358e-01
2.548259960418659542e-01
2.834147091190474810e-01
2.984370004933281639e-01
2.162167702722758156e-01
2.682590499150794838e-01
3.345410359392583244e-01
2.472254413731610201e-01
2.749482134176255976e-01
3.146552391592138398e-01
2.621374476167864787e-01
2.960240131472968717e-01
2.171177427965927109e-01
3.138619213391230511e-01
2.809925086457390475e-01
3.185501996378978240e-01
3.747854753263305527e-01
2.796155999263079117e-01
2.949833741619762306e-01
2.995162039492109129e-01
2.946187922136083714e-01
2.202243291125577096e-01
8.036225117807848095e-01
2.296745197170161623e-01
3.353785754968343635e-01
2.863766425720039033e-01
2.238199910602945708e-01
2.418252714479129928e-01
2.402264211676248540e-01
4.414796909425828808e-01
4.376138870831885463e-01
2.931616755643314254e-01
3.466902145323353390e-01
3.676136759445414737e-01
2.663986578976155206e-01
3.897580501763539540e-01
2.840303640956300391e-01
2.558668285273674736e-01
2.542340374236830014e-01
2.875640963292034891e-01
2.475109988095568481e-01
2.470722054292291969e-01
3.111998586098247976e-01
2.871298861627163412e-01
2.526932652407085644e-01
2.827864690528774649e-01
2.880502936933557190e-01
2.209489355649233988e-01
2.435502913261909652e-01
3.645015473402655193e-01
3.100726386790613742e-01
3.104320670394417614e-01
2.399908996501973479e-01
3.104320670394417614e-01
2.399908996501973479e-01
2.193311323182765837e-01
2.596110292662266450e-01
3.137476902435825665e-01
2.859767917014072180e-01
2.961724237740142041e-01
2.179926138867258611e-01
2.960543432437354738e-01
1.759122739269814717e-01
3.592553658418896623e-01
2.367384292828101922e-01
2.986311846455182994e-01
2.501974314846558411e-01
3.385938166133151128e-01
3.303245906064944393e-01
4.823351431687891155e-01
4.239156961272639301e-01
2.958604591134139095e-01
2.230937825383438045e-01
3.249013866748531321e-01
2.733022921865116417e-01
3.762113243251935524e-01
2.999608681608338379e-01
2.829507732463528713e-01
4.568028886172877390e-01
2.872420765217096328e-01
3.388026047831849685e-01
3.492163622102762432e-01
3.603206970373009077e-01
3.804763459333840858e-01
3.882771490731822817e-01
3.708546303930823629e-01
2.510507792757331047e-01
2.686173152088168203e-01
2.917890011398458494e-01
2.626659157426120550e-01
2.967831569965127536e-01
2.140392079830895911e-01
3.813384446772415393e-01
2.983016733346774418e-01
3.452522162194354705e-01
2.893665509520954582e-01
2.851122950729930716e-01
2.948011247290474590e-01
2.656839404108591873e-01
2.567755159977891943e-01
2.558179933999641387e-01
2.796897188765506415e-01
3.398824885837786192e-01
3.473597686673473017e-01
3.618804004802717023e-01
1.722588644553891546e-01
2.919688574829890637e-01
2.482164142025686249e-01
2.774839107241280911e-01
2.883020576017427117e-01
2.908306102089584511e-01
3.585956460640167265e-01
3.482499898072561884e-01
3.371122037331565902e-01
2.338656072332105373e-01
2.408242668643310047e-01
3.524063729736244266e-01
3.971975762333667670e-01
3.835262307538904181e-01
2.571556141490525804e-01
2.474762280771805878e-01
2.594017227572186779e-01
2.895874537839470686e-01
3.530040522377820289e-01
3.324807869261792725e-01
2.542816036119320278e-01
3.239520633832026486e-01
2.395581806176433348e-01
2.859569866486019185e-01
2.230202653874140128e-01
2.998876889085823061e-01
2.564511395173665331e-01
5.322435968239951354e-01
4.085317905473607736e-01
2.930843429338588213e-01
3.200814572009060832e-01
2.516311964816564939e-01
2.912122875327813887e-01
2.478358882623223070e-01
2.463497544322118815e-01
9.044764399063159876e-01
2.545208688648287754e-01
2.661317666179733865e-01
2.923785347953560265e-01
2.866781683173104667e-01
3.023998707636792460e-01
3.225986195093356046e-01
2.841571638281380485e-01
2.552324538626642436e-01
2.794264056720835998e-01
4.995443690807799819e-01
4.056261856706948610e-01
2.467023630382320920e-01
4.954456024858817642e-01
4.949638032424295564e-01
2.444425097535123936e-01
