2.595905679816516431e-01
2.705049961970411587e-01
2.255019856087027430e-01
4.253955517039709755e-01
1.736704958014302358e-01
3.893748061935193849e-01
2.928847954559946065e-01
2.876497277025583110e-01
3.109574054247288277e-01
2.965937534717076884e-01
2.277908295287248142e-01
2.546978976900634573e-01
3.027638010413870595e-01
4.819587196906803817e-01
2.978956640632263730e-01
2.271131162870275444e-01
2.671019897560615863e-01
4.024450565838962879e-01
2.338117093663802659e-01
2.565639002363535592e-01
2.858533823511301697e-01
1.163281069484246366e+00
2.410866054178252282e-01
2.565115341088829437e-01
6.897665963137521450e-01
2.462966343853355555e-01
2.538790259009381933e-01
3.687181284889528010e-01
2.226292606987504696e-01
4.291682339458500750e-01
4.524909523724469085e-01
5.815786581373448838e-01
2.599467529520100295e-01
2.710825293156611249e-01
2.514401985162934006e-01
3.392789190743433769e-01
3.039085806022168157e-01
2.506242471943331274e-01
4.431797749171197953e-01
3.078814555386546470e-01
3.239359531455741625e-01
5.430576460602488664e-01
1.960807753772715323e-01
2.155755286518973302e-01
2.766415507904934623e-01
7.593739208767733562e-01
6.696396628121716876e-01
2.005645315129774287e-01
4.816147098409285787e-01
3.032739126713176470e-01
2.560147106411557738e-01
2.571895102033118219e-01
2.997607284190108023e-01
3.016968537633864522e-01
2.774928133489030224e-01
2.666815690986246712e-01
3.860051733985283007e-01
3.044692436044779127e-01
2.580874203614275664e-01
2.480112411661372640e-01
2.894008456403659446e-01
2.277843172666975391e-01
3.574213896946172309e-01
3.274420748125440594e-01
3.906578148600620692e-01
3.125262521796182691e-01
2.357436477694503096e-01
2.718204563887711145e-01
3.820696015453896033e-01
3.765211916441927320e-01
2.802545906246493579e-01
3.504273904850774835e-01
6.058861794352281560e-01
2.927751254735926345e-01
2.230228944358664811e-01
2.697082459961684386e-01
3.444204936447776699e-01
3.073432849069688833e-01
2.555242332061870569e-01
4.449986284530346170e-01
2.662389408511461886e-01
2.902717955432395636e-01
3.573662092069842533e-01
2.493423591111973703e-01
3.723274343940611297e-01
2.945603698741597887e-01
3.662865824334887721e-01
3.071219193260930069e-01
2.598445436681633969e-01
2.832808459444166593e-01
2.403252300201941527e-01
2.457073534445567420e-01
6.219518620537554110e-01
2.587934676894440567e-01
3.099683629118689110e-01
2.764887515020557629e-01
2.780151017378824085e-01
2.373385862518185840e-01
2.368285429406754017e-01
4.324828787171451361e-01
2.726279259263726384e-01
3.976314016908200077e-01
4.543676362028473692e-01
3.976314016908200077e-01
4.543676362028473692e-01
2.760071165791759262e-01
2.325211123592984541e-01
2.380473166704543952e-01
2.923972961214971189e-01
2.869728230053564255e-01
2.098829179493228725e-01
3.636461902389598877e-01
1.706243320054654788e-01
3.514341933107562599e-01
2.286579275541737732e-01
3.622827292578397751e-01
2.364412490319966476e-01
3.141757872048620559e-01
2.441612675561353474e-01
6.776249845527061444e-01
6.249038409642125869e-01
2.849401802301081976e-01
2.266757372874027843e-01
3.410106632953547878e-01
4.193311218320308620e-01
6.010651851111078470e-01
5.364602248823635566e-01
4.695532970744164536e-01
2.997415565473711130e-01
4.809121519706407999e-01
2.625566728533421101e-01
3.625057542044201608e-01
4.182413474964938316e-01
5.087671404623512750e-01
4.581991868414154179e-01
5.466044768219558980e-01
2.471163994557846744e-01
3.029188701920869087e-01
3.834240392867518943e-01
3.107301319229292536e-01
2.197047184935278230e-01
3.574229677427414043e-01
7.932368174017125906e-01
2.803945556774989356e-01
8.578858072387214317e-01
3.316640959371556785e-01
3.745319133939714051e-01
4.261065705493353173e-01
2.501509965086888831e-01
2.425802644627995108e-01
2.583954667805502536e-01
8.423679918699116254e-01
4.959380881524013129e-01
7.109612005972785198e-01
4.795804644753910995e-01
1.690323265108316930e-01
5.053980876495159924e-01
2.350314393481012787e-01
3.548777177789642079e-01
2.439448414736971327e-01
3.082287892930625772e-01
4.153773950023399997e-01
3.804555758851674852e-01
3.740510912871487514e-01
3.462885584332848210e-01
4.042492420304986678e-01
5.376057089052809213e-01
5.140795757824471179e-01
4.580108219845869799e-01
2.341172611218742261e-01
3.040321063597481444e-01
2.617759062828641792e-01
4.309341949410395722e-01
3.423626209119675079e-01
2.674259434596980012e-01
1.036094074596268344e+00
7.599086025688200907e-01
2.182884084630084820e-01
3.006147824935005985e-01
1.865390136696694623e-01
2.469012278199561039e-01
2.619736591020634942e-01
7.756670508075491632e-01
7.745635218516347953e-01
3.439814701559649190e-01
3.695258985616478031e-01
2.502091690948805014e-01
2.799197147463716728e-01
2.520317822531990548e-01
2.566243606280090295e-01
1.409215802553055008e+00
2.956285537304186861e-01
3.768255390790768433e-01
2.958367130549438007e-01
3.695559537775225945e-01
2.391210046972105929e-01
2.826114804367925171e-01
2.339786950576203672e-01
3.613150448984257523e-01
3.896139053369193084e-01
5.422266926076412252e-01
3.463190548852672079e-01
2.409881486256215399e-01
4.946880151870020059e-01
4.947833118364144966e-01
2.545178768823048165e-01
