2.862819666585493250e-01
2.805696232873993723e-01
2.378228218528141424e-01
3.658282484079056762e-01
1.731709696552503619e-01
2.556435108461788119e-01
2.874323818416130161e-01
2.727488300991616765e-01
2.712819828631213848e-01
3.025490481287776423e-01
2.541362406310745947e-01
2.495882496716678167e-01
2.523438223988522799e-01
4.577440179962016242e-01
2.975574657307787363e-01
2.185679191223343087e-01
2.790542110237148599e-01
3.285817977987632865e-01
2.714396145738912081e-01
2.558208288792804264e-01
2.911241537181515349e-01
4.517473641132243034e-01
2.452170726297479841e-01
2.482177635110563441e-01
6.572838885012534105e-01
2.412506204728913917e-01
3.442270478874289719e-01
3.224179564864591563e-01
2.483046789969420298e-01
3.713117507699774111e-01
2.927477401522271538e-01
4.014921135225270610e-01
2.707216402859507487e-01
2.562296512560882644e-01
2.608862397930201138e-01
2.642294556805880323e-01
2.751261701485869238e-01
3.714147988303194148e-01
2.741583619767986035e-01
2.500902397221441142e-01
2.674198116157883165e-01
4.744897732074439545e-01
2.272480607382373896e-01
2.195276973774448748e-01
3.171445860335495026e-01
5.208871824306144926e-01
5.616179977645856525e-01
3.471874745294500908e-01
2.670397274590073367e-01
2.412241884082164667e-01
2.854289100050050321e-01
2.993454333123179989e-01
2.526128767969673117e-01
2.991182447735548089e-01
2.202254287016112144e-01
3.156368981167111398e-01
2.863373445730243994e-01
3.057266376921914941e-01
2.558860751539702161e-01
2.603501661734222150e-01
3.054518835203669513e-01
2.957547068386481848e-01
2.109516714403220916e-01
2.478951728839345059e-01
3.693461532518075296e-01
3.344286103219134554e-01
2.883020242025391977e-01
2.488228435102546321e-01
3.828861949685649080e-01
3.752293330085778034e-01
2.946850714068531274e-01
2.297126008659633456e-01
6.955083230866898614e-01
2.355695945881230990e-01
3.270945365910085112e-01
2.827048905412858915e-01
2.244744900978967450e-01
2.875268823059897172e-01
2.417725094774975103e-01
2.992930740462889649e-01
3.503839957065691957e-01
2.907749940365245145e-01
3.367114048279004623e-01
2.621480890425449961e-01
2.815443303821938414e-01
3.147493392323835737e-01
3.401557825015621428e-01
3.607115700174893802e-01
2.564715082355142339e-01
2.842198993910268201e-01
2.448589609201151374e-01
2.488103733567392228e-01
6.895648041552663310e-01
2.959640890596867968e-01
2.546175394381045010e-01
3.025148017513171750e-01
2.964916690245120168e-01
2.456474454868112778e-01
2.517943563953005115e-01
3.580262756584842720e-01
3.262639096346565681e-01
2.376246214181082783e-01
2.784675586582114337e-01
2.376246214181082783e-01
2.784675586582114337e-01
2.516471266413728980e-01
2.698334037754192005e-01
3.231647342974708903e-01
2.891938741803344870e-01
2.959999964334023015e-01
2.221374166311947951e-01
2.749096609627701415e-01
1.750678241715566130e-01
3.587161869160595540e-01
2.613286294836526524e-01
2.950402176328616455e-01
2.515266652993733976e-01
3.034923387565993114e-01
3.102143140179446368e-01
4.496667191300992572e-01
4.413224608553517614e-01
2.949812004881838257e-01
2.240271586940147108e-01
2.974743298828724791e-01
2.723284775889514564e-01
4.591933619794690280e-01
5.280392747018417543e-01
2.626624699343897418e-01
4.298165768532312137e-01
2.753839523701216985e-01
3.672287204131800542e-01
3.950478982966206254e-01
3.636844068141200093e-01
3.553887448762820811e-01
4.014162527186902474e-01
3.865274278464037039e-01
2.876119982314286339e-01
2.516029768526904520e-01
2.613730288556892489e-01
2.890458120022771360e-01
2.913321110816469717e-01
2.170734463419552729e-01
4.196211262966589306e-01
2.492083937825190776e-01
4.084206402492716048e-01
3.231705031015613128e-01
3.038542448593549161e-01
2.582512107192157513e-01
2.621425291519806078e-01
2.441574314717122329e-01
2.837798813895661687e-01
4.081534432723440409e-01
3.426878664143967468e-01
4.687242830821152229e-01
2.552108953553742232e-01
1.744892732317115669e-01
9.449119036733769628e-01
2.777374381329285047e-01
2.958192876992812304e-01
2.514594040556914489e-01
3.099770064539943970e-01
3.271420553587463531e-01
3.653229984954581289e-01
2.835100910552779130e-01
2.181068903015401794e-01
2.876702419083796980e-01
3.355492039997149956e-01
3.283694396282078043e-01
4.050927094181439037e-01
2.389573797356290830e-01
2.525260288113338469e-01
2.797834460980707649e-01
4.407615718002840799e-01
4.936146300543425292e-01
3.963530176984526587e-01
2.430195736807430895e-01
6.719072725502587273e-01
2.415749321978830078e-01
2.953522009954642202e-01
2.217668545133099911e-01
3.046353469740664677e-01
2.529937097177810679e-01
7.900684022370983994e-01
1.000497883889964079e+00
2.827893258374436503e-01
3.481233653247112758e-01
2.520729712189105354e-01
2.835897996154666534e-01
2.477142238385713069e-01
2.524494880822157339e-01
8.962598113942858991e-01
3.565404456519876142e-01
2.999753177109115709e-01
2.907368910614458457e-01
2.729058974283530281e-01
2.630581425123162953e-01
3.649327294339990146e-01
2.754656290149515852e-01
2.834112227645153581e-01
2.954700102703671227e-01
2.932290589883929655e-01
3.569359204907749383e-01
2.445503526344690592e-01
4.965786051630128872e-01
4.979609535019904887e-01
2.484901149268034792e-01
