2.512402861099486961e-01
2.604691755706600720e-01
2.276311684865559570e-01
3.732401063023981225e-01
1.743504053513286189e-01
3.212785448745089090e-01
3.290192219427453546e-01
2.824814410329051784e-01
2.541543412274984148e-01
3.034427342842980213e-01
2.453539746116215337e-01
2.853619411050877797e-01
2.504842365414565175e-01
3.002718763190903029e-01
2.979333239661074995e-01
2.271349208107653339e-01
2.624520061416790173e-01
3.652057742038921639e-01
3.765029128513570078e-01
2.550773157174085481e-01
2.858380061463317579e-01
3.773081893078271132e-01
2.481720427653697214e-01
2.458261454235980414e-01
6.958019394182061168e-01
2.673195545059824374e-01
2.712496737936219149e-01
2.960076046505548675e-01
2.306125305532217007e-01
2.809276886859217726e-01
5.457493545651196376e-01
5.876687333793748635e-01
2.796189796137769079e-01
2.738748895801687011e-01
2.522596657178588497e-01
2.670156996540115624e-01
2.665742265723663462e-01
2.786548376918843162e-01
3.005452579715661710e-01
2.900090167959026854e-01
3.311768722269962661e-01
4.802460742671315064e-01
2.176487437523899338e-01
2.174940298998058186e-01
2.693249722277909486e-01
5.385086559064217182e-01
5.126470944608236824e-01
3.117580739370220955e-01
4.348944807474324215e-01
2.790606200448421115e-01
2.561638656787539325e-01
2.628589184430182857e-01
2.962347351099262616e-01
2.966028092339930700e-01
2.312596946760286931e-01
2.749149575676486101e-01
3.313379515876097581e-01
2.533194004582499659e-01
2.780120488202444951e-01
2.897707779735709810e-01
2.596914631545936825e-01
2.979157296885654449e-01
2.146722168135436482e-01
2.800175110940160694e-01
2.738026123804854772e-01
3.419827688640275087e-01
3.644991305891826516e-01
2.513822779412707709e-01
3.477327874441819011e-01
3.314280645701725980e-01
2.966491480800216851e-01
2.214076282011568919e-01
6.609511811062908082e-01
2.313322024180516079e-01
3.356288513017418595e-01
2.868691370004671226e-01
2.235791264805712386e-01
2.387707758178589101e-01
2.453836349182111631e-01
3.602358894581768056e-01
4.258967609472313343e-01
2.943232830847558601e-01
3.438237149036986740e-01
3.342252931964379004e-01
2.748251468366780248e-01
3.374333285496957657e-01
2.822885737166212494e-01
2.623281901392103266e-01
2.552898152527358078e-01
2.855600249883581410e-01
2.490455515173287115e-01
2.472565208927756109e-01
3.502491838317651762e-01
2.685060681822918349e-01
2.573630094334054541e-01
2.844852320176742277e-01
2.899446156714295952e-01
2.263473843696713617e-01
2.500109088242496447e-01
2.997057109221921700e-01
2.917010175047216602e-01
2.721372958504844619e-01
2.724165449311816700e-01
2.721372958504844619e-01
2.724165449311816700e-01
2.151850750603629125e-01
2.510678668636553423e-01
2.735141480473273212e-01
2.915816671402273186e-01
2.961285548046096450e-01
2.210460698912084521e-01
3.066828922827813941e-01
1.749071763142192593e-01
3.741810453868975039e-01
2.726747165262061179e-01
3.069465589323632781e-01
2.467251430447484628e-01
3.734746482877118745e-01
3.283352390057779346e-01
5.216541154817467829e-01
4.738818349036686417e-01
2.954271912705213055e-01
2.294303714273095984e-01
3.682137723165813670e-01
2.524943963449887696e-01
4.009326332596393483e-01
3.749732804002122721e-01
2.604057358885381590e-01
3.830414786696798579e-01
2.781861684944194058e-01
3.475178139462877791e-01
3.497318770510651209e-01
3.572350743579935650e-01
4.298398880562047109e-01
4.283499081277328813e-01
4.244250796478853394e-01
2.691812634389803560e-01
2.556497319709803984e-01
2.658144352326912152e-01
2.829995169040290803e-01
2.971714316380664189e-01
2.158521613619860391e-01
3.592374003507582958e-01
2.717194529444603712e-01
2.977036717247031894e-01
3.099624769178673800e-01
2.896704128421246360e-01
2.707696484358231848e-01
2.688085442293033922e-01
2.504391784479255700e-01
2.681944810182034233e-01
3.259018139566954297e-01
3.227541222928999032e-01
3.819322778509043337e-01
3.250209490854352734e-01
1.737876528749990601e-01
3.315796511918175371e-01
2.506294509586390329e-01
2.846644255865220519e-01
2.819077272416480873e-01
2.840185407774536985e-01
3.406572486764632979e-01
3.351283691768784934e-01
3.374036437547950351e-01
2.274602015110664954e-01
2.675547964744461327e-01
3.615604577510854734e-01
3.739118075359790239e-01
3.766348508187506994e-01
2.543538642510561054e-01
2.556519384709836640e-01
2.546999947688874388e-01
3.813606992216250768e-01
3.708466644653182764e-01
3.838031988046982645e-01
2.664538266867154115e-01
2.901279811183896107e-01
2.905962461474878022e-01
2.858536938326462495e-01
2.215937560981954824e-01
3.393213067436335328e-01
2.419041663685732313e-01
7.308158833625901796e-01
4.669334297343198936e-01
2.656388473939256811e-01
2.512853683492006218e-01
2.551674691948725981e-01
2.862187954996201489e-01
2.462215500067100882e-01
2.465129864369309809e-01
8.002020900762547573e-01
2.610298767329092273e-01
2.629354158701286415e-01
2.926545592398837603e-01
2.948406232375675451e-01
2.953544664718752433e-01
3.217703274799826318e-01
2.655084090083497106e-01
2.635716107107283213e-01
2.735933095867668641e-01
4.847576849248629305e-01
4.937972342028184580e-01
2.468943266976048878e-01
4.963919647150481507e-01
4.959304072755584269e-01
2.466049874981703638e-01
