2.458654104037621690e-01
2.921060259302961093e-01
2.301461790788521256e-01
2.528335329674253340e-01
1.750538765464774438e-01
3.600532442965738156e-01
2.457683356520438955e-01
2.731583345981566935e-01
2.901872044447594834e-01
3.011578464630085272e-01
2.398629374094514155e-01
2.485888370872983422e-01
2.923694267972080096e-01
2.676053218904942965e-01
3.005596153088413436e-01
2.209813241153799901e-01
3.389821773101568958e-01
2.869890190823955467e-01
2.985096801460893623e-01
2.566579788676731089e-01
2.923423530840674189e-01
9.037876762647294449e-01
2.471127230766885785e-01
2.451865756979625666e-01
7.470324349536779929e-01
2.473793619828060786e-01
3.886851441340474778e-01
3.773810700786307537e-01
2.457494020642663757e-01
3.692846435425527485e-01
9.950955549177642467e-01
1.045953116367584590e+00
3.227809736863248569e-01
2.956829292047721269e-01
2.443421996053212752e-01
2.693848615107867772e-01
3.067920615064176348e-01
4.017488264578026325e-01
2.754409860459829940e-01
3.046287208591547113e-01
3.378064063938132633e-01
4.826525395479079883e-01
2.179217005960950859e-01
2.183183797127210279e-01
2.651713851425713808e-01
5.127657887507451884e-01
6.329086638087609851e-01
2.800741126744006326e-01
5.132355401175855425e-01
2.906925548802231085e-01
2.577655856109141719e-01
2.636403572166459708e-01
3.002040258142047446e-01
2.949692842001632176e-01
2.188856261908686263e-01
2.563941539363427391e-01
3.120492443958017281e-01
2.520185620734680110e-01
3.027868857689638982e-01
3.032643948004239420e-01
2.512892151960016140e-01
2.992541160692317459e-01
2.111319846635366093e-01
3.063307513541967952e-01
2.663245878487104923e-01
4.523919253047596345e-01
4.719796657643449134e-01
3.005782070325338506e-01
3.138336733927943323e-01
2.741060589321873131e-01
2.972044259153331924e-01
2.598362635604528070e-01
7.418623524781938761e-01
2.510529024570620216e-01
3.415711987503379787e-01
2.860340396776541172e-01
2.285896536086939879e-01
2.407534668741393158e-01
2.406610647820844329e-01
4.431135334442531382e-01
4.284779462232871650e-01
2.897430116939449518e-01
3.512392629154891255e-01
3.608329964997737949e-01
3.700285861714687763e-01
2.633396628827559538e-01
2.642100968951442974e-01
4.371091706956415912e-01
2.581466913722738621e-01
2.931086933241874859e-01
2.496040384818771496e-01
2.410193957901786976e-01
7.086137339411137104e-01
2.441522809565343233e-01
2.391952800781047550e-01
3.601340996026302088e-01
2.941470254382155813e-01
2.191996403623438505e-01
3.311949152935767526e-01
2.626944157316458139e-01
2.857615758484479129e-01
3.827614105385957477e-01
2.632434905951713255e-01
3.827614105385957477e-01
2.632434905951713255e-01
2.528796782717986913e-01
2.522367137023058259e-01
3.713696605852525590e-01
3.345807941628698989e-01
2.999228085364246121e-01
2.204479835307394386e-01
2.912361751226035800e-01
1.745041975363836595e-01
3.782021797120115325e-01
2.650634485563119758e-01
2.568728702510807427e-01
2.486132296272475228e-01
3.054738936447205511e-01
2.700332964258277957e-01
4.051204051552078078e-01
4.802585017435365700e-01
2.934581068067141363e-01
2.264914872015957037e-01
3.388110762400232678e-01
2.829179158254541693e-01
5.565781264165933218e-01
3.938616900649687391e-01
3.294507566073659466e-01
2.718116300297831467e-01
3.787963185139415767e-01
2.744240435804650158e-01
3.681405879244635249e-01
4.150880077681653457e-01
4.705064193759941338e-01
3.921730467235712836e-01
4.426730448860506373e-01
2.618870793072827774e-01
2.582894799389122142e-01
2.702492726376933829e-01
2.881617221979866361e-01
2.984594907814185349e-01
2.064837677705931573e-01
6.160413883770941013e-01
2.795281068821566794e-01
5.156153841215066480e-01
3.095525912559472514e-01
3.542842230484476440e-01
2.743666409712035570e-01
2.533723050678872712e-01
2.397274537031229003e-01
2.718168584570662683e-01
3.390500752532958906e-01
3.404076638899023455e-01
4.823319365507836576e-01
3.709798503711075335e-01
1.753266530308318361e-01
3.164835398699764046e-01
2.500130065568216264e-01
2.555604257910451538e-01
2.882004265891345840e-01
2.998117552375698103e-01
3.851929508922573020e-01
4.154605899332921015e-01
3.852866317881486480e-01
2.419138073216453022e-01
2.408451573945222246e-01
4.086999252603049082e-01
4.470357168315822194e-01
4.347382927825602650e-01
2.524550288665280973e-01
2.453787960634840615e-01
2.729440453172666814e-01
4.068472620831354303e-01
4.546589005881319645e-01
4.788565218684001090e-01
2.670235365992987830e-01
2.999995414924531145e-01
2.341651627741265784e-01
2.880220974227599151e-01
3.565643477854150145e-01
2.723242745446194935e-01
3.631424861638146706e-01
5.063324593238159865e-01
2.616097636445386954e-01
3.153067606100865561e-01
2.692689556131066531e-01
2.577416964213179451e-01
2.852000393239639831e-01
2.498091840331328473e-01
2.418329854920878152e-01
1.069188009415562135e+00
2.860781382882272017e-01
4.368874208771053036e-01
2.850228666429583946e-01
3.274579164626526540e-01
2.517148874089835675e-01
2.818147042496604859e-01
2.540721876415472646e-01
2.776934062211513510e-01
2.671641471804027668e-01
2.391905324554291778e-01
4.390078862146790661e-01
2.520761821735868491e-01
4.970876454625718366e-01
4.954815430669937681e-01
2.463334483172096856e-01
