2.424391864426000687e-01
2.841066266442989208e-01
2.308502987894638092e-01
2.844975316246027286e-01
1.742866681741302437e-01
4.004534077011885906e-01
2.562996716304143940e-01
2.523182939645858269e-01
2.784866463748275067e-01
2.997530044322835874e-01
2.448338715611298178e-01
2.535255322899470642e-01
2.875821239019561992e-01
4.573568494764739256e-01
2.936921108509282230e-01
2.184730659430955679e-01
2.623881058501925101e-01
4.145686959569775953e-01
2.519783247911770996e-01
2.561312598396983109e-01
2.862979895853549062e-01
1.014971534876878190e+00
2.489478903632834916e-01
2.453815573636737579e-01
6.984416172255177857e-01
2.394725542996672674e-01
3.670690448240592207e-01
3.587227969998205146e-01
2.255897926517624608e-01
3.761893997025004266e-01
8.607616538217436331e-01
7.939674552360375115e-01
2.540638890458015164e-01
2.393816884222364216e-01
2.981783187120218837e-01
3.556276188698360152e-01
2.453055307691541231e-01
3.927423678273536112e-01
2.890056292578305208e-01
2.446216264748875269e-01
3.303033930562662701e-01
4.971157474055262204e-01
2.321177788850732338e-01
2.232760511161910877e-01
3.414562271430904850e-01
5.926806062171265932e-01
6.481485918139262559e-01
3.092853837239250558e-01
3.410360282371903695e-01
2.909549672482353855e-01
2.489102018039889286e-01
2.531597387724256465e-01
2.986993864314947400e-01
2.350773820590509600e-01
3.492657600466192447e-01
3.033806057565383574e-01
3.562129762178790071e-01
2.690544981881815012e-01
2.461782679873261714e-01
2.708002947207127642e-01
3.128619297309794822e-01
2.984172293229865325e-01
3.045131894806086814e-01
2.806944625944888250e-01
3.443400433045681885e-01
2.836816870567382409e-01
3.142078944352295622e-01
2.427076017825205434e-01
3.283130894669865074e-01
2.488084895784914430e-01
2.931783296219448998e-01
2.134631349289139446e-01
6.653600183608600060e-01
2.902631270768496474e-01
2.715799342717866161e-01
2.658478683201320747e-01
2.344361207772309441e-01
2.715919933196281333e-01
2.736162199526287475e-01
3.216430716801590428e-01
3.890206214553748043e-01
2.969117610321007072e-01
2.194746655053525508e-01
2.746636530666242693e-01
3.800297136143357402e-01
2.575599606288998533e-01
3.097114484163372983e-01
3.835001711777567546e-01
2.557687054208645505e-01
2.869050017679418696e-01
2.481602540833687254e-01
2.473927654587402825e-01
3.854693567189146908e-01
2.457856152725726717e-01
2.978005966277236238e-01
2.599734740083504692e-01
2.956407946417272670e-01
2.175840564288352708e-01
3.228661698016025983e-01
3.871060431943641467e-01
2.784588964155527702e-01
4.225058545500796625e-01
4.603247121601115599e-01
4.225058545500796625e-01
4.603247121601115599e-01
4.380185393897786383e-01
2.567317189714118375e-01
2.654913912595456282e-01
2.730389293712212617e-01
2.234249649711145536e-01
3.515930418120730705e-01
3.763241338886876841e-01
1.748300528507561180e-01
3.703975219564231702e-01
2.588103897139903964e-01
3.556387763034533633e-01
2.462671872855182187e-01
3.742230811355760078e-01
3.197899247682592927e-01
5.794579328184119582e-01
5.570956811513928519e-01
2.956448106216281180e-01
3.211380352512580583e-01
3.686384835723665598e-01
4.364368574614854723e-01
3.962735547311334594e-01
4.686924362627984397e-01
2.558670735177879796e-01
4.044538869402293235e-01
2.767100820765974190e-01
3.405670720451749456e-01
3.580717444194322363e-01
3.404088734068660971e-01
4.677108967765140624e-01
4.710670934379118657e-01
4.676206940800130551e-01
2.425534190457178385e-01
2.419170448119647709e-01
3.852770198394321888e-01
3.758395672074003047e-01
2.953010738325827500e-01
2.238415446514152585e-01
1.046438913495068013e+00
3.886129226318456586e-01
1.064150247863751675e+00
3.261094895543759642e-01
3.019431118670674596e-01
3.351406673298077399e-01
2.623482800245643398e-01
2.467788900487325465e-01
2.490930145049446154e-01
9.966489840750705209e-01
2.553955781573949424e-01
9.663603275595247233e-01
2.938950024925640614e-01
1.733266509142806500e-01
5.718732299811111197e-01
2.785741075079450901e-01
2.944908111333369161e-01
2.916455927384203339e-01
2.915588498230380354e-01
2.904920255301081111e-01
3.030605585588700412e-01
2.804812139226380840e-01
2.158893108069181166e-01
3.456751431840576205e-01
3.016747732644251001e-01
2.949078849465892049e-01
2.908244944317878167e-01
2.573872038604779755e-01
2.544163687152063980e-01
2.589094692924020502e-01
3.984493406697930951e-01
3.712016754911913741e-01
3.649747066732180745e-01
1.082714750248226387e+00
8.668732747840306452e-01
3.031026392430065108e-01
2.931573525602593211e-01
2.743937908753394384e-01
3.612971849493268883e-01
3.072662746974332837e-01
1.079291646746823430e+00
7.338150383542385580e-01
2.529872740159517241e-01
2.881015512485537999e-01
2.568412470659244828e-01
2.850605711706672429e-01
2.478050979019858491e-01
2.462944356726371464e-01
1.161524625982758074e+00
2.656130681831404550e-01
3.319805485089870611e-01
2.932509946307347848e-01
2.633809341602861842e-01
3.038918992145830944e-01
2.625695671610731030e-01
3.041650974132837359e-01
2.472974737517247834e-01
2.468767125295706077e-01
4.424302917798999535e-01
3.947372502165022445e-01
2.481870728353910427e-01
4.959655958439070922e-01
4.961502155501879563e-01
2.477621286356805341e-01
