3.001616202003178913e-01
2.943802357744199072e-01
2.142742642912511541e-01
4.307601179770203514e-01
1.759568900293797811e-01
3.170402506910627305e-01
3.154318033497264806e-01
2.976011755167912165e-01
2.655570914609839406e-01
2.998237010352012843e-01
2.402021116092495079e-01
2.783231692325328632e-01
2.689316764443585028e-01
4.622153303644599975e-01
2.879030444108391928e-01
3.504080193468500637e-01
3.806667357321040779e-01
2.522963202252706538e-01
2.860745969585102300e-01
2.525809917251324310e-01
2.762484465204789186e-01
1.317273476816499089e+00
2.527477018820421528e-01
2.543331724951759520e-01
7.386830564956898826e-01
2.290068023824339272e-01
3.781185839692333128e-01
3.741094268103100084e-01
2.089105370623113855e-01
3.882012285954883346e-01
1.026468498172605770e+00
1.030095706589814197e+00
2.525347676068863123e-01
2.310535316963929220e-01
3.054124278840637530e-01
3.714881367658415257e-01
2.485484226081051407e-01
3.943445740037067049e-01
2.700212498192177124e-01
2.722151921988921752e-01
3.629528838132514146e-01
4.949407576046478963e-01
2.144804196499656146e-01
2.161829781148737750e-01
3.145339139585885957e-01
1.105148365341869887e+00
1.135984760713108388e+00
3.177375877226571999e-01
4.492058866635704195e-01
2.532776679811476472e-01
2.732101337000727437e-01
2.801844710361032775e-01
2.531057888007781087e-01
2.288655250008796438e-01
3.528655230269841514e-01
3.116796134478573288e-01
3.622939466077841897e-01
2.868197404678256013e-01
2.723468636533821208e-01
2.515942105635176618e-01
2.765572956186400089e-01
3.008781537883051804e-01
3.109121632690200476e-01
2.744368703523464292e-01
3.300204058419389797e-01
4.399588072044809395e-01
3.858729700247726657e-01
2.410826206862684007e-01
4.287388639464820850e-01
3.766531362610279210e-01
2.948974853177704913e-01
2.317261575878182822e-01
7.290929820017237883e-01
2.844059427684993979e-01
2.637546727698643068e-01
2.703228294679926869e-01
2.543015966780405868e-01
2.511970016931669991e-01
3.051507606436417719e-01
4.324913159442602129e-01
2.893222986593015356e-01
2.971569479465070995e-01
2.167739058624456594e-01
3.198976040014425148e-01
2.623842536729328878e-01
4.231838553481335197e-01
2.828114672860232992e-01
5.134147551263495979e-01
2.569468889166231507e-01
2.976905142759025957e-01
2.360383374075349094e-01
2.482054531521635798e-01
6.725822254340204642e-01
3.027266999669085412e-01
2.552747193611235033e-01
3.066051190257438885e-01
2.936602591072647317e-01
2.447199586450456987e-01
2.586779400184379685e-01
3.478432490423117307e-01
3.664395277082952429e-01
2.129164917066093954e-01
3.538851186436662299e-01
2.129164917066093954e-01
3.538851186436662299e-01
4.316741837575656660e-01
3.046675972768566054e-01
3.039099628868216496e-01
2.542429946595378687e-01
2.781508023668102791e-01
2.056222548171728615e-01
2.690341628547440189e-01
1.748385293987084477e-01
3.690331986796176467e-01
2.429230381146695594e-01
4.552906332815409574e-01
2.330909741615958819e-01
3.800744681690894633e-01
3.750590786522957631e-01
5.802094499424755858e-01
5.291509492384131041e-01
2.318646822500328719e-01
2.657716438966125083e-01
3.917227300989888361e-01
4.387864111316986393e-01
5.604471605923732058e-01
6.788344052122008421e-01
3.338788029868816620e-01
5.050080591165003741e-01
4.154725699713279208e-01
4.135298721546938894e-01
2.990948873412667686e-01
2.631988238111318545e-01
6.005751366874881869e-01
4.903719921844966190e-01
5.250984492097796608e-01
2.638945298896376856e-01
2.809176347154421216e-01
2.990927768854483304e-01
2.571076744090227684e-01
2.917461509731334446e-01
2.181395013413522654e-01
9.600601806639305069e-01
3.028391225965275102e-01
9.438141446568949489e-01
3.410838100915355442e-01
2.694958225254495687e-01
3.372687501937211563e-01
2.788155432768366637e-01
2.455469617326264120e-01
2.461103447666455890e-01
1.058706790800181707e+00
4.721559342059794551e-01
1.142751126474449652e+00
4.034106587597585669e-01
1.749125190406605468e-01
8.612902293289383948e-01
2.572217925996427290e-01
3.009331319371926772e-01
2.658931205006693776e-01
3.535940404402460602e-01
3.273839332952544479e-01
3.928830825685020733e-01
2.843667366001871866e-01
2.182039982805504819e-01
2.652509547934585044e-01
2.988879571014120273e-01
3.272528432168698709e-01
4.347813438001603137e-01
2.596516713431214485e-01
2.450272303177171151e-01
2.933821742450580805e-01
4.317502103140702929e-01
4.379140423741983423e-01
4.465115635209407907e-01
9.684979347525151105e-01
7.086657639680643550e-01
3.019594161333989391e-01
2.875138436344950033e-01
2.567670987082774081e-01
3.611394903147296942e-01
3.117060291771514557e-01
8.482561516921124367e-01
4.316431871121571007e-01
2.502363007861407307e-01
2.886989676308849839e-01
2.570613523567029102e-01
2.905350450250114291e-01
2.360576687604555857e-01
2.430191789676269809e-01
1.235806876444064395e+00
2.632051156419558668e-01
4.557505942658043319e-01
2.966503999292871563e-01
3.787278754093661992e-01
2.378779012082659072e-01
2.751602584311076960e-01
2.745552728200340020e-01
3.495534560732025398e-01
3.821273028267939686e-01
4.335398831790250318e-01
3.368914728165063877e-01
2.399839395781163121e-01
4.958877389387488233e-01
5.002166938059293688e-01
2.484441241424282243e-01
