2.723588998821720453e-01
2.653400073983261942e-01
2.354190296111336456e-01
3.846639712868683558e-01
1.781838858747628040e-01
2.589389570167497934e-01
3.658110332599143200e-01
2.644945911009599637e-01
2.453252051883907381e-01
3.027212306541710585e-01
2.559340193158122223e-01
3.036366407697036474e-01
2.555365425889133402e-01
4.381978378506347638e-01
2.975036655620537096e-01
2.256687299127615176e-01
3.209141142741190333e-01
2.894163352054250904e-01
3.806455008408831664e-01
2.598013396931709296e-01
2.900467933545746169e-01
4.556284497374596398e-01
2.399957992553305719e-01
2.475169679306098991e-01
6.361951956469176217e-01
3.037534749905055897e-01
2.341249507600559332e-01
2.761187640154667555e-01
2.499638624483850047e-01
2.362606223349347501e-01
4.716769104343954688e-01
6.022299092597399595e-01
2.304164701288105577e-01
2.830542320171122728e-01
3.050045246209585059e-01
3.629008357706758336e-01
2.586192995548314832e-01
2.632502728853187146e-01
4.341150761741926489e-01
3.066348539286258834e-01
3.626442282066166256e-01
4.794346418151576583e-01
2.108984955700197172e-01
2.222497991947918472e-01
2.698132153159917834e-01
5.446234675139204340e-01
6.923216336552137085e-01
3.862845600592711426e-01
5.086966431066675121e-01
3.024800730390544978e-01
2.573978304732547628e-01
2.420804713201651359e-01
3.046970398468242802e-01
2.988453904248928317e-01
2.295595934037630570e-01
2.382736859356518744e-01
3.655322351020886540e-01
2.272772746028106639e-01
2.494286098395024076e-01
3.729049193477503854e-01
4.253715446397895450e-01
2.976200360047110971e-01
2.244491523834712676e-01
4.000599828753344522e-01
3.223586451022617538e-01
3.451526012074994099e-01
4.319136366341682076e-01
2.464321593881466932e-01
3.865554365068578635e-01
3.732264814657320073e-01
2.916705780365380640e-01
2.596880093149284696e-01
7.583697788580937571e-01
2.346721475820168212e-01
3.493031578773170276e-01
2.919148784779845296e-01
2.403292539959565322e-01
2.606248041829912765e-01
2.307711586373405177e-01
4.634127641962542121e-01
2.375920017112455596e-01
2.929723153369265254e-01
3.498786904248136764e-01
2.719873444891631187e-01
3.581512739868155659e-01
2.799008108576864218e-01
3.452460378812240438e-01
3.627079437923010352e-01
2.495921845784297988e-01
2.962397817398179645e-01
2.473413290613080961e-01
2.480600727348297452e-01
6.861380784205556305e-01
2.459056674369022311e-01
3.074728362037911777e-01
2.497431722718044256e-01
2.927354356184061479e-01
2.302557567133541871e-01
2.894120219040496322e-01
3.998742962541293466e-01
2.812977411195233812e-01
3.845481012401767984e-01
4.704157246518823055e-01
3.845481012401767984e-01
4.704157246518823055e-01
2.283407773435285615e-01
2.476276597874469132e-01
3.754838505843299812e-01
3.985997544503349643e-01
2.935382201077980091e-01
2.198135131871647441e-01
3.274510729912044615e-01
1.729226950172948751e-01
3.527624839786716593e-01
2.415978282739923433e-01
2.675512933882035482e-01
2.563308003876695884e-01
3.996370092607126612e-01
3.704613378482324859e-01
4.999831122972819286e-01
4.180416728441629926e-01
2.984368153521353983e-01
2.195742490786786183e-01
3.724954966818886937e-01
2.808699467342342104e-01
4.282557567019131817e-01
4.950962741561058533e-01
2.624601662827667492e-01
5.265127291767414119e-01
2.554851523793457702e-01
4.590027976497214057e-01
3.932920768446306892e-01
4.256360791254895082e-01
3.899239078164104533e-01
3.529461660214927021e-01
4.664123357803406922e-01
2.456071697006432242e-01
3.045611722085979078e-01
3.129228147033026319e-01
2.422407690745981557e-01
2.963246284637610639e-01
2.198827380360631467e-01
5.648569403718698423e-01
2.808490749253370056e-01
4.207760726103264015e-01
2.581051442668840235e-01
3.180373364580715290e-01
2.724470478193163347e-01
2.937136572488001085e-01
2.386431957088259448e-01
3.051187902641550043e-01
2.841023862752553031e-01
4.501141277257553197e-01
4.673721712908991965e-01
4.556704159151904743e-01
1.733171392615575623e-01
3.592029569272123801e-01
2.514725450503687565e-01
3.551614335234385411e-01
2.588290963587406290e-01
2.859905450071140720e-01
4.088064378315436898e-01
4.026883701967879925e-01
3.770781726031856573e-01
2.173715750055159324e-01
2.656461364685904214e-01
4.820364463210333184e-01
4.115109213702434210e-01
4.379641335209867870e-01
2.481141494519505941e-01
2.679961557210371881e-01
2.775454208449034121e-01
4.455202803281781976e-01
5.046034527069491737e-01
4.440112911370580617e-01
2.819573633059525575e-01
4.377509771755394019e-01
2.416155714332204330e-01
2.927056574181112203e-01
2.143616707331758298e-01
2.868058389502453065e-01
2.697066516770423306e-01
3.469048838904250642e-01
4.706160480662684442e-01
2.818574005941901772e-01
2.840217099867041184e-01
2.649021948305189111e-01
2.858528798541736249e-01
2.471388815981013232e-01
2.511766054924612357e-01
8.424946743850592057e-01
2.655373235501937712e-01
2.746477213485575830e-01
2.966665939356768478e-01
3.040679589650646109e-01
3.146295261507803254e-01
3.058395716143691434e-01
2.658293218832264992e-01
2.588487021908138508e-01
2.755037530348116714e-01
5.025756774824348128e-01
5.022564314143634912e-01
2.510141139881748029e-01
4.994392038878012752e-01
4.972242108416773942e-01
2.475781956178733090e-01
