2.472617770299717077e-01
3.684013499389903745e-01
2.467102706154620517e-01
2.291428065059172570e-01
1.706475352968815362e-01
3.603175909166864699e-01
2.757122436301297497e-01
2.838432070544021912e-01
3.787076481807964412e-01
3.077609728402584954e-01
2.636698454421336213e-01
2.271632119800544303e-01
2.554784334982350136e-01
5.039213740344098413e-01
2.931468890299411267e-01
2.287983726852509947e-01
2.977259436237181811e-01
4.009180442539606593e-01
2.299421018262987892e-01
2.526215175528546686e-01
2.772205953551702406e-01
5.813552193207288665e-01
2.537823214001578842e-01
2.490200519022196246e-01
6.903852661850120587e-01
2.507622847928397403e-01
3.825317615626590007e-01
3.793239690974715139e-01
2.862531094311213109e-01
3.703961338087585764e-01
9.940620136865854217e-01
8.076341138978637701e-01
3.818163303422942301e-01
2.436911139953066574e-01
2.406851544278126864e-01
3.065784660156066210e-01
2.518265727735082282e-01
3.933711089129738325e-01
2.774766560968989770e-01
2.404838051687961387e-01
2.633327415069943722e-01
4.547463428425662646e-01
2.169527314197677026e-01
2.109652575833679544e-01
3.279658718927421779e-01
5.676192058280863373e-01
4.347081069295400946e-01
4.749410047819981329e-01
3.114522964985252940e-01
2.712436578361412942e-01
3.009030781607002769e-01
2.990222080120628068e-01
2.388466570568142655e-01
2.958609310582599461e-01
2.173274470812208703e-01
2.849597298174758042e-01
2.747149018628812778e-01
2.541916970979897217e-01
2.983236931894689414e-01
2.996504815139739430e-01
2.476226689957384541e-01
3.016558874326730755e-01
1.994073047902249762e-01
2.627753783964868473e-01
2.496639429610821026e-01
4.637023036340183757e-01
4.544848979392319133e-01
3.014338404508971614e-01
2.869499721366119971e-01
3.746529768755305079e-01
2.918153289336377632e-01
1.977373361090227211e-01
6.315753650987878665e-01
2.454050167270870331e-01
3.147154284513123401e-01
2.807667794888995538e-01
2.097955893749987311e-01
2.960557302170715444e-01
2.356186939751944986e-01
3.043931574328070377e-01
4.709984976195004114e-01
2.982418708393061446e-01
3.283811391315301642e-01
2.620385908086556581e-01
2.660677803971087663e-01
4.191712850595656348e-01
3.749493509908866651e-01
4.723297891936461546e-01
2.642126496154244553e-01
2.855003883235252005e-01
2.441963866378122905e-01
2.392073536457110516e-01
6.767204459176666687e-01
3.119047169060030766e-01
2.547659424694255215e-01
3.331968300385488302e-01
2.987228891093238747e-01
2.385100436502065047e-01
2.576633253372849208e-01
3.461625164498725593e-01
3.734632185355670764e-01
2.260569866235508651e-01
2.811586546426161903e-01
2.260569866235508651e-01
2.811586546426161903e-01
2.618724315116248147e-01
2.627015629055876600e-01
2.348954943980977594e-01
2.876537645430284895e-01
2.995410463426904091e-01
2.177869105137174022e-01
3.932941905362291046e-01
1.729726836414000879e-01
3.654145742976110389e-01
2.362818132601121335e-01
4.290573074921703589e-01
3.046740387290940988e-01
3.438568315775522577e-01
3.963879201960559540e-01
6.664510157059132522e-01
6.367681740564805626e-01
2.985259657108515485e-01
2.251587018424678621e-01
2.839357334237526120e-01
4.224212662651771200e-01
3.019766629695131988e-01
4.701319099084971254e-01
2.429571493756676470e-01
5.419957007457463227e-01
3.899628793587057163e-01
4.642748898634228572e-01
4.925509843630913043e-01
4.609027884686370258e-01
2.999319340602639716e-01
4.511913812519609546e-01
3.265506963088166681e-01
2.536567067025818911e-01
2.367746281823761567e-01
3.621876327630618175e-01
3.971213115804251292e-01
2.868449907731344117e-01
2.038241208281493244e-01
7.430103767633682299e-01
3.500387377689721524e-01
7.663626911088380345e-01
2.608867771959256232e-01
3.303672359421308546e-01
2.461668811969486004e-01
2.937446902493088818e-01
2.533668069552731383e-01
3.115702440765293901e-01
1.010524460042521167e+00
1.936815237283167346e-01
9.626482529184526848e-01
2.981417093478029301e-01
1.749182442157614925e-01
1.068753464440349132e+00
2.343224841070339626e-01
3.832647622211752814e-01
2.643283281340664259e-01
3.347456912603297141e-01
3.833362443131198005e-01
3.783447503839598158e-01
4.278536783942734623e-01
2.302997449139330410e-01
2.145804431960641190e-01
4.580430287270298995e-01
3.973937837952215557e-01
4.849105837004585862e-01
3.002781544385461077e-01
2.281041045033086467e-01
2.477575808149707903e-01
4.258491792362902872e-01
3.214856523816151390e-01
4.239177903404690029e-01
2.385250257827813414e-01
7.343553289484333613e-01
2.460566825300133653e-01
3.022008462932527229e-01
1.992282874365587653e-01
3.628020119383734698e-01
2.646084545523013642e-01
1.023519058525077297e+00
1.086287209160236689e+00
2.425438539116052117e-01
3.789883503974139090e-01
2.548034147885388512e-01
2.900754393758765426e-01
2.459912067870205776e-01
2.526245255727919137e-01
7.071417484259141517e-01
2.216992156456131235e-01
4.632344043361402708e-01
2.890645493738521199e-01
3.030879265257164779e-01
3.154495866269588222e-01
3.513825526705068314e-01
3.807659792751889039e-01
2.251868278138897117e-01
3.068433020492367103e-01
4.911111338391993542e-01
5.197214059147212684e-01
2.462264730574761362e-01
4.948655133405590045e-01
4.986543797533781186e-01
2.493263821820046189e-01
