2.511358283476495257e-01
2.709212125547619809e-01
2.386780036997740162e-01
2.708629880552282376e-01
1.726632681216809517e-01
2.648412190118425436e-01
2.681221760403202370e-01
2.795186071812921225e-01
2.948629082900560139e-01
3.028515573238635405e-01
2.503510020144773529e-01
2.499652646741537254e-01
2.617864434811851826e-01
3.375072834015593881e-01
2.947003173332419235e-01
2.334071900497725893e-01
2.737909667502895217e-01
3.579645491832057491e-01
3.427133858321393389e-01
2.550347903780574854e-01
2.908658481479161617e-01
8.600781807503694587e-01
2.461478632485750440e-01
2.469872989301528377e-01
6.064806766068268074e-01
2.939916980248100664e-01
2.530598431231309564e-01
2.963741510742707863e-01
2.217378175219218428e-01
2.962883175874712061e-01
7.026864508903636342e-01
7.405180186062608749e-01
2.509778018231315078e-01
2.833879090816964208e-01
2.938634011724307049e-01
3.594963496248247403e-01
2.509171543514265301e-01
2.516936178486182674e-01
3.779168526327115751e-01
2.926343499724649022e-01
3.322163895766894748e-01
4.898411668532291485e-01
2.163900064592355343e-01
2.156983300390473701e-01
2.717311727252330611e-01
6.274057281227367611e-01
5.829867280376914707e-01
3.105365049419662737e-01
4.802208781621696287e-01
2.880262877554973788e-01
2.566212897649797764e-01
2.631287098453793938e-01
2.998941239336818665e-01
2.981636189514752511e-01
2.250906281541504017e-01
2.686829470585455626e-01
3.459967813447040741e-01
2.732751194652969229e-01
2.645105099233789336e-01
2.608956721701269355e-01
2.652862579102978624e-01
2.992174448756721450e-01
2.136920863533992854e-01
2.659625950713881970e-01
2.977735482323371485e-01
3.828868032966917245e-01
3.144046160915099919e-01
2.566931488982646115e-01
3.398892191674953156e-01
3.149472507605914906e-01
2.968108706644742023e-01
2.125909497641612911e-01
7.405181484887616294e-01
2.336697737804628305e-01
3.324088941633960848e-01
2.871037362739573551e-01
2.198341230376478772e-01
2.385100887145076565e-01
2.439043941073235633e-01
4.388485296358663468e-01
4.360345193537782937e-01
2.948679231159762604e-01
3.455186888824234304e-01
3.736192204804640316e-01
2.651157003952632207e-01
4.114961374367600566e-01
2.754432662438376922e-01
2.491156017700562886e-01
2.535234831047492032e-01
2.889617021255275198e-01
2.466289353829831388e-01
2.472640017264870205e-01
3.307525891192304446e-01
2.574397419807770149e-01
2.771428808881543637e-01
2.638520665026944934e-01
2.890833531342431595e-01
2.248205043876875808e-01
2.470970832946305651e-01
3.146108036372255445e-01
2.608299171801742311e-01
3.019843332235391808e-01
3.278689173187319117e-01
3.019843332235391808e-01
3.278689173187319117e-01
2.109425363207993731e-01
2.626456050189334701e-01
2.899389870812468240e-01
2.779981506966769378e-01
2.976015962877505694e-01
2.219417589917264122e-01
2.782451903912535607e-01
1.745981318282169015e-01
3.501336459423395886e-01
2.716621884720107349e-01
3.327303578940531414e-01
2.492632998696077684e-01
3.522189025527073802e-01
2.910545820394348504e-01
5.288440448652688142e-01
4.415137114140657570e-01
2.945641122188208949e-01
2.278831993259294864e-01
3.366411416991994532e-01
2.707124281961920675e-01
4.839827149474517087e-01
4.593453462630505690e-01
2.677431332539605413e-01
3.752778816415621721e-01
2.726101086299868581e-01
3.177305224068662226e-01
3.392340629485240400e-01
3.506947559368018275e-01
4.033897022409453359e-01
4.310971551875711905e-01
4.068078351720412766e-01
2.488040456329662919e-01
2.680113823327089917e-01
3.029974960292066699e-01
2.686446978736872770e-01
2.946405491212035765e-01
2.131628874952351538e-01
3.927368476740996650e-01
3.007100444691094832e-01
5.220955571298669939e-01
2.847464689957697193e-01
2.769298712297470488e-01
2.856683229627461351e-01
2.555828111087672383e-01
2.518137213156786958e-01
2.510541694845904725e-01
3.375657356509426110e-01
3.573036687363690955e-01
3.813085150932306044e-01
3.605496063685250108e-01
1.741114445744021133e-01
3.956671352277255083e-01
2.555639841360688447e-01
2.778487120531734633e-01
3.053690948348585232e-01
2.925406818242557994e-01
3.569214657283288350e-01
3.671096181042906581e-01
3.497500777087118040e-01
2.404668104743526713e-01
2.316725509964337459e-01
3.736443294894521427e-01
3.433114553755601261e-01
3.348074296042787834e-01
2.537943004667000402e-01
2.541576039217360861e-01
2.557156580780056143e-01
3.900940044113289651e-01
3.529587646894964403e-01
3.818105898102070461e-01
2.540768036589879375e-01
3.247221029907439438e-01
2.365088694113019196e-01
2.900301241087053228e-01
2.339747038396102208e-01
2.673169887647787735e-01
3.299033774460808366e-01
5.209036203120114283e-01
3.864543210858748523e-01
3.571367653529530783e-01
2.697278704360046020e-01
2.550103168286225186e-01
2.872353269453474800e-01
2.472532396735787619e-01
2.484210828348466238e-01
6.594747033307595263e-01
3.001746739093307248e-01
2.428334973508449457e-01
2.924171487822118665e-01
2.801938024933707250e-01
2.872542009794231688e-01
2.923577452311824643e-01
2.549718633875522888e-01
2.912468613536426942e-01
2.712964510526912343e-01
4.992853577880224103e-01
4.796124875526207032e-01
2.478548624345131013e-01
4.963266061283044261e-01
4.976572365611011128e-01
2.491818630321650796e-01
