2.527039860026152884e-01
2.640605191016501263e-01
2.227217983023950243e-01
3.504885412534099465e-01
1.757558303025517910e-01
3.253827628902160041e-01
3.044487257905638122e-01
2.601960103337487840e-01
2.643027472294517954e-01
2.965278487149197728e-01
2.497964498531662081e-01
2.711232186387890764e-01
2.523603606532847099e-01
3.445837529953276746e-01
2.953251078711995325e-01
2.203266660938486277e-01
3.173734421890815893e-01
2.968301998065394631e-01
2.959436685227694874e-01
2.548624866552273716e-01
2.829373445176434076e-01
4.381318846564529190e-01
2.481521685345053907e-01
2.464896801921158953e-01
7.392226182446978155e-01
2.893894215301798800e-01
2.436395192724496450e-01
3.109112837609052660e-01
2.382454897738892630e-01
2.243182485203160659e-01
4.946735262357183083e-01
4.725788494179654631e-01
2.413533450449815432e-01
2.917656763615220084e-01
2.896405911194460114e-01
3.203487368781104405e-01
2.581098030178340941e-01
2.667977472511703918e-01
3.415494629031255447e-01
2.866561651942200473e-01
3.538322447726674480e-01
5.023056242897736556e-01
2.145566772732359351e-01
2.181864414276562525e-01
2.717827464829680184e-01
5.976235228191818516e-01
5.041075706955576718e-01
3.131666554672489222e-01
4.864854027566349326e-01
2.726202492266714961e-01
2.643785493451531465e-01
2.691793401528829177e-01
2.890810871817358074e-01
2.943115966621976942e-01
2.410908638719294894e-01
2.795230213511035733e-01
3.148696725089625836e-01
2.519692265687243915e-01
2.647788781106246714e-01
2.926806992747122416e-01
2.745053718853868729e-01
2.929693617875819833e-01
2.202443303688380316e-01
2.743054634031018013e-01
2.678802989459609929e-01
3.004935174335753301e-01
3.278387445125807154e-01
2.557376629364890297e-01
3.474770945794955490e-01
3.445993857025068663e-01
2.940029355604398820e-01
2.165897873932690898e-01
6.485147639474074799e-01
2.315352275383160963e-01
3.382778636712392983e-01
2.870245483445228452e-01
2.241394565754818158e-01
2.347988976564228392e-01
2.464610146226407505e-01
3.901364395691440112e-01
4.078431723686621879e-01
2.934813735011732039e-01
3.377594575241394392e-01
3.405983151244573182e-01
2.698325286032753345e-01
3.620921888003681977e-01
2.885792399977821221e-01
2.702798848666584930e-01
2.556067072605845425e-01
2.821575896720757703e-01
2.505639329139432436e-01
2.488182162164382372e-01
3.304072488741356950e-01
2.693332288534798780e-01
2.545496600763401118e-01
2.905281908008168212e-01
2.892204616908146675e-01
2.299925194793083216e-01
2.544050642432501563e-01
2.842109609765391398e-01
2.970086302808363499e-01
2.711902715235002814e-01
2.690644842635374068e-01
2.711902715235002814e-01
2.690644842635374068e-01
2.074381292198415883e-01
2.559981823641197529e-01
2.742431261087296401e-01
2.897756939068575899e-01
2.969024138460336637e-01
2.212870076768241323e-01
3.111772624050434533e-01
1.741807385839344857e-01
3.879654204995214295e-01
2.952918229938852890e-01
3.051699417878930842e-01
2.455425167845549650e-01
3.683294853801676316e-01
2.951372824441406695e-01
5.909393752455748272e-01
4.801724757319651982e-01
2.953859059744131654e-01
2.325796384259858907e-01
3.368545910574473057e-01
2.701794140951834233e-01
4.658666296667323126e-01
2.762222777110311389e-01
3.169605505936718970e-01
3.774168057046143332e-01
3.160495274399721111e-01
2.960413734275729736e-01
3.463690370852056111e-01
3.017237574932729594e-01
4.331835641754706034e-01
4.282308285722121743e-01
4.438197461217415207e-01
2.914380684101264274e-01
2.554759606986497511e-01
2.655290334420420395e-01
2.907541168043798474e-01
2.966056227099298503e-01
2.119460556580932964e-01
3.819543420432918723e-01
2.517605295371731500e-01
3.424920893987289383e-01
3.186272389823690543e-01
2.693329174253796254e-01
2.790445537801639619e-01
2.673046613964436546e-01
2.565876309791738641e-01
2.661806523999966645e-01
5.059354971413679847e-01
3.426485155443725339e-01
4.351551809153800798e-01
2.992592793390073669e-01
1.735954287335564061e-01
3.506338139880396665e-01
2.460860227964202784e-01
2.876040290995918736e-01
2.947148028950913323e-01
2.926595685327299523e-01
3.280785768195552121e-01
3.410119886907794218e-01
3.145543231439527077e-01
2.247842486280039187e-01
2.522689863306339930e-01
4.210240206993442480e-01
3.998062432738762051e-01
4.077284102833882429e-01
2.552964536114549765e-01
2.609982060282656779e-01
2.498605980873964960e-01
3.794624027895704965e-01
3.222301293934524691e-01
3.433669700949034675e-01
2.579696062056189843e-01
3.615060487309642578e-01
2.404799437857546296e-01
2.873847162158301716e-01
2.290487311939996273e-01
3.106813154129879906e-01
2.532278253567656345e-01
5.022872391505934786e-01
6.189777854797953172e-01
2.742182564843830828e-01
3.288122915269525715e-01
2.564072955356510031e-01
2.815119937618951185e-01
2.474044825349674959e-01
2.461940025606968452e-01
8.990671302749879690e-01
2.710425316540486240e-01
2.971907781855108177e-01
2.898840171002745603e-01
2.892254649182149917e-01
2.874625164452689341e-01
3.191186583428671231e-01
2.646475320329647607e-01
2.601057265095124693e-01
2.749025200260963309e-01
4.307043403881529731e-01
4.104292567505434808e-01
2.494847199281579608e-01
4.950307187694288902e-01
4.979035470028425059e-01
2.447827686898837452e-01
