2.324862733157341543e-01
3.706212972360139468e-01
2.767029455135623928e-01
2.253602737951345136e-01
1.695017951991610317e-01
3.731668873906072159e-01
3.056671345774754633e-01
2.972097821338844925e-01
3.808481287446172092e-01
3.068229276946398687e-01
2.689122136501323479e-01
2.378795093184251364e-01
2.360005838661831112e-01
4.377571670801901904e-01
2.919895632882557601e-01
2.460646331594209535e-01
3.743938952057709324e-01
2.778653765024042821e-01
3.156895619442129375e-01
2.562269588273581311e-01
2.911743121528376221e-01
9.678837072970115640e-01
2.431274416550300022e-01
2.509187101720239399e-01
5.901893476735784461e-01
3.116504583315211074e-01
2.408105353049560804e-01
3.044514073596276682e-01
2.343070546971820212e-01
2.419827631440908122e-01
1.105023078050952012e+00
1.335341243828559010e+00
2.867517178478283246e-01
2.374826099251202416e-01
2.445212210841546385e-01
2.448289916146761114e-01
3.053030597320660067e-01
2.956362292199684605e-01
4.242808994267794342e-01
3.025553883563693036e-01
3.576106148605671664e-01
4.930001718527804999e-01
2.065241314326439481e-01
2.057034371267568440e-01
2.657621999268932056e-01
6.184374034854906999e-01
4.896121043907777914e-01
3.652181265841036861e-01
5.257284418697646400e-01
2.510087404287685842e-01
3.014158163710863869e-01
3.011956653163056497e-01
2.597165921189746873e-01
2.962042585718950294e-01
2.169880305303635015e-01
2.707245797980222801e-01
2.585527465282573822e-01
2.940032830537877007e-01
2.406659271496650598e-01
2.531946505201164155e-01
3.133919293220384650e-01
2.856059433837469519e-01
2.181291256999657036e-01
2.499499265314203966e-01
3.661725924713983282e-01
3.477053087626394978e-01
2.360757252472731882e-01
2.361892591166554478e-01
3.838385355594087223e-01
3.392614345162431877e-01
2.920353442833251156e-01
2.156807673826376670e-01
6.371583246635174058e-01
2.282212615194330052e-01
3.333572848454981474e-01
2.935319731039434110e-01
2.153640200737740040e-01
2.447630005695843047e-01
2.509065222796570960e-01
4.314776547581255506e-01
4.379026043526990652e-01
2.920030708912346173e-01
3.327510063786648931e-01
3.681219401155501059e-01
3.757585523331091748e-01
2.419722350729796578e-01
2.809715079784795844e-01
4.300124129410731189e-01
2.587006078689962907e-01
2.967784894204604784e-01
2.452121627189366160e-01
2.463399696596093591e-01
7.223164325494256799e-01
2.947144098554244640e-01
2.319972097415280710e-01
2.998255897032430228e-01
3.015701703715630289e-01
2.250039641881059482e-01
2.430825763480520263e-01
3.741272518883042020e-01
3.678792252453565448e-01
2.396833624408440111e-01
2.559306430855544101e-01
2.396833624408440111e-01
2.559306430855544101e-01
2.269720171398467989e-01
2.406020426098902099e-01
2.386451923885548054e-01
3.282443183378839224e-01
3.011431805248022675e-01
2.130250455124666209e-01
3.938943913829789922e-01
1.743175968503041517e-01
4.023738194143259284e-01
3.546864871566234312e-01
4.032081167196606697e-01
2.520497519032685041e-01
3.776121695125475020e-01
3.746571580677106050e-01
6.685218289180984153e-01
6.304971590556600614e-01
2.942651827127643060e-01
2.435910492040575248e-01
3.971140499127066570e-01
2.431551003109733988e-01
5.024980381322047274e-01
5.856063412742724683e-01
2.709846776579579175e-01
4.890655891852324633e-01
3.050974151536305912e-01
3.479309045510307619e-01
4.804119062682126184e-01
4.191094526629486894e-01
4.814704561049704679e-01
4.606080611427589844e-01
3.505297232314668054e-01
2.549352440058834102e-01
3.171545170788411250e-01
3.173714580681918362e-01
2.480831117024495935e-01
2.897323137202753029e-01
2.230768487986799775e-01
5.802890475428721384e-01
2.928149974555446233e-01
6.100540467084806240e-01
2.814240317259081858e-01
2.508403922230287852e-01
3.179343634940715591e-01
2.941739062082779355e-01
3.063370819267665079e-01
2.481256144542854369e-01
3.665488251686746524e-01
4.689321373474789612e-01
3.341012038959272346e-01
4.616892187106316769e-01
1.702713979531404465e-01
8.662935512918588099e-01
3.078441343453984236e-01
2.718082567550503259e-01
3.848091725010964192e-01
3.440085837044851158e-01
3.707407711666790284e-01
2.495111595659453563e-01
3.144469280277484291e-01
2.250547910940700891e-01
4.006131850599150002e-01
2.589182477525744375e-01
4.080021701870547579e-01
2.900603079542428686e-01
2.466374044080370254e-01
3.052855829648435382e-01
2.374179517409628903e-01
5.046280957173233661e-01
4.209175789353268304e-01
5.034181937146223751e-01
7.091104381495526576e-01
8.558639086548047725e-01
3.061711466858606512e-01
2.208898824328231203e-01
3.587307782951579815e-01
3.769797647576306754e-01
2.863389296745655899e-01
8.415803801311961818e-01
8.673796421305209892e-01
2.689417133888070688e-01
3.568433518330600962e-01
2.593736070749199096e-01
2.865133479923396842e-01
2.475732059727574486e-01
2.401746291107696440e-01
1.107023453581424732e+00
4.677108036883080300e-01
2.341322430831700996e-01
2.814803546110532517e-01
3.372845383742816838e-01
2.605404189178395780e-01
2.495229961013248343e-01
2.400169013865156575e-01
3.713633801097862563e-01
2.251366600407983531e-01
4.699673554465269021e-01
4.477911079836253139e-01
2.541505310756367875e-01
4.881524981066381330e-01
4.990924693334011231e-01
2.418733156995393485e-01
