2.476494672638892558e-01
2.533525020480378309e-01
2.261070434902078263e-01
4.428321043775524379e-01
1.753013072491389213e-01
4.326789848208267286e-01
2.516870314819152354e-01
2.318571164178839517e-01
3.002239940578831368e-01
3.041073546173225783e-01
2.476548366353628905e-01
2.478974600974762910e-01
3.031818008205894865e-01
3.792090866143331129e-01
2.788901686438262084e-01
3.578134934370093001e-01
2.642109214239803938e-01
3.800291693498365486e-01
2.481145545239366590e-01
2.542908457851739690e-01
2.852376892000796360e-01
1.087986779606515242e+00
2.511850910549849880e-01
2.434773552963576670e-01
4.536600219222269303e-01
2.813042771509164930e-01
2.613451438961683082e-01
2.514963523340629781e-01
3.482220643459886245e-01
3.289579677031039262e-01
7.164173938609733616e-01
7.126215127986216258e-01
3.774915443289700856e-01
2.891473977465349177e-01
2.395208656976572370e-01
3.068161554425787862e-01
2.468192949573827233e-01
2.314764685940751965e-01
3.939003263542614763e-01
3.015549734769352175e-01
3.478176053589444594e-01
5.369952701478097890e-01
2.140738771022036857e-01
2.281302204606411033e-01
2.546320652596354428e-01
1.148287058600780952e+00
1.022493893500236561e+00
3.307361503313422935e-01
5.288232601265906441e-01
2.517346510396161752e-01
2.623014812402440499e-01
2.805361026548576775e-01
2.742403528362791221e-01
2.956448715904012592e-01
2.259976644718972583e-01
3.167879100124964542e-01
3.107905894996000895e-01
2.450421528168151564e-01
2.428477627926445837e-01
3.804012562775508366e-01
3.845979131754440061e-01
2.919979850726389659e-01
2.230054079194075944e-01
3.909536182157683504e-01
3.329062544001556434e-01
2.554880459031597106e-01
3.214382979398076046e-01
2.430524985957800699e-01
3.309644274977940892e-01
2.496734556868863142e-01
2.913168243092504328e-01
2.251938837685539541e-01
5.382512412477974406e-01
2.742591103002884334e-01
2.252212537904411394e-01
2.841004630315558388e-01
2.495001422323251672e-01
2.421127839211916211e-01
2.408795932763888870e-01
4.490455884649689478e-01
4.252876000123156364e-01
2.935520882485620486e-01
3.527664869266035619e-01
3.948929849976275386e-01
3.682043687361528095e-01
2.717395358044817355e-01
3.395020680996919671e-01
4.541794130430107379e-01
2.562796478567646585e-01
2.853921291917591585e-01
2.476980436448682765e-01
2.500415661790045818e-01
7.020547940911885387e-01
2.487093348206670662e-01
3.041438809475943694e-01
2.788603950856070046e-01
2.930604950321034075e-01
3.546743969343997271e-01
2.809108746830774606e-01
3.545754249068469033e-01
2.715966345628113010e-01
2.217693757190548343e-01
4.628195047240697413e-01
2.217693757190548343e-01
4.628195047240697413e-01
2.184257244756447336e-01
2.465492990610367585e-01
3.289161752926001436e-01
3.259281213985303904e-01
2.947999941626051612e-01
2.302503013326754611e-01
2.777631433722363985e-01
1.749075659211967171e-01
3.644142019301448987e-01
2.458014805165580352e-01
2.300424188016718108e-01
2.543071219945568506e-01
3.312060206478508739e-01
2.602247413542849164e-01
4.142034659440719802e-01
5.055344679031127386e-01
2.949323333651466261e-01
2.166133473365129958e-01
3.105802424692100105e-01
4.069751223607667723e-01
5.434283562401276413e-01
3.124674248496250306e-01
3.397178740444523060e-01
2.952618535084807760e-01
4.495721473798311441e-01
3.182347916407464727e-01
2.717770084176550638e-01
3.044650034152538987e-01
3.865151215362744308e-01
3.855931054025659721e-01
3.563454846826466516e-01
3.003335805241471590e-01
2.483415248546707865e-01
2.554173694186296917e-01
3.005615041199352078e-01
2.966198364228964102e-01
2.136624791725618699e-01
1.048336646798218696e+00
2.695089200327354662e-01
1.111335000251403082e+00
3.698063346727457068e-01
3.037456010541464968e-01
2.797268516997283294e-01
2.662274034462551731e-01
2.397721255868527634e-01
2.649561113604323448e-01
8.905137245224306053e-01
4.034402820970011683e-01
8.296038369722171790e-01
3.080393137599826692e-01
1.727622448594960114e-01
1.173766470390357641e+00
3.008570436514896307e-01
3.063730343497839126e-01
2.783500362886324742e-01
2.762101705927998974e-01
2.739418760790020002e-01
3.259772026443411574e-01
3.457504640520361883e-01
2.106236953135955936e-01
3.893113220149810316e-01
3.217341916402873259e-01
2.940004825271055888e-01
3.026541363553416075e-01
2.843697292515027231e-01
2.404562555655818112e-01
2.501036998116019650e-01
4.562260414987592272e-01
5.086539142594491691e-01
5.095847878123743735e-01
1.162207941276017564e+00
1.218574604775991110e+00
2.447007488922834095e-01
2.952582741899164587e-01
2.181513800394887792e-01
3.765760013496379233e-01
2.574413787687282462e-01
1.129118243444355629e+00
1.282987638705031186e+00
2.635937623831038357e-01
3.730994797178027178e-01
2.585261264522398239e-01
2.843683363059814617e-01
2.486748415915964183e-01
2.487247055600660672e-01
1.447575159574297388e+00
3.946219452028142394e-01
2.855509735259440518e-01
2.932773430958295346e-01
3.650039663072868756e-01
2.406606423515167681e-01
3.017359766302106228e-01
2.439436691341767549e-01
3.659129529889891819e-01
2.850125320544070195e-01
4.797107276740275594e-01
4.547655121771260744e-01
2.485517816620973208e-01
4.952781599160440695e-01
4.965674326363136437e-01
2.498075162029570473e-01
