2.407981320632219813e-01
2.284753818699124528e-01
2.106273683332129942e-01
4.079803485435119503e-01
1.815252785273803737e-01
4.138362701706758129e-01
2.334019105270389305e-01
3.070551128599789403e-01
3.162372454026627921e-01
3.039937221694380409e-01
2.447520253056644224e-01
2.386099988328013732e-01
3.006841493275654309e-01
5.473096038388827189e-01
2.865429697328092939e-01
3.524604216687846625e-01
3.182815389328044753e-01
3.689175949555653089e-01
2.238763233458810897e-01
2.424223667959141404e-01
2.870981084992010879e-01
1.020243497782792108e+00
2.545034402544032459e-01
2.413410465673251071e-01
7.369850171880703016e-01
2.426256091055822850e-01
3.892468619280607944e-01
3.796740346106677877e-01
2.322987858645441106e-01
3.967752376891570121e-01
1.116528978777820091e+00
1.083011252901772137e+00
2.436818205718195018e-01
2.253005458883789447e-01
3.065681890091005446e-01
3.655695662443760874e-01
2.556351206893623385e-01
3.878443405823255863e-01
2.426038553505630302e-01
2.525428184729851533e-01
3.393612760324465349e-01
5.269021178445151277e-01
2.152108780916999753e-01
2.185091172488288491e-01
3.230130262955264175e-01
1.006571327577236330e+00
9.072662389568969532e-01
4.803065092922166879e-01
4.215546849838732735e-01
2.496065358773225940e-01
2.961030102577139056e-01
3.664020199577089354e-01
2.627360767302672206e-01
2.317658159975505561e-01
3.470277532558959099e-01
2.735809422444764882e-01
3.537867829634673833e-01
2.980447399636684813e-01
2.422358921507273277e-01
2.228536161738043364e-01
3.037512036979552188e-01
3.055163097706090625e-01
3.014934670367059866e-01
2.763940314685865429e-01
3.913687356134557538e-01
3.940129629809446810e-01
3.072686201338356571e-01
2.981665877114438312e-01
2.847042873555231668e-01
2.752618271487889956e-01
2.912922123697035404e-01
2.048009056426007002e-01
1.301915312896775534e+00
2.962812657176736031e-01
2.848574228709817580e-01
2.675876817118082451e-01
2.263653708074070403e-01
2.354415898187576517e-01
3.034658415787134800e-01
3.839028888786592542e-01
3.247496880576555278e-01
2.975659816710370387e-01
2.224483197923669275e-01
2.910644257370066379e-01
2.798381112748290489e-01
3.879357964943138115e-01
2.901200266899408575e-01
5.019040839189827796e-01
2.661783578071881817e-01
2.845947959020635465e-01
2.552106489740726403e-01
2.664970087533257148e-01
7.111565336524129366e-01
3.035413445650910202e-01
2.533097424217222171e-01
3.136608004580621056e-01
2.921884571692051624e-01
2.623315861152906714e-01
2.693001674739152196e-01
3.459987879842325587e-01
3.775774673561871908e-01
2.266406467820164528e-01
3.550776785135743019e-01
2.266406467820164528e-01
3.550776785135743019e-01
4.476370534906979892e-01
2.609756201818895782e-01
3.529263614761105616e-01
2.145486722341638230e-01
2.586211591179219393e-01
1.992989458608475650e-01
3.633081117249336023e-01
1.799727054768241186e-01
3.593358055202267032e-01
2.441307429491064440e-01
4.011874073126468487e-01
2.303983889595604406e-01
3.981380640923783965e-01
3.723882813983159235e-01
6.241063432463315186e-01
7.342041844310022158e-01
2.351321687346911160e-01
2.898831176939337118e-01
3.994693479875555120e-01
4.524859977150689216e-01
6.134022787360218221e-01
6.705533799760792224e-01
3.875976685749960016e-01
4.857987045588509911e-01
4.344708841234297125e-01
3.173276051714617463e-01
3.023222966612568730e-01
3.055576239685584561e-01
5.355478868921640379e-01
5.314666079488871153e-01
5.306976534466768536e-01
2.984220283156197029e-01
2.451737019064798573e-01
2.538158491731170585e-01
2.954425239608508558e-01
3.000153794601088109e-01
2.112237157528341069e-01
6.624735028749456633e-01
2.720570544205569430e-01
6.745438262704832599e-01
3.758809898946399164e-01
3.654947033811538626e-01
3.660762582036520274e-01
2.722142441997953410e-01
2.434506266682217035e-01
2.459302775009450659e-01
6.775989241706150690e-01
4.575491536098472145e-01
6.589518120542838808e-01
3.796099774418764117e-01
1.695425462104054870e-01
4.075231709818815107e-01
2.403629905808843115e-01
4.296627506073903424e-01
3.839756645520063794e-01
3.875229056547307982e-01
3.663539517176442328e-01
3.374169978316771124e-01
2.555444574743536701e-01
1.947102670061342244e-01
3.788712547741373005e-01
5.071035710467433066e-01
4.970798764517468382e-01
4.288292043290335420e-01
2.282303331700319127e-01
3.011355182700471977e-01
2.477366683800998615e-01
3.954914121822555861e-01
2.987413399557609095e-01
2.465107543471840856e-01
1.099896996802902871e+00
9.540588078483801526e-01
2.983591509591219659e-01
2.944861690191698522e-01
2.814932162167285701e-01
3.717598718547521219e-01
3.267565394148306823e-01
4.817727408417553092e-01
7.586968558872015933e-01
2.689246986151476726e-01
2.885501085000871102e-01
2.595601925727328840e-01
2.911557198489135856e-01
2.442482105668065950e-01
2.566823542882521458e-01
1.547489596225077868e+00
3.889875982403768195e-01
2.942394324625601798e-01
3.017848083674175563e-01
2.696539107629000176e-01
3.632684199642495226e-01
2.400229258882061734e-01
3.772626060121367919e-01
2.304267855970504875e-01
3.646536806235753936e-01
2.930046472742695030e-01
5.095193510779958412e-01
2.463732294914912913e-01
4.889684510197024325e-01
4.982466088683811800e-01
2.493532594559329518e-01
