2.535543324556067124e-01
2.777168265111712442e-01
2.249328805538316489e-01
3.571876840097120143e-01
1.745856832542705128e-01
3.700127659564713123e-01
3.132967775043322134e-01
2.847958434290581708e-01
2.671593900360577090e-01
3.031723635623287949e-01
2.439470051895449854e-01
2.629606386384926719e-01
2.480343015172049026e-01
4.473610383637310339e-01
2.945290696092265348e-01
2.300407466834811232e-01
3.662348724068367756e-01
2.797011969302588552e-01
3.374832749435072166e-01
2.540226788047084128e-01
2.848100164863557882e-01
7.208769826574576989e-01
2.492471706055374159e-01
2.456430029277824889e-01
6.280601392023574814e-01
3.059312265610473203e-01
2.971062532253363475e-01
3.249843860548009555e-01
2.529388721859623934e-01
2.217682216088266989e-01
6.958112780884154747e-01
6.197055773116720845e-01
2.668790562005339817e-01
2.444235042345206943e-01
2.423017312364895981e-01
2.914671231585400646e-01
2.947856957931450084e-01
2.712876313153628205e-01
3.557612737315087315e-01
2.487521471691565567e-01
2.642181753826661761e-01
4.711270574315322701e-01
2.206356745085723270e-01
2.221067034764693249e-01
3.041313745357779874e-01
5.149344285712533775e-01
3.938967028578223006e-01
3.714123244482568365e-01
2.728030638230928284e-01
2.489114630105549175e-01
2.566475185265717496e-01
3.114466925090012550e-01
2.922926360568784410e-01
2.945549637212444560e-01
2.288245016663492393e-01
3.214084700978500631e-01
3.024407194925078368e-01
2.623892482453637487e-01
2.721783200795772628e-01
2.739947601752435458e-01
2.595111390659885497e-01
2.957093395094270716e-01
2.170503527964083579e-01
2.568450105577634868e-01
2.717724410425336745e-01
4.168646721927289911e-01
3.098787957603215681e-01
2.492903344662930065e-01
3.768029636374097269e-01
3.381487534610160828e-01
2.950037868626689819e-01
2.248246873424646353e-01
6.453774729318659809e-01
2.312310460336269302e-01
3.420445272596787656e-01
2.865949147186122037e-01
2.255741776348403893e-01
2.605273107700953883e-01
2.399314084522423951e-01
3.096551808904179359e-01
4.599737941640147376e-01
2.961187591178190970e-01
3.347755991198408942e-01
2.845387582012507965e-01
2.926114504333520161e-01
3.087879310389761711e-01
3.330334028374688504e-01
3.635130579993258726e-01
2.556575075241295236e-01
2.869677984299067175e-01
2.484627803819357550e-01
2.480587878068875873e-01
6.237746490651185916e-01
2.882842355428438808e-01
2.532927267627014811e-01
2.948964350986923999e-01
2.952236321899709970e-01
2.420485640051787679e-01
2.461431138579363853e-01
3.152909242704848292e-01
3.283039934590330500e-01
2.316932872847976277e-01
2.990485001049951186e-01
2.316932872847976277e-01
2.990485001049951186e-01
2.175924398809016835e-01
2.539355069305202495e-01
2.878378635395167362e-01
2.886306603089501821e-01
2.954812489054009506e-01
2.193621959860437010e-01
3.071696953811602349e-01
1.751846152606626461e-01
3.323282777994726600e-01
2.709109147088982761e-01
3.018666485155137580e-01
2.470533166717880924e-01
3.753673721058528590e-01
3.361565537184448837e-01
5.097506288088397008e-01
4.788045984159685076e-01
2.969757841521481478e-01
2.267880245837838871e-01
3.740359260998106228e-01
2.528458060721232026e-01
4.190200226084739854e-01
5.079797217546447863e-01
2.509737161704688191e-01
4.474458272089112953e-01
2.785332054726694651e-01
3.423523291362031706e-01
3.480841284119398082e-01
3.761829697656799976e-01
4.214928081872709731e-01
4.416152712077947573e-01
4.389767700471315925e-01
2.938813381895497567e-01
2.535610501100992731e-01
2.504486640698112554e-01
2.938828176158707617e-01
2.963884476544467739e-01
2.146344003464868699e-01
5.101451975089017488e-01
2.490568722637903076e-01
3.596045455375433408e-01
3.167623858450252516e-01
3.051108382310595002e-01
2.754434164186686518e-01
2.621478457664577211e-01
2.477177091662940145e-01
2.645172515978053696e-01
2.973606982471292404e-01
3.586191467857147708e-01
3.922071758741995651e-01
2.825756926585709650e-01
1.728971815393655631e-01
8.271267628655163406e-01
2.473329264336560918e-01
2.923195232825936962e-01
2.863847809518784149e-01
2.636144597331101513e-01
3.684538378591734609e-01
3.856754103951129942e-01
3.679246425037052681e-01
2.240059446899233808e-01
2.728447540071943789e-01
4.500540248853587277e-01
4.283711607315007219e-01
4.199689649790958046e-01
2.575636834591830127e-01
2.567202819304159056e-01
2.592822910359012800e-01
3.766016773440335474e-01
4.422477177905557721e-01
4.061480602878461132e-01
2.687346981520458700e-01
6.387724182629246350e-01
2.980549889969471566e-01
2.846937146588275347e-01
2.166277098927723299e-01
3.484669471555997822e-01
2.421013873796434013e-01
5.416396136263927907e-01
5.928920093246536904e-01
2.644047498163252241e-01
2.452404517229565262e-01
2.540679052819840855e-01
2.860657946415463004e-01
2.475803035824817033e-01
2.474474696407891194e-01
8.242835890456275960e-01
3.247921821233401563e-01
2.671654982795854671e-01
2.937908603499176374e-01
3.231788220703313286e-01
2.590722000938605607e-01
3.250001882030579270e-01
2.477956564167005660e-01
3.116531018231231132e-01
2.792786649662390985e-01
4.567215429754473699e-01
5.080200736377575854e-01
2.486324983909540265e-01
4.959738849033965002e-01
4.969177599168325132e-01
2.475395797499173323e-01
