2.738741660265718858e-01
2.598769333401598214e-01
2.198656133020929493e-01
4.238446276982377747e-01
1.747316535077064470e-01
3.304750908711848734e-01
3.351263390964900890e-01
2.659298331147963990e-01
2.754387484645376416e-01
3.046072648718447518e-01
2.480535234837309977e-01
2.563615094331663791e-01
2.449691821506983502e-01
4.773219680365154982e-01
2.874161448927224916e-01
2.274948565526522803e-01
2.564630163808468977e-01
4.179184650357953279e-01
2.349640237113587438e-01
2.565609003734194427e-01
2.885136287365695495e-01
1.205709616755067826e+00
2.527358418078824442e-01
2.388130449219597884e-01
7.034567548122796499e-01
2.427770945084654353e-01
3.744082577173583060e-01
3.817986702469323701e-01
2.072279060097574899e-01
3.730752823764769688e-01
6.247022707179981094e-01
6.441398255757767588e-01
2.548965233902740213e-01
2.907160907096421609e-01
2.984703335434985561e-01
3.762821458165583333e-01
2.526174664382278556e-01
3.976581816091410149e-01
2.751414488493371668e-01
2.666029019600102967e-01
2.579860570163334255e-01
5.010623351704796002e-01
2.263849545665224117e-01
2.259272726365061101e-01
3.287382342903901744e-01
1.600935955249910503e+00
1.587610434532664039e+00
3.511444976674332197e-01
3.974200239792145539e-01
2.482470881288919295e-01
3.045866885222331399e-01
3.235232977461826032e-01
2.533610326742656849e-01
2.999626317615154969e-01
2.047349065531446077e-01
3.020137694248971605e-01
2.731130830420676614e-01
2.744566326372007703e-01
2.625609387653533022e-01
2.751830801076829425e-01
2.595444166859608437e-01
2.920941672985730153e-01
2.103366020870993391e-01
2.621061280724159004e-01
2.895256366705217244e-01
3.913827319395547510e-01
2.679299229918513103e-01
2.517002972467104471e-01
3.820859454638408370e-01
3.731796743750623868e-01
2.932158499975467403e-01
2.441474415164971712e-01
6.917713444341360152e-01
2.986472787463196887e-01
2.266294464812605991e-01
2.547981192860375166e-01
3.285888292364516072e-01
2.365081839277562992e-01
3.079572221508186103e-01
4.401168941668112677e-01
2.440427801036944289e-01
2.864246767591446807e-01
2.089826459490296551e-01
3.392766757781850440e-01
2.713572026577563689e-01
4.169669573374156779e-01
2.996333567310849877e-01
5.172964357197944452e-01
2.521035124811739081e-01
2.807781238221884190e-01
2.528321718661401540e-01
2.496249570215203772e-01
5.325655704664954415e-01
3.011794864545101480e-01
2.556406239854090989e-01
3.117099387473286631e-01
2.182195718868608358e-01
3.574121406777353571e-01
3.571590495103659224e-01
2.675994358324269573e-01
4.132239330026892254e-01
3.318562135550479630e-01
3.235397410729749512e-01
3.318562135550479630e-01
3.235397410729749512e-01
3.665802354275462527e-01
2.451404472617567387e-01
2.618494555254020639e-01
3.341885202591294290e-01
2.986503826319067967e-01
2.485784432429850588e-01
3.783175149821271788e-01
1.760629265678291810e-01
3.566915747994441888e-01
2.296169219624647762e-01
4.034379057556778392e-01
3.062528775507079026e-01
3.317321681308731396e-01
3.730524103882529308e-01
7.005771511874825386e-01
6.664080107917647045e-01
2.875877792870175642e-01
2.239462671691758444e-01
2.415429544803521789e-01
4.122187098875936817e-01
4.294725491895719505e-01
5.690944066030844128e-01
2.328454665581314309e-01
5.298434400368685626e-01
3.720198542079414805e-01
4.476603941483532911e-01
4.413550682988193197e-01
4.549275118408712126e-01
3.247774811513098325e-01
2.745021913427503346e-01
3.372327563500702730e-01
3.001700094490203363e-01
2.477970628007534482e-01
2.375265552539437830e-01
3.098699875579569718e-01
2.889205131111133307e-01
2.389539891787854919e-01
1.613656820608339260e+00
2.611715130319470224e-01
1.542122281971334941e+00
3.749624231482734937e-01
3.493805662408868140e-01
2.792876948193063757e-01
2.735722882633481179e-01
2.375662431889214443e-01
2.657230875093259392e-01
1.711918916539791669e+00
3.945441800322418424e-01
1.657139029753544213e+00
3.153636124344391112e-01
1.747407328098338763e-01
1.005347608370151802e+00
2.467343092668871363e-01
2.571722800342506887e-01
2.615722353173144943e-01
3.288550318094574654e-01
3.973126348794747131e-01
3.707263763455420080e-01
4.014258252901263258e-01
2.234614675011716567e-01
2.974486660988778786e-01
4.322714249385631868e-01
4.399837749307498047e-01
5.067758304312832696e-01
2.594384276896917751e-01
2.700057713897721645e-01
2.318867619871555208e-01
5.247964971710458171e-01
4.485843088590552030e-01
4.837153885691592436e-01
1.116331838089266171e+00
1.098988053148189259e+00
3.025932941979945223e-01
2.903239705954098748e-01
2.570771495816229768e-01
2.873072656813344672e-01
3.089207509367174476e-01
1.011641012407161977e+00
9.315712808990480598e-01
3.867228434816382121e-01
2.808790042089405747e-01
2.548482443926389229e-01
2.909597400117784338e-01
2.543694888010443744e-01
2.400170302241046438e-01
1.101008881517963278e+00
2.198567992658754799e-01
4.440385460761926417e-01
2.761512141028651390e-01
2.654354067503084669e-01
3.345242851125409533e-01
2.282655827352329247e-01
3.713400418347567178e-01
2.360123261112868354e-01
2.726829229607535821e-01
4.092195284882415018e-01
5.040171172048677484e-01
2.558263050817709550e-01
4.939060613284444456e-01
4.953661554359994335e-01
2.462370343849259180e-01
