2.991966060856072751e-01
3.159324451508763176e-01
2.208307389241740137e-01
4.071852931474448933e-01
1.746257156567051216e-01
2.815264804316686686e-01
3.255603387721061059e-01
2.678645777572948861e-01
3.854300566946900486e-01
3.024487164562332797e-01
2.447391266429431445e-01
2.446929492164197362e-01
2.435078632017831646e-01
2.396037851579951583e-01
2.913499760022725815e-01
2.282002335907013790e-01
3.508207112094847147e-01
3.123553465955349329e-01
2.808077034736299882e-01
2.558574278469099017e-01
2.834798249702086825e-01
4.612725440747132422e-01
2.505614199800890729e-01
2.443086025143009765e-01
7.464257206271854850e-01
2.456847216769698083e-01
3.364652722236605720e-01
2.830207931859761716e-01
2.111636367367010214e-01
3.801476806669068509e-01
1.250402660980125091e+00
1.236056832310428177e+00
2.930720665728107077e-01
2.917014688246545306e-01
2.685437803971216786e-01
3.025585778698683392e-01
2.682313323963641527e-01
2.614335939185715718e-01
2.445738996191298420e-01
2.717472859939802921e-01
3.792608609324688018e-01
5.882602827986332938e-01
2.264579352554964287e-01
2.275521254691271200e-01
2.779391514527298490e-01
6.915128268780554865e-01
7.447509243874366192e-01
3.101658186009392248e-01
4.864759150260347664e-01
3.032970643232605346e-01
2.467187817095153612e-01
2.509219009520292087e-01
3.169513604819726993e-01
2.887022944796549528e-01
2.353432679423513030e-01
2.364193040133134027e-01
3.560651379888536971e-01
3.019444356362815385e-01
2.477508061510157178e-01
2.404473475534963656e-01
2.911709727094310418e-01
2.681007196792358216e-01
3.553312733103065058e-01
2.582933623821416225e-01
3.625992787657021377e-01
3.181366810056394101e-01
2.167383330902573624e-01
2.489965952475608757e-01
3.182996116417758370e-01
2.785557504235429138e-01
2.730104153423608127e-01
3.559297549672286731e-01
8.664322088328897387e-01
2.948985001218659141e-01
3.642703872168645551e-01
2.258292038903746968e-01
2.774093980652914126e-01
2.445106304336885084e-01
2.938416405226877415e-01
2.872703938168882920e-01
4.645851805367794962e-01
2.775932557394792943e-01
3.535572651592313043e-01
2.141198866002279044e-01
3.860305589064503273e-01
2.689492864194406030e-01
2.532159682774443588e-01
4.565892754344093030e-01
2.570403182380587292e-01
2.804957956127410168e-01
2.563750546841901401e-01
2.422804344228808027e-01
3.058800409719593660e-01
2.685547019953392622e-01
2.831073221206150681e-01
2.552735907918447511e-01
2.869323950426979075e-01
3.446104588297056459e-01
2.278564340072432859e-01
3.209969002759153756e-01
2.935639855831777001e-01
3.056115600777610797e-01
3.000039504775574573e-01
3.056115600777610797e-01
3.000039504775574573e-01
2.885052885510812071e-01
2.523317707972522750e-01
2.734193106654366212e-01
3.294496026761160046e-01
2.990427730055394417e-01
3.587029140483689593e-01
3.681693374689134490e-01
1.769407087456725536e-01
3.805245026287061849e-01
2.734637579554141662e-01
3.101810845138509021e-01
2.555304799855299680e-01
3.817395344657406042e-01
3.807975794256344693e-01
6.727100500302708452e-01
6.719888381167989921e-01
2.932329033592165901e-01
2.133755382590344363e-01
3.726432419708234356e-01
3.345537107619488970e-01
4.571447671652840161e-01
6.753696419865300449e-01
2.371748755239354023e-01
5.362329609543379227e-01
2.505217935014349417e-01
4.213039862967369320e-01
3.539601083825755223e-01
3.768825177722421871e-01
4.672558322872805148e-01
3.990897350093350893e-01
5.012988702575178479e-01
3.038005197387634859e-01
2.577370467886098138e-01
2.989910981973966653e-01
3.738043599032689346e-01
2.766194224585390993e-01
3.444917137287547559e-01
5.464128466090065750e-01
2.481433599620215813e-01
6.956531640948989681e-01
3.592145525750984336e-01
3.859844822021534227e-01
3.324081096788168987e-01
2.685506423086889138e-01
2.398603267812676743e-01
3.017411854511453106e-01
4.115573188341554167e-01
1.988882638169672812e-01
5.631589412116549953e-01
3.543163198868369279e-01
1.730757881536231224e-01
8.458814414071145205e-01
2.424493821189930287e-01
3.417037128498500165e-01
2.593727744329824558e-01
2.708468693609430433e-01
3.772780327050689886e-01
3.974140150085747059e-01
3.979888696188590980e-01
2.231970324908343628e-01
2.543616182137770632e-01
4.724504120513970395e-01
4.149258718751789310e-01
4.404183063206612569e-01
2.511566103370668768e-01
2.522845101348963892e-01
2.725539405819820682e-01
4.226325595168726190e-01
4.272868752842203244e-01
4.567826406346680579e-01
7.554935339993075205e-01
9.575483173410080928e-01
2.598766587142317119e-01
2.917341354669826248e-01
2.706508208983910979e-01
2.930168927543937429e-01
2.698906725321299493e-01
1.072169863475749052e+00
1.120705672577792411e+00
3.168557815875395201e-01
3.193182680997068701e-01
2.541786400931969059e-01
2.850179160823729796e-01
2.429748736923024732e-01
2.524898956020514285e-01
9.554659204227743396e-01
4.264156351469153283e-01
2.829058927125118195e-01
2.911508359787948197e-01
3.505944762820590865e-01
2.691968287525942638e-01
2.709630820950849062e-01
2.352133909910795184e-01
3.831842598862368887e-01
2.808124518391482138e-01
3.127587055441224395e-01
4.031547183511379751e-01
2.505755196989157274e-01
5.000586155243237352e-01
4.934024242288155282e-01
2.424313623856979849e-01
