2.528965477681410778e-01
2.650991160660804979e-01
2.561913664512345812e-01
3.463588413966267043e-01
1.739844381033307241e-01
2.442220691366928098e-01
2.631433761878786415e-01
2.588983266498104396e-01
3.025473821950604436e-01
2.880358730482752150e-01
2.430676323035646513e-01
2.451188204172681240e-01
2.914739812474458347e-01
4.704938782070138270e-01
2.881758488138018159e-01
2.233937500311109214e-01
2.678212450448298476e-01
4.118507385022382450e-01
2.586097717689329056e-01
2.565386631190448852e-01
2.835447534087416899e-01
3.279729324718081429e-01
2.487159367854586411e-01
2.483743383879965794e-01
6.833463356579011494e-01
2.360373559419780276e-01
3.938171535873347118e-01
3.728643900620015605e-01
2.413183505427386188e-01
3.691840032792000903e-01
7.543618269615722793e-01
1.047259127204510198e+00
2.634739602673495940e-01
3.009381854073069906e-01
3.022799282242214503e-01
3.781524107314772065e-01
2.439494238086029887e-01
4.009057158026698153e-01
3.031837302112093679e-01
2.400314076728400914e-01
3.366424718561279450e-01
4.844504569657305804e-01
2.593252070624578742e-01
2.236875210550827997e-01
3.593399339685632299e-01
1.083609064418427304e+00
1.057679388731121550e+00
2.828653234753261692e-01
3.245500932005610517e-01
2.743892890898556591e-01
2.606033414614429833e-01
2.628024185786399514e-01
2.745589041370103400e-01
2.873538260137485367e-01
3.510635606413151089e-01
2.458217711930172633e-01
2.974534180990894838e-01
2.768604077368051475e-01
2.598288700192868395e-01
2.642050422985114944e-01
2.723379963566988637e-01
2.871151109256376843e-01
3.560042650672240461e-01
2.451128941861383526e-01
3.066410082834453155e-01
2.826118153651802078e-01
2.686091508011711482e-01
2.462715907531364545e-01
3.883515467998566173e-01
3.746081778665953932e-01
2.972134756667241251e-01
2.226392374660303430e-01
1.085549240590484521e+00
2.952129166952306427e-01
2.861384119249497648e-01
2.613497402241769518e-01
2.322243036512777470e-01
2.466037959253727097e-01
3.021347531334649950e-01
3.196397188622739360e-01
4.455461750814644351e-01
2.954728242598153032e-01
2.228861022141990778e-01
3.149158647001226718e-01
3.724037115178370216e-01
2.715340922201952001e-01
2.716316144109330866e-01
5.386457731693613527e-01
2.572577297365893911e-01
2.870125024953342208e-01
2.491984344113947758e-01
2.478160161280533735e-01
3.183154915717651967e-01
2.498837818019884194e-01
2.987524413306345550e-01
2.553817428342616269e-01
2.938706299820046941e-01
2.163998331131518071e-01
3.196441996886967285e-01
4.300965518806839083e-01
2.924466209651650495e-01
3.872922611252708203e-01
4.527131161065562348e-01
3.872922611252708203e-01
4.527131161065562348e-01
4.387155496778668562e-01
2.873059307147194374e-01
2.842229592000966587e-01
2.601213813279457110e-01
2.224242927589537844e-01
3.508516865500302395e-01
3.679543566000201826e-01
1.747076116710756244e-01
3.731133996463676938e-01
2.592791689886173589e-01
4.227609420115081562e-01
2.456786631829732115e-01
3.388383224210514411e-01
2.607433093087909715e-01
5.230609002567956356e-01
4.884571721679155654e-01
2.930779463004424268e-01
3.396742633810344025e-01
3.075729100931423043e-01
4.257212097011276453e-01
5.567659080161010410e-01
6.219309436130457946e-01
4.889548903521903633e-01
4.942893310652781147e-01
4.652526978759732867e-01
2.635662194472986886e-01
2.806079324451547508e-01
3.190800502664465910e-01
3.110291877237537084e-01
3.111993317430538086e-01
3.318688127585942005e-01
2.433678364547610939e-01
2.421469284069393546e-01
3.898327308108136546e-01
3.751062369183988943e-01
2.961434006107109829e-01
2.332692497885366922e-01
5.938814611185214698e-01
3.833605829444488577e-01
5.604814183249745563e-01
3.161418672751749037e-01
3.182940565948905176e-01
3.307693439598949903e-01
2.630444363155426402e-01
2.383116857160777202e-01
2.535568373452654067e-01
3.909677626566888109e-01
2.494955511765823974e-01
4.997106798988827925e-01
2.747686711114764035e-01
1.745083326559412618e-01
5.313501756131259190e-01
2.497155908163549987e-01
2.807410956213133302e-01
2.742470519788746675e-01
2.782966094538116275e-01
3.489272122095017359e-01
3.797159400638970839e-01
3.646290076951594350e-01
2.193600044876922173e-01
2.659011759083229065e-01
3.814983053510920263e-01
3.646104542977475216e-01
4.076866664132107743e-01
2.560501563959693971e-01
2.491756967703375736e-01
2.656913348784719631e-01
4.312524389431098837e-01
4.628199104049297019e-01
4.588373836343752066e-01
8.137141450903169204e-01
8.468780680973244657e-01
3.014544679709002528e-01
2.946566884761165905e-01
2.527044014696828156e-01
3.677345356127251219e-01
3.017450762353719451e-01
5.769833456055978305e-01
7.101690854717921386e-01
2.566803154302387813e-01
2.850317665084457497e-01
2.561205200606997412e-01
2.888307546114873281e-01
2.455671816673224428e-01
2.476268779328174574e-01
7.238859236565220456e-01
4.315884796291497572e-01
2.509919809876629548e-01
2.884386685550057727e-01
2.410472228729454991e-01
3.715802133713168032e-01
2.494017731886871980e-01
3.485848749764443588e-01
2.574946185202441895e-01
3.608342477159252049e-01
2.594368073490433413e-01
3.837664286844350570e-01
2.464960980723759909e-01
4.972660437654080612e-01
4.968487651619381551e-01
2.479833914757172963e-01
