2.570059121505335331e-01
2.554255737595501619e-01
2.218756389716907973e-01
4.199781954955094099e-01
1.755727116000252719e-01
3.816861563411961256e-01
3.475206006993636909e-01
2.744655917286973335e-01
2.481724734137072397e-01
3.049836688315460953e-01
2.451706663649561302e-01
2.973620604823754565e-01
2.533490937248854546e-01
3.124583412526223403e-01
2.925844670362739985e-01
2.146600721687307589e-01
2.960958244396690309e-01
2.980411811534610655e-01
2.931024362754812151e-01
2.538619611127030384e-01
2.894369296974625971e-01
8.845066590532780770e-01
2.479177458349799690e-01
2.476649734940755687e-01
7.317524657194195425e-01
3.010094239350240564e-01
2.503950673272263283e-01
3.005152277107332459e-01
2.200458305626401267e-01
2.882950009491355159e-01
6.207147458775901239e-01
6.927001411926353436e-01
2.527944885213378456e-01
2.967627752539575003e-01
2.996347797824817083e-01
3.694227937077144697e-01
2.447520971543767077e-01
2.652397942653387797e-01
4.147893944847695913e-01
2.608424313253113191e-01
2.965724408452064531e-01
4.984950048949021717e-01
2.199497027504200286e-01
2.229446375753198761e-01
2.930971352293015308e-01
5.245934232084070725e-01
6.883994837219579166e-01
3.818702622825594917e-01
3.472551349187398828e-01
2.547452162685296950e-01
2.879420004826764301e-01
2.949359416919997701e-01
2.633079490954894353e-01
2.966761682446420467e-01
2.213008636106585658e-01
2.994777779954830854e-01
2.755256074525447851e-01
2.515001550324116320e-01
2.872283480428299840e-01
2.976465325677644103e-01
2.542192765575751467e-01
2.972680611804364159e-01
2.120924125244717240e-01
2.710352036337076997e-01
2.580979989737907099e-01
4.231613327692205773e-01
3.379620397654119479e-01
2.640274215310099981e-01
3.402690583824485304e-01
3.751578886069890650e-01
2.980177220913724501e-01
3.400922051671799728e-01
9.983327976487127442e-01
2.847594466672130342e-01
2.707681021301893698e-01
2.792978083643901654e-01
2.428597636845108154e-01
2.417138034167146676e-01
2.934224481663761375e-01
2.934632591316720385e-01
4.713343506820280582e-01
2.829210408634813545e-01
2.159501157485840539e-01
2.528247434221984058e-01
3.559969846318661313e-01
2.594465098275278159e-01
2.463640028004903115e-01
3.756737903485408703e-01
2.537156142203159659e-01
2.876345052046173634e-01
2.501917840344950461e-01
2.478816615401316648e-01
5.467137541891565755e-01
2.862119565860982706e-01
2.501888681655141666e-01
2.992475024342217127e-01
2.282475271162784369e-01
2.909132219552775234e-01
3.380398067960261321e-01
3.313556201108760479e-01
3.581125615603111823e-01
3.856578744082860832e-01
2.934720641413752773e-01
3.856578744082860832e-01
2.934720641413752773e-01
3.791600235279541931e-01
2.505813284140498975e-01
2.857156845836177350e-01
3.013271087926120972e-01
2.945806687110472111e-01
2.127638052653481326e-01
3.689480016029518805e-01
1.749385270891328503e-01
3.690513131429262184e-01
2.525485692925735215e-01
2.915259111907065881e-01
2.475670291634195497e-01
3.887242974925206873e-01
3.732144003992405312e-01
6.856458386794043181e-01
6.733057668356171588e-01
2.948931397499512386e-01
2.292690836935137866e-01
3.825425816200924700e-01
2.492260018216685691e-01
3.692018687627813822e-01
4.655712064418640050e-01
2.532300550806714790e-01
4.835208061263013835e-01
2.654877062203053750e-01
3.410155434078803172e-01
3.765526330112971554e-01
3.900201219273934927e-01
4.386968357794676088e-01
4.479949310243052096e-01
4.121708231038424541e-01
2.900110888920701679e-01
2.543968217730707693e-01
3.099337378304927171e-01
3.154470200579589378e-01
2.959444559896949323e-01
2.256233658735170289e-01
6.788341662274052224e-01
2.766450894122614024e-01
8.204945743679696868e-01
3.492940376096561050e-01
3.095178512292137696e-01
3.004770715724612851e-01
2.693901969511023897e-01
2.451312042223927901e-01
2.921945719114820705e-01
5.938659872422240582e-01
3.374443854079153815e-01
5.579178494519599907e-01
4.055645862203897667e-01
1.737788484459238392e-01
7.244184154247087504e-01
2.482676248142819397e-01
2.643298056486509950e-01
2.712996901756389301e-01
2.932533992818530666e-01
3.561627766631514369e-01
3.842714808563201800e-01
3.936514852377201445e-01
2.125796283664239672e-01
2.789729714086915391e-01
4.081024848159599538e-01
4.274310397946522455e-01
3.882396255026856480e-01
2.617644541977494632e-01
2.515831060872150138e-01
2.576973039972795254e-01
4.645212130324690158e-01
4.499434257099481638e-01
4.732105720494160228e-01
5.796471588748135506e-01
6.354535927812722251e-01
2.450470302778894882e-01
2.951281146576680836e-01
2.410326493535975834e-01
3.334664152757760847e-01
2.844957684588321212e-01
8.676413301997969452e-01
7.915609406401292736e-01
2.749023972607050892e-01
3.787985928429266069e-01
2.565341063006689737e-01
2.861883880725901719e-01
2.476032003440822304e-01
2.457219830036208308e-01
8.715303641018250502e-01
2.718149562125425911e-01
3.766312002200236098e-01
2.913573015388598586e-01
2.557424411028400013e-01
3.044679864659533552e-01
2.665807885614895900e-01
3.301441094412894128e-01
2.472270882827040106e-01
2.452010014599072529e-01
3.955446898047757509e-01
3.798630473502461191e-01
2.487854840084102459e-01
4.958398703514543815e-01
4.949493057932016771e-01
2.481452504108424550e-01
