2.497103854581203264e-01
2.629627610466042098e-01
2.286735460817572452e-01
3.032802986258581468e-01
1.746818458662490747e-01
3.318755183595134550e-01
2.974998753879788405e-01
2.822844587423889440e-01
2.631791388651242847e-01
3.005016204489963649e-01
2.477713554807397245e-01
2.724351992643358478e-01
2.577924570724961506e-01
2.944566952500745072e-01
2.980542924242895464e-01
2.282638253531691641e-01
2.656229816598533744e-01
3.432821648117715396e-01
3.725661544131954606e-01
2.557885012520523804e-01
2.861886625732513734e-01
5.950454123619637326e-01
2.475330648779056342e-01
2.451973121002684608e-01
6.900735148193012369e-01
2.593743080956775193e-01
2.860348840176868968e-01
2.936354843365133194e-01
2.355470542106815890e-01
2.902004468677359950e-01
5.696770027234313583e-01
5.020202295087041744e-01
2.709990803508414148e-01
2.693988283550905471e-01
2.485059194410920713e-01
2.649801456023699320e-01
2.653132157866605056e-01
2.880300440270273099e-01
2.808436838543914016e-01
2.601937206928695012e-01
3.796441183543078912e-01
4.814316544028592881e-01
2.172723215165119903e-01
2.199129981428882552e-01
3.129402581806073336e-01
4.084898748473002605e-01
3.364901891300328685e-01
3.340244432995908008e-01
4.657189752066211441e-01
2.715801225520911300e-01
2.548971524902371444e-01
2.590950298639427829e-01
2.917183368590770542e-01
2.968573033423859142e-01
2.354535183417158783e-01
2.831338003964827821e-01
3.302300759300560995e-01
2.583202515356746720e-01
2.663641329288135018e-01
2.807238500009204829e-01
2.752690164010608287e-01
2.978779735054403188e-01
2.202641738184444031e-01
2.761526461176939118e-01
2.851284837847721243e-01
3.262408943129581074e-01
3.163715555291040094e-01
2.603590052301455460e-01
3.006078113653952721e-01
3.122807106771534058e-01
2.955114837092743252e-01
2.220449801659663824e-01
6.399237481228883251e-01
2.289698493860061190e-01
3.444110123201067908e-01
2.884062438303653941e-01
2.282571204361266703e-01
2.399483131387837309e-01
2.416054174033401003e-01
4.360856758380957099e-01
4.398379622482155860e-01
2.973836324418753785e-01
3.407807596126096739e-01
3.821180794778283873e-01
2.610055361259428497e-01
4.145028483161810606e-01
3.089095721589302235e-01
2.723592322113891906e-01
2.545869702051778427e-01
2.863985539158274696e-01
2.488208750012033954e-01
2.474188320216734738e-01
3.497812037158308240e-01
2.740761683820975847e-01
2.508687855400622557e-01
3.046101277349407277e-01
2.898963981116480237e-01
2.282562301657923565e-01
2.515496786403934038e-01
2.975074058904841334e-01
3.119366764528163083e-01
2.824270670861965260e-01
2.536166018755725560e-01
2.824270670861965260e-01
2.536166018755725560e-01
2.019022399155231129e-01
2.565569027368422295e-01
2.786980516391568408e-01
2.806620530173768446e-01
2.965572815846319599e-01
2.208153147929134419e-01
2.945790443164486572e-01
1.742713145237103634e-01
3.645071745506270333e-01
2.773026555909364754e-01
3.109713778771789894e-01
2.485552938629070618e-01
3.805792017689529350e-01
3.641804851999522752e-01
4.975988822187566440e-01
4.506443382233632500e-01
2.957806868431560043e-01
2.304466201593216579e-01
3.696997297261118143e-01
2.570715938304088954e-01
3.668540405716381181e-01
5.109375900820259941e-01
2.490665091955956700e-01
4.879973135632713066e-01
2.788508274929172859e-01
3.299989822143090112e-01
3.741408689338375226e-01
3.790444026826888524e-01
4.034963166488926278e-01
4.036662434892808182e-01
4.283677414097369907e-01
2.662012345595470841e-01
2.569452412436926680e-01
2.768226881080448343e-01
2.899280153341276534e-01
2.958383505714124451e-01
2.119066351503789969e-01
3.557754512920650036e-01
2.792577368879547994e-01
3.146413479301838345e-01
2.916623700426812515e-01
2.879160033609314273e-01
2.726124341927828598e-01
2.797263907454129450e-01
2.460635543769043587e-01
2.685844715877579447e-01
3.264434707396591251e-01
3.028062949120903791e-01
3.538773800437000627e-01
2.939142794350890209e-01
1.734551984601746810e-01
3.523312353550749898e-01
2.559022693097626200e-01
2.797757105850555703e-01
3.043740967755144688e-01
2.673155687067959030e-01
3.728665662685962112e-01
3.421960591925028439e-01
3.489665254253616067e-01
2.363647925268732297e-01
2.351319638400007073e-01
3.598358786452972580e-01
3.208483947547225434e-01
3.301988858204168986e-01
2.496000060183893310e-01
2.521744282370781409e-01
2.653365403080234497e-01
4.092226484933144115e-01
4.232852237537493290e-01
4.339623411197838787e-01
2.713006461657901935e-01
3.006041544308793445e-01
2.398479104272774609e-01
2.831194818496348686e-01
2.279191348154763763e-01
3.053130883420669406e-01
2.584916797573050817e-01
7.114321482333629820e-01
4.152095706327691982e-01
2.795919910021894550e-01
3.199998130456608303e-01
2.548149728406877701e-01
2.863868715600213499e-01
2.450030178066822384e-01
2.486436674612619857e-01
4.948184546952787422e-01
2.530913181253118260e-01
2.661912157484724317e-01
2.891097887709463965e-01
3.039225083796768812e-01
2.744436242035255824e-01
2.672289993438837219e-01
2.722164791076947532e-01
2.666482430993009634e-01
2.671741524969258319e-01
4.868584496185843769e-01
4.744158447855951199e-01
2.479543631456409269e-01
4.960385123465473334e-01
4.964567490429541707e-01
2.452528034429980186e-01
