1.229976551401868505e+02
1.161372551401867383e+02
1.205138766355137250e+02
1.064294303738313658e+02
1.184157359813086288e+02
1.190327116822429616e+02
1.174202168224298930e+02
1.194135897196261880e+02
1.179710654205604072e+02
1.190019925233644500e+02
1.167016682242990129e+02
1.168136238317757289e+02
1.206113453271028391e+02
1.206592640186915446e+02
1.160755186915887975e+02
1.187195677570093437e+02
1.181433948598130286e+02
1.202465088785046987e+02
1.155465883177573829e+02
1.186721397196262586e+02
1.237860616822430018e+02
1.053751939252336314e+02
1.164948593457944384e+02
1.074098691588780810e+02
1.180781598130839996e+02
1.178011476635511912e+02
1.184335859813080702e+02
1.207843892523364389e+02
1.189289252336452876e+02
1.209413191588784002e+02
1.203249429906538950e+02
1.181865593457943930e+02
1.190242000000000786e+02
1.138642644859812094e+02
1.178973238317753669e+02
1.180881724299065496e+02
1.131577228971963365e+02
1.218469126168226069e+02
1.188554327102799704e+02
1.191966294392521917e+02
1.185517771028040812e+02
1.193173602803740323e+02
1.164667210280372700e+02
1.191642794392525815e+02
1.213657228971956812e+02
1.214780532710279743e+02
1.120721140186915648e+02
1.216803317757011627e+02
1.168546887850465339e+02
1.192369901869156905e+02
1.192713925233646108e+02
1.218438242990656164e+02
1.122823383177565830e+02
1.251768556074765826e+02
1.176840144859813790e+02
1.203014088785050717e+02
1.190167757009351561e+02
1.199144415887852944e+02
1.174466467289721692e+02
1.082434565420565633e+02
1.180017981308411237e+02
1.169862948598131851e+02
1.207028738317756336e+02
1.209364995327102434e+02
1.127993948598132334e+02
1.242231490654206425e+02
1.191157364485981134e+02
1.066717149532707936e+02
1.214158920560748669e+02
1.171739018691588825e+02
1.186492920560746001e+02
1.197344836448595373e+02
1.211467705607477114e+02
1.174539654205605643e+02
1.186574369158877147e+02
1.187624682242987291e+02
1.200846495327104577e+02
1.158459411214953150e+02
1.202067598130840196e+02
1.220171130841124381e+02
1.174388710280370844e+02
1.209675943925233383e+02
1.194444906542056941e+02
1.194800724299062580e+02
1.209871943925232785e+02
1.168569775700936759e+02
1.144766775700933295e+02
1.202234990654207252e+02
1.176008373831774492e+02
1.080695761682243301e+02
1.174741364485980455e+02
1.188242551401867928e+02
1.084184710280373167e+02
1.221897649532706396e+02
1.155901738317754308e+02
1.221436588785042971e+02
1.166533775700931841e+02
1.071087537383180717e+02
1.218727579439252509e+02
1.167361369158882241e+02
1.172043565420555069e+02
1.197376612149528370e+02
1.207258761682239481e+02
1.178772112149532205e+02
1.176089084112148697e+02
1.192565780373836759e+02
1.171540228971962989e+02
1.196151252336447612e+02
1.246084303738317942e+02
1.205033392523363744e+02
1.213951803738315931e+02
1.074870523364483148e+02
1.188865364485984486e+02
1.216066943925231527e+02
