-6.65515970016
-4.82868712154
-0.413185034332
-1.37257097393
-1.94215134631
-0.826370068664
-4.73507729243
-0.413185034332
-0.413185034332
-1.96464835583
-1.37257097393
-1.06806781961
-0.413185034332
-0.413185034332
-1.94215134631
-2.24205138896
-2.46018480693
-0.413185034332
-4.46709822391
-2.53252801379
-0.413185034332
-0.413185034332
-3.09552157882
-0.413185034332
-0.413185034332
-2.77422576473
-2.64826441399
-0.413185034332
-2.15246816773
-1.84257040645
-0.826370068664
-2.71456601508
-1.9187718792
-2.46018480693
-2.29507298538
-0.826370068664
-1.9187718792
-2.06592517166
-0.413185034332
-0.413185034332
-1.65274013733
-0.826370068664
-1.239555103
-1.48125285394
-1.48125285394
-1.06806781961
-1.06806781961
-2.16836510981
-0.826370068664
-1.48125285394
-1.75518007548
-1.30976557055
-2.11934297945
-2.71456601508
-3.09882408034
-2.00724504425
-1.06806781961
-3.07187711948
-0.826370068664
-2.9707279072
-0.413185034332
-2.77422576473
-2.15246816773
-1.68887847439
-2.43062007031
-0.413185034332
-3.87898824435
-0.826370068664
-1.06806781961
-0.413185034332
-1.37257097393
-5.22824380624
-0.413185034332
-3.26948745205
-2.85877074423
-3.25699013898
-0.413185034332
-1.86906810212
-1.06806781961
-0.826370068664
-3.40398554506
-2.74514194787
-3.88694225414
-2.11934297945
-1.98632710852
-1.37257097393
-1.37257097393
-0.413185034332
-2.44063879354
-1.78575600827
-1.37257097393
-0.413185034332
-1.57314207418
-1.96464835583
-3.40792021281
-1.239555103
-0.413185034332
-3.59057711016
-1.15995703985
-0.654882785275
-0.654882785275
-2.77422576473
-0.959385939602
-0.413185034332
-0.413185034332
-0.826370068664
-1.239555103
-1.72295060488
-3.56098790964
-1.42938537212
-1.57314207418
-2.55754287287
-1.48125285394
-4.74139197013
-4.50469823598
-1.81483982513
-2.6195311411
-1.61426872488
-3.35032095605
-2.66894047511
-5.66563329081
-3.39000600991
-2.41006286076
-0.826370068664
-3.53936533185
-1.37257097393
-2.50641727042
-4.25120548209
-3.33500745338
-1.72295060488
-0.413185034332
-0.826370068664
-1.15995703985
-3.20695681245
-1.57314207418
-4.33714288839
-3.84134664212
-3.48506215381
-1.89443788827
-1.89443788827
-2.76276194988
-4.47073601606
-5.75183524521
-1.37257097393
-2.57365466448
-0.413185034332
-2.63407088631
-1.89443788827
-2.53252801379
-3.19865830255
-2.22802485946
-3.52503914166
-3.21784478637
-1.81483982513
-2.70825801971
-4.01872778408
-4.57067191319
-5.2079170381
-0.413185034332
-1.37257097393
-3.61876675966
-5.38883043151
-0.959385939602
-0.654882785275
-2.89693417424
-2.76276194988
-3.94063591226
-1.61426872488
-1.61426872488
-3.89305615389
-1.48125285394
-3.53304060408
-4.14736418278
-2.77422576473
-5.49117737579
-1.81483982513
-3.61323446937
-1.239555103
-3.66637431027
-0.413185034332
-1.42938537212
-3.28172812857
-2.02745375921
-2.52395088739
-1.72295060488
-2.73915094267
-4.15525219958
-4.11890393119
-3.152335977
-3.40398554506
-2.45049191043
-2.87815781881
-3.93983308385
-1.78575600827
-2.80195634605
-4.22440448276
-3.52664804952
-3.43288134741
-4.98483199156
-0.413185034332
-3.65741023157
-2.58155014414
-1.61426872488
-1.78575600827
-2.15246816773
-1.52896631198
-1.06806781961
-3.8001522951
-4.15748687886
-3.83371645794
-3.96113872692
-2.62684534329
-4.57067191319
-1.75518007548
-0.413185034332
-3.28895367158
-1.84257040645
-1.37257097393
-1.57314207418
-2.42043007859
-2.92403429543
-0.413185034332
-0.826370068664
-2.02745375921
-1.9187718792
-4.73486564677
-1.30976557055
-4.01590600366
-3.7233042429
-2.78547326822
-2.82324789509
-2.58155014414
-2.779876044
-3.28655487559
-0.654882785275
-2.44063879354
-0.413185034332
-2.28225313645
-1.9187718792
-5.52248199182
-3.33055892527
-2.11934297945
-0.826370068664
-2.13613563921
-2.43062007031
-3.50870661315
-3.97189340008
-3.58477560452
-0.959385939602
-2.86367694477
