4.524031877517700195e-01
2.351067215204238892e-01
3.134596943855285645e-01
3.762279748916625977e-01
2.570629417896270752e-01
2.791502475738525391e-01
3.502584397792816162e-01
4.066281318664550781e-01
4.276109635829925537e-01
3.584313690662384033e-01
3.883137106895446777e-01
3.657428324222564697e-01
4.943248629570007324e-01
4.279872179031372070e-01
3.860157728195190430e-01
3.183140158653259277e-01
2.326018214225769043e-01
2.491751462221145630e-01
3.657142519950866699e-01
2.776991128921508789e-01
2.764160633087158203e-01
3.494703471660614014e-01
2.331374883651733398e-01
4.494174718856811523e-01
5.495401024818420410e-01
5.977561473846435547e-01
5.617616772651672363e-01
2.849603891372680664e-01
2.504082322120666504e-01
3.674550652503967285e-01
