2.532669901847839355e-01
2.812525033950805664e-01
2.307177782058715820e-01
3.999427855014801025e-01
1.755959689617156982e-01
3.994506895542144775e-01
3.335538804531097412e-01
2.676276862621307373e-01
2.740125656127929688e-01
3.039669692516326904e-01
2.495089024305343628e-01
2.843257486820220947e-01
2.628672719001770020e-01
4.430857300758361816e-01
2.935082614421844482e-01
2.305707782506942749e-01
3.709149956703186035e-01
2.818577885627746582e-01
3.402252495288848877e-01
2.557282745838165283e-01
2.876783013343811035e-01
9.145753979682922363e-01
2.498661428689956665e-01
2.470862865447998047e-01
6.575655937194824219e-01
2.657360434532165527e-01
3.291678726673126221e-01
3.503961563110351562e-01
2.495881319046020508e-01
3.285455703735351562e-01
8.556479811668395996e-01
8.144127726554870605e-01
3.230644166469573975e-01
2.778756320476531982e-01
2.613732814788818359e-01
3.117814958095550537e-01
2.589062452316284180e-01
3.489575088024139404e-01
3.296662271022796631e-01
2.672098577022552490e-01
3.680202066898345947e-01
4.792622327804565430e-01
2.227903604507446289e-01
2.238901406526565552e-01
3.331200480461120605e-01
5.110841989517211914e-01
4.865716993808746338e-01
3.564114272594451904e-01
4.627599418163299561e-01
2.635520994663238525e-01
2.829450964927673340e-01
3.137830793857574463e-01
2.937913835048675537e-01
2.967425584793090820e-01
2.301011830568313599e-01
3.131073117256164551e-01
3.121634125709533691e-01
2.602995932102203369e-01
2.907550632953643799e-01
2.986304461956024170e-01
2.687024474143981934e-01
2.970274686813354492e-01
2.161719202995300293e-01
2.763303220272064209e-01
2.838542759418487549e-01
4.373791515827178955e-01
4.249090254306793213e-01
2.880607843399047852e-01
3.232254981994628906e-01
3.537803888320922852e-01
2.968876063823699951e-01
2.312243133783340454e-01
7.199746966361999512e-01
2.331465035676956177e-01
3.368526101112365723e-01
2.846205830574035645e-01
2.249190658330917358e-01
2.428294718265533447e-01
2.439169287681579590e-01
4.373231828212738037e-01
4.426285922527313232e-01
2.953071892261505127e-01
3.365806937217712402e-01
3.644572496414184570e-01
3.682265281677246094e-01
2.836567759513854980e-01
2.853503823280334473e-01
4.323364496231079102e-01
2.555764019489288330e-01
2.889921665191650391e-01
2.491815239191055298e-01
2.483476549386978149e-01
6.974753141403198242e-01
2.601084411144256592e-01
2.521861791610717773e-01
3.465267717838287354e-01
2.972742021083831787e-01
2.375306636095046997e-01
3.368423283100128174e-01
3.034577667713165283e-01
3.237712979316711426e-01
3.516959846019744873e-01
3.261455595493316650e-01
3.516959846019744873e-01
3.261455595493316650e-01
2.444586753845214844e-01
2.586956322193145752e-01
3.156907260417938232e-01
3.253073096275329590e-01
2.968101203441619873e-01
2.245235294103622437e-01
3.351173698902130127e-01
1.751106828451156616e-01
3.785555362701416016e-01
2.884500622749328613e-01
3.685652315616607666e-01
2.482569366693496704e-01
3.794646859169006348e-01
3.652028739452362061e-01
5.734963417053222656e-01
5.636317133903503418e-01
2.963611781597137451e-01
2.332618832588195801e-01
3.747317492961883545e-01
2.817246615886688232e-01
4.927558004856109619e-01
5.302360057830810547e-01
2.855346500873565674e-01
4.756045639514923096e-01
3.203692138195037842e-01
3.974023759365081787e-01
3.955070674419403076e-01
3.929305672645568848e-01
4.555221199989318848e-01
4.536074697971343994e-01
4.548692703247070312e-01
2.734319567680358887e-01
2.757353484630584717e-01
2.901304066181182861e-01
2.870207726955413818e-01
2.967715859413146973e-01
2.183251976966857910e-01
4.887824952602386475e-01
2.715235054492950439e-01
4.623328447341918945e-01
3.112250268459320068e-01
3.345535397529602051e-01
3.100380003452301025e-01
2.693292498588562012e-01
2.485920637845993042e-01
2.765273153781890869e-01
3.774021863937377930e-01
4.104707241058349609e-01
3.895286619663238525e-01
3.732379674911499023e-01
1.740287691354751587e-01
8.656837940216064453e-01
2.484713047742843628e-01
2.995716929435729980e-01
3.107279837131500244e-01
3.095782697200775146e-01
3.941250145435333252e-01
3.925043046474456787e-01
3.905127346515655518e-01
2.275429964065551758e-01
2.795825898647308350e-01
4.498261511325836182e-01
4.620746970176696777e-01
4.541573524475097656e-01
2.645204663276672363e-01
2.661203444004058838e-01
2.661193013191223145e-01
4.719218611717224121e-01
4.709296226501464844e-01
4.688717126846313477e-01
2.523311376571655273e-01
6.061037182807922363e-01
2.440417706966400146e-01
2.933073043823242188e-01
2.785742878913879395e-01
3.351620733737945557e-01
2.536162436008453369e-01
9.445130825042724609e-01
9.121873974800109863e-01
3.019546866416931152e-01
3.604227304458618164e-01
2.554318308830261230e-01
2.887005209922790527e-01
2.473929822444915771e-01
2.479379773139953613e-01
9.352173209190368652e-01
3.799903690814971924e-01
3.961330950260162354e-01
2.934450507164001465e-01
3.268274962902069092e-01
2.892388999462127686e-01
3.270815014839172363e-01
2.920444309711456299e-01
3.249642848968505859e-01
3.547872006893157959e-01
3.741774260997772217e-01
3.970677256584167480e-01
2.484713345766067505e-01
4.964981079101562500e-01
4.962739944458007812e-01
2.484300285577774048e-01
