2.662649154663085938e-01
3.151442706584930420e-01
2.314065843820571899e-01
3.976861834526062012e-01
1.749309748411178589e-01
3.638368844985961914e-01
3.302248716354370117e-01
2.803729176521301270e-01
3.222445845603942871e-01
2.840304970741271973e-01
2.639719247817993164e-01
2.762200534343719482e-01
2.587577104568481445e-01
2.510989904403686523e-01
2.968382239341735840e-01
2.356968373060226440e-01
3.583076596260070801e-01
2.993410825729370117e-01
2.732389867305755615e-01
2.576394081115722656e-01
2.857432663440704346e-01
9.371583461761474609e-01
2.522009313106536865e-01
2.473652213811874390e-01
7.500320076942443848e-01
2.784980535507202148e-01
3.147534430027008057e-01
3.299135565757751465e-01
3.400622904300689697e-01
3.921648859977722168e-01
1.026565909385681152e+00
1.055465221405029297e+00
3.005532026290893555e-01
2.760709822177886963e-01
2.677955031394958496e-01
3.049589693546295166e-01
2.881256341934204102e-01
2.694294750690460205e-01
3.334265649318695068e-01
2.453667968511581421e-01
3.978393375873565674e-01
5.383368134498596191e-01
2.253634780645370483e-01
2.189790755510330200e-01
3.835846185684204102e-01
4.017654359340667725e-01
3.291397392749786377e-01
3.676386773586273193e-01
4.512209892272949219e-01
2.563028037548065186e-01
2.940855622291564941e-01
3.014595806598663330e-01
2.612415254116058350e-01
2.971503138542175293e-01
2.259582579135894775e-01
2.808679640293121338e-01
2.776526510715484619e-01
2.935120761394500732e-01
2.597919702529907227e-01
2.651750147342681885e-01
3.057419359683990479e-01
2.978755533695220947e-01
2.135434001684188843e-01
2.646276056766510010e-01
3.518716096878051758e-01
3.953570425510406494e-01
3.227232396602630615e-01
2.989662885665893555e-01
2.955690026283264160e-01
3.228508234024047852e-01
2.982024848461151123e-01
2.314714789390563965e-01
7.949598431587219238e-01
2.337730824947357178e-01
3.326306939125061035e-01
2.880328297615051270e-01
2.240997701883316040e-01
2.403487265110015869e-01
2.471314072608947754e-01
4.407658576965332031e-01
4.446099400520324707e-01
2.946304082870483398e-01
3.366134166717529297e-01
3.663564622402191162e-01
3.553982377052307129e-01
3.043731749057769775e-01
2.801785767078399658e-01
4.172223210334777832e-01
2.552462518215179443e-01
2.868576645851135254e-01
2.491879016160964966e-01
2.472937703132629395e-01
6.271277070045471191e-01
2.917988598346710205e-01
2.521303594112396240e-01
3.184777796268463135e-01
2.938124239444732666e-01
2.344494909048080444e-01
2.666272222995758057e-01
3.702132105827331543e-01
3.495037853717803955e-01
2.992040812969207764e-01
2.809908688068389893e-01
2.992040812969207764e-01
2.809908688068389893e-01
2.364315092563629150e-01
2.523584067821502686e-01
2.915930449962615967e-01
3.223669230937957764e-01
2.962709665298461914e-01
2.276110500097274780e-01
3.591758012771606445e-01
1.748283207416534424e-01
3.824186623096466064e-01
2.986637353897094727e-01
3.818970024585723877e-01
2.667272388935089111e-01
3.462886214256286621e-01
3.593990206718444824e-01
5.976771712303161621e-01
6.003267765045166016e-01
2.967444062232971191e-01
2.284615486860275269e-01
3.472912907600402832e-01
3.176878690719604492e-01
4.883555173873901367e-01
5.585606098175048828e-01
2.969883382320404053e-01
4.850521385669708252e-01
3.104161322116851807e-01
4.185920953750610352e-01
4.249330461025238037e-01
4.422367215156555176e-01
4.107952117919921875e-01
4.299640953540802002e-01
3.901155591011047363e-01
2.921666800975799561e-01
2.599468231201171875e-01
2.921373546123504639e-01
3.189731538295745850e-01
2.939735949039459229e-01
2.617490887641906738e-01
8.793411850929260254e-01
2.465256601572036743e-01
8.556290268898010254e-01
3.429462909698486328e-01
3.501999676227569580e-01
3.097647428512573242e-01
2.766964733600616455e-01
2.432847172021865845e-01
2.841133475303649902e-01
8.896902203559875488e-01
3.471057116985321045e-01
8.970138430595397949e-01
3.507220149040222168e-01
1.753234267234802246e-01
1.110960125923156738e+00
2.525137662887573242e-01
3.303653001785278320e-01
3.454045355319976807e-01
3.583649396896362305e-01
3.254527151584625244e-01
3.616802692413330078e-01
3.484539091587066650e-01
2.280194759368896484e-01
3.492729067802429199e-01
4.418884515762329102e-01
4.423592388629913330e-01
4.465087950229644775e-01
2.621597051620483398e-01
2.592477500438690186e-01
2.755435109138488770e-01
3.895554542541503906e-01
4.383750855922698975e-01
3.951192796230316162e-01
5.623874664306640625e-01
7.793373465538024902e-01
2.491247504949569702e-01
2.833095490932464600e-01
2.177060544490814209e-01
2.769140899181365967e-01
2.654062509536743164e-01
1.047095179557800293e+00
1.009564638137817383e+00
3.609473705291748047e-01
3.502916097640991211e-01
2.544929981231689453e-01
2.891648709774017334e-01
2.476432323455810547e-01
2.463712841272354126e-01
8.745906949043273926e-01
3.356254994869232178e-01
3.621439337730407715e-01
2.932325005531311035e-01
3.158236145973205566e-01
3.012376129627227783e-01
2.819904386997222900e-01
3.096126317977905273e-01
3.085336685180664062e-01
2.613857388496398926e-01
4.801729023456573486e-01
4.812627732753753662e-01
2.472670525312423706e-01
4.965389966964721680e-01
4.971689879894256592e-01
2.488367408514022827e-01
