2.590304017066955566e-01
3.170115053653717041e-01
2.443648278713226318e-01
3.369091451168060303e-01
1.728954166173934937e-01
3.561078608036041260e-01
2.901848852634429932e-01
2.876235246658325195e-01
3.352066576480865479e-01
2.971615195274353027e-01
2.621706724166870117e-01
2.530536353588104248e-01
2.670793235301971436e-01
3.909600973129272461e-01
2.929051220417022705e-01
2.363031655550003052e-01
2.990333437919616699e-01
3.744277954101562500e-01
3.431890308856964111e-01
2.566341459751129150e-01
2.846890091896057129e-01
7.470235228538513184e-01
2.491000145673751831e-01
2.510595619678497314e-01
6.660449504852294922e-01
2.692851424217224121e-01
3.165273666381835938e-01
3.331833481788635254e-01
2.493171989917755127e-01
3.195823729038238525e-01
8.759999871253967285e-01
9.394115805625915527e-01
3.146226108074188232e-01
2.697457075119018555e-01
2.659020125865936279e-01
3.130994737148284912e-01
2.609010040760040283e-01
3.332713544368743896e-01
3.545520901679992676e-01
2.593033313751220703e-01
3.643850684165954590e-01
4.883790910243988037e-01
2.309732437133789062e-01
2.286069244146347046e-01
3.553675115108489990e-01
5.436044931411743164e-01
5.531429648399353027e-01
3.740113675594329834e-01
4.362541139125823975e-01
2.646161019802093506e-01
2.874094843864440918e-01
3.098571598529815674e-01
2.921144664287567139e-01
2.954167723655700684e-01
2.273845076560974121e-01
3.186864554882049561e-01
3.121455609798431396e-01
2.823957800865173340e-01
2.661303281784057617e-01
2.800952494144439697e-01
3.005561828613281250e-01
2.976550459861755371e-01
2.163767516613006592e-01
2.717673778533935547e-01
3.297834992408752441e-01
4.025309085845947266e-01
3.518773615360260010e-01
2.878366410732269287e-01
3.170750141143798828e-01
3.351553082466125488e-01
2.976626753807067871e-01
2.261189818382263184e-01
7.747963666915893555e-01
2.317452281713485718e-01
3.321686089038848877e-01
2.849352657794952393e-01
2.258334457874298096e-01
2.412196397781372070e-01
2.402839064598083496e-01
4.379740357398986816e-01
4.428825080394744873e-01
2.975676953792572021e-01
3.321384787559509277e-01
3.733363747596740723e-01
2.756265401840209961e-01
4.043095409870147705e-01
2.951036095619201660e-01
2.726058661937713623e-01
2.564852833747863770e-01
2.898726463317871094e-01
2.483429759740829468e-01
2.470663338899612427e-01
4.106580913066864014e-01
2.973883450031280518e-01
2.567496001720428467e-01
3.099947571754455566e-01
2.970832288265228271e-01
2.329148352146148682e-01
2.547138333320617676e-01
3.884999752044677734e-01
3.533035814762115479e-01
2.876103222370147705e-01
3.017917573451995850e-01
2.876103222370147705e-01
3.017917573451995850e-01
2.406889051198959351e-01
2.748325169086456299e-01
3.317789435386657715e-01
2.984919846057891846e-01
2.962023019790649414e-01
2.284933924674987793e-01
2.998933494091033936e-01
1.740604341030120850e-01
3.721373081207275391e-01
2.750342190265655518e-01
3.937422931194305420e-01
2.402071952819824219e-01
3.828973174095153809e-01
3.568125367164611816e-01
4.995906651020050049e-01
5.106405019760131836e-01
2.971653044223785400e-01
2.321668565273284912e-01
3.741135001182556152e-01
2.900496721267700195e-01
4.849600493907928467e-01
5.010271668434143066e-01
3.054228127002716064e-01
4.705078005790710449e-01
3.266179859638214111e-01
3.827588260173797607e-01
3.717739284038543701e-01
3.969978094100952148e-01
4.572697281837463379e-01
4.630441069602966309e-01
4.741766750812530518e-01
2.537293136119842529e-01
2.928074300289154053e-01
3.066753149032592773e-01
2.730707526206970215e-01
2.959790229797363281e-01
2.182485461235046387e-01
6.469972133636474609e-01
2.874671816825866699e-01
6.084464788436889648e-01
2.756912410259246826e-01
3.167943954467773438e-01
3.213057816028594971e-01
2.689446508884429932e-01
2.611647844314575195e-01
2.641043066978454590e-01
4.674206376075744629e-01
4.317623376846313477e-01
5.058065056800842285e-01
4.404574632644653320e-01
1.736311018466949463e-01
6.648491621017456055e-01
2.527543604373931885e-01
3.030177354812622070e-01
3.025609850883483887e-01
3.194447159767150879e-01
3.831214308738708496e-01
3.906499445438385010e-01
3.798488676548004150e-01
2.273379117250442505e-01
2.838506400585174561e-01
4.277665615081787109e-01
4.420627653598785400e-01
4.466202259063720703e-01
2.633882761001586914e-01
2.697398662567138672e-01
2.681384384632110596e-01
4.645004272460937500e-01
4.829652607440948486e-01
4.532062411308288574e-01
3.068783581256866455e-01
4.150808453559875488e-01
2.414929270744323730e-01
2.927852571010589600e-01
3.115966022014617920e-01
2.878444194793701172e-01
3.073591589927673340e-01
6.257475614547729492e-01
5.422350764274597168e-01
3.509752154350280762e-01
3.269368708133697510e-01
2.550119757652282715e-01
2.859479486942291260e-01
2.440451830625534058e-01
2.504066824913024902e-01
9.486354589462280273e-01
3.780930936336517334e-01
3.914733827114105225e-01
2.943523824214935303e-01
3.001089394092559814e-01
3.129682838916778564e-01
3.168829679489135742e-01
3.260463774204254150e-01
2.898173928260803223e-01
3.352090120315551758e-01
4.086696803569793701e-01
3.482123017311096191e-01
2.483447641134262085e-01
4.944746792316436768e-01
4.954715371131896973e-01
2.494660019874572754e-01
