3.097672462463378906e-01
3.025434613227844238e-01
2.343432903289794922e-01
4.228323698043823242e-01
1.724289357662200928e-01
3.088628947734832764e-01
2.284458279609680176e-01
2.409993112087249756e-01
3.199188709259033203e-01
3.109425604343414307e-01
2.544499635696411133e-01
2.352745085954666138e-01
2.966077029705047607e-01
4.989596605300903320e-01
2.887447774410247803e-01
2.380231618881225586e-01
3.849127292633056641e-01
2.503951191902160645e-01
3.595617413520812988e-01
2.558863162994384766e-01
2.882679998874664307e-01
7.768164873123168945e-01
2.426376044750213623e-01
2.594042420387268066e-01
5.485119819641113281e-01
3.026013374328613281e-01
2.646438181400299072e-01
3.098983168601989746e-01
2.405735850334167480e-01
2.512751221656799316e-01
1.070909261703491211e+00
1.271486759185791016e+00
2.676823139190673828e-01
3.015522360801696777e-01
3.048821091651916504e-01
3.809603452682495117e-01
2.511529326438903809e-01
2.477243542671203613e-01
3.836172819137573242e-01
2.505978643894195557e-01
3.485122025012969971e-01
5.301929116249084473e-01
2.164573967456817627e-01
2.203587442636489868e-01
3.322727680206298828e-01
4.679017663002014160e-01
6.086152791976928711e-01
4.879012703895568848e-01
3.733027577400207520e-01
3.096624016761779785e-01
2.632904350757598877e-01
2.657167613506317139e-01
3.174677491188049316e-01
2.998452782630920410e-01
2.276228964328765869e-01
2.527363896369934082e-01
3.750546574592590332e-01
2.525928616523742676e-01
2.991595268249511719e-01
2.859016954898834229e-01
2.391443550586700439e-01
2.937920689582824707e-01
2.243734300136566162e-01
2.824816107749938965e-01
2.773227691650390625e-01
4.568505287170410156e-01
4.706075787544250488e-01
3.026435375213623047e-01
3.395351171493530273e-01
3.850021958351135254e-01
2.844482064247131348e-01
2.406394183635711670e-01
8.029948472976684570e-01
2.329633235931396484e-01
3.244886398315429688e-01
2.793157100677490234e-01
2.177219688892364502e-01
3.010901808738708496e-01
2.494695782661437988e-01
4.275114536285400391e-01
2.795574665069580078e-01
2.861617207527160645e-01
3.351949751377105713e-01
2.344856113195419312e-01
3.695247173309326172e-01
2.935116589069366455e-01
3.533781766891479492e-01
2.846325039863586426e-01
2.614828348159790039e-01
2.927480340003967285e-01
2.455475330352783203e-01
2.458416372537612915e-01
6.494058370590209961e-01
2.973313033580780029e-01
2.358041703701019287e-01
3.130947351455688477e-01
3.016999661922454834e-01
2.305556982755661011e-01
2.602491974830627441e-01
3.582345843315124512e-01
3.741639256477355957e-01
2.348920404911041260e-01
3.163556456565856934e-01
2.348920404911041260e-01
3.163556456565856934e-01
2.856872975826263428e-01
2.268522083759307861e-01
3.814750313758850098e-01
3.866450190544128418e-01
2.897928357124328613e-01
2.297487854957580566e-01
3.509910106658935547e-01
1.788064241409301758e-01
3.530323505401611328e-01
2.455078959465026855e-01
2.918667793273925781e-01
2.993986010551452637e-01
2.570719122886657715e-01
3.032082915306091309e-01
4.988981485366821289e-01
6.334885358810424805e-01
3.002250790596008301e-01
2.164043188095092773e-01
2.690748870372772217e-01
4.192192554473876953e-01
5.416644811630249023e-01
6.020147800445556641e-01
4.142510890960693359e-01
4.448736310005187988e-01
3.117029666900634766e-01
4.469065368175506592e-01
4.734505414962768555e-01
4.925000667572021484e-01
3.371160626411437988e-01
3.106171488761901855e-01
4.490845203399658203e-01
3.030889034271240234e-01
2.477355599403381348e-01
3.635174036026000977e-01
2.517259418964385986e-01
2.972072362899780273e-01
2.242799550294876099e-01
7.024614214897155762e-01
2.379801869392395020e-01
5.832490324974060059e-01
3.607008457183837891e-01
2.806562185287475586e-01
3.808927536010742188e-01
2.985041141510009766e-01
2.536892592906951904e-01
3.101442158222198486e-01
5.936260223388671875e-01
4.039881229400634766e-01
6.161234378814697266e-01
4.146809577941894531e-01
1.685746759176254272e-01
6.258870363235473633e-01
3.041830658912658691e-01
3.619091510772705078e-01
2.828490138053894043e-01
2.311547994613647461e-01
3.817963600158691406e-01
2.829419374465942383e-01
3.415512740612030029e-01
2.208488583564758301e-01
4.297191500663757324e-01
4.686268568038940430e-01
3.168139457702636719e-01
3.388950824737548828e-01
2.360359430313110352e-01
3.070403039455413818e-01
2.469935715198516846e-01
5.691632628440856934e-01
4.946438670158386230e-01
5.461176633834838867e-01
4.598497152328491211e-01
5.205901861190795898e-01
2.436171174049377441e-01
2.951267063617706299e-01
2.808117866516113281e-01
2.560964226722717285e-01
2.616168260574340820e-01
5.485593080520629883e-01
6.626203656196594238e-01
3.414199650287628174e-01
3.663809895515441895e-01
2.638293504714965820e-01
2.884261608123779297e-01
2.560977339744567871e-01
2.386845648288726807e-01
1.038799047470092773e+00
3.688534498214721680e-01
3.128205537796020508e-01
2.886970639228820801e-01
3.576070368289947510e-01
2.441085278987884521e-01
3.166019916534423828e-01
2.492708265781402588e-01
3.718162775039672852e-01
3.163565099239349365e-01
4.932578504085540771e-01
5.169575214385986328e-01
2.500138580799102783e-01
5.013851523399353027e-01
4.897366464138031006e-01
2.459072917699813843e-01
