2.539209425449371338e-01
2.583440244197845459e-01
3.597023785114288330e-01
3.662939667701721191e-01
1.745930314064025879e-01
2.333670705556869507e-01
2.835247516632080078e-01
2.827377319335937500e-01
3.197274506092071533e-01
2.989570498466491699e-01
2.533392608165740967e-01
2.506808936595916748e-01
2.833407819271087646e-01
4.938236474990844727e-01
2.978276610374450684e-01
2.382273972034454346e-01
3.794017136096954346e-01
2.639603018760681152e-01
3.626244068145751953e-01
2.532052397727966309e-01
2.905529737472534180e-01
1.200708150863647461e+00
2.501295506954193115e-01
2.478105574846267700e-01
5.498601794242858887e-01
2.967807948589324951e-01
2.700513899326324463e-01
3.108581304550170898e-01
2.444117963314056396e-01
2.759369611740112305e-01
9.534227848052978516e-01
8.705163598060607910e-01
2.647873163223266602e-01
2.664808630943298340e-01
2.923878431320190430e-01
3.477826416492462158e-01
2.609373927116394043e-01
2.701584696769714355e-01
3.823699951171875000e-01
2.617212235927581787e-01
3.751066327095031738e-01
5.029812455177307129e-01
2.243448346853256226e-01
2.272371649742126465e-01
3.475157022476196289e-01
8.984534144401550293e-01
9.599319696426391602e-01
3.417631089687347412e-01
4.651973545551300049e-01
2.621391415596008301e-01
2.812405228614807129e-01
3.107590377330780029e-01
2.901519834995269775e-01
2.956740856170654297e-01
2.273684442043304443e-01
3.238041698932647705e-01
3.210027217864990234e-01
2.603389918804168701e-01
2.931861579418182373e-01
2.975229918956756592e-01
2.613608837127685547e-01
2.960453033447265625e-01
2.159898430109024048e-01
2.668147385120391846e-01
2.765811979770660400e-01
4.353441298007965088e-01
4.200117290019989014e-01
2.427551895380020142e-01
3.850317597389221191e-01
3.734866976737976074e-01
2.981247305870056152e-01
3.243128359317779541e-01
9.125156998634338379e-01
2.850367724895477295e-01
2.700941264629364014e-01
2.788118124008178711e-01
2.510439157485961914e-01
2.393261790275573730e-01
2.458078563213348389e-01
4.229898452758789062e-01
4.500879645347595215e-01
2.845373451709747314e-01
3.512901961803436279e-01
3.512174785137176514e-01
3.414475321769714355e-01
3.201264142990112305e-01
2.558640241622924805e-01
3.996481299400329590e-01
2.574295103549957275e-01
2.876616120338439941e-01
2.509969472885131836e-01
2.482598423957824707e-01
6.229940056800842285e-01
2.447990030050277710e-01
2.526998519897460938e-01
3.596299588680267334e-01
2.989192903041839600e-01
3.243859410285949707e-01
3.731133341789245605e-01
4.378795325756072998e-01
3.123591542243957520e-01
4.348736703395843506e-01
3.448176085948944092e-01
4.348736703395843506e-01
3.448176085948944092e-01
2.802108228206634521e-01
2.450475990772247314e-01
3.622691035270690918e-01
2.511421144008636475e-01
2.936920523643493652e-01
2.145919501781463623e-01
3.624868392944335938e-01
1.759838908910751343e-01
2.502314448356628418e-01
3.605973124504089355e-01
4.126453995704650879e-01
2.909473776817321777e-01
3.003821969032287598e-01
3.343654274940490723e-01
6.618276834487915039e-01
6.896145939826965332e-01
2.976391911506652832e-01
2.225734442472457886e-01
2.932982742786407471e-01
3.784294724464416504e-01
4.805640578269958496e-01
5.685364007949829102e-01
3.495636582374572754e-01
4.643379151821136475e-01
3.237393498420715332e-01
4.559451937675476074e-01
4.631873369216918945e-01
4.394875764846801758e-01
3.483922183513641357e-01
3.714608848094940186e-01
3.671198785305023193e-01
2.466362267732620239e-01
2.654587924480438232e-01
3.579181730747222900e-01
3.408511877059936523e-01
2.972720265388488770e-01
2.371730506420135498e-01
9.417701363563537598e-01
3.542813658714294434e-01
9.966323971748352051e-01
3.050576150417327881e-01
3.470338284969329834e-01
3.338720798492431641e-01
2.701602876186370850e-01
2.451755255460739136e-01
2.652284204959869385e-01
9.976626634597778320e-01
3.325601816177368164e-01
9.546592235565185547e-01
3.624734878540039062e-01
1.743532270193099976e-01
7.399430871009826660e-01
2.471663504838943481e-01
2.898508310317993164e-01
3.100604414939880371e-01
3.090186715126037598e-01
3.931515812873840332e-01
3.963041901588439941e-01
3.865276575088500977e-01
2.276711761951446533e-01
2.729138433933258057e-01
4.398524165153503418e-01
4.592365324497222900e-01
4.496245682239532471e-01
2.602230906486511230e-01
2.667653560638427734e-01
2.681596279144287109e-01
4.653874337673187256e-01
4.726683497428894043e-01
4.610792398452758789e-01
5.839146971702575684e-01
7.631185650825500488e-01
2.458679527044296265e-01
2.902706265449523926e-01
2.455133050680160522e-01
3.855852186679840088e-01
3.987112045288085938e-01
1.040207624435424805e+00
1.076540946960449219e+00
2.868381738662719727e-01
3.391156792640686035e-01
2.561978995800018311e-01
2.881295979022979736e-01
2.483286261558532715e-01
2.468738406896591187e-01
1.094082832336425781e+00
3.663737475872039795e-01
3.375765085220336914e-01
2.933476865291595459e-01
2.893701195716857910e-01
3.250391483306884766e-01
2.905635535717010498e-01
3.200362622737884521e-01
2.974736094474792480e-01
2.942296266555786133e-01
4.497999846935272217e-01
4.759076237678527832e-01
2.475786507129669189e-01
4.961796998977661133e-01
4.973761439323425293e-01
2.505635321140289307e-01
