2.582446634769439697e-01
2.726531922817230225e-01
2.261242121458053589e-01
4.243577420711517334e-01
1.731441169977188110e-01
3.921198546886444092e-01
2.842077016830444336e-01
2.671818435192108154e-01
3.241532742977142334e-01
2.919428646564483643e-01
2.489218115806579590e-01
2.482828944921493530e-01
3.017460107803344727e-01
4.521444737911224365e-01
2.846656143665313721e-01
2.306164652109146118e-01
2.723471224308013916e-01
4.083246290683746338e-01
2.592080533504486084e-01
2.563005089759826660e-01
2.835413515567779541e-01
1.397506237030029297e+00
2.495106309652328491e-01
2.477296143770217896e-01
4.595428407192230225e-01
3.075277209281921387e-01
3.753201663494110107e-01
2.599982619285583496e-01
2.407977581024169922e-01
2.999444305896759033e-01
9.629125595092773438e-01
9.950902462005615234e-01
3.969272673130035400e-01
2.865117192268371582e-01
2.449514865875244141e-01
3.627291917800903320e-01
3.004733026027679443e-01
2.608797252178192139e-01
4.510233402252197266e-01
3.019461333751678467e-01
3.413694798946380615e-01
4.829457998275756836e-01
2.208371609449386597e-01
2.237552255392074585e-01
2.669648826122283936e-01
7.241020202636718750e-01
6.154706478118896484e-01
3.396092951297760010e-01
5.110315084457397461e-01
2.845093309879302979e-01
2.603122591972351074e-01
3.046188354492187500e-01
3.160147368907928467e-01
2.981618940830230713e-01
2.318798303604125977e-01
2.956793606281280518e-01
3.502199947834014893e-01
2.598198056221008301e-01
3.060596883296966553e-01
2.923351228237152100e-01
2.340162545442581177e-01
2.948380410671234131e-01
2.175741940736770630e-01
2.811304330825805664e-01
2.775660455226898193e-01
4.535191953182220459e-01
4.575870931148529053e-01
3.009996116161346436e-01
2.956276237964630127e-01
3.468853533267974854e-01
2.990409433841705322e-01
2.245164662599563599e-01
6.041023731231689453e-01
2.298727631568908691e-01
3.344990015029907227e-01
2.861302196979522705e-01
2.156475633382797241e-01
2.386235743761062622e-01
2.406169921159744263e-01
4.323750734329223633e-01
4.508420526981353760e-01
2.933064997196197510e-01
3.373661935329437256e-01
3.643466532230377197e-01
3.098718225955963135e-01
3.618458807468414307e-01
2.726670205593109131e-01
3.163831532001495361e-01
2.563153207302093506e-01
2.844857275485992432e-01
2.488629370927810669e-01
2.489336878061294556e-01
4.941203296184539795e-01
2.645016014575958252e-01
2.442391365766525269e-01
3.635105192661285400e-01
2.985149323940277100e-01
2.273649126291275024e-01
3.413334190845489502e-01
3.054665327072143555e-01
3.331491053104400635e-01
3.570552766323089600e-01
2.978751957416534424e-01
3.570552766323089600e-01
2.978751957416534424e-01
2.477171570062637329e-01
2.672941982746124268e-01
2.995092868804931641e-01
2.523942589759826660e-01
2.996853291988372803e-01
2.241450399160385132e-01
3.364409506320953369e-01
1.747653931379318237e-01
3.843027353286743164e-01
2.976018488407135010e-01
4.310480356216430664e-01
2.686422765254974365e-01
3.745879232883453369e-01
3.323737084865570068e-01
6.092079281806945801e-01
5.693613290786743164e-01
2.934533357620239258e-01
2.204398959875106812e-01
3.417878448963165283e-01
3.173392713069915771e-01
4.499030113220214844e-01
6.029083728790283203e-01
3.207196891307830811e-01
4.979362487792968750e-01
3.196483552455902100e-01
4.101813733577728271e-01
4.070856571197509766e-01
4.605433046817779541e-01
3.751160800457000732e-01
4.324970543384552002e-01
4.513799250125885010e-01
3.039318025112152100e-01
2.608447968959808350e-01
2.399795800447463989e-01
3.001482188701629639e-01
2.985529601573944092e-01
2.292505502700805664e-01
6.550524830818176270e-01
2.560633420944213867e-01
5.562127232551574707e-01
3.756091892719268799e-01
3.155232965946197510e-01
2.495710253715515137e-01
2.607317268848419189e-01
2.518165111541748047e-01
3.052750229835510254e-01
6.776670813560485840e-01
4.086302816867828369e-01
7.452588081359863281e-01
3.156841695308685303e-01
1.713431477546691895e-01
1.056805729866027832e+00
2.543816268444061279e-01
3.363086283206939697e-01
2.665227651596069336e-01
3.345515727996826172e-01
3.811589479446411133e-01
3.945702612400054932e-01
3.989633321762084961e-01
2.268408387899398804e-01
2.551635205745697021e-01
4.102959334850311279e-01
3.931749761104583740e-01
4.596549570560455322e-01
2.652819156646728516e-01
2.646818161010742188e-01
2.678421139717102051e-01
4.435113966464996338e-01
4.632894992828369141e-01
4.577065706253051758e-01
5.179178118705749512e-01
8.566188812255859375e-01
2.403656095266342163e-01
2.278739213943481445e-01
2.574392259120941162e-01
2.985532283782958984e-01
3.474433422088623047e-01
1.139869809150695801e+00
1.065310359001159668e+00
3.359067738056182861e-01
3.919533193111419678e-01
2.519985139369964600e-01
2.936036884784698486e-01
2.459924668073654175e-01
2.486571818590164185e-01
1.308418750762939453e+00
3.785079419612884521e-01
3.714285790920257568e-01
2.789965569972991943e-01
2.997229397296905518e-01
3.193297088146209717e-01
2.741842567920684814e-01
3.371288776397705078e-01
2.811122238636016846e-01
3.524657189846038818e-01
2.740214169025421143e-01
3.807280063629150391e-01
2.494962662458419800e-01
4.972255229949951172e-01
4.939998090267181396e-01
2.506447136402130127e-01
