2.842473983764648438e-01
2.988452017307281494e-01
2.249031215906143188e-01
4.006042480468750000e-01
1.750386655330657959e-01
3.269742429256439209e-01
2.793608605861663818e-01
2.601522803306579590e-01
3.109536170959472656e-01
2.985330820083618164e-01
2.546033859252929688e-01
2.544682323932647705e-01
2.928435802459716797e-01
2.668161392211914062e-01
2.277575582265853882e-01
2.497460991144180298e-01
2.545115947723388672e-01
4.268505573272705078e-01
4.032343029975891113e-01
2.552981376647949219e-01
2.916716039180755615e-01
9.828589558601379395e-01
2.498669177293777466e-01
2.459490895271301270e-01
6.238996982574462891e-01
2.405932545661926270e-01
3.796001970767974854e-01
3.820595443248748779e-01
2.322810888290405273e-01
3.901054561138153076e-01
8.627177476882934570e-01
8.214724063873291016e-01
3.704069852828979492e-01
2.750747799873352051e-01
2.406318336725234985e-01
2.910953760147094727e-01
2.547318339347839355e-01
3.760334253311157227e-01
2.406088113784790039e-01
2.953968048095703125e-01
3.594640493392944336e-01
5.301434397697448730e-01
2.216073274612426758e-01
2.190046459436416626e-01
2.808138728141784668e-01
6.062773466110229492e-01
5.930197238922119141e-01
3.539695441722869873e-01
4.990025162696838379e-01
2.730025947093963623e-01
2.845734357833862305e-01
3.008632063865661621e-01
2.875220477581024170e-01
2.976355254650115967e-01
2.306175976991653442e-01
2.934672534465789795e-01
3.178506791591644287e-01
2.731041908264160156e-01
2.817150950431823730e-01
2.902232706546783447e-01
2.790054678916931152e-01
2.975985705852508545e-01
2.177012115716934204e-01
2.744366228580474854e-01
3.084633946418762207e-01
4.302137792110443115e-01
3.939827680587768555e-01
3.007906973361968994e-01
2.859091162681579590e-01
3.128568232059478760e-01
2.972221672534942627e-01
2.309263497591018677e-01
8.338268399238586426e-01
2.323650866746902466e-01
3.321842849254608154e-01
2.850140631198883057e-01
2.196450680494308472e-01
2.411174774169921875e-01
2.448483854532241821e-01
4.397387802600860596e-01
4.469680190086364746e-01
2.951807975769042969e-01
3.348468244075775146e-01
3.667024374008178711e-01
3.780775964260101318e-01
2.666797339916229248e-01
2.791550457477569580e-01
4.400417804718017578e-01
2.550461888313293457e-01
2.885713577270507812e-01
2.489730864763259888e-01
2.484979033470153809e-01
7.210844159126281738e-01
2.685056626796722412e-01
2.721001505851745605e-01
3.075725138187408447e-01
2.985968291759490967e-01
2.336911559104919434e-01
2.892800271511077881e-01
3.661527037620544434e-01
3.097817599773406982e-01
3.423662185668945312e-01
3.752039372920989990e-01
3.423662185668945312e-01
3.752039372920989990e-01
2.519853115081787109e-01
2.596381604671478271e-01
3.305048346519470215e-01
3.193912208080291748e-01
2.972028255462646484e-01
2.190572619438171387e-01
3.227807283401489258e-01
1.748564988374710083e-01
3.678325414657592773e-01
2.615020275115966797e-01
3.703531622886657715e-01
2.644409835338592529e-01
3.375494480133056641e-01
3.226367235183715820e-01
5.395035147666931152e-01
5.562756657600402832e-01
2.970503568649291992e-01
2.367918044328689575e-01
3.261248171329498291e-01
3.610273599624633789e-01
5.264469385147094727e-01
5.034963488578796387e-01
3.843189775943756104e-01
4.203451275825500488e-01
3.710004687309265137e-01
3.786618709564208984e-01
4.016082286834716797e-01
4.014565348625183105e-01
4.383720755577087402e-01
4.098978340625762939e-01
4.157456159591674805e-01
3.018105924129486084e-01
2.486727088689804077e-01
2.773739695549011230e-01
3.311741650104522705e-01
2.979411184787750244e-01
2.219260632991790771e-01
3.938022851943969727e-01
2.687567472457885742e-01
3.125262558460235596e-01
3.742141127586364746e-01
3.113313615322113037e-01
2.903479635715484619e-01
2.713407278060913086e-01
2.674291729927062988e-01
2.829510271549224854e-01
5.324808955192565918e-01
3.729363083839416504e-01
5.495372414588928223e-01
3.383777737617492676e-01
1.740412861108779907e-01
3.905515968799591064e-01
2.536657750606536865e-01
3.799736797809600830e-01
3.708724379539489746e-01
3.631425499916076660e-01
3.138140141963958740e-01
3.124626576900482178e-01
3.469449579715728760e-01
2.313730716705322266e-01
3.801606297492980957e-01
4.371906816959381104e-01
4.464438557624816895e-01
4.346771538257598877e-01
2.752375602722167969e-01
2.495847642421722412e-01
2.642501592636108398e-01
3.235346376895904541e-01
3.583614230155944824e-01
3.763980865478515625e-01
2.811009883880615234e-01
3.146970868110656738e-01
2.372652590274810791e-01
2.810425758361816406e-01
3.444903790950775146e-01
2.681135833263397217e-01
3.529835343360900879e-01
4.318547248840332031e-01
3.647599518299102783e-01
3.829498291015625000e-01
2.588689327239990234e-01
2.555502355098724365e-01
2.913266718387603760e-01
2.479359805583953857e-01
2.474012374877929688e-01
9.119242429733276367e-01
4.166930615901947021e-01
2.877037227153778076e-01
2.805159091949462891e-01
2.625029087066650391e-01
3.538131713867187500e-01
2.604188919067382812e-01
3.355661630630493164e-01
2.910085022449493408e-01
3.563185930252075195e-01
3.333007395267486572e-01
3.826980888843536377e-01
2.491441220045089722e-01
4.979786872863769531e-01
4.972242116928100586e-01
2.472015172243118286e-01
