2.492049336433410645e-01
2.554264366626739502e-01
3.503659367561340332e-01
3.691822886466979980e-01
1.761231720447540283e-01
2.315691411495208740e-01
2.628428041934967041e-01
2.891572415828704834e-01
3.055884838104248047e-01
3.012416660785675049e-01
2.442117929458618164e-01
2.501166164875030518e-01
3.027515411376953125e-01
4.630298018455505371e-01
2.979109287261962891e-01
2.414596527814865112e-01
3.277938961982727051e-01
3.553469181060791016e-01
3.321854472160339355e-01
2.491488158702850342e-01
2.890524864196777344e-01
1.172377347946166992e+00
2.439320236444473267e-01
2.525295615196228027e-01
6.218006014823913574e-01
3.055087327957153320e-01
2.996656298637390137e-01
3.531733453273773193e-01
2.362401783466339111e-01
2.796678841114044189e-01
7.053427100181579590e-01
7.368960380554199219e-01
3.448215723037719727e-01
2.791021466255187988e-01
2.393276691436767578e-01
2.585653066635131836e-01
2.774420976638793945e-01
2.675203680992126465e-01
4.081076085567474365e-01
2.596023678779602051e-01
3.413299620151519775e-01
4.879251718521118164e-01
2.160637974739074707e-01
2.273177504539489746e-01
2.940737605094909668e-01
6.490811109542846680e-01
6.562124490737915039e-01
4.034781455993652344e-01
4.336141943931579590e-01
3.021208345890045166e-01
2.605294585227966309e-01
2.727083265781402588e-01
3.398934006690979004e-01
2.967270016670227051e-01
2.362741678953170776e-01
2.833836972713470459e-01
3.857784271240234375e-01
2.489965260028839111e-01
2.698982357978820801e-01
3.536590337753295898e-01
3.107774853706359863e-01
3.007894754409790039e-01
2.077208161354064941e-01
3.488546907901763916e-01
2.947720587253570557e-01
3.454104959964752197e-01
3.849055171012878418e-01
3.025702238082885742e-01
3.158967196941375732e-01
2.981559932231903076e-01
2.995020449161529541e-01
2.194820046424865723e-01
6.724016666412353516e-01
2.366812080144882202e-01
3.178784847259521484e-01
2.828699052333831787e-01
2.205526828765869141e-01
2.419392466545104980e-01
2.400848716497421265e-01
4.379523992538452148e-01
4.452688097953796387e-01
2.900450229644775391e-01
3.435152769088745117e-01
3.597692847251892090e-01
2.673745453357696533e-01
4.198207259178161621e-01
2.727085947990417480e-01
2.380256056785583496e-01
2.512161731719970703e-01
2.900981903076171875e-01
2.479323595762252808e-01
2.462216466665267944e-01
3.430691957473754883e-01
3.006947636604309082e-01
2.467353641986846924e-01
3.251559436321258545e-01
2.922931015491485596e-01
2.230089604854583740e-01
2.494703382253646851e-01
3.955467343330383301e-01
3.643351495265960693e-01
3.025794625282287598e-01
2.363640964031219482e-01
3.025794625282287598e-01
2.363640964031219482e-01
2.637122273445129395e-01
2.465636730194091797e-01
3.168965578079223633e-01
3.552861213684082031e-01
2.939970493316650391e-01
2.270803302526473999e-01
3.543201684951782227e-01
1.707584559917449951e-01
3.684143424034118652e-01
2.676301002502441406e-01
3.172318339347839355e-01
2.474486231803894043e-01
3.866461515426635742e-01
3.710770606994628906e-01
5.772658586502075195e-01
6.178430318832397461e-01
2.955799698829650879e-01
2.342768162488937378e-01
3.840768635272979736e-01
2.583848237991333008e-01
4.853963255882263184e-01
5.701233148574829102e-01
2.568562626838684082e-01
4.941375851631164551e-01
2.901642620563507080e-01
4.000076651573181152e-01
4.344237148761749268e-01
3.766030669212341309e-01
4.945148229598999023e-01
4.307896494865417480e-01
4.619975984096527100e-01
2.441860735416412354e-01
3.063046634197235107e-01
3.247903585433959961e-01
2.704057991504669189e-01
2.970348596572875977e-01
2.272932231426239014e-01
5.882402658462524414e-01
2.936941385269165039e-01
6.091042757034301758e-01
2.468238919973373413e-01
3.666127622127532959e-01
3.591236770153045654e-01
2.801895439624786377e-01
2.329150438308715820e-01
2.500117421150207520e-01
4.172434508800506592e-01
4.372152388095855713e-01
3.843639492988586426e-01
4.685458838939666748e-01
1.777545660734176636e-01
8.853741884231567383e-01
2.503310143947601318e-01
2.340359538793563843e-01
2.790135741233825684e-01
3.563894331455230713e-01
3.834483027458190918e-01
4.264169633388519287e-01
3.888861536979675293e-01
2.389793097972869873e-01
2.978940904140472412e-01
3.958399295806884766e-01
4.869451522827148438e-01
5.036522746086120605e-01
2.442792654037475586e-01
2.411645203828811646e-01
3.083133697509765625e-01
4.469086527824401855e-01
5.209513902664184570e-01
5.346608757972717285e-01
2.632336616516113281e-01
5.630583763122558594e-01
2.988659143447875977e-01
2.886400222778320312e-01
2.113410681486129761e-01
2.892859876155853271e-01
2.670289874076843262e-01
1.057263135910034180e+00
1.017282962799072266e+00
3.830432891845703125e-01
2.522222995758056641e-01
2.538218200206756592e-01
2.912181317806243896e-01
2.505047023296356201e-01
2.498688846826553345e-01
9.465322494506835938e-01
4.269298315048217773e-01
2.719683349132537842e-01
2.911186218261718750e-01
3.591321110725402832e-01
2.580571472644805908e-01
3.437129259109497070e-01
2.437898963689804077e-01
3.666532337665557861e-01
3.061435222625732422e-01
4.897014796733856201e-01
5.224469900131225586e-01
2.461841106414794922e-01
4.950594902038574219e-01
4.985308349132537842e-01
2.491804212331771851e-01
