2.779542207717895508e-01
2.852718234062194824e-01
2.600125968456268311e-01
3.738380372524261475e-01
1.753982007503509521e-01
3.086764812469482422e-01
3.161083459854125977e-01
2.715137600898742676e-01
3.001206517219543457e-01
3.029593527317047119e-01
2.457856833934783936e-01
2.719946205615997314e-01
2.713966071605682373e-01
4.529878497123718262e-01
2.889856696128845215e-01
2.345685660839080811e-01
3.609999418258666992e-01
2.943514287471771240e-01
3.014978468418121338e-01
2.553487718105316162e-01
2.871636450290679932e-01
5.248618125915527344e-01
2.473593205213546753e-01
2.486957609653472900e-01
6.264560222625732422e-01
2.888559699058532715e-01
2.748447358608245850e-01
3.238634467124938965e-01
2.372051924467086792e-01
2.989687323570251465e-01
1.088915228843688965e+00
1.057692170143127441e+00
2.837245166301727295e-01
2.902745008468627930e-01
2.867576181888580322e-01
3.543431758880615234e-01
2.507634758949279785e-01
2.742810249328613281e-01
3.715511858463287354e-01
2.442208230495452881e-01
2.562637031078338623e-01
5.125676393508911133e-01
2.271448075771331787e-01
2.243494689464569092e-01
3.333111107349395752e-01
6.876391172409057617e-01
6.405025720596313477e-01
4.579150080680847168e-01
2.592195868492126465e-01
2.832033634185791016e-01
2.733524441719055176e-01
2.896064817905426025e-01
3.065540790557861328e-01
2.957258820533752441e-01
2.352625429630279541e-01
2.990033626556396484e-01
3.469498455524444580e-01
2.738796174526214600e-01
2.823672890663146973e-01
2.864275872707366943e-01
2.720731496810913086e-01
2.991043031215667725e-01
2.181889563798904419e-01
2.779604494571685791e-01
3.152536451816558838e-01
4.371661543846130371e-01
4.005840718746185303e-01
2.889551520347595215e-01
3.191564679145812988e-01
3.557467758655548096e-01
2.974722087383270264e-01
2.384902536869049072e-01
7.333364486694335938e-01
2.367981672286987305e-01
3.345706462860107422e-01
2.872250378131866455e-01
2.216591089963912964e-01
2.382862567901611328e-01
2.462753951549530029e-01
4.410517811775207520e-01
4.497415423393249512e-01
2.954522967338562012e-01
3.395591080188751221e-01
3.674132227897644043e-01
3.326393365859985352e-01
3.303773403167724609e-01
2.752363085746765137e-01
3.704665303230285645e-01
2.561196982860565186e-01
2.882448732852935791e-01
2.476743161678314209e-01
2.497808188199996948e-01
5.784226059913635254e-01
2.733927965164184570e-01
2.685170769691467285e-01
3.047342300415039062e-01
2.949581742286682129e-01
2.310623228549957275e-01
2.883443236351013184e-01
3.738393187522888184e-01
3.155166804790496826e-01
3.424940705299377441e-01
3.577919602394104004e-01
3.424940705299377441e-01
3.577919602394104004e-01
2.431592047214508057e-01
2.958518564701080322e-01
3.020234107971191406e-01
2.644103169441223145e-01
2.975533008575439453e-01
2.185512036085128784e-01
2.828633189201354980e-01
1.766956299543380737e-01
3.670478761196136475e-01
2.622858881950378418e-01
4.473548531532287598e-01
2.883115708827972412e-01
3.375642895698547363e-01
3.632721900939941406e-01
5.576626062393188477e-01
4.617682993412017822e-01
2.993867099285125732e-01
2.261409312486648560e-01
2.898436486721038818e-01
3.760828971862792969e-01
4.429906308650970459e-01
5.384112596511840820e-01
3.208177983760833740e-01
4.996609687805175781e-01
3.477320373058319092e-01
4.508073925971984863e-01
4.380769133567810059e-01
4.547313153743743896e-01
3.873048126697540283e-01
3.866387605667114258e-01
3.617469668388366699e-01
2.634959816932678223e-01
2.690892815589904785e-01
3.219466805458068848e-01
3.142170011997222900e-01
2.952978610992431641e-01
2.221053540706634521e-01
4.527783393859863281e-01
3.258427977561950684e-01
4.822837412357330322e-01
3.114714324474334717e-01
3.368698060512542725e-01
3.234730660915374756e-01
2.630757093429565430e-01
2.536658644676208496e-01
2.697749733924865723e-01
4.544835984706878662e-01
3.674270212650299072e-01
4.148650765419006348e-01
3.807917237281799316e-01
1.725805550813674927e-01
7.723946571350097656e-01
2.676860392093658447e-01
3.295117318630218506e-01
3.390458524227142334e-01
3.320374488830566406e-01
3.489382863044738770e-01
3.487774729728698730e-01
3.478407561779022217e-01
2.194350510835647583e-01
3.681154251098632812e-01
4.336153566837310791e-01
4.534471035003662109e-01
4.308915138244628906e-01
2.677070498466491699e-01
2.585604786872863770e-01
2.649993002414703369e-01
4.699451923370361328e-01
4.455195963382720947e-01
4.560096859931945801e-01
3.100913465023040771e-01
5.925984978675842285e-01
2.445942610502243042e-01
2.845720648765563965e-01
3.362671136856079102e-01
2.743964791297912598e-01
2.504056096076965332e-01
7.964557409286499023e-01
8.971260190010070801e-01
3.600177168846130371e-01
3.568271398544311523e-01
2.542278170585632324e-01
2.869243621826171875e-01
2.490947246551513672e-01
2.486515045166015625e-01
8.911643028259277344e-01
3.706564903259277344e-01
3.526035845279693604e-01
2.960203289985656738e-01
3.007771372795104980e-01
3.112657368183135986e-01
2.814224362373352051e-01
3.143982291221618652e-01
3.060120046138763428e-01
3.733049035072326660e-01
3.846844434738159180e-01
4.099563956260681152e-01
2.474528998136520386e-01
4.970007538795471191e-01
4.974913001060485840e-01
2.511935830116271973e-01
