2.420724332332611084e-01
3.310790061950683594e-01
2.373787462711334229e-01
3.301021158695220947e-01
1.747882068157196045e-01
4.070177078247070312e-01
2.875686585903167725e-01
2.733430564403533936e-01
2.946111857891082764e-01
3.045852184295654297e-01
2.500260472297668457e-01
2.606143653392791748e-01
2.881853282451629639e-01
3.235384523868560791e-01
2.977339923381805420e-01
2.218605279922485352e-01
2.730841636657714844e-01
4.064649641513824463e-01
3.798028528690338135e-01
2.555042803287506104e-01
2.896692156791687012e-01
9.615530967712402344e-01
2.492178529500961304e-01
2.474716603755950928e-01
7.587273120880126953e-01
2.988539934158325195e-01
2.603570222854614258e-01
3.121877312660217285e-01
2.280271500349044800e-01
2.914927601814270020e-01
9.003251194953918457e-01
8.676664829254150391e-01
2.563691735267639160e-01
2.937439084053039551e-01
2.967664897441864014e-01
3.602375686168670654e-01
2.506988644599914551e-01
2.817097008228302002e-01
4.172194302082061768e-01
2.817279994487762451e-01
3.322750627994537354e-01
4.882515668869018555e-01
2.219918817281723022e-01
2.245697975158691406e-01
3.054277598857879639e-01
6.854088306427001953e-01
6.427006125450134277e-01
3.762589395046234131e-01
4.453344941139221191e-01
2.837236225605010986e-01
2.638052999973297119e-01
2.888388037681579590e-01
3.098938465118408203e-01
2.969837188720703125e-01
2.301419377326965332e-01
2.977480888366699219e-01
3.520976603031158447e-01
2.592159211635589600e-01
2.715223729610443115e-01
3.214374482631683350e-01
3.093307018280029297e-01
2.975366413593292236e-01
2.169599831104278564e-01
3.279319107532501221e-01
3.147982656955718994e-01
3.784572184085845947e-01
3.922519087791442871e-01
2.952332496643066406e-01
3.049324750900268555e-01
3.306080102920532227e-01
2.969807386398315430e-01
2.269160151481628418e-01
8.501003980636596680e-01
2.334562093019485474e-01
3.280819356441497803e-01
2.862355709075927734e-01
2.226587533950805664e-01
2.414383888244628906e-01
2.467372864484786987e-01
4.320297241210937500e-01
4.425526261329650879e-01
2.930949628353118896e-01
3.411568403244018555e-01
3.551769852638244629e-01
2.861930131912231445e-01
3.916730284690856934e-01
2.739390432834625244e-01
2.996754646301269531e-01
2.551106512546539307e-01
2.884204387664794922e-01
2.484617084264755249e-01
2.482855170965194702e-01
4.169048368930816650e-01
2.975169420242309570e-01
2.503637075424194336e-01
3.093495368957519531e-01
2.932507097721099854e-01
2.248154133558273315e-01
2.579815387725830078e-01
3.984895944595336914e-01
3.554441332817077637e-01
3.137340247631072998e-01
2.763287127017974854e-01
3.137340247631072998e-01
2.763287127017974854e-01
2.512758076190948486e-01
2.723751664161682129e-01
3.052428960800170898e-01
2.973743379116058350e-01
2.968705892562866211e-01
2.218214571475982666e-01
3.237980008125305176e-01
1.755602955818176270e-01
3.739198148250579834e-01
2.774608135223388672e-01
4.062096178531646729e-01
2.777536809444427490e-01
3.244763314723968506e-01
3.250198364257812500e-01
5.598577260971069336e-01
5.165535211563110352e-01
2.959644198417663574e-01
2.281049340963363647e-01
3.063640892505645752e-01
3.865818083286285400e-01
5.011655688285827637e-01
5.564290285110473633e-01
3.828977644443511963e-01
4.584662020206451416e-01
3.508409261703491211e-01
4.215642809867858887e-01
4.204894900321960449e-01
4.335300326347351074e-01
4.124175012111663818e-01
3.963038325309753418e-01
4.022284448146820068e-01
2.672574222087860107e-01
2.696556448936462402e-01
3.058308064937591553e-01
3.039198219776153564e-01
2.970396876335144043e-01
2.213853597640991211e-01
4.583944380283355713e-01
3.088370859622955322e-01
4.208892285823822021e-01
3.238681554794311523e-01
3.130013644695281982e-01
2.990576624870300293e-01
2.770391106605529785e-01
2.601481676101684570e-01
2.753555178642272949e-01
4.144694805145263672e-01
3.990207612514495850e-01
4.432531595230102539e-01
3.859433531761169434e-01
1.736242771148681641e-01
4.328927099704742432e-01
2.523866891860961914e-01
3.164646327495574951e-01
3.128372728824615479e-01
3.358803093433380127e-01
3.797145783901214600e-01
3.702716231346130371e-01
3.691023290157318115e-01
2.243963479995727539e-01
3.072987794876098633e-01
4.330636560916900635e-01
4.364958405494689941e-01
4.550806879997253418e-01
2.659910321235656738e-01
2.689356207847595215e-01
2.638853788375854492e-01
4.545294344425201416e-01
4.367906153202056885e-01
4.441901147365570068e-01
2.691474258899688721e-01
3.454889953136444092e-01
2.384199947118759155e-01
2.922458052635192871e-01
3.171132802963256836e-01
2.708865106105804443e-01
3.560409247875213623e-01
4.732796549797058105e-01
3.795816004276275635e-01
3.732920289039611816e-01
2.774387598037719727e-01
2.552921175956726074e-01
2.887964248657226562e-01
2.482921034097671509e-01
2.479520440101623535e-01
1.128711938858032227e+00
3.817762434482574463e-01
4.236553907394409180e-01
2.923108935356140137e-01
3.231146037578582764e-01
2.922538518905639648e-01
3.542748391628265381e-01
2.970490455627441406e-01
3.194607496261596680e-01
3.354062438011169434e-01
3.790992200374603271e-01
3.903089165687561035e-01
2.484686672687530518e-01
4.963729381561279297e-01
4.960376620292663574e-01
2.474835366010665894e-01
