2.455412894487380981e-01
3.245665729045867920e-01
2.390028536319732666e-01
3.540547192096710205e-01
1.749518960714340210e-01
4.094647765159606934e-01
2.850096225738525391e-01
2.820772826671600342e-01
3.068521916866302490e-01
3.044777214527130127e-01
2.492257356643676758e-01
2.576257884502410889e-01
2.840237021446228027e-01
3.015060424804687500e-01
2.957831323146820068e-01
2.217308580875396729e-01
2.652903795242309570e-01
4.201750159263610840e-01
3.796654343605041504e-01
2.555024027824401855e-01
2.880363166332244873e-01
9.144906401634216309e-01
2.514815926551818848e-01
2.458197176456451416e-01
7.689188718795776367e-01
2.893272042274475098e-01
2.780876457691192627e-01
3.224215507507324219e-01
2.310422956943511963e-01
3.139601051807403564e-01
8.763917684555053711e-01
9.056222438812255859e-01
2.704536318778991699e-01
2.935443222522735596e-01
2.887087166309356689e-01
3.445628285408020020e-01
2.588505744934082031e-01
2.959618568420410156e-01
3.927949666976928711e-01
2.923100292682647705e-01
3.348024189472198486e-01
4.909534454345703125e-01
2.198784947395324707e-01
2.201100885868072510e-01
2.850001156330108643e-01
7.080940604209899902e-01
6.795754432678222656e-01
3.746689260005950928e-01
4.710643291473388672e-01
2.843115925788879395e-01
2.655307352542877197e-01
2.853680253028869629e-01
3.075042665004730225e-01
2.971487641334533691e-01
2.375991642475128174e-01
2.949233353137969971e-01
3.503539860248565674e-01
2.806215584278106689e-01
2.608165442943572998e-01
2.875565290451049805e-01
3.111839592456817627e-01
2.983874976634979248e-01
2.175869643688201904e-01
2.980181276798248291e-01
3.464042246341705322e-01
3.897776603698730469e-01
3.558173179626464844e-01
2.756692171096801758e-01
3.396069705486297607e-01
3.496495187282562256e-01
2.981577813625335693e-01
2.466423511505126953e-01
7.725259065628051758e-01
2.357378751039505005e-01
3.375423550605773926e-01
2.867248356342315674e-01
2.353508621454238892e-01
2.381884604692459106e-01
2.402799427509307861e-01
4.376273751258850098e-01
4.450597167015075684e-01
2.922265827655792236e-01
3.406360447406768799e-01
3.664504289627075195e-01
2.857914865016937256e-01
3.918489217758178711e-01
2.747870087623596191e-01
2.803995609283447266e-01
2.555306553840637207e-01
2.893435060977935791e-01
2.477997392416000366e-01
2.480399161577224731e-01
4.674982428550720215e-01
2.752457559108734131e-01
2.697959542274475098e-01
3.078688681125640869e-01
2.954398095607757568e-01
2.298787087202072144e-01
2.856375873088836670e-01
3.803797960281372070e-01
3.242202699184417725e-01
3.406151831150054932e-01
3.690847158432006836e-01
3.406151831150054932e-01
3.690847158432006836e-01
2.467139363288879395e-01
2.764735817909240723e-01
3.119133412837982178e-01
2.912787199020385742e-01
2.968141436576843262e-01
2.231646180152893066e-01
3.062546253204345703e-01
1.755760312080383301e-01
3.743085563182830811e-01
2.812277078628540039e-01
4.080535769462585449e-01
2.808660864830017090e-01
3.434675037860870361e-01
3.677283823490142822e-01
5.619453191757202148e-01
5.115229487419128418e-01
2.965346574783325195e-01
2.273292094469070435e-01
3.016527593135833740e-01
3.740425407886505127e-01
4.822261333465576172e-01
5.177201628684997559e-01
3.130742013454437256e-01
5.048026442527770996e-01
3.665467500686645508e-01
4.478096663951873779e-01
4.250425398349761963e-01
4.380144774913787842e-01
4.037677943706512451e-01
3.926809430122375488e-01
3.897319734096527100e-01
2.704450488090515137e-01
2.733241021633148193e-01
3.128834366798400879e-01
3.099088966846466064e-01
2.967649996280670166e-01
2.168336361646652222e-01
4.449376463890075684e-01
3.087750673294067383e-01
3.998236954212188721e-01
3.222139775753021240e-01
3.026016354560852051e-01
2.974363863468170166e-01
2.796844542026519775e-01
2.573001980781555176e-01
2.795630395412445068e-01
3.976271450519561768e-01
4.024387300014495850e-01
4.245081543922424316e-01
3.874313533306121826e-01
1.729074716567993164e-01
3.710733950138092041e-01
2.649941444396972656e-01
3.105799555778503418e-01
3.148284256458282471e-01
3.173432052135467529e-01
3.593119978904724121e-01
3.750375807285308838e-01
3.614998757839202881e-01
2.232421338558197021e-01
3.259344696998596191e-01
4.147653281688690186e-01
4.203806221485137939e-01
4.130672812461853027e-01
2.629572749137878418e-01
2.616442739963531494e-01
2.725358307361602783e-01
4.637972712516784668e-01
4.776749610900878906e-01
4.651215672492980957e-01
2.768438458442687988e-01
3.185049891471862793e-01
2.418208271265029907e-01
2.878045737743377686e-01
3.333368897438049316e-01
3.303085565567016602e-01
3.524987697601318359e-01
4.740983843803405762e-01
3.588025271892547607e-01
3.134324848651885986e-01
2.713600993156433105e-01
2.563305497169494629e-01
2.876603603363037109e-01
2.473360449075698853e-01
2.477949112653732300e-01
1.062257409095764160e+00
3.738758862018585205e-01
3.348338603973388672e-01
2.918803095817565918e-01
3.167572319507598877e-01
2.958130836486816406e-01
3.056810498237609863e-01
2.909411191940307617e-01
3.242022693157196045e-01
2.800507843494415283e-01
4.849430918693542480e-01
4.898312389850616455e-01
2.497498840093612671e-01
4.962201416492462158e-01
4.967356622219085693e-01
2.500185370445251465e-01
