2.540112733840942383e-01
2.597386538982391357e-01
2.295002490282058716e-01
4.248729050159454346e-01
1.751547455787658691e-01
4.057953059673309326e-01
3.649207651615142822e-01
2.582600414752960205e-01
2.540674507617950439e-01
3.038766384124755859e-01
2.504898607730865479e-01
3.003885447978973389e-01
2.480541020631790161e-01
5.028969645500183105e-01
2.947132289409637451e-01
2.224218249320983887e-01
3.396458923816680908e-01
3.224408328533172607e-01
3.146866858005523682e-01
2.555055916309356689e-01
2.876896560192108154e-01
7.897969484329223633e-01
2.493606805801391602e-01
2.489837706089019775e-01
7.886489629745483398e-01
3.034901022911071777e-01
2.488029450178146362e-01
3.106760084629058838e-01
2.427944242954254150e-01
2.524540722370147705e-01
5.857194066047668457e-01
4.058228433132171631e-01
2.480243444442749023e-01
2.870730161666870117e-01
3.021775186061859131e-01
3.645651638507843018e-01
2.529221177101135254e-01
2.659382224082946777e-01
4.139318466186523438e-01
2.863977849483489990e-01
3.632014393806457520e-01
5.072160959243774414e-01
2.202313244342803955e-01
2.223508656024932861e-01
2.935543954372406006e-01
6.119285821914672852e-01
5.281771421432495117e-01
3.265998363494873047e-01
4.965713024139404297e-01
2.718058824539184570e-01
2.870500683784484863e-01
2.993557751178741455e-01
2.861610949039459229e-01
2.961512207984924316e-01
2.372486889362335205e-01
2.976880967617034912e-01
3.171302676200866699e-01
2.628718614578247070e-01
2.890865504741668701e-01
2.977025806903839111e-01
2.706897854804992676e-01
2.975744307041168213e-01
2.148765772581100464e-01
2.798142433166503906e-01
2.895470559597015381e-01
4.356787204742431641e-01
4.219096004962921143e-01
2.847075462341308594e-01
3.210195302963256836e-01
3.696546852588653564e-01
2.978890240192413330e-01
2.227488458156585693e-01
8.397589325904846191e-01
2.328142821788787842e-01
3.269812464714050293e-01
2.854977846145629883e-01
2.216711938381195068e-01
2.430847734212875366e-01
2.418997734785079956e-01
4.426334202289581299e-01
4.408398866653442383e-01
2.943626940250396729e-01
3.377447426319122314e-01
3.664397597312927246e-01
2.671726047992706299e-01
4.190717637538909912e-01
2.815128862857818604e-01
2.560266256332397461e-01
2.551915347576141357e-01
2.897188365459442139e-01
2.493025660514831543e-01
2.476403862237930298e-01
3.721554577350616455e-01
2.625337243080139160e-01
2.589568793773651123e-01
3.298565149307250977e-01
2.966647744178771973e-01
2.289057970046997070e-01
3.168907165527343750e-01
3.339523077011108398e-01
3.163164258003234863e-01
3.537262082099914551e-01
3.382714390754699707e-01
3.537262082099914551e-01
3.382714390754699707e-01
2.533491849899291992e-01
2.601885497570037842e-01
3.080651462078094482e-01
3.092542290687561035e-01
2.964607179164886475e-01
2.229119837284088135e-01
3.423424959182739258e-01
1.752568185329437256e-01
3.758072853088378906e-01
2.846511602401733398e-01
3.836222887039184570e-01
2.561316788196563721e-01
3.579801917076110840e-01
3.139782547950744629e-01
6.139993667602539062e-01
5.978956818580627441e-01
2.947729825973510742e-01
2.350831329822540283e-01
3.175533711910247803e-01
3.996678888797760010e-01
5.516608953475952148e-01
3.962588012218475342e-01
4.536096155643463135e-01
3.999605178833007812e-01
4.519738256931304932e-01
3.528755307197570801e-01
3.564054071903228760e-01
3.588854372501373291e-01
4.394038021564483643e-01
4.324740171432495117e-01
4.448005557060241699e-01
2.785090506076812744e-01
2.761968374252319336e-01
2.718695700168609619e-01
2.719972729682922363e-01
2.973191738128662109e-01
2.123516798019409180e-01
4.964370727539062500e-01
2.636014819145202637e-01
4.404815733432769775e-01
3.247964978218078613e-01
2.825184464454650879e-01
2.766050398349761963e-01
2.675090134143829346e-01
2.739034891128540039e-01
2.791402637958526611e-01
4.938365817070007324e-01
4.278244674205780029e-01
5.573024749755859375e-01
3.755040466785430908e-01
1.738436669111251831e-01
6.917465329170227051e-01
2.616450488567352295e-01
3.160282969474792480e-01
2.971019446849822998e-01
3.252271413803100586e-01
3.737528622150421143e-01
3.822628855705261230e-01
3.755963742733001709e-01
2.356662005186080933e-01
2.815805971622467041e-01
4.040857851505279541e-01
4.069195687770843506e-01
4.352409839630126953e-01
2.673450410366058350e-01
2.633934915065765381e-01
2.654646933078765869e-01
4.536910355091094971e-01
4.579118788242340088e-01
4.473358690738677979e-01
2.495485395193099976e-01
6.066511273384094238e-01
2.430839985609054565e-01
2.886914610862731934e-01
2.434098869562149048e-01
3.758876621723175049e-01
2.524696886539459229e-01
9.503452777862548828e-01
9.360390305519104004e-01
2.686008810997009277e-01
3.550363183021545410e-01
2.560847401618957520e-01
2.878227233886718750e-01
2.479137629270553589e-01
2.485234588384628296e-01
9.110544919967651367e-01
3.659976720809936523e-01
4.309781789779663086e-01
2.944469749927520752e-01
2.544943690299987793e-01
3.588642477989196777e-01
3.620793819427490234e-01
3.554828763008117676e-01
2.638612985610961914e-01
2.905330359935760498e-01
4.990437924861907959e-01
3.361509144306182861e-01
2.484753876924514771e-01
4.960373938083648682e-01
4.958016574382781982e-01
2.482912242412567139e-01
