2.548879384994506836e-01
2.542418539524078369e-01
3.283620774745941162e-01
3.708264529705047607e-01
1.758840680122375488e-01
2.764516770839691162e-01
3.177996873855590820e-01
2.712725102901458740e-01
3.242490291595458984e-01
3.015025556087493896e-01
2.464879602193832397e-01
2.636124193668365479e-01
2.605003118515014648e-01
4.542249143123626709e-01
2.805281877517700195e-01
2.317039370536804199e-01
3.613139688968658447e-01
2.822461724281311035e-01
3.779984712600708008e-01
2.569732666015625000e-01
2.861330509185791016e-01
5.088307857513427734e-01
2.481938749551773071e-01
2.544198930263519287e-01
5.615710616111755371e-01
2.882736921310424805e-01
2.723394632339477539e-01
3.312295675277709961e-01
2.560017406940460205e-01
2.697322964668273926e-01
9.596844911575317383e-01
7.534960508346557617e-01
2.728785276412963867e-01
2.820924520492553711e-01
2.836277186870574951e-01
3.440473973751068115e-01
2.533548772335052490e-01
2.962514162063598633e-01
3.802189826965332031e-01
2.471762448549270630e-01
3.998352289199829102e-01
4.851013422012329102e-01
2.206006795167922974e-01
2.226663231849670410e-01
3.710719347000122070e-01
4.364782273769378662e-01
2.802928686141967773e-01
3.465863466262817383e-01
4.649475514888763428e-01
2.585631608963012695e-01
2.899155020713806152e-01
2.928396761417388916e-01
2.652044892311096191e-01
2.940347492694854736e-01
2.339003384113311768e-01
3.186725378036499023e-01
3.104658424854278564e-01
2.531721889972686768e-01
2.992510795593261719e-01
3.088687360286712646e-01
2.705370485782623291e-01
2.944591343402862549e-01
2.134665846824645996e-01
2.740073204040527344e-01
2.553420960903167725e-01
4.233368933200836182e-01
4.368980824947357178e-01
2.997810542583465576e-01
3.060692548751831055e-01
3.497152626514434814e-01
2.990216016769409180e-01
2.194503992795944214e-01
6.779693365097045898e-01
2.295456230640411377e-01
3.295498490333557129e-01
2.852632105350494385e-01
2.166959941387176514e-01
2.410489171743392944e-01
2.376393675804138184e-01
4.347331523895263672e-01
4.511742591857910156e-01
2.999839782714843750e-01
3.272371590137481689e-01
3.700314760208129883e-01
2.892048060894012451e-01
3.960031867027282715e-01
2.961700856685638428e-01
2.576228976249694824e-01
2.574211359024047852e-01
2.842945158481597900e-01
2.495675683021545410e-01
2.513697743415832520e-01
4.493985772132873535e-01
3.016378283500671387e-01
2.528652548789978027e-01
3.242342472076416016e-01
2.971511483192443848e-01
2.298650145530700684e-01
2.425852864980697632e-01
3.764638006687164307e-01
3.640134930610656738e-01
2.581051886081695557e-01
3.126606643199920654e-01
2.581051886081695557e-01
3.126606643199920654e-01
2.420925498008728027e-01
2.518433928489685059e-01
2.676333189010620117e-01
3.319461047649383545e-01
2.988299429416656494e-01
2.198244780302047729e-01
3.812367916107177734e-01
1.764434128999710083e-01
3.801082670688629150e-01
2.889827191829681396e-01
3.737183809280395508e-01
2.417391389608383179e-01
3.863428533077239990e-01
3.715632855892181396e-01
6.705268025398254395e-01
6.446025371551513672e-01
2.933283448219299316e-01
2.367524355649948120e-01
3.812475204467773438e-01
2.531010806560516357e-01
4.862763583660125732e-01
5.656506419181823730e-01
2.587431073188781738e-01
4.893774986267089844e-01
2.930976450443267822e-01
3.391650021076202393e-01
4.451025426387786865e-01
3.940788209438323975e-01
4.933899641036987305e-01
4.641045331954956055e-01
4.134551882743835449e-01
2.619727849960327148e-01
2.561944127082824707e-01
3.138729035854339600e-01
3.248718976974487305e-01
2.961544096469879150e-01
2.193711549043655396e-01
4.768075942993164062e-01
3.166040480136871338e-01
4.697867929935455322e-01
3.069919347763061523e-01
3.141204714775085449e-01
2.937279045581817627e-01
2.755871713161468506e-01
2.570061087608337402e-01
2.788518965244293213e-01
5.373658537864685059e-01
3.225010633468627930e-01
5.363593101501464844e-01
3.389559984207153320e-01
1.732315868139266968e-01
8.655140399932861328e-01
2.526926100254058838e-01
3.203558921813964844e-01
2.821318507194519043e-01
3.004227578639984131e-01
3.966518640518188477e-01
4.120493829250335693e-01
3.847271800041198730e-01
2.345260232686996460e-01
2.652784883975982666e-01
4.590472579002380371e-01
4.290658235549926758e-01
4.560252428054809570e-01
2.494679838418960571e-01
2.691807150840759277e-01
2.867931723594665527e-01
4.430173933506011963e-01
4.960610568523406982e-01
4.813868105411529541e-01
2.807435691356658936e-01
6.304738521575927734e-01
2.469163537025451660e-01
2.930074334144592285e-01
3.297435343265533447e-01
2.991637885570526123e-01
2.633017003536224365e-01
7.211049199104309082e-01
8.662422895431518555e-01
3.580387830734252930e-01
3.378842771053314209e-01
2.586466073989868164e-01
2.872601449489593506e-01
2.484818845987319946e-01
2.416124939918518066e-01
8.492447733879089355e-01
4.156368076801300049e-01
3.170042335987091064e-01
2.907423377037048340e-01
2.851977050304412842e-01
3.383377790451049805e-01
2.882044911384582520e-01
3.206456899642944336e-01
2.979220747947692871e-01
3.530111908912658691e-01
3.243981599807739258e-01
4.012851715087890625e-01
2.503468096256256104e-01
4.972895979881286621e-01
4.953109025955200195e-01
2.453409284353256226e-01
