2.615414559841156006e-01
2.725749909877777100e-01
2.440346479415893555e-01
4.345092773437500000e-01
1.757216006517410278e-01
3.977080881595611572e-01
3.292749822139739990e-01
2.742993831634521484e-01
2.900960147380828857e-01
3.029806315898895264e-01
2.443905025720596313e-01
2.775467336177825928e-01
2.713050544261932373e-01
4.825239181518554688e-01
2.946285009384155273e-01
2.582659721374511719e-01
3.137084543704986572e-01
3.630316257476806641e-01
2.667297422885894775e-01
2.552767992019653320e-01
2.967114150524139404e-01
9.499230980873107910e-01
2.463750839233398438e-01
2.485873699188232422e-01
7.608368992805480957e-01
2.933472096920013428e-01
3.011295199394226074e-01
2.893052399158477783e-01
3.057097196578979492e-01
4.246686995029449463e-01
8.540909886360168457e-01
6.272003054618835449e-01
3.453330993652343750e-01
2.836969792842864990e-01
2.645786106586456299e-01
3.474415838718414307e-01
2.550061941146850586e-01
2.412426024675369263e-01
4.161234200000762939e-01
2.728650569915771484e-01
3.731435835361480713e-01
5.234021544456481934e-01
2.295485883951187134e-01
2.266486138105392456e-01
3.402709662914276123e-01
1.041631698608398438e+00
1.052802801132202148e+00
3.564382493495941162e-01
4.729982316493988037e-01
2.560870051383972168e-01
2.632777988910675049e-01
3.290927112102508545e-01
3.204978406429290771e-01
3.003404438495635986e-01
2.284929752349853516e-01
3.496743440628051758e-01
3.227970302104949951e-01
2.528757750988006592e-01
3.045111298561096191e-01
3.144068419933319092e-01
2.467983812093734741e-01
2.991333007812500000e-01
2.091888785362243652e-01
2.766187191009521484e-01
2.503367662429809570e-01
4.497677087783813477e-01
4.595877826213836670e-01
2.758565247058868408e-01
3.641597926616668701e-01
3.305900990962982178e-01
2.972734272480010986e-01
2.623331844806671143e-01
8.124384880065917969e-01
2.495421916246414185e-01
3.011726140975952148e-01
2.861300408840179443e-01
2.211243659257888794e-01
2.358232289552688599e-01
2.416583150625228882e-01
4.477657973766326904e-01
4.390406310558319092e-01
2.961988449096679688e-01
3.591018617153167725e-01
3.748236596584320068e-01
3.700147569179534912e-01
2.720538675785064697e-01
2.894501686096191406e-01
4.714595377445220947e-01
2.573571503162384033e-01
2.804132401943206787e-01
2.537461817264556885e-01
2.491959780454635620e-01
7.147870659828186035e-01
2.626329064369201660e-01
2.610375285148620605e-01
3.346072435379028320e-01
2.951639592647552490e-01
3.378087282180786133e-01
3.335932195186614990e-01
4.111665487289428711e-01
3.283571302890777588e-01
4.096144735813140869e-01
3.531909883022308350e-01
4.096144735813140869e-01
3.531909883022308350e-01
2.294682264328002930e-01
2.527358531951904297e-01
3.729176223278045654e-01
2.525190412998199463e-01
2.887992858886718750e-01
2.301288694143295288e-01
3.614175617694854736e-01
1.738902479410171509e-01
2.585995495319366455e-01
3.619525432586669922e-01
3.959898650646209717e-01
3.023836314678192139e-01
2.953264415264129639e-01
3.544756174087524414e-01
6.642181873321533203e-01
7.075827121734619141e-01
3.014949560165405273e-01
2.204344719648361206e-01
2.621934413909912109e-01
4.060417115688323975e-01
5.157238841056823730e-01
5.518826246261596680e-01
3.409335315227508545e-01
4.804204404354095459e-01
3.887626230716705322e-01
4.870103299617767334e-01
4.736582338809967041e-01
4.529245793819427490e-01
3.341424167156219482e-01
3.494210541248321533e-01
2.844555377960205078e-01
2.742573320865631104e-01
2.888577878475189209e-01
3.286289870738983154e-01
3.200254142284393311e-01
2.968908846378326416e-01
2.304424196481704712e-01
1.147755026817321777e+00
2.870731055736541748e-01
1.109888434410095215e+00
3.225357830524444580e-01
3.022778630256652832e-01
3.059687614440917969e-01
2.472133040428161621e-01
2.505174279212951660e-01
3.017108440399169922e-01
1.237697601318359375e+00
4.221253693103790283e-01
1.250366330146789551e+00
4.541428983211517334e-01
1.749133020639419556e-01
8.537030220031738281e-01
2.668011188507080078e-01
3.508078157901763916e-01
2.980186939239501953e-01
2.750819027423858643e-01
3.615396916866302490e-01
3.804135024547576904e-01
3.304287195205688477e-01
2.260398119688034058e-01
3.295813202857971191e-01
4.499032497406005859e-01
3.688572347164154053e-01
3.872108161449432373e-01
2.438732832670211792e-01
2.671733796596527100e-01
2.864713966846466064e-01
4.641888439655303955e-01
4.985238015651702881e-01
4.612915515899658203e-01
9.684047698974609375e-01
1.054328322410583496e+00
2.988565266132354736e-01
2.978754937648773193e-01
2.364627122879028320e-01
3.109691441059112549e-01
3.041158616542816162e-01
9.733816981315612793e-01
9.021628499031066895e-01
3.877000808715820312e-01
2.640363872051239014e-01
2.537492811679840088e-01
2.903140783309936523e-01
2.534417808055877686e-01
2.433268576860427856e-01
8.555662035942077637e-01
4.437259435653686523e-01
2.721758484840393066e-01
2.922274768352508545e-01
2.346816807985305786e-01
3.778382837772369385e-01
2.793392539024353027e-01
3.550033569335937500e-01
2.571666240692138672e-01
3.733887672424316406e-01
3.174825608730316162e-01
4.483358860015869141e-01
2.463911771774291992e-01
4.962663650512695312e-01
4.959604442119598389e-01
2.481078058481216431e-01
