2.489835023880004883e-01
2.834209799766540527e-01
2.371907830238342285e-01
4.214354157447814941e-01
1.760685443878173828e-01
3.929886817932128906e-01
2.752901315689086914e-01
2.216304540634155273e-01
3.503876924514770508e-01
2.988774180412292480e-01
2.220980525016784668e-01
2.330968677997589111e-01
2.977443933486938477e-01
4.300587177276611328e-01
2.910020053386688232e-01
2.221281528472900391e-01
2.676288783550262451e-01
4.067458808422088623e-01
2.463350147008895874e-01
2.554270029067993164e-01
2.894109189510345459e-01
8.572618365287780762e-01
2.493201643228530884e-01
2.494438588619232178e-01
7.131279706954956055e-01
2.514354288578033447e-01
3.155346810817718506e-01
2.375273406505584717e-01
3.532988429069519043e-01
2.836132049560546875e-01
1.063915014266967773e+00
9.828299283981323242e-01
2.468791902065277100e-01
2.866919040679931641e-01
3.055894970893859863e-01
3.635744452476501465e-01
2.645305395126342773e-01
3.092172443866729736e-01
4.670613706111907959e-01
2.284061312675476074e-01
3.249732255935668945e-01
4.898470044136047363e-01
2.314981222152709961e-01
2.127366364002227783e-01
3.494164943695068359e-01
9.242127537727355957e-01
1.009910225868225098e+00
4.819798469543457031e-01
3.563758134841918945e-01
3.034210801124572754e-01
2.523905038833618164e-01
2.637509703636169434e-01
3.151593208312988281e-01
2.827741205692291260e-01
3.479704856872558594e-01
2.600202560424804688e-01
3.667817115783691406e-01
2.538775801658630371e-01
3.071106672286987305e-01
3.119514584541320801e-01
2.399826496839523315e-01
2.887054681777954102e-01
3.590754270553588867e-01
2.447826564311981201e-01
2.580429911613464355e-01
4.528653621673583984e-01
4.399802088737487793e-01
3.081327676773071289e-01
3.126239776611328125e-01
3.857885599136352539e-01
2.991763353347778320e-01
3.435613214969635010e-01
9.548281431198120117e-01
2.628926634788513184e-01
3.545302450656890869e-01
2.314166724681854248e-01
2.875311374664306641e-01
2.407851964235305786e-01
2.298065871000289917e-01
4.245571196079254150e-01
4.603126645088195801e-01
2.782904505729675293e-01
3.586874604225158691e-01
3.582968711853027344e-01
2.638762891292572021e-01
4.380060136318206787e-01
2.586761116981506348e-01
2.232797145843505859e-01
2.519022226333618164e-01
2.814471125602722168e-01
2.524316906929016113e-01
2.477010637521743774e-01
3.086902499198913574e-01
2.606403231620788574e-01
3.006079792976379395e-01
2.969840466976165771e-01
2.900244891643524170e-01
3.413424193859100342e-01
2.512214183807373047e-01
4.167038798332214355e-01
2.509422898292541504e-01
3.067795634269714355e-01
4.490602016448974609e-01
3.067795634269714355e-01
4.490602016448974609e-01
2.888787984848022461e-01
2.381451129913330078e-01
2.582091689109802246e-01
3.220790624618530273e-01
2.945666909217834473e-01
3.479745686054229736e-01
3.666431009769439697e-01
1.792630851268768311e-01
3.550267517566680908e-01
2.222681939601898193e-01
3.452649712562561035e-01
2.395507693290710449e-01
3.800798654556274414e-01
3.685873150825500488e-01
6.611096262931823730e-01
6.750306487083435059e-01
2.984753251075744629e-01
3.175617456436157227e-01
3.765017986297607422e-01
4.406659305095672607e-01
4.656626880168914795e-01
5.939980745315551758e-01
2.269756495952606201e-01
4.045015573501586914e-01
2.949945926666259766e-01
4.054124355316162109e-01
3.131015896797180176e-01
4.344105422496795654e-01
5.248655080795288086e-01
5.015951395034790039e-01
5.867087841033935547e-01
2.975785732269287109e-01
2.499968409538269043e-01
2.442507743835449219e-01
3.119153976440429688e-01
2.285054326057434082e-01
3.228900730609893799e-01
1.007944464683532715e+00
3.427476286888122559e-01
1.017404556274414062e+00
4.032372832298278809e-01
3.519368171691894531e-01
2.859774529933929443e-01
2.854338884353637695e-01
2.404982447624206543e-01
3.042876124382019043e-01
7.719512581825256348e-01
3.221840262413024902e-01
7.819467186927795410e-01
2.772100567817687988e-01
1.756023466587066650e-01
1.327896356582641602e+00
2.365726679563522339e-01
3.639973402023315430e-01
2.489025741815567017e-01
3.229166269302368164e-01
3.989745378494262695e-01
4.293845295906066895e-01
3.723567724227905273e-01
2.189122140407562256e-01
2.564120888710021973e-01
4.703868925571441650e-01
4.098799228668212891e-01
4.924508631229400635e-01
2.571037411689758301e-01
2.648792862892150879e-01
3.043316304683685303e-01
4.046653509140014648e-01
4.888390898704528809e-01
4.635868072509765625e-01
1.091583013534545898e+00
1.218392252922058105e+00
2.582951188087463379e-01
2.913605272769927979e-01
2.282262593507766724e-01
2.615331709384918213e-01
2.368107587099075317e-01
1.071133852005004883e+00
1.211838960647583008e+00
3.786929845809936523e-01
3.532330393791198730e-01
2.585391998291015625e-01
2.961893677711486816e-01
2.423882782459259033e-01
2.455839514732360840e-01
1.386021971702575684e+00
4.737954139709472656e-01
2.280089557170867920e-01
2.907962799072265625e-01
2.336773276329040527e-01
3.738000392913818359e-01
2.428760528564453125e-01
3.236941695213317871e-01
3.171125650405883789e-01
3.598373830318450928e-01
3.481162190437316895e-01
3.543902933597564697e-01
2.413677275180816650e-01
4.937413930892944336e-01
4.992229938507080078e-01
2.437843382358551025e-01
