2.967413961887359619e-01
3.008668422698974609e-01
2.411770820617675781e-01
3.806994557380676270e-01
1.736384332180023193e-01
2.785356640815734863e-01
3.501001000404357910e-01
2.771280407905578613e-01
2.611597776412963867e-01
3.036394715309143066e-01
2.544805407524108887e-01
2.932268977165222168e-01
2.614121139049530029e-01
5.024677515029907227e-01
2.892985641956329346e-01
2.332130372524261475e-01
2.968458831310272217e-01
3.620486259460449219e-01
2.574442923069000244e-01
2.614438831806182861e-01
2.944845259189605713e-01
8.629434704780578613e-01
2.430560588836669922e-01
2.471123039722442627e-01
7.006927728652954102e-01
3.079092800617218018e-01
2.486306428909301758e-01
3.330500125885009766e-01
2.398164272308349609e-01
2.641751170158386230e-01
8.806160688400268555e-01
7.813930511474609375e-01
3.732435703277587891e-01
2.866060733795166016e-01
2.334541082382202148e-01
2.850594818592071533e-01
2.430068552494049072e-01
2.675252854824066162e-01
3.837864995002746582e-01
2.626055479049682617e-01
3.928946852684020996e-01
4.861744940280914307e-01
3.507957458496093750e-01
2.240523993968963623e-01
3.689793944358825684e-01
1.233480215072631836e+00
1.176007032394409180e+00
3.363414108753204346e-01
3.809495568275451660e-01
2.733871638774871826e-01
2.858376801013946533e-01
2.692678570747375488e-01
2.667410969734191895e-01
3.007023036479949951e-01
3.386694788932800293e-01
2.986917793750762939e-01
3.287429511547088623e-01
2.665510773658752441e-01
2.894180119037628174e-01
2.882158458232879639e-01
2.552072405815124512e-01
2.249495983123779297e-01
2.463413476943969727e-01
3.184469044208526611e-01
3.757126331329345703e-01
4.524133205413818359e-01
4.023934006690979004e-01
2.356724292039871216e-01
3.471593856811523438e-01
2.773221135139465332e-01
2.948624193668365479e-01
3.559210598468780518e-01
1.325112104415893555e+00
2.246775627136230469e-01
3.522649407386779785e-01
2.824292778968811035e-01
2.847286164760589600e-01
2.998400330543518066e-01
2.505024969577789307e-01
4.380286633968353271e-01
2.611641883850097656e-01
2.933634519577026367e-01
3.274637162685394287e-01
2.411287724971771240e-01
3.701587617397308350e-01
2.914277911186218262e-01
3.655534386634826660e-01
2.995712161064147949e-01
2.567675113677978516e-01
2.856249213218688965e-01
2.504456341266632080e-01
2.415974885225296021e-01
6.394575834274291992e-01
3.004321157932281494e-01
2.355005443096160889e-01
3.645321726799011230e-01
2.976269125938415527e-01
2.572568953037261963e-01
2.736961245536804199e-01
4.387521743774414062e-01
3.778716027736663818e-01
4.320030808448791504e-01
3.832983076572418213e-01
4.320030808448791504e-01
3.832983076572418213e-01
2.799301147460937500e-01
2.519985735416412354e-01
2.666832804679870605e-01
3.426170647144317627e-01
2.768093049526214600e-01
3.541836142539978027e-01
3.585689663887023926e-01
1.769832521677017212e-01
3.655183911323547363e-01
2.441294491291046143e-01
2.691204547882080078e-01
2.431561499834060669e-01
3.946351408958435059e-01
3.637048602104187012e-01
6.568413972854614258e-01
6.655247807502746582e-01
2.876975536346435547e-01
3.462790548801422119e-01
3.412934243679046631e-01
4.329690039157867432e-01
4.072778224945068359e-01
4.670790135860443115e-01
3.345147073268890381e-01
4.355851113796234131e-01
3.263476490974426270e-01
2.775770127773284912e-01
3.569024205207824707e-01
3.469416499137878418e-01
4.823688566684722900e-01
5.260292291641235352e-01
4.863950312137603760e-01
3.013226687908172607e-01
2.552094161510467529e-01
3.051901459693908691e-01
3.837897777557373047e-01
3.002324998378753662e-01
2.987073957920074463e-01
1.116433739662170410e+00
2.489349395036697388e-01
1.084695577621459961e+00
3.742244243621826172e-01
3.704514205455780029e-01
2.613041996955871582e-01
2.755260467529296875e-01
2.883657813072204590e-01
2.637782692909240723e-01
1.146282434463500977e+00
3.109129667282104492e-01
1.191198706626892090e+00
4.184530377388000488e-01
1.736206114292144775e-01
6.233070492744445801e-01
2.488728016614913940e-01
2.442441731691360474e-01
3.134127259254455566e-01
3.676658570766448975e-01
4.297848641872406006e-01
3.965949118137359619e-01
3.824332952499389648e-01
2.638660073280334473e-01
4.496751427650451660e-01
4.945723414421081543e-01
5.039188861846923828e-01
5.949910283088684082e-01
2.346249073743820190e-01
3.028306066989898682e-01
2.490964382886886597e-01
5.788998007774353027e-01
4.963780045509338379e-01
4.558652341365814209e-01
9.244260787963867188e-01
7.413867115974426270e-01
2.590501010417938232e-01
2.973612844944000244e-01
2.157566100358963013e-01
2.888188362121582031e-01
2.406433820724487305e-01
9.667436480522155762e-01
8.957028388977050781e-01
2.924675345420837402e-01
3.554816842079162598e-01
2.570040225982666016e-01
2.878510057926177979e-01
2.453794926404953003e-01
2.475988119840621948e-01
8.073919415473937988e-01
2.753192782402038574e-01
4.456776082515716553e-01
2.991892397403717041e-01
3.752641975879669189e-01
2.398083209991455078e-01
2.697533667087554932e-01
2.680254876613616943e-01
3.582471013069152832e-01
3.785548806190490723e-01
4.585809707641601562e-01
3.152256906032562256e-01
2.485267668962478638e-01
4.978225827217102051e-01
4.979382455348968506e-01
2.437379360198974609e-01
