2.489496171474456787e-01
2.770810127258300781e-01
2.411806434392929077e-01
4.275278449058532715e-01
1.749062240123748779e-01
4.209512472152709961e-01
3.719662427902221680e-01
2.827606201171875000e-01
2.509043216705322266e-01
2.991729378700256348e-01
2.473796606063842773e-01
2.979011237621307373e-01
2.412127107381820679e-01
4.551120996475219727e-01
2.997518181800842285e-01
2.306008487939834595e-01
3.005447983741760254e-01
4.032892584800720215e-01
3.227846622467041016e-01
2.556630671024322510e-01
2.769111394882202148e-01
1.049922108650207520e+00
2.525717318058013916e-01
2.525300979614257812e-01
5.324540138244628906e-01
3.020809888839721680e-01
3.047760426998138428e-01
3.772621154785156250e-01
2.311585247516632080e-01
2.910515367984771729e-01
7.344126105308532715e-01
8.303573131561279297e-01
2.565767765045166016e-01
2.361951768398284912e-01
2.640871703624725342e-01
3.182860016822814941e-01
3.085662126541137695e-01
2.793262600898742676e-01
3.506049513816833496e-01
3.021275401115417480e-01
3.329152166843414307e-01
4.735187292098999023e-01
2.214371412992477417e-01
2.116653919219970703e-01
2.732658982276916504e-01
5.927637815475463867e-01
7.244801521301269531e-01
2.496327012777328491e-01
5.109322667121887207e-01
3.057137727737426758e-01
2.523155808448791504e-01
2.655368745326995850e-01
3.066887855529785156e-01
2.976598739624023438e-01
2.235190719366073608e-01
2.910527884960174561e-01
3.938677906990051270e-01
2.488242983818054199e-01
2.333954572677612305e-01
3.788364529609680176e-01
3.840552568435668945e-01
2.981395125389099121e-01
2.161819338798522949e-01
3.901851773262023926e-01
3.340036869049072266e-01
2.454442977905273438e-01
3.010145425796508789e-01
3.034770190715789795e-01
3.392893671989440918e-01
3.872117400169372559e-01
2.947415709495544434e-01
2.621005177497863770e-01
1.165056943893432617e+00
2.309429347515106201e-01
3.395319581031799316e-01
2.901393175125122070e-01
2.215739190578460693e-01
3.024913072586059570e-01
2.477272301912307739e-01
3.272852003574371338e-01
4.596226215362548828e-01
2.972865104675292969e-01
3.118664026260375977e-01
2.477778941392898560e-01
2.602050900459289551e-01
4.288209080696105957e-01
3.664624392986297607e-01
4.975622296333312988e-01
2.402120530605316162e-01
2.929458618164062500e-01
2.466883361339569092e-01
2.492313981056213379e-01
7.349187135696411133e-01
2.742879390716552734e-01
3.093922138214111328e-01
2.575520873069763184e-01
2.989385724067687988e-01
2.221289873123168945e-01
2.868509888648986816e-01
4.371195435523986816e-01
2.715573906898498535e-01
3.964079916477203369e-01
4.620259404182434082e-01
3.964079916477203369e-01
4.620259404182434082e-01
2.636369168758392334e-01
2.444534152746200562e-01
3.913809955120086670e-01
3.846434056758880615e-01
2.908631265163421631e-01
2.243392914533615112e-01
3.501917123794555664e-01
1.768581271171569824e-01
3.998162150382995605e-01
3.444637954235076904e-01
2.900394201278686523e-01
2.417509853839874268e-01
3.793795108795166016e-01
3.107413053512573242e-01
4.602570533752441406e-01
5.971014499664306641e-01
2.968645691871643066e-01
2.244250178337097168e-01
3.295439481735229492e-01
4.043109416961669922e-01
4.958915710449218750e-01
2.048474848270416260e-01
4.904113411903381348e-01
4.134258627891540527e-01
4.451686739921569824e-01
3.185455799102783203e-01
2.684090137481689453e-01
3.656598925590515137e-01
5.345686674118041992e-01
4.840243160724639893e-01
4.966598153114318848e-01
2.373817563056945801e-01
3.063388168811798096e-01
3.397185206413269043e-01
2.750602364540100098e-01
2.929603457450866699e-01
2.143773138523101807e-01
8.554292917251586914e-01
3.312057852745056152e-01
8.366239070892333984e-01
2.735658288002014160e-01
3.726471960544586182e-01
3.580581843852996826e-01
2.908765971660614014e-01
2.293374538421630859e-01
2.600755095481872559e-01
6.269266605377197266e-01
4.497413933277130127e-01
6.595243215560913086e-01
4.810029268264770508e-01
1.758434772491455078e-01
1.087040424346923828e+00
2.996811270713806152e-01
3.170911669731140137e-01
2.459675967693328857e-01
3.660179972648620605e-01
3.745552301406860352e-01
2.596371769905090332e-01
3.215436339378356934e-01
2.228285819292068481e-01
3.900751173496246338e-01
2.755489945411682129e-01
2.604321241378784180e-01
4.035947918891906738e-01
2.578777074813842773e-01
3.100644946098327637e-01
2.525703310966491699e-01
5.211323499679565430e-01
4.426148533821105957e-01
5.131455659866333008e-01
2.584300637245178223e-01
4.615241885185241699e-01
2.333203852176666260e-01
3.018724918365478516e-01
2.834906578063964844e-01
3.816037774085998535e-01
2.663333415985107422e-01
7.170376777648925781e-01
6.566090583801269531e-01
2.639999389648437500e-01
3.762314915657043457e-01
2.467167675495147705e-01
2.818756103515625000e-01
2.491241246461868286e-01
2.456556111574172974e-01
9.763511419296264648e-01
4.696438312530517578e-01
2.336766421794891357e-01
2.976737022399902344e-01
2.344876825809478760e-01
3.627505898475646973e-01
2.436343729496002197e-01
3.464595675468444824e-01
2.789719998836517334e-01
3.598827123641967773e-01
3.661372661590576172e-01
4.380851387977600098e-01
2.423270940780639648e-01
4.933577477931976318e-01
5.015419125556945801e-01
2.537628412246704102e-01
