3.010049462318420410e-01
2.920427620410919189e-01
2.370022088289260864e-01
3.784434795379638672e-01
1.759413778781890869e-01
2.731604278087615967e-01
2.965566813945770264e-01
2.682185471057891846e-01
3.438656926155090332e-01
3.024648427963256836e-01
2.624233067035675049e-01
2.515468895435333252e-01
2.484680116176605225e-01
4.174032211303710938e-01
2.984961867332458496e-01
2.165248841047286987e-01
3.709080219268798828e-01
2.655168771743774414e-01
2.931035459041595459e-01
2.573458254337310791e-01
2.934668660163879395e-01
8.645097613334655762e-01
2.473183870315551758e-01
2.462574541568756104e-01
7.343779802322387695e-01
2.730936706066131592e-01
2.894217073917388916e-01
2.711046040058135986e-01
2.359449118375778198e-01
3.266655802726745605e-01
4.663037359714508057e-01
7.402881383895874023e-01
2.769314944744110107e-01
2.551184296607971191e-01
2.884703576564788818e-01
3.410241007804870605e-01
2.700966596603393555e-01
3.042363822460174561e-01
4.597640037536621094e-01
2.994526922702789307e-01
3.203003704547882080e-01
4.868248403072357178e-01
2.268036156892776489e-01
2.218374013900756836e-01
2.703337967395782471e-01
7.706542611122131348e-01
7.900973558425903320e-01
3.187434971332550049e-01
5.058477520942687988e-01
2.902019321918487549e-01
2.595630884170532227e-01
2.744915485382080078e-01
3.068254590034484863e-01
2.961874902248382568e-01
2.352263927459716797e-01
2.976292371749877930e-01
3.555271923542022705e-01
2.996589541435241699e-01
2.541602253913879395e-01
2.484432905912399292e-01
2.993553876876831055e-01
3.033146858215332031e-01
2.095091044902801514e-01
2.597446143627166748e-01
3.627943396568298340e-01
4.184158444404602051e-01
3.391251564025878906e-01
2.962875962257385254e-01
3.192894756793975830e-01
3.665394186973571777e-01
2.959038615226745605e-01
2.254454195499420166e-01
7.253500223159790039e-01
2.341735363006591797e-01
3.257152736186981201e-01
2.843992114067077637e-01
2.291297614574432373e-01
2.934706807136535645e-01
2.555755674839019775e-01
4.216629564762115479e-01
3.148925304412841797e-01
2.934890389442443848e-01
3.289538025856018066e-01
2.621886432170867920e-01
3.437842726707458496e-01
3.131474852561950684e-01
3.483639955520629883e-01
3.317402601242065430e-01
2.542906701564788818e-01
2.942567467689514160e-01
2.528907358646392822e-01
2.466331422328948975e-01
6.386821269989013672e-01
3.064890205860137939e-01
2.453016936779022217e-01
3.239958584308624268e-01
2.976185083389282227e-01
2.282429486513137817e-01
2.566924691200256348e-01
3.916187882423400879e-01
3.673228323459625244e-01
2.814853191375732422e-01
2.741257846355438232e-01
2.814853191375732422e-01
2.741257846355438232e-01
2.667051553726196289e-01
2.937395870685577393e-01
3.314433693885803223e-01
2.666303813457489014e-01
2.954927384853363037e-01
2.214807569980621338e-01
2.691667973995208740e-01
1.733448058366775513e-01
3.723945617675781250e-01
2.700401246547698975e-01
4.372803270816802979e-01
3.029018938541412354e-01
3.194365799427032471e-01
3.806166350841522217e-01
5.367947816848754883e-01
4.876927435398101807e-01
2.984422147274017334e-01
2.185550928115844727e-01
2.660491764545440674e-01
4.156041741371154785e-01
4.502296447753906250e-01
4.948025345802307129e-01
2.812577188014984131e-01
5.166862607002258301e-01
4.155361056327819824e-01
4.772570133209228516e-01
4.543066918849945068e-01
4.805760979652404785e-01
4.035257697105407715e-01
3.129783272743225098e-01
3.526473045349121094e-01
2.880769073963165283e-01
2.502190470695495605e-01
3.409876525402069092e-01
3.537210524082183838e-01
2.978422939777374268e-01
2.177208214998245239e-01
7.356592416763305664e-01
2.740855216979980469e-01
6.460114717483520508e-01
3.530224263668060303e-01
3.793661296367645264e-01
3.392028212547302246e-01
2.677359879016876221e-01
2.459411323070526123e-01
2.902871072292327881e-01
8.007770776748657227e-01
3.039545416831970215e-01
6.647297143936157227e-01
4.140539169311523438e-01
1.733634471893310547e-01
8.153624534606933594e-01
2.612419128417968750e-01
3.150003552436828613e-01
2.867860794067382812e-01
2.958728671073913574e-01
3.654760718345642090e-01
3.821862936019897461e-01
3.922699391841888428e-01
2.336121797561645508e-01
2.965564429759979248e-01
4.268256723880767822e-01
3.985794782638549805e-01
4.317874014377593994e-01
2.671930789947509766e-01
2.579745352268218994e-01
2.674826085567474365e-01
4.601457715034484863e-01
4.811426997184753418e-01
4.946308732032775879e-01
2.855982184410095215e-01
5.535924434661865234e-01
2.436666488647460938e-01
2.981432676315307617e-01
2.224591672420501709e-01
3.775382339954376221e-01
2.713065147399902344e-01
7.926987409591674805e-01
6.300931572914123535e-01
2.668139338493347168e-01
3.807010054588317871e-01
2.562620043754577637e-01
2.874175310134887695e-01
2.464439421892166138e-01
2.472849339246749878e-01
9.065325856208801270e-01
4.139053821563720703e-01
4.281911849975585938e-01
2.917652726173400879e-01
3.574644327163696289e-01
2.444280087947845459e-01
3.961909711360931396e-01
2.726952135562896729e-01
3.441620171070098877e-01
3.311906158924102783e-01
2.754387259483337402e-01
4.759669303894042969e-01
2.505514323711395264e-01
4.949114918708801270e-01
4.980522096157073975e-01
2.496452778577804565e-01
