2.629490494728088379e-01
2.724023163318634033e-01
2.459508329629898071e-01
4.192843139171600342e-01
1.770148277282714844e-01
3.658600449562072754e-01
3.807635307312011719e-01
2.757737934589385986e-01
2.672284245491027832e-01
3.074085712432861328e-01
2.325402796268463135e-01
2.974486052989959717e-01
2.484587728977203369e-01
2.408283203840255737e-01
2.927673161029815674e-01
2.419659197330474854e-01
2.577619850635528564e-01
4.249616265296936035e-01
3.592273890972137451e-01
2.583394944667816162e-01
2.877960503101348877e-01
1.055207967758178711e+00
2.485268115997314453e-01
2.489489018917083740e-01
6.323028802871704102e-01
2.476824074983596802e-01
3.859752118587493896e-01
3.870075643062591553e-01
2.600513994693756104e-01
4.415155351161956787e-01
8.137688636779785156e-01
9.688553214073181152e-01
3.175378143787384033e-01
2.817271053791046143e-01
2.474441230297088623e-01
2.575813829898834229e-01
3.036884367465972900e-01
3.903634250164031982e-01
2.708426415920257568e-01
2.440648227930068970e-01
4.047417640686035156e-01
4.682877957820892334e-01
2.449493855237960815e-01
2.297087460756301880e-01
3.737405240535736084e-01
1.228116154670715332e+00
1.193946599960327148e+00
3.479385673999786377e-01
4.380506575107574463e-01
2.689871788024902344e-01
2.826876640319824219e-01
3.179157376289367676e-01
2.776528894901275635e-01
2.865796387195587158e-01
3.412085175514221191e-01
2.443740069866180420e-01
2.885160744190216064e-01
3.051484525203704834e-01
2.547559738159179688e-01
2.567813694477081299e-01
3.136289119720458984e-01
2.927754223346710205e-01
3.546929955482482910e-01
2.474028170108795166e-01
3.623957037925720215e-01
3.608223497867584229e-01
2.578168809413909912e-01
2.582128942012786865e-01
3.452760875225067139e-01
2.668516337871551514e-01
2.945476472377777100e-01
3.599371910095214844e-01
1.035637259483337402e+00
2.308691889047622681e-01
2.430570274591445923e-01
2.929237484931945801e-01
2.689650952816009521e-01
2.321131676435470581e-01
2.534539401531219482e-01
4.480379223823547363e-01
4.370497763156890869e-01
2.945910096168518066e-01
2.817286849021911621e-01
3.971284925937652588e-01
3.684441447257995605e-01
2.799845635890960693e-01
3.215025067329406738e-01
5.084316134452819824e-01
2.561813294887542725e-01
2.871375679969787598e-01
2.463193684816360474e-01
2.542704939842224121e-01
7.232099175453186035e-01
2.832905948162078857e-01
2.732641398906707764e-01
2.863644659519195557e-01
2.731629014015197754e-01
3.608029484748840332e-01
2.454346865415573120e-01
3.276625275611877441e-01
3.241514265537261963e-01
3.261524140834808350e-01
3.098400533199310303e-01
3.261524140834808350e-01
3.098400533199310303e-01
4.332929253578186035e-01
2.838468253612518311e-01
2.939743399620056152e-01
2.630185782909393311e-01
2.829327285289764404e-01
3.454935848712921143e-01
3.028795719146728516e-01
1.733326166868209839e-01
3.599205017089843750e-01
2.470127046108245850e-01
4.162963330745697021e-01
3.049552738666534424e-01
3.209741413593292236e-01
3.862581253051757812e-01
6.054100990295410156e-01
5.426121354103088379e-01
2.976889014244079590e-01
3.539425432682037354e-01
2.482886463403701782e-01
2.681558728218078613e-01
4.479897618293762207e-01
5.914321541786193848e-01
2.520358562469482422e-01
4.300696253776550293e-01
3.843467235565185547e-01
4.551953375339508057e-01
4.583604037761688232e-01
4.711161553859710693e-01
3.942225873470306396e-01
4.548087716102600098e-01
4.700838029384613037e-01
2.420528680086135864e-01
2.392551451921463013e-01
3.886163234710693359e-01
3.800656497478485107e-01
2.987602651119232178e-01
2.863423526287078857e-01
5.358121991157531738e-01
3.879110217094421387e-01
6.427050828933715820e-01
3.213095963001251221e-01
2.920732200145721436e-01
2.599587738513946533e-01
2.283896058797836304e-01
2.488258033990859985e-01
3.051378428936004639e-01
5.156024098396301270e-01
2.565161585807800293e-01
3.661868274211883545e-01
3.082731068134307861e-01
1.763047724962234497e-01
7.159666419029235840e-01
2.405178546905517578e-01
2.857111990451812744e-01
3.311714828014373779e-01
3.108407855033874512e-01
3.969969153404235840e-01
4.081207811832427979e-01
3.872762322425842285e-01
3.262009620666503906e-01
4.468902051448822021e-01
5.188524127006530762e-01
5.457442998886108398e-01
5.570709109306335449e-01
2.469726353883743286e-01
2.685682475566864014e-01
2.828075289726257324e-01
4.381213784217834473e-01
4.724269509315490723e-01
3.961805701255798340e-01
3.747712075710296631e-01
3.592454493045806885e-01
3.028759062290191650e-01
2.937666773796081543e-01
2.438022941350936890e-01
3.605209887027740479e-01
3.115246295928955078e-01
6.233723759651184082e-01
3.979589641094207764e-01
2.624902725219726562e-01
2.784630954265594482e-01
2.496118992567062378e-01
2.902249991893768311e-01
2.487330585718154907e-01
2.499750554561614990e-01
6.106526255607604980e-01
2.706469297409057617e-01
4.223248362541198730e-01
2.826252281665802002e-01
3.763785064220428467e-01
2.314580529928207397e-01
2.362902909517288208e-01
2.655883133411407471e-01
3.519774377346038818e-01
3.524868488311767578e-01
4.387510120868682861e-01
2.702408432960510254e-01
2.476657480001449585e-01
4.968182742595672607e-01
4.974196255207061768e-01
2.518469989299774170e-01
