2.415936589241027832e-01
2.892797589302062988e-01
3.619260191917419434e-01
3.864385187625885010e-01
1.737976372241973877e-01
2.469854056835174561e-01
3.822297751903533936e-01
2.923286855220794678e-01
2.762113213539123535e-01
3.032901287078857422e-01
2.368590980768203735e-01
3.018210828304290771e-01
2.491805851459503174e-01
5.117177963256835938e-01
2.967514991760253906e-01
3.594298660755157471e-01
2.954554259777069092e-01
3.858174085617065430e-01
2.752163112163543701e-01
2.546864449977874756e-01
2.898031473159790039e-01
1.212949275970458984e+00
2.485589385032653809e-01
2.463046610355377197e-01
7.285969257354736328e-01
2.769342958927154541e-01
3.025222122669219971e-01
3.341438472270965576e-01
2.726284265518188477e-01
4.532886743545532227e-01
8.896866440773010254e-01
9.563074111938476562e-01
3.426546752452850342e-01
2.964357733726501465e-01
2.443049252033233643e-01
2.828606367111206055e-01
2.782679200172424316e-01
3.622301816940307617e-01
3.351772725582122803e-01
2.894178032875061035e-01
3.577825129032135010e-01
5.270223021507263184e-01
2.866751849651336670e-01
2.397549897432327271e-01
3.813767433166503906e-01
8.844916820526123047e-01
9.208217859268188477e-01
3.839949965476989746e-01
5.340167880058288574e-01
2.852351963520050049e-01
2.493544965982437134e-01
2.828849554061889648e-01
3.190437555313110352e-01
2.240530401468276978e-01
2.962213754653930664e-01
3.592478632926940918e-01
3.767895996570587158e-01
3.012098968029022217e-01
2.553166151046752930e-01
2.804225683212280273e-01
3.294500112533569336e-01
2.950458824634552002e-01
2.384507507085800171e-01
2.475357353687286377e-01
3.609004020690917969e-01
3.456550836563110352e-01
3.399542272090911865e-01
3.027157187461853027e-01
3.188244104385375977e-01
3.634268343448638916e-01
2.910824120044708252e-01
2.288774400949478149e-01
8.147701621055603027e-01
2.844953835010528564e-01
2.811372280120849609e-01
2.282533943653106689e-01
3.590626418590545654e-01
3.040300905704498291e-01
2.452077269554138184e-01
2.643704116344451904e-01
5.168442130088806152e-01
2.899050414562225342e-01
2.444207817316055298e-01
2.535642981529235840e-01
2.961845099925994873e-01
3.838027119636535645e-01
3.585455715656280518e-01
4.001495242118835449e-01
2.548460662364959717e-01
2.897886931896209717e-01
2.498125731945037842e-01
2.484306246042251587e-01
7.805890440940856934e-01
2.658362686634063721e-01
2.812529802322387695e-01
2.842569053173065186e-01
2.746449112892150879e-01
3.558120727539062500e-01
2.546038627624511719e-01
3.601198792457580566e-01
2.977177798748016357e-01
3.162398040294647217e-01
3.644703328609466553e-01
3.162398040294647217e-01
3.644703328609466553e-01
4.680994451045989990e-01
2.615665793418884277e-01
3.204395473003387451e-01
2.808793783187866211e-01
2.890569269657135010e-01
3.493170440196990967e-01
3.398523032665252686e-01
1.746391952037811279e-01
3.693408966064453125e-01
2.715033590793609619e-01
3.956122994422912598e-01
3.019906878471374512e-01
3.268278241157531738e-01
3.819877803325653076e-01
6.291555166244506836e-01
6.421474814414978027e-01
2.947808802127838135e-01
3.530900180339813232e-01
2.537729442119598389e-01
2.985244393348693848e-01
4.241935312747955322e-01
5.834725499153137207e-01
2.481585443019866943e-01
4.381460845470428467e-01
3.834964334964752197e-01
4.584330022335052490e-01
4.599545300006866455e-01
4.650570750236511230e-01
4.569924175739288330e-01
4.717629849910736084e-01
4.862112998962402344e-01
2.627804577350616455e-01
2.966262996196746826e-01
2.955564856529235840e-01
2.572586238384246826e-01
2.811414599418640137e-01
3.490304946899414062e-01
5.306311845779418945e-01
2.263404577970504761e-01
6.113268136978149414e-01
2.816181480884552002e-01
3.675708472728729248e-01
3.589134812355041504e-01
2.820573449134826660e-01
2.404308021068572998e-01
2.534804642200469971e-01
6.687008142471313477e-01
4.405944049358367920e-01
5.913522243499755859e-01
4.022306203842163086e-01
1.738158166408538818e-01
9.662200212478637695e-01
2.464670091867446899e-01
3.149424195289611816e-01
2.972973287105560303e-01
3.096125423908233643e-01
3.832867443561553955e-01
3.905566930770874023e-01
3.970268070697784424e-01
3.276749253273010254e-01
4.249390959739685059e-01
5.289181470870971680e-01
5.258542299270629883e-01
5.240725278854370117e-01
2.716401219367980957e-01
2.595718204975128174e-01
2.661120891571044922e-01
4.097265899181365967e-01
4.177881479263305664e-01
4.286337196826934814e-01
9.930622577667236328e-01
7.889948487281799316e-01
3.020375370979309082e-01
2.964989840984344482e-01
2.446035295724868774e-01
3.303325772285461426e-01
2.910643815994262695e-01
9.793400168418884277e-01
7.616904973983764648e-01
2.506781816482543945e-01
2.562422454357147217e-01
2.548403739929199219e-01
2.864955663681030273e-01
2.465303838253021240e-01
2.469359934329986572e-01
7.370288372039794922e-01
2.626252472400665283e-01
4.436515569686889648e-01
2.973625063896179199e-01
3.732923269271850586e-01
2.401768267154693604e-01
2.636499702930450439e-01
2.647904157638549805e-01
3.553506433963775635e-01
3.726255297660827637e-01
4.577153325080871582e-01
3.258892595767974854e-01
2.491693347692489624e-01
4.972487986087799072e-01
4.960886836051940918e-01
2.485094070434570312e-01
