2.447842508554458618e-01
3.215980529785156250e-01
2.357422113418579102e-01
3.470457196235656738e-01
1.747992783784866333e-01
4.060594439506530762e-01
2.989737391471862793e-01
2.746843695640563965e-01
2.877337038516998291e-01
3.040508031845092773e-01
2.505769133567810059e-01
2.678232192993164062e-01
2.813901305198669434e-01
3.218400776386260986e-01
2.970731854438781738e-01
2.213555276393890381e-01
2.717594802379608154e-01
4.088519215583801270e-01
3.743522763252258301e-01
2.558775842189788818e-01
2.886175215244293213e-01
8.948675990104675293e-01
2.494430989027023315e-01
2.479238808155059814e-01
7.797273993492126465e-01
2.866717576980590820e-01
2.882782518863677979e-01
3.329057991504669189e-01
2.422234117984771729e-01
2.911769449710845947e-01
9.408244490623474121e-01
9.283511638641357422e-01
2.741925418376922607e-01
2.932219803333282471e-01
2.852463722229003906e-01
3.383924663066864014e-01
2.596373856067657471e-01
3.111173808574676514e-01
3.808453381061553955e-01
2.681384980678558350e-01
3.574602305889129639e-01
4.827304780483245850e-01
2.236957550048828125e-01
2.255665361881256104e-01
3.258667588233947754e-01
5.557848215103149414e-01
5.082420110702514648e-01
3.697708547115325928e-01
4.509783089160919189e-01
2.606916725635528564e-01
2.844514548778533936e-01
3.123802244663238525e-01
2.883941531181335449e-01
2.969298660755157471e-01
2.291948497295379639e-01
3.124248087406158447e-01
3.064935207366943359e-01
2.634446620941162109e-01
2.831849753856658936e-01
3.025292754173278809e-01
2.817212939262390137e-01
2.975944578647613525e-01
2.161592096090316772e-01
2.878221273422241211e-01
2.977131903171539307e-01
4.165366590023040771e-01
4.051308333873748779e-01
2.915930449962615967e-01
3.128145337104797363e-01
3.365288078784942627e-01
2.970481514930725098e-01
2.280518263578414917e-01
7.523624300956726074e-01
2.326515614986419678e-01
3.333742320537567139e-01
2.856880128383636475e-01
2.232358008623123169e-01
2.436610460281372070e-01
2.422523349523544312e-01
4.362386167049407959e-01
4.439761936664581299e-01
2.950756847858428955e-01
3.388484716415405273e-01
3.650459945201873779e-01
2.839004397392272949e-01
3.934678137302398682e-01
2.883424758911132812e-01
2.959247231483459473e-01
2.552340924739837646e-01
2.887745201587677002e-01
2.492852360010147095e-01
2.478213608264923096e-01
4.299678504467010498e-01
2.816910445690155029e-01
2.539787590503692627e-01
3.231208324432373047e-01
2.953185141086578369e-01
2.321389466524124146e-01
2.870652079582214355e-01
3.570225238800048828e-01
3.384990692138671875e-01
3.209463059902191162e-01
3.037908673286437988e-01
3.209463059902191162e-01
3.037908673286437988e-01
2.441279292106628418e-01
2.608664333820343018e-01
3.032697141170501709e-01
3.183681070804595947e-01
2.970039248466491699e-01
2.212859541177749634e-01
3.391829431056976318e-01
1.751269102096557617e-01
3.790256679058074951e-01
2.914485633373260498e-01
3.852737843990325928e-01
2.637840807437896729e-01
3.582370281219482422e-01
3.549030721187591553e-01
5.882614850997924805e-01
5.698242187500000000e-01
2.971222698688507080e-01
2.322272658348083496e-01
3.442022800445556641e-01
3.179700076580047607e-01
4.802143275737762451e-01
5.383059382438659668e-01
3.113109171390533447e-01
4.800423979759216309e-01
3.287077844142913818e-01
4.135820567607879639e-01
4.227521717548370361e-01
4.193464219570159912e-01
4.225687384605407715e-01
4.290619492530822754e-01
4.166838228702545166e-01
2.676457762718200684e-01
2.628586292266845703e-01
3.111295700073242188e-01
3.161644339561462402e-01
2.968588471412658691e-01
2.196184396743774414e-01
4.050199389457702637e-01
3.033307194709777832e-01
3.881984651088714600e-01
3.180232644081115723e-01
3.139776885509490967e-01
3.058658540248870850e-01
2.766133844852447510e-01
2.609259188175201416e-01
2.714810371398925781e-01
4.129572510719299316e-01
3.609776496887207031e-01
4.308121800422668457e-01
3.527938425540924072e-01
1.738292872905731201e-01
3.774379193782806396e-01
2.525475621223449707e-01
3.049010634422302246e-01
3.114058971405029297e-01
3.124945461750030518e-01
3.878167867660522461e-01
3.859112262725830078e-01
3.848737478256225586e-01
2.247500270605087280e-01
2.873192727565765381e-01
4.399842023849487305e-01
4.466674029827117920e-01
4.442117810249328613e-01
2.646905183792114258e-01
2.668151259422302246e-01
2.637900114059448242e-01
4.685226976871490479e-01
4.665465056896209717e-01
4.625384807586669922e-01
2.664033472537994385e-01
3.589895963668823242e-01
2.388518154621124268e-01
2.922801673412322998e-01
3.176794648170471191e-01
2.765142023563385010e-01
3.505840599536895752e-01
4.534483253955841064e-01
3.968822062015533447e-01
3.664824962615966797e-01
2.849743664264678955e-01
2.556295096874237061e-01
2.884947955608367920e-01
2.477678954601287842e-01
2.477082163095474243e-01
1.059523344039916992e+00
3.975043892860412598e-01
3.752398788928985596e-01
2.915077209472656250e-01
3.051282465457916260e-01
3.111260533332824707e-01
3.225716948509216309e-01
3.070804774761199951e-01
3.097473680973052979e-01
3.431340754032135010e-01
3.757658600807189941e-01
3.842402696609497070e-01
2.483556568622589111e-01
4.964187145233154297e-01
4.964692890644073486e-01
2.488985657691955566e-01
