2.557310163974761963e-01
2.577656507492065430e-01
2.385786026716232300e-01
4.146531820297241211e-01
1.756410002708435059e-01
3.802389204502105713e-01
2.725672125816345215e-01
2.659788429737091064e-01
2.930033206939697266e-01
3.007552623748779297e-01
2.494489103555679321e-01
2.585271596908569336e-01
2.910719811916351318e-01
4.483326375484466553e-01
2.925393283367156982e-01
2.311784923076629639e-01
3.772256076335906982e-01
2.678062319755554199e-01
2.947375774383544922e-01
2.529829442501068115e-01
2.907537221908569336e-01
1.186796903610229492e+00
2.468921840190887451e-01
2.500434517860412598e-01
6.841602921485900879e-01
2.509668171405792236e-01
2.941014766693115234e-01
2.613335251808166504e-01
3.561691343784332275e-01
2.576412856578826904e-01
8.638052940368652344e-01
8.201749920845031738e-01
3.021372854709625244e-01
2.737258970737457275e-01
2.490469366312026978e-01
2.532975077629089355e-01
3.036463856697082520e-01
2.849944829940795898e-01
4.538105726242065430e-01
2.918662726879119873e-01
3.661502897739410400e-01
4.905797541141510010e-01
2.264118939638137817e-01
2.285817712545394897e-01
2.981735765933990479e-01
6.804608702659606934e-01
6.492030620574951172e-01
3.763028681278228760e-01
5.109450221061706543e-01
2.666820585727691650e-01
2.907465696334838867e-01
2.931515872478485107e-01
2.661743462085723877e-01
2.957191467285156250e-01
2.306582033634185791e-01
3.012434840202331543e-01
3.128985464572906494e-01
2.675153613090515137e-01
2.926177680492401123e-01
2.985773682594299316e-01
2.711806893348693848e-01
2.980327606201171875e-01
2.175937592983245850e-01
2.818258106708526611e-01
2.912449836730957031e-01
4.378274977207183838e-01
4.218927025794982910e-01
2.365288883447647095e-01
3.740420937538146973e-01
3.146800994873046875e-01
2.944684326648712158e-01
2.192413210868835449e-01
6.374245285987854004e-01
2.293529063463211060e-01
3.331193625926971436e-01
2.825400531291961670e-01
2.227127104997634888e-01
2.432797402143478394e-01
2.400623112916946411e-01
4.398055374622344971e-01
4.371043145656585693e-01
2.916188538074493408e-01
3.375141918659210205e-01
3.649425208568572998e-01
3.771137893199920654e-01
2.693620622158050537e-01
2.767617702484130859e-01
4.363416433334350586e-01
2.527088820934295654e-01
2.934663891792297363e-01
2.475521713495254517e-01
2.493990063667297363e-01
7.199132442474365234e-01
2.643795907497406006e-01
2.645713686943054199e-01
3.186786174774169922e-01
2.964332699775695801e-01
2.333308607339859009e-01
3.069673180580139160e-01
3.436608016490936279e-01
3.141319155693054199e-01
3.486758470535278320e-01
3.562889993190765381e-01
3.486758470535278320e-01
3.562889993190765381e-01
2.508368790149688721e-01
2.763403654098510742e-01
2.962086200714111328e-01
2.953824400901794434e-01
2.989882826805114746e-01
2.237084805965423584e-01
3.203271627426147461e-01
1.757361441850662231e-01
3.829125463962554932e-01
2.979737818241119385e-01
4.180111587047576904e-01
2.501389980316162109e-01
3.752009570598602295e-01
3.934349715709686279e-01
5.722143650054931641e-01
5.103080868721008301e-01
2.942369878292083740e-01
2.273016870021820068e-01
3.795603811740875244e-01
2.721569538116455078e-01
4.121559858322143555e-01
5.918359160423278809e-01
2.667098343372344971e-01
4.646679759025573730e-01
3.415325880050659180e-01
4.073000848293304443e-01
4.221263527870178223e-01
4.041442573070526123e-01
4.503044784069061279e-01
4.398369491100311279e-01
4.417978525161743164e-01
2.563990950584411621e-01
2.978975772857666016e-01
3.158298134803771973e-01
2.710689306259155273e-01
2.965552508831024170e-01
2.236255109310150146e-01
6.910035610198974609e-01
3.184854388236999512e-01
7.450178265571594238e-01
2.957448661327362061e-01
2.771283388137817383e-01
2.789422273635864258e-01
2.918602824211120605e-01
2.726929187774658203e-01
2.800043821334838867e-01
6.950560808181762695e-01
4.471410512924194336e-01
6.292149424552917480e-01
4.569709002971649170e-01
1.730964779853820801e-01
5.819017887115478516e-01
2.519000768661499023e-01
2.810792028903961182e-01
3.028813302516937256e-01
3.272596001625061035e-01
3.888164460659027100e-01
4.155760705471038818e-01
3.814539611339569092e-01
2.245344668626785278e-01
2.537460923194885254e-01
4.149626493453979492e-01
4.520894289016723633e-01
4.441100358963012695e-01
2.506954967975616455e-01
2.564494907855987549e-01
2.904241085052490234e-01
4.324967563152313232e-01
4.813127219676971436e-01
4.805229604244232178e-01
8.217881917953491211e-01
6.936906576156616211e-01
2.347647845745086670e-01
2.179640233516693115e-01
3.494300544261932373e-01
3.741531372070312500e-01
3.925265371799468994e-01
8.671973347663879395e-01
8.302593827247619629e-01
2.570001780986785889e-01
2.913321256637573242e-01
2.556333839893341064e-01
2.875052392482757568e-01
2.475205361843109131e-01
2.475346922874450684e-01
5.637342929840087891e-01
3.521923422813415527e-01
3.460742235183715820e-01
2.948772609233856201e-01
3.138906359672546387e-01
3.071836531162261963e-01
3.305383622646331787e-01
3.014414310455322266e-01
3.103247582912445068e-01
2.859737575054168701e-01
5.026940703392028809e-01
5.059071183204650879e-01
2.504392266273498535e-01
4.975415468215942383e-01
4.970038235187530518e-01
2.491662353277206421e-01
