2.487788796424865723e-01
2.934134304523468018e-01
2.323582470417022705e-01
3.852720260620117188e-01
1.747611463069915771e-01
4.072975814342498779e-01
3.143617510795593262e-01
2.722020149230957031e-01
2.885709702968597412e-01
3.044586479663848877e-01
2.480018287897109985e-01
2.735985517501831055e-01
2.735508978366851807e-01
4.447022676467895508e-01
2.926467359066009521e-01
2.304425835609436035e-01
3.417384624481201172e-01
3.209378719329833984e-01
3.473602831363677979e-01
2.550565302371978760e-01
2.889983057975769043e-01
8.800771236419677734e-01
2.493377029895782471e-01
2.477189898490905762e-01
6.372151970863342285e-01
2.896545529365539551e-01
2.821636795997619629e-01
3.263503611087799072e-01
2.469736784696578979e-01
2.831849157810211182e-01
9.281618595123291016e-01
9.594707489013671875e-01
2.770534455776214600e-01
2.848145961761474609e-01
2.873696684837341309e-01
3.461591899394989014e-01
2.551060020923614502e-01
3.029944300651550293e-01
3.836245536804199219e-01
2.598993182182312012e-01
3.741388320922851562e-01
4.777603745460510254e-01
2.232006937265396118e-01
2.241193652153015137e-01
3.465237021446228027e-01
4.974693953990936279e-01
4.463309049606323242e-01
3.652513027191162109e-01
4.450367391109466553e-01
2.809303402900695801e-01
2.680375874042510986e-01
2.903367877006530762e-01
3.072341084480285645e-01
2.964294552803039551e-01
2.351126968860626221e-01
2.971936166286468506e-01
3.452706933021545410e-01
2.777871489524841309e-01
2.618881464004516602e-01
2.943203151226043701e-01
3.087765276432037354e-01
2.975850105285644531e-01
2.163391113281250000e-01
2.874365448951721191e-01
3.344378769397735596e-01
3.826258182525634766e-01
3.440246582031250000e-01
2.750169932842254639e-01
3.261979818344116211e-01
3.316712677478790283e-01
2.949118316173553467e-01
2.328356206417083740e-01
7.662137746810913086e-01
2.357545942068099976e-01
3.294076919555664062e-01
2.877306044101715088e-01
2.233344465494155884e-01
2.396314442157745361e-01
2.432932853698730469e-01
4.397065043449401855e-01
4.388641417026519775e-01
2.947551906108856201e-01
3.396321535110473633e-01
3.645472824573516846e-01
2.714795768260955811e-01
4.106365144252777100e-01
2.805948257446289062e-01
2.644374966621398926e-01
2.551882863044738770e-01
2.875716090202331543e-01
2.497651278972625732e-01
2.479424178600311279e-01
4.013722240924835205e-01
2.934343814849853516e-01
2.574606835842132568e-01
3.121400475502014160e-01
2.949618399143218994e-01
2.341417223215103149e-01
2.600678205490112305e-01
3.839076757431030273e-01
3.512156009674072266e-01
2.914530336856842041e-01
3.110162019729614258e-01
2.914530336856842041e-01
3.110162019729614258e-01
2.499574869871139526e-01
2.594138383865356445e-01
2.984429895877838135e-01
3.171188235282897949e-01
2.967467904090881348e-01
2.248990833759307861e-01
3.362866938114166260e-01
1.749494075775146484e-01
3.792561590671539307e-01
2.930462658405303955e-01
3.804576098918914795e-01
2.585853338241577148e-01
3.632237911224365234e-01
3.466004133224487305e-01
5.878340601921081543e-01
5.651639103889465332e-01
2.962239086627960205e-01
2.341823726892471313e-01
3.468082845211029053e-01
3.243568837642669678e-01
4.936584532260894775e-01
4.966002106666564941e-01
3.315074741840362549e-01
4.618549048900604248e-01
3.484668731689453125e-01
3.973753154277801514e-01
4.104630053043365479e-01
3.844923675060272217e-01
4.366229176521301270e-01
4.318712651729583740e-01
4.396043717861175537e-01
2.844999134540557861e-01
2.583349645137786865e-01
2.857985794544219971e-01
3.094059228897094727e-01
2.977625727653503418e-01
2.176858186721801758e-01
5.462268590927124023e-01
2.755921483039855957e-01
4.776933491230010986e-01
3.424052894115447998e-01
3.196414709091186523e-01
2.858717143535614014e-01
2.718527317047119141e-01
2.505992949008941650e-01
2.860274910926818848e-01
4.366195797920227051e-01
3.836130499839782715e-01
5.088454484939575195e-01
3.258338868618011475e-01
1.740930378437042236e-01
8.788168430328369141e-01
2.623470425605773926e-01
3.162775039672851562e-01
3.117514848709106445e-01
3.190176784992218018e-01
3.672615587711334229e-01
3.726764321327209473e-01
3.769930899143218994e-01
2.255241274833679199e-01
3.228493928909301758e-01
4.321061968803405762e-01
4.300276935100555420e-01
4.401824474334716797e-01
2.694618105888366699e-01
2.611647844314575195e-01
2.624896466732025146e-01
4.709620773792266846e-01
4.693053662776947021e-01
4.742070138454437256e-01
2.637285292148590088e-01
5.739887952804565430e-01
2.426431775093078613e-01
2.911083996295928955e-01
2.993761301040649414e-01
3.419992923736572266e-01
2.546134293079376221e-01
9.518008232116699219e-01
8.785158991813659668e-01
2.975429296493530273e-01
3.568426370620727539e-01
2.568816542625427246e-01
2.877843677997589111e-01
2.482113242149353027e-01
2.477663755416870117e-01
9.674760103225708008e-01
3.524743914604187012e-01
3.632312417030334473e-01
2.951284646987915039e-01
3.122861087322235107e-01
3.012755811214447021e-01
2.903431951999664307e-01
3.017292320728302002e-01
3.167815506458282471e-01
3.637079596519470215e-01
4.193831086158752441e-01
4.156698286533355713e-01
2.484709173440933228e-01
4.964130818843841553e-01
4.976461529731750488e-01
2.486029118299484253e-01
