2.404651641845703125e-01
3.213459849357604980e-01
2.296339273452758789e-01
4.278978109359741211e-01
1.789673268795013428e-01
4.276223778724670410e-01
3.121577501296997070e-01
2.992072701454162598e-01
3.574979305267333984e-01
2.802810966968536377e-01
2.481048107147216797e-01
2.590413689613342285e-01
3.084965944290161133e-01
5.100493431091308594e-01
2.910985946655273438e-01
2.503242790699005127e-01
2.757732868194580078e-01
3.963671922683715820e-01
2.983461022377014160e-01
2.589132487773895264e-01
2.883616685867309570e-01
8.913937211036682129e-01
2.571184039115905762e-01
2.460291087627410889e-01
7.967749834060668945e-01
3.046066164970397949e-01
2.296752929687500000e-01
3.078694939613342285e-01
2.988368570804595947e-01
4.378076493740081787e-01
8.275090456008911133e-01
1.189478158950805664e+00
3.106187582015991211e-01
2.339959740638732910e-01
2.503544092178344727e-01
2.314406186342239380e-01
3.108285069465637207e-01
2.402946949005126953e-01
3.452792465686798096e-01
2.690971493721008301e-01
3.979738950729370117e-01
5.338126420974731445e-01
2.178325057029724121e-01
2.078437656164169312e-01
3.642752170562744141e-01
5.809563994407653809e-01
4.210315048694610596e-01
3.497497141361236572e-01
4.941428899765014648e-01
2.975739240646362305e-01
2.458705753087997437e-01
2.539258003234863281e-01
3.138669729232788086e-01
2.973260879516601562e-01
2.486364245414733887e-01
2.806187272071838379e-01
3.930459618568420410e-01
2.451651692390441895e-01
3.035605549812316895e-01
3.133105039596557617e-01
2.352654039859771729e-01
2.918325364589691162e-01
2.201406657695770264e-01
3.219158053398132324e-01
2.872962653636932373e-01
4.579636752605438232e-01
4.705930948257446289e-01
3.024511337280273438e-01
2.860755026340484619e-01
3.140098452568054199e-01
2.962926924228668213e-01
2.107996940612792969e-01
7.496564388275146484e-01
2.413907945156097412e-01
3.275216817855834961e-01
2.861028015613555908e-01
2.175915241241455078e-01
3.024423122406005859e-01
2.439642250537872314e-01
4.434676468372344971e-01
2.960440218448638916e-01
2.875757217407226562e-01
3.367329239845275879e-01
2.600332498550415039e-01
3.683839440345764160e-01
2.833595871925354004e-01
3.586786091327667236e-01
2.807565331459045410e-01
2.498149126768112183e-01
2.926378250122070312e-01
2.464940696954727173e-01
2.452520132064819336e-01
7.016261219978332520e-01
2.518528401851654053e-01
2.994106411933898926e-01
2.522134780883789062e-01
2.979359924793243408e-01
2.135069966316223145e-01
3.209214210510253906e-01
4.123669862747192383e-01
2.699335813522338867e-01
3.963876366615295410e-01
4.678166508674621582e-01
3.963876366615295410e-01
4.678166508674621582e-01
2.725612223148345947e-01
2.394875437021255493e-01
2.459127306938171387e-01
3.159422874450683594e-01
2.933856248855590820e-01
2.332143187522888184e-01
3.795832395553588867e-01
1.738841235637664795e-01
3.610423803329467773e-01
2.472541928291320801e-01
3.849373161792755127e-01
3.050527274608612061e-01
3.293164372444152832e-01
3.838427066802978516e-01
6.822158694267272949e-01
6.606738567352294922e-01
2.960671782493591309e-01
2.476595789194107056e-01
2.880029082298278809e-01
3.832843601703643799e-01
4.521411359310150146e-01
5.460851788520812988e-01
2.830394506454467773e-01
5.261197090148925781e-01
4.234516024589538574e-01
5.006723403930664062e-01
4.570093452930450439e-01
4.767106771469116211e-01
3.969238996505737305e-01
2.498495578765869141e-01
3.058749437332153320e-01
3.030880987644195557e-01
2.409064769744873047e-01
2.567050457000732422e-01
3.225806355476379395e-01
2.988607883453369141e-01
2.189489006996154785e-01
7.830605506896972656e-01
2.673508226871490479e-01
6.373436450958251953e-01
3.795002102851867676e-01
3.911586999893188477e-01
3.696631789207458496e-01
2.931104898452758789e-01
2.364727407693862915e-01
2.508981227874755859e-01
5.347515344619750977e-01
3.862742781639099121e-01
6.924195289611816406e-01
2.966414690017700195e-01
1.769640147686004639e-01
9.667943716049194336e-01
2.337367832660675049e-01
3.681123852729797363e-01
2.551465928554534912e-01
3.199183940887451172e-01
3.835810422897338867e-01
4.228857159614562988e-01
3.759201765060424805e-01
2.202308326959609985e-01
3.251802921295166016e-01
5.350325107574462891e-01
4.480758905410766602e-01
5.226246118545532227e-01
2.368741035461425781e-01
2.505900859832763672e-01
3.017825484275817871e-01
4.411526918411254883e-01
5.408331155776977539e-01
4.991184473037719727e-01
9.827344417572021484e-01
9.925540685653686523e-01
2.203689366579055786e-01
2.953791916370391846e-01
3.452491760253906250e-01
3.956128954887390137e-01
2.632405757904052734e-01
9.959543347358703613e-01
1.071726083755493164e+00
2.740798592567443848e-01
3.603211045265197754e-01
2.557876110076904297e-01
2.863177359104156494e-01
2.433710098266601562e-01
2.471087276935577393e-01
1.308237552642822266e+00
4.124941229820251465e-01
2.930588424205780029e-01
2.924412488937377930e-01
3.550918698310852051e-01
2.506685256958007812e-01
2.718577384948730469e-01
2.306317090988159180e-01
3.684831857681274414e-01
2.420466691255569458e-01
4.432281851768493652e-01
4.853875637054443359e-01
2.540583312511444092e-01
4.988484680652618408e-01
4.946867823600769043e-01
2.518977522850036621e-01
