2.632608711719512939e-01
2.819969356060028076e-01
2.378177642822265625e-01
4.111250042915344238e-01
1.750864535570144653e-01
3.604944944381713867e-01
3.464671075344085693e-01
2.789427936077117920e-01
2.831184267997741699e-01
2.972546517848968506e-01
2.408940643072128296e-01
2.862373292446136475e-01
2.653890550136566162e-01
4.536354243755340576e-01
2.907656133174896240e-01
2.338645458221435547e-01
3.665885925292968750e-01
2.892048954963684082e-01
2.870261371135711670e-01
2.554739117622375488e-01
2.881461977958679199e-01
1.250232100486755371e+00
2.500676512718200684e-01
2.479769587516784668e-01
6.311092972755432129e-01
3.036969602108001709e-01
2.507283389568328857e-01
3.342015743255615234e-01
2.229593545198440552e-01
2.797749042510986328e-01
6.617983579635620117e-01
5.964893102645874023e-01
3.730906248092651367e-01
2.915248274803161621e-01
2.346465587615966797e-01
2.838690876960754395e-01
2.537149190902709961e-01
2.656017839908599854e-01
3.516613543033599854e-01
2.503219842910766602e-01
3.960660994052886963e-01
5.250331759452819824e-01
3.516435027122497559e-01
2.262264639139175415e-01
3.738609254360198975e-01
8.861087560653686523e-01
8.663952946662902832e-01
3.412645757198333740e-01
3.595446050167083740e-01
2.916015386581420898e-01
2.648895382881164551e-01
2.897613644599914551e-01
3.241201341152191162e-01
2.981010377407073975e-01
3.446040153503417969e-01
2.715356349945068359e-01
3.530163764953613281e-01
2.960799634456634521e-01
2.522469460964202881e-01
2.603096663951873779e-01
3.015803098678588867e-01
2.253243923187255859e-01
2.522335946559906006e-01
3.561981320381164551e-01
4.028229713439941406e-01
3.609883785247802734e-01
3.118306696414947510e-01
2.492645680904388428e-01
3.252255916595458984e-01
2.596361339092254639e-01
2.905967533588409424e-01
3.179726302623748779e-01
7.270823717117309570e-01
2.721774578094482422e-01
2.779037654399871826e-01
2.825129628181457520e-01
2.428733259439468384e-01
2.393530458211898804e-01
2.437028586864471436e-01
4.401505887508392334e-01
4.419905245304107666e-01
2.904615104198455811e-01
3.415962755680084229e-01
3.634254634380340576e-01
2.700432240962982178e-01
4.138275384902954102e-01
2.676068246364593506e-01
2.431625723838806152e-01
2.553903758525848389e-01
2.897140681743621826e-01
2.495170980691909790e-01
2.473284006118774414e-01
4.510843455791473389e-01
2.421146333217620850e-01
2.461913824081420898e-01
3.726838827133178711e-01
2.953822016716003418e-01
2.388007938861846924e-01
3.879698514938354492e-01
2.557581663131713867e-01
3.266028165817260742e-01
3.803510963916778564e-01
3.294692337512969971e-01
3.803510963916778564e-01
3.294692337512969971e-01
2.624412477016448975e-01
2.915224134922027588e-01
3.261404931545257568e-01
2.762717306613922119e-01
2.875401377677917480e-01
2.199826687574386597e-01
2.606007754802703857e-01
1.747915446758270264e-01
3.619489371776580811e-01
2.506889402866363525e-01
4.166265130043029785e-01
3.028000295162200928e-01
2.949228286743164062e-01
3.473640382289886475e-01
5.309207439422607422e-01
4.607176184654235840e-01
2.986908555030822754e-01
2.195099741220474243e-01
2.613620162010192871e-01
4.406855702400207520e-01
4.803940653800964355e-01
5.816212892532348633e-01
3.312478065490722656e-01
4.995049834251403809e-01
3.561545908451080322e-01
4.700468778610229492e-01
4.673077464103698730e-01
4.604044258594512939e-01
4.121967256069183350e-01
4.277542531490325928e-01
3.932820856571197510e-01
2.807195782661437988e-01
2.708142101764678955e-01
2.851915657520294189e-01
2.966499328613281250e-01
2.273311167955398560e-01
3.502997159957885742e-01
1.076049208641052246e+00
3.322751522064208984e-01
1.120231986045837402e+00
3.872526288032531738e-01
3.198993504047393799e-01
3.045794367790222168e-01
2.754967212677001953e-01
2.592896223068237305e-01
2.773609757423400879e-01
1.100806355476379395e+00
3.975060582160949707e-01
1.082381367683410645e+00
3.758046627044677734e-01
1.736899614334106445e-01
7.819913029670715332e-01
2.475667744874954224e-01
3.094522953033447266e-01
3.008422553539276123e-01
3.100582361221313477e-01
3.943311274051666260e-01
3.923725187778472900e-01
3.921474814414978027e-01
3.353369832038879395e-01
4.227497875690460205e-01
5.307806730270385742e-01
5.251891613006591797e-01
5.252203941345214844e-01
2.648324668407440186e-01
2.660565674304962158e-01
2.656166851520538330e-01
3.980515897274017334e-01
3.989230692386627197e-01
3.950584530830383301e-01
9.580975174903869629e-01
7.275441884994506836e-01
2.431034147739410400e-01
2.958929538726806641e-01
2.265502810478210449e-01
3.861106932163238525e-01
2.548829615116119385e-01
9.791014194488525391e-01
7.755798101425170898e-01
2.905619442462921143e-01
3.662468492984771729e-01
2.557396292686462402e-01
2.888447344303131104e-01
2.482481002807617188e-01
2.486929446458816528e-01
1.486914873123168945e+00
2.166854739189147949e-01
4.664264023303985596e-01
2.920790612697601318e-01
3.173040151596069336e-01
3.061120510101318359e-01
3.240329623222351074e-01
3.733302354812622070e-01
2.451622337102890015e-01
2.903280556201934814e-01
4.854921698570251465e-01
5.275262594223022461e-01
2.468333691358566284e-01
4.964737594127655029e-01
4.961209893226623535e-01
2.486972212791442871e-01
