2.477610856294631958e-01
2.864338457584381104e-01
2.382787764072418213e-01
3.934742510318756104e-01
1.755886822938919067e-01
4.009706676006317139e-01
3.290586769580841064e-01
2.639745473861694336e-01
2.699259817600250244e-01
3.022699058055877686e-01
2.515928745269775391e-01
2.819699645042419434e-01
2.686758637428283691e-01
4.564096033573150635e-01
2.883546948432922363e-01
2.361939698457717896e-01
3.612556159496307373e-01
2.956780195236206055e-01
3.552641272544860840e-01
2.575767934322357178e-01
2.862759828567504883e-01
9.128298163414001465e-01
2.486390918493270874e-01
2.486522048711776733e-01
6.307598948478698730e-01
2.809350788593292236e-01
3.017589747905731201e-01
3.315732181072235107e-01
2.310460358858108521e-01
3.234755694866180420e-01
9.284826517105102539e-01
8.927261829376220703e-01
3.108773231506347656e-01
2.751741707324981689e-01
2.615975141525268555e-01
3.007049560546875000e-01
2.693882286548614502e-01
3.218692541122436523e-01
3.644856214523315430e-01
2.887422442436218262e-01
3.268199265003204346e-01
4.863287508487701416e-01
2.252665460109710693e-01
2.193053513765335083e-01
2.929071485996246338e-01
6.946458220481872559e-01
6.685903072357177734e-01
3.340600728988647461e-01
4.674752950668334961e-01
2.617428004741668701e-01
2.880352139472961426e-01
3.129517138004302979e-01
2.886123955249786377e-01
2.948681712150573730e-01
2.315654456615447998e-01
3.140953779220581055e-01
3.159718215465545654e-01
2.792847752571105957e-01
2.688251137733459473e-01
2.836025953292846680e-01
2.906413674354553223e-01
2.979451417922973633e-01
2.178666293621063232e-01
2.756991088390350342e-01
3.286921083927154541e-01
4.113892316818237305e-01
3.625870943069458008e-01
2.707284688949584961e-01
3.309373259544372559e-01
3.352555930614471436e-01
2.951416969299316406e-01
2.213139235973358154e-01
7.120984196662902832e-01
2.324669212102890015e-01
3.279598951339721680e-01
2.876746058464050293e-01
2.185530513525009155e-01
2.460027337074279785e-01
2.418109774589538574e-01
4.374386072158813477e-01
4.466767609119415283e-01
2.944692075252532959e-01
3.366960883140563965e-01
3.647081255912780762e-01
2.715963125228881836e-01
4.113988578319549561e-01
2.860362827777862549e-01
2.629418075084686279e-01
2.547259330749511719e-01
2.882775068283081055e-01
2.501688897609710693e-01
2.462223917245864868e-01
3.998172879219055176e-01
2.754795849323272705e-01
2.495576739311218262e-01
3.371216356754302979e-01
2.945677340030670166e-01
2.361722588539123535e-01
3.000484704971313477e-01
3.311313390731811523e-01
3.337046802043914795e-01
3.232423067092895508e-01
2.992172241210937500e-01
3.232423067092895508e-01
2.992172241210937500e-01
2.520030140876770020e-01
2.802435755729675293e-01
3.100069761276245117e-01
2.862807512283325195e-01
2.964788377285003662e-01
2.221585810184478760e-01
3.066071271896362305e-01
1.744333654642105103e-01
3.659120798110961914e-01
2.604033946990966797e-01
4.209229350090026855e-01
2.541079223155975342e-01
3.703881502151489258e-01
3.648729026317596436e-01
5.527336001396179199e-01
5.062961578369140625e-01
2.965880930423736572e-01
2.272973209619522095e-01
3.643841743469238281e-01
3.004601299762725830e-01
4.840431809425354004e-01
5.541893839836120605e-01
2.778767049312591553e-01
4.844496846199035645e-01
3.146955072879791260e-01
4.192351996898651123e-01
3.778513371944427490e-01
4.037939906120300293e-01
4.412684738636016846e-01
4.560067057609558105e-01
4.629157781600952148e-01
2.575674355030059814e-01
2.917329967021942139e-01
3.114775419235229492e-01
2.696977257728576660e-01
2.976092696189880371e-01
2.206579595804214478e-01
5.840206742286682129e-01
3.005362749099731445e-01
6.112067699432373047e-01
2.855850756168365479e-01
3.604767918586730957e-01
3.489075899124145508e-01
2.780883610248565674e-01
2.406793236732482910e-01
2.621163725852966309e-01
4.770917594432830811e-01
4.344137907028198242e-01
4.255614876747131348e-01
4.357351660728454590e-01
1.741763651371002197e-01
9.332355260848999023e-01
2.518482804298400879e-01
3.184255063533782959e-01
3.083006441593170166e-01
2.998540401458740234e-01
3.937120139598846436e-01
3.917977511882781982e-01
3.798202276229858398e-01
2.287885844707489014e-01
2.844372391700744629e-01
4.542714953422546387e-01
4.395015537738800049e-01
4.400826096534729004e-01
2.633726894855499268e-01
2.665814459323883057e-01
2.686472535133361816e-01
4.749474525451660156e-01
4.715522527694702148e-01
4.575058221817016602e-01
2.526033222675323486e-01
6.297105550765991211e-01
2.409378737211227417e-01
2.930703759193420410e-01
2.915780842304229736e-01
3.497713804244995117e-01
2.619347870349884033e-01
9.607257246971130371e-01
9.290523529052734375e-01
2.881805300712585449e-01
3.598964512348175049e-01
2.571220099925994873e-01
2.886943519115447998e-01
2.468260973691940308e-01
2.485145181417465210e-01
9.540196657180786133e-01
3.111152350902557373e-01
4.135195910930633545e-01
2.949161827564239502e-01
3.400485813617706299e-01
2.751002609729766846e-01
2.870297729969024658e-01
2.952844202518463135e-01
3.232061266899108887e-01
3.671933412551879883e-01
4.040339291095733643e-01
3.795695602893829346e-01
2.472917288541793823e-01
4.964413642883300781e-01
4.966191649436950684e-01
2.494913041591644287e-01
