2.364610433578491211e-01
2.561789453029632568e-01
2.250536680221557617e-01
4.236442148685455322e-01
1.763960272073745728e-01
4.323306977748870850e-01
2.877181172370910645e-01
2.846561372280120850e-01
2.847468256950378418e-01
3.033267557621002197e-01
2.484862357378005981e-01
2.654453516006469727e-01
2.973864674568176270e-01
5.158700942993164062e-01
2.958570420742034912e-01
2.258019745349884033e-01
2.966439723968505859e-01
3.757950961589813232e-01
2.906118333339691162e-01
2.568601071834564209e-01
2.935374379158020020e-01
8.079909086227416992e-01
2.450083941221237183e-01
2.489440739154815674e-01
7.695444822311401367e-01
2.896275818347930908e-01
2.749418318271636963e-01
3.332351446151733398e-01
2.641727328300476074e-01
4.468331933021545410e-01
1.096573591232299805e+00
1.134740114212036133e+00
2.612188458442687988e-01
2.944071590900421143e-01
3.037515580654144287e-01
3.729614615440368652e-01
2.460617572069168091e-01
3.486432135105133057e-01
3.023541569709777832e-01
2.514566779136657715e-01
3.741599321365356445e-01
5.658968091011047363e-01
2.291503399610519409e-01
2.442947924137115479e-01
3.731544613838195801e-01
9.885281324386596680e-01
9.436710476875305176e-01
2.857518792152404785e-01
4.575394988059997559e-01
2.704623639583587646e-01
2.864135205745697021e-01
2.924613952636718750e-01
2.827892303466796875e-01
2.964620292186737061e-01
2.318923026323318481e-01
2.965335249900817871e-01
3.059976398944854736e-01
2.922093868255615234e-01
2.638675570487976074e-01
2.522759735584259033e-01
2.917155325412750244e-01
2.957055568695068359e-01
2.207939624786376953e-01
2.513768374919891357e-01
3.460453152656555176e-01
4.034991264343261719e-01
3.281744122505187988e-01
2.518728673458099365e-01
3.890361189842224121e-01
3.669042885303497314e-01
2.936569750308990479e-01
2.443322688341140747e-01
8.268098831176757812e-01
2.296547889709472656e-01
3.342193961143493652e-01
2.875145077705383301e-01
2.194873392581939697e-01
2.399508953094482422e-01
2.459535300731658936e-01
4.484775662422180176e-01
4.278019368648529053e-01
2.981559634208679199e-01
3.545647263526916504e-01
3.885552287101745605e-01
3.747259378433227539e-01
2.749021649360656738e-01
3.212848603725433350e-01
4.767717719078063965e-01
2.558769881725311279e-01
2.910586595535278320e-01
2.493493109941482544e-01
2.509404718875885010e-01
6.913941502571105957e-01
2.398673295974731445e-01
2.459340393543243408e-01
3.798441290855407715e-01
2.939016222953796387e-01
3.302381634712219238e-01
3.856898844242095947e-01
4.447106420993804932e-01
3.185058832168579102e-01
4.532411992549896240e-01
3.382060825824737549e-01
4.532411992549896240e-01
3.382060825824737549e-01
2.050596177577972412e-01
2.491041421890258789e-01
3.601752817630767822e-01
2.422408610582351685e-01
2.914021909236907959e-01
2.283569127321243286e-01
3.593585491180419922e-01
1.754092872142791748e-01
2.500490546226501465e-01
3.557110428810119629e-01
3.978642821311950684e-01
3.033208250999450684e-01
3.232420086860656738e-01
3.824948370456695557e-01
6.555749177932739258e-01
6.983699798583984375e-01
3.005993664264678955e-01
2.199275195598602295e-01
2.601253390312194824e-01
4.099603593349456787e-01
4.954902231693267822e-01
4.832006990909576416e-01
2.910487949848175049e-01
5.165258646011352539e-01
4.129017889499664307e-01
4.848362803459167480e-01
4.751875400543212891e-01
4.597918093204498291e-01
3.406921029090881348e-01
3.734530806541442871e-01
2.859756648540496826e-01
2.418265789747238159e-01
2.485343962907791138e-01
3.862093389034271240e-01
3.751699626445770264e-01
2.934766709804534912e-01
2.559095919132232666e-01
1.193831205368041992e+00
3.973383307456970215e-01
1.198684334754943848e+00
3.385533094406127930e-01
3.716389536857604980e-01
3.748510777950286865e-01
2.753259241580963135e-01
2.426915913820266724e-01
2.531980276107788086e-01
1.049175620079040527e+00
2.796984612941741943e-01
1.069201707839965820e+00
3.145125210285186768e-01
1.749155968427658081e-01
8.793573379516601562e-01
2.445433586835861206e-01
3.055555224418640137e-01
3.665413558483123779e-01
2.847299277782440186e-01
3.819947838783264160e-01
4.111371934413909912e-01
3.992012739181518555e-01
2.339234054088592529e-01
2.754538655281066895e-01
4.924481809139251709e-01
5.053369998931884766e-01
4.457252919673919678e-01
2.583519816398620605e-01
2.490263879299163818e-01
2.832253575325012207e-01
4.225252270698547363e-01
4.565103948116302490e-01
4.824280738830566406e-01
1.083529233932495117e+00
9.738866090774536133e-01
2.571694850921630859e-01
2.951060533523559570e-01
2.360640317201614380e-01
2.650614380836486816e-01
3.819150030612945557e-01
1.069979429244995117e+00
9.609286189079284668e-01
3.792643845081329346e-01
2.909126281738281250e-01
2.564040124416351318e-01
2.900993525981903076e-01
2.466845512390136719e-01
2.467669248580932617e-01
1.006692290306091309e+00
4.472904801368713379e-01
2.562277913093566895e-01
2.748174071311950684e-01
2.545077800750732422e-01
3.591999411582946777e-01
2.684426903724670410e-01
3.222924172878265381e-01
2.925564944744110107e-01
3.453429341316223145e-01
3.465626239776611328e-01
4.045117497444152832e-01
2.474513947963714600e-01
4.965971112251281738e-01
4.987162053585052490e-01
2.496901750564575195e-01
