2.845508754253387451e-01
3.201131820678710938e-01
2.411414980888366699e-01
4.066217541694641113e-01
1.755064725875854492e-01
3.153443038463592529e-01
3.512680828571319580e-01
2.549937069416046143e-01
3.429218530654907227e-01
2.798511683940887451e-01
2.464135289192199707e-01
2.628253996372222900e-01
2.678046822547912598e-01
3.125968277454376221e-01
2.468228489160537720e-01
2.399603277444839478e-01
2.740345895290374756e-01
4.041994214057922363e-01
3.885073959827423096e-01
2.572872638702392578e-01
2.887916862964630127e-01
8.996570706367492676e-01
2.477230131626129150e-01
2.486953735351562500e-01
6.600311398506164551e-01
2.464811354875564575e-01
3.562707602977752686e-01
3.630643784999847412e-01
2.345705181360244751e-01
3.708330094814300537e-01
8.385538458824157715e-01
8.592460155487060547e-01
3.492700159549713135e-01
2.747684419155120850e-01
2.461417168378829956e-01
2.958239316940307617e-01
2.582913339138031006e-01
3.602242171764373779e-01
2.766311764717102051e-01
2.646486759185791016e-01
2.849062383174896240e-01
5.184126496315002441e-01
2.265956699848175049e-01
2.223404645919799805e-01
3.142064213752746582e-01
6.961023807525634766e-01
6.358926892280578613e-01
4.085206985473632812e-01
3.528300523757934570e-01
2.648829221725463867e-01
2.493414282798767090e-01
3.446867465972900391e-01
3.631941080093383789e-01
2.938505113124847412e-01
2.361449748277664185e-01
3.500365912914276123e-01
3.552632629871368408e-01
2.605043947696685791e-01
2.853081226348876953e-01
3.081190884113311768e-01
2.805809974670410156e-01
2.987641692161560059e-01
2.155834138393402100e-01
2.945353388786315918e-01
2.927653789520263672e-01
4.169440865516662598e-01
4.136170446872711182e-01
2.969233691692352295e-01
3.003944754600524902e-01
3.325342833995819092e-01
2.978640794754028320e-01
2.248863726854324341e-01
7.722576856613159180e-01
2.298968881368637085e-01
3.405487537384033203e-01
2.839547097682952881e-01
2.255331575870513916e-01
2.414931654930114746e-01
2.446616888046264648e-01
4.390746355056762695e-01
4.425179958343505859e-01
2.974817454814910889e-01
3.406413793563842773e-01
3.696281313896179199e-01
3.767842948436737061e-01
2.771781384944915771e-01
2.897141873836517334e-01
4.422082602977752686e-01
2.549058496952056885e-01
2.857619225978851318e-01
2.497293353080749512e-01
2.479993253946304321e-01
7.040704488754272461e-01
2.562825679779052734e-01
2.478342652320861816e-01
3.564122319221496582e-01
2.968256175518035889e-01
2.300146669149398804e-01
3.460808694362640381e-01
3.107915520668029785e-01
3.142257034778594971e-01
3.720278441905975342e-01
3.259931504726409912e-01
3.720278441905975342e-01
3.259931504726409912e-01
2.328430563211441040e-01
2.791026532649993896e-01
3.137190639972686768e-01
2.860171198844909668e-01
2.969678938388824463e-01
2.218389064073562622e-01
3.051365911960601807e-01
1.757604628801345825e-01
3.722776472568511963e-01
2.717881798744201660e-01
4.068349897861480713e-01
2.854210734367370605e-01
3.363792300224304199e-01
3.647923767566680908e-01
5.651839971542358398e-01
5.186793804168701172e-01
2.979601919651031494e-01
2.292127460241317749e-01
2.908931374549865723e-01
3.783172667026519775e-01
4.818727076053619385e-01
5.152223110198974609e-01
2.977928519248962402e-01
4.883671700954437256e-01
3.869536221027374268e-01
4.391883015632629395e-01
4.288277029991149902e-01
4.477763772010803223e-01
3.879102766513824463e-01
3.700659275054931641e-01
3.641880750656127930e-01
2.716885805130004883e-01
2.669557332992553711e-01
3.061604797840118408e-01
3.062691986560821533e-01
2.979228198528289795e-01
2.199818640947341919e-01
5.285498499870300293e-01
3.093650341033935547e-01
4.788495600223541260e-01
3.314497768878936768e-01
3.136099874973297119e-01
2.931908667087554932e-01
2.779256105422973633e-01
2.549852132797241211e-01
2.825171947479248047e-01
4.861365258693695068e-01
3.976160883903503418e-01
5.254079699516296387e-01
3.780278861522674561e-01
1.744234710931777954e-01
4.761610329151153564e-01
2.526091337203979492e-01
3.075014352798461914e-01
3.234805166721343994e-01
2.893317341804504395e-01
3.767993152141571045e-01
3.981798589229583740e-01
3.919140100479125977e-01
2.309495508670806885e-01
2.680878341197967529e-01
4.427469670772552490e-01
4.414061605930328369e-01
4.220923185348510742e-01
2.641481161117553711e-01
2.574327886104583740e-01
2.730711698532104492e-01
4.409415423870086670e-01
4.650265574455261230e-01
4.704797267913818359e-01
2.763846516609191895e-01
3.482843339443206787e-01
2.369439899921417236e-01
2.889781892299652100e-01
3.342609107494354248e-01
2.692307829856872559e-01
3.563664555549621582e-01
4.469315409660339355e-01
4.137691259384155273e-01
3.779780566692352295e-01
2.751674354076385498e-01
2.551646530628204346e-01
2.874166965484619141e-01
2.478852868080139160e-01
2.479542493820190430e-01
9.071573019027709961e-01
3.928717374801635742e-01
3.929453790187835693e-01
2.922680675983428955e-01
2.869498431682586670e-01
3.285323381423950195e-01
3.286161720752716064e-01
3.348472714424133301e-01
2.800911664962768555e-01
3.330004513263702393e-01
3.931709527969360352e-01
3.159923851490020752e-01
2.501364350318908691e-01
4.969395399093627930e-01
4.954209923744201660e-01
2.484569996595382690e-01
