2.583988308906555176e-01
2.629350423812866211e-01
2.281369268894195557e-01
4.172963798046112061e-01
1.750490218400955200e-01
3.889579176902770996e-01
3.562282025814056396e-01
2.978051900863647461e-01
2.671134471893310547e-01
3.042602837085723877e-01
2.513870596885681152e-01
2.942739129066467285e-01
2.502516210079193115e-01
4.250857532024383545e-01
2.962662875652313232e-01
2.498583495616912842e-01
2.788594365119934082e-01
4.042279124259948730e-01
3.093068301677703857e-01
2.552485466003417969e-01
2.884751558303833008e-01
1.279559373855590820e+00
2.490648329257965088e-01
2.473308742046356201e-01
7.412662506103515625e-01
3.042205572128295898e-01
2.924886643886566162e-01
3.728296458721160889e-01
2.115865498781204224e-01
3.118975758552551270e-01
6.241816878318786621e-01
7.895996570587158203e-01
2.724391520023345947e-01
2.863876819610595703e-01
2.480984330177307129e-01
3.050935864448547363e-01
2.936167120933532715e-01
2.500997185707092285e-01
2.583194375038146973e-01
2.549339532852172852e-01
3.741886913776397705e-01
5.661326646804809570e-01
3.540076911449432373e-01
2.586673498153686523e-01
3.752153813838958740e-01
1.258641242980957031e+00
1.241584897041320801e+00
2.970151305198669434e-01
3.516014516353607178e-01
2.969343066215515137e-01
2.562307417392730713e-01
2.601667940616607666e-01
3.154487907886505127e-01
2.981778979301452637e-01
3.351921439170837402e-01
2.786060869693756104e-01
3.724067211151123047e-01
2.939556241035461426e-01
2.552790045738220215e-01
2.670618295669555664e-01
3.009046018123626709e-01
2.258604615926742554e-01
2.504313290119171143e-01
3.544042110443115234e-01
4.001943767070770264e-01
3.713936209678649902e-01
3.234437108039855957e-01
2.495242506265640259e-01
3.625615239143371582e-01
2.953258752822875977e-01
2.968868911266326904e-01
3.500613868236541748e-01
1.351232647895812988e+00
2.296216636896133423e-01
3.123298585414886475e-01
2.863858938217163086e-01
3.498539626598358154e-01
3.029667735099792480e-01
2.511656582355499268e-01
2.351775914430618286e-01
5.252528786659240723e-01
2.895863354206085205e-01
2.338433414697647095e-01
2.443225234746932983e-01
3.336841762065887451e-01
3.384003043174743652e-01
3.594897985458374023e-01
3.742763400077819824e-01
2.539611160755157471e-01
2.888104319572448730e-01
2.495306134223937988e-01
2.485509067773818970e-01
7.587202787399291992e-01
3.025986254215240479e-01
2.538181543350219727e-01
3.103689849376678467e-01
2.927276492118835449e-01
2.440473586320877075e-01
2.464557737112045288e-01
3.648321330547332764e-01
3.578419387340545654e-01
2.510760426521301270e-01
2.729743421077728271e-01
2.510760426521301270e-01
2.729743421077728271e-01
4.625849723815917969e-01
2.667628526687622070e-01
3.216187059879302979e-01
2.825004458427429199e-01
2.773759663105010986e-01
3.551158905029296875e-01
3.265484869480133057e-01
1.750292927026748657e-01
3.722919523715972900e-01
2.757736444473266602e-01
3.813837170600891113e-01
2.741445302963256836e-01
3.224911987781524658e-01
3.076491355895996094e-01
6.156389713287353516e-01
5.964222550392150879e-01
2.843841910362243652e-01
3.497738540172576904e-01
2.563450634479522705e-01
3.562299013137817383e-01
4.572328329086303711e-01
5.940330624580383301e-01
3.517681062221527100e-01
4.663665294647216797e-01
3.672095537185668945e-01
3.865599036216735840e-01
3.899268805980682373e-01
3.836706876754760742e-01
4.085350632667541504e-01
4.284683465957641602e-01
4.156658053398132324e-01
2.966763377189636230e-01
2.539956271648406982e-01
2.591775357723236084e-01
3.056632280349731445e-01
2.974737882614135742e-01
3.072215318679809570e-01
1.393900752067565918e+00
2.592803537845611572e-01
1.367151141166687012e+00
3.608241975307464600e-01
2.943495810031890869e-01
2.797508537769317627e-01
2.668135166168212891e-01
2.707236707210540771e-01
2.787738740444183350e-01
1.386690258979797363e+00
3.929580450057983398e-01
1.399394631385803223e+00
3.136372268199920654e-01
1.738570928573608398e-01
1.396822810173034668e+00
2.905139923095703125e-01
3.081785738468170166e-01
3.236147165298461914e-01
3.065807223320007324e-01
3.227777183055877686e-01
3.303323984146118164e-01
3.294336199760437012e-01
3.571333587169647217e-01
2.692870497703552246e-01
4.357767403125762939e-01
4.174973964691162109e-01
4.135747849941253662e-01
2.655115723609924316e-01
2.643284201622009277e-01
2.670924067497253418e-01
4.454571008682250977e-01
4.477181732654571533e-01
4.420811533927917480e-01
8.487955331802368164e-01
9.567123055458068848e-01
2.461908757686614990e-01
2.856210172176361084e-01
2.351274937391281128e-01
3.859074711799621582e-01
2.472349107265472412e-01
1.219798684120178223e+00
1.058654427528381348e+00
2.869958579540252686e-01
3.559550344944000244e-01
2.557418048381805420e-01
2.875498533248901367e-01
2.481494545936584473e-01
2.475578933954238892e-01
7.337192296981811523e-01
4.602306187152862549e-01
2.279442548751831055e-01
2.957822084426879883e-01
3.218230307102203369e-01
2.992103099822998047e-01
3.098154664039611816e-01
2.417322248220443726e-01
3.758116364479064941e-01
2.799975872039794922e-01
5.137329697608947754e-01
4.897178709506988525e-01
2.480705082416534424e-01
4.960680305957794189e-01
4.959833323955535889e-01
2.469876259565353394e-01
