2.537225484848022461e-01
2.845267653465270996e-01
2.286256998777389526e-01
4.026504755020141602e-01
1.752440035343170166e-01
4.004680216312408447e-01
3.451849222183227539e-01
2.788505554199218750e-01
2.708724141120910645e-01
3.044228851795196533e-01
2.477932423353195190e-01
2.896392643451690674e-01
2.570328414440155029e-01
4.701251685619354248e-01
2.967595756053924561e-01
2.357442528009414673e-01
3.261816203594207764e-01
3.413677811622619629e-01
3.519968986511230469e-01
2.555262744426727295e-01
2.878913283348083496e-01
7.352139353752136230e-01
2.490915805101394653e-01
2.477996647357940674e-01
6.095163226127624512e-01
2.890740036964416504e-01
3.219580054283142090e-01
3.590062558650970459e-01
2.365089803934097290e-01
3.055445849895477295e-01
6.450442671775817871e-01
6.321846842765808105e-01
3.167448341846466064e-01
2.623842358589172363e-01
2.509732544422149658e-01
3.027155101299285889e-01
2.745384573936462402e-01
3.040622472763061523e-01
3.571079075336456299e-01
2.948863804340362549e-01
3.495903015136718750e-01
4.802172780036926270e-01
2.242738157510757446e-01
2.169413715600967407e-01
2.810019850730895996e-01
5.529356598854064941e-01
6.131207942962646484e-01
3.225237131118774414e-01
5.121635794639587402e-01
2.787486314773559570e-01
2.713008821010589600e-01
2.930882573127746582e-01
3.044254183769226074e-01
2.962082922458648682e-01
2.285437881946563721e-01
2.902936041355133057e-01
3.337561786174774170e-01
2.731008231639862061e-01
2.711553871631622314e-01
2.905564308166503906e-01
2.899096608161926270e-01
2.980184555053710938e-01
2.151468098163604736e-01
2.850328385829925537e-01
3.219633102416992188e-01
4.047426879405975342e-01
3.664609491825103760e-01
3.001269400119781494e-01
3.099710345268249512e-01
3.405900299549102783e-01
2.981852591037750244e-01
2.373679131269454956e-01
7.363204956054687500e-01
2.356035560369491577e-01
3.321484029293060303e-01
2.871789634227752686e-01
2.212159782648086548e-01
2.441717535257339478e-01
2.392630726099014282e-01
4.337705969810485840e-01
4.474278986454010010e-01
2.961890399456024170e-01
3.387353718280792236e-01
3.690919876098632812e-01
2.648427486419677734e-01
4.183694422245025635e-01
2.916596829891204834e-01
2.607853114604949951e-01
2.556500136852264404e-01
2.900042831897735596e-01
2.481259256601333618e-01
2.467172592878341675e-01
3.840482831001281738e-01
2.906432747840881348e-01
2.556372582912445068e-01
3.087626397609710693e-01
2.961308658123016357e-01
2.302074581384658813e-01
2.613154947757720947e-01
3.793656229972839355e-01
3.466913104057312012e-01
3.070225119590759277e-01
2.971711158752441406e-01
3.070225119590759277e-01
2.971711158752441406e-01
2.448430359363555908e-01
2.503102719783782959e-01
3.473212122917175293e-01
3.538762032985687256e-01
2.968190610408782959e-01
2.221792340278625488e-01
3.273758888244628906e-01
1.754886507987976074e-01
3.765781521797180176e-01
2.856265902519226074e-01
3.333643376827239990e-01
2.568657100200653076e-01
3.760799169540405273e-01
3.555011451244354248e-01
5.135220289230346680e-01
5.446851253509521484e-01
2.962359189987182617e-01
2.322162985801696777e-01
3.669649958610534668e-01
2.993294894695281982e-01
4.881390035152435303e-01
5.425945520401000977e-01
3.178547322750091553e-01
4.823514819145202637e-01
3.176215887069702148e-01
4.133143723011016846e-01
4.080134928226470947e-01
4.228334128856658936e-01
4.312297701835632324e-01
4.415174722671508789e-01
4.446419775485992432e-01
2.629660069942474365e-01
2.805348038673400879e-01
3.018242716789245605e-01
2.821250557899475098e-01
2.968696355819702148e-01
2.188781797885894775e-01
6.914502382278442383e-01
2.920221984386444092e-01
6.459973454475402832e-01
3.026805222034454346e-01
3.385595679283142090e-01
3.250074684619903564e-01
2.816380262374877930e-01
2.482515722513198853e-01
2.657971680164337158e-01
5.676566958427429199e-01
4.161451756954193115e-01
6.116245985031127930e-01
4.018651843070983887e-01
1.732604801654815674e-01
8.692586421966552734e-01
2.489732205867767334e-01
3.070101439952850342e-01
3.100275099277496338e-01
3.066921532154083252e-01
3.811987638473510742e-01
4.014575183391571045e-01
3.906928002834320068e-01
2.285148650407791138e-01
2.761276066303253174e-01
4.525566399097442627e-01
4.540354907512664795e-01
4.501772224903106689e-01
2.652473151683807373e-01
2.557672560214996338e-01
2.756884694099426270e-01
4.490698575973510742e-01
4.601509273052215576e-01
4.759264588356018066e-01
2.584226429462432861e-01
5.644825100898742676e-01
2.525838017463684082e-01
2.927305996417999268e-01
2.249056547880172729e-01
3.211087882518768311e-01
2.537503540515899658e-01
9.539739489555358887e-01
8.017219901084899902e-01
3.318755030632019043e-01
3.526836335659027100e-01
2.554912865161895752e-01
2.873512804508209229e-01
2.483493387699127197e-01
2.479930967092514038e-01
8.852205276489257812e-01
3.980634510517120361e-01
3.568864166736602783e-01
2.945875823497772217e-01
3.231579363346099854e-01
2.914655804634094238e-01
3.439975380897521973e-01
2.864636480808258057e-01
3.286551535129547119e-01
3.046750426292419434e-01
4.561673998832702637e-01
4.516938030719757080e-01
2.491436898708343506e-01
4.959847331047058105e-01
4.953759610652923584e-01
2.495184093713760376e-01
