2.360616922378540039e-01
3.720259666442871094e-01
2.485298514366149902e-01
1.913050413131713867e-01
1.786323785781860352e-01
3.491719663143157959e-01
2.257071584463119507e-01
3.018836081027984619e-01
2.880626320838928223e-01
2.986987829208374023e-01
2.576635181903839111e-01
2.493658363819122314e-01
3.050487041473388672e-01
2.339154034852981567e-01
2.991432547569274902e-01
2.468467354774475098e-01
3.540222048759460449e-01
2.990024089813232422e-01
2.457924783229827881e-01
2.648473978042602539e-01
2.919700741767883301e-01
2.871556878089904785e-01
2.536731660366058350e-01
2.389863431453704834e-01
7.500041723251342773e-01
2.596499025821685791e-01
2.923932373523712158e-01
2.500335574150085449e-01
3.436850905418395996e-01
3.356169462203979492e-01
1.071099758148193359e+00
9.700694084167480469e-01
3.070164918899536133e-01
2.856330275535583496e-01
2.423995435237884521e-01
2.413914352655410767e-01
3.001783192157745361e-01
2.312065064907073975e-01
4.611442387104034424e-01
2.570447027683258057e-01
3.979498445987701416e-01
5.489587783813476562e-01
2.200013101100921631e-01
2.273696362972259521e-01
3.671129345893859863e-01
2.577335238456726074e-01
4.242053925991058350e-01
3.235521316528320312e-01
4.973798096179962158e-01
2.348681688308715820e-01
2.981250584125518799e-01
3.866816163063049316e-01
3.327803611755371094e-01
2.846875190734863281e-01
2.330245822668075562e-01
2.492307424545288086e-01
2.211273014545440674e-01
2.580886483192443848e-01
3.116304278373718262e-01
3.080157637596130371e-01
2.464636862277984619e-01
3.003565669059753418e-01
2.252948582172393799e-01
2.576483488082885742e-01
2.463713586330413818e-01
4.459012150764465332e-01
4.415564537048339844e-01
2.317669987678527832e-01
3.354163765907287598e-01
2.574183344841003418e-01
2.938085794448852539e-01
2.172394990921020508e-01
7.090247869491577148e-01
2.320049405097961426e-01
3.295287787914276123e-01
2.792423069477081299e-01
2.199375927448272705e-01
2.527762055397033691e-01
2.534114718437194824e-01
4.540679454803466797e-01
4.469395279884338379e-01
2.952210605144500732e-01
3.288387656211853027e-01
3.509057760238647461e-01
2.635536491870880127e-01
4.267172813415527344e-01
2.687291204929351807e-01
2.447426468133926392e-01
2.512171268463134766e-01
2.908427417278289795e-01
2.484600841999053955e-01
2.454165518283843994e-01
2.986223697662353516e-01
2.552960216999053955e-01
3.046879172325134277e-01
2.749609947204589844e-01
3.007746338844299316e-01
2.381026148796081543e-01
2.613360881805419922e-01
4.066941738128662109e-01
2.619394958019256592e-01
3.634686470031738281e-01
4.651085138320922852e-01
3.634686470031738281e-01
4.651085138320922852e-01
2.465587705373764038e-01
2.341394722461700439e-01
3.832986354827880859e-01
3.851750493049621582e-01
2.979602813720703125e-01
2.237869054079055786e-01
3.331052660942077637e-01
1.728908419609069824e-01
3.445048928260803223e-01
2.338357567787170410e-01
2.601075172424316406e-01
2.334533780813217163e-01
3.489913046360015869e-01
2.652407884597778320e-01
4.652066528797149658e-01
5.900955200195312500e-01
2.894766926765441895e-01
2.345851212739944458e-01
3.208363354206085205e-01
4.005839824676513672e-01
5.483219623565673828e-01
5.321215391159057617e-01
4.548889994621276855e-01
3.132103681564331055e-01
4.746722579002380371e-01
3.811236619949340820e-01
2.220770120620727539e-01
3.186435103416442871e-01
5.189902782440185547e-01
5.019022226333618164e-01
4.212847948074340820e-01
2.551550865173339844e-01
2.963623404502868652e-01
2.798764705657958984e-01
2.460075765848159790e-01
2.878302335739135742e-01
2.682575583457946777e-01
1.168319821357727051e+00
2.292192578315734863e-01
1.111976623535156250e+00
2.646231651306152344e-01
2.403476387262344360e-01
2.715880870819091797e-01
2.574971914291381836e-01
2.984442710876464844e-01
2.554181218147277832e-01
1.114073276519775391e+00
4.497514665126800537e-01
1.017900586128234863e+00
4.324859678745269775e-01
1.723552942276000977e-01
6.142743825912475586e-01
2.548474371433258057e-01
3.781423270702362061e-01
2.604469358921051025e-01
3.118767738342285156e-01
3.854839801788330078e-01
3.936414122581481934e-01
4.355819821357727051e-01
2.385278046131134033e-01
2.747270762920379639e-01
4.992164373397827148e-01
4.216173291206359863e-01
4.997343122959136963e-01
3.049317002296447754e-01
2.455106377601623535e-01
2.545719444751739502e-01
4.809938371181488037e-01
3.965770006179809570e-01
4.936047196388244629e-01
8.310134410858154297e-01
6.649888753890991211e-01
2.520573139190673828e-01
2.897064089775085449e-01
2.043636590242385864e-01
2.561379969120025635e-01
2.320624887943267822e-01
7.697067856788635254e-01
5.788894891738891602e-01
3.350342512130737305e-01
3.426190614700317383e-01
2.497491985559463501e-01
2.838761210441589355e-01
2.448958754539489746e-01
2.547922730445861816e-01
1.227916598320007324e+00
2.619670033454895020e-01
4.651578664779663086e-01
2.937310338020324707e-01
3.015581369400024414e-01
3.285311758518218994e-01
3.211247324943542480e-01
3.884265422821044922e-01
2.208957374095916748e-01
2.653895020484924316e-01
5.173667073249816895e-01
4.735686182975769043e-01
2.413069009780883789e-01
4.970526695251464844e-01
4.953032433986663818e-01
2.405505180358886719e-01
