2.653764486312866211e-01
2.724065780639648438e-01
2.468483895063400269e-01
4.013461470603942871e-01
1.742834150791168213e-01
3.350501656532287598e-01
3.733424544334411621e-01
2.622996866703033447e-01
2.666597366333007812e-01
3.016401231288909912e-01
2.257772088050842285e-01
3.059108853340148926e-01
2.478623688220977783e-01
4.426338672637939453e-01
2.899568080902099609e-01
2.302881479263305664e-01
3.702144622802734375e-01
2.841925621032714844e-01
2.774143815040588379e-01
2.521269619464874268e-01
2.934084832668304443e-01
1.173336267471313477e+00
2.496168911457061768e-01
2.441007047891616821e-01
6.554843187332153320e-01
3.030829727649688721e-01
2.445675283670425415e-01
3.175302743911743164e-01
2.664006948471069336e-01
2.176006436347961426e-01
6.036480665206909180e-01
8.803527951240539551e-01
2.424086630344390869e-01
2.856931686401367188e-01
3.032959103584289551e-01
3.656421601772308350e-01
2.502553164958953857e-01
2.671248316764831543e-01
4.074460864067077637e-01
2.628083527088165283e-01
3.862310051918029785e-01
4.753762483596801758e-01
2.230435758829116821e-01
2.295033037662506104e-01
3.643472492694854736e-01
4.844535589218139648e-01
3.312479555606842041e-01
3.706324398517608643e-01
4.530414342880249023e-01
2.822182774543762207e-01
2.786635458469390869e-01
2.881717681884765625e-01
3.106984198093414307e-01
2.986914813518524170e-01
2.303704321384429932e-01
2.961509227752685547e-01
3.506415486335754395e-01
2.626726627349853516e-01
2.601945996284484863e-01
3.064818680286407471e-01
3.171682357788085938e-01
2.985107898712158203e-01
2.150938957929611206e-01
3.084049820899963379e-01
3.230943679809570312e-01
3.733137547969818115e-01
3.797314763069152832e-01
2.669185698032379150e-01
3.373173475265502930e-01
3.297039270401000977e-01
2.968553602695465088e-01
2.253291904926300049e-01
6.860017776489257812e-01
2.289972007274627686e-01
3.400968909263610840e-01
2.883339524269104004e-01
2.307551652193069458e-01
2.345477044582366943e-01
2.411105930805206299e-01
4.418745636940002441e-01
4.445182979106903076e-01
2.903417944908142090e-01
3.393386304378509521e-01
3.677334785461425781e-01
2.859251201152801514e-01
4.036966562271118164e-01
2.836580872535705566e-01
2.462581992149353027e-01
2.546384930610656738e-01
2.836026251316070557e-01
2.536072731018066406e-01
2.459474205970764160e-01
4.437948465347290039e-01
2.958282232284545898e-01
2.572183012962341309e-01
2.954947054386138916e-01
2.954205870628356934e-01
2.462172210216522217e-01
2.620791494846343994e-01
3.736014962196350098e-01
3.585141897201538086e-01
2.586492300033569336e-01
3.267619609832763672e-01
2.586492300033569336e-01
3.267619609832763672e-01
2.405817508697509766e-01
2.530183196067810059e-01
2.803797125816345215e-01
3.034067153930664062e-01
2.996959090232849121e-01
2.156987339258193970e-01
3.616651892662048340e-01
1.755303442478179932e-01
3.718381524085998535e-01
2.820696532726287842e-01
3.936946988105773926e-01
2.494599968194961548e-01
3.788990676403045654e-01
3.575305938720703125e-01
6.555639505386352539e-01
6.406986713409423828e-01
2.955225706100463867e-01
2.265093475580215454e-01
3.647609055042266846e-01
3.117460906505584717e-01
5.182862877845764160e-01
4.799847602844238281e-01
3.106032609939575195e-01
4.823632240295410156e-01
3.177028000354766846e-01
3.732286095619201660e-01
3.754498958587646484e-01
3.770374059677124023e-01
4.888226091861724854e-01
4.774452447891235352e-01
4.265427887439727783e-01
3.007843494415283203e-01
2.550378739833831787e-01
2.583752274513244629e-01
2.988092303276062012e-01
2.944386005401611328e-01
2.196087241172790527e-01
5.119041204452514648e-01
2.443594634532928467e-01
3.583590984344482422e-01
3.662408888339996338e-01
3.486168980598449707e-01
3.203847408294677734e-01
2.565111815929412842e-01
2.376954108476638794e-01
2.720286548137664795e-01
3.142973482608795166e-01
3.961456120014190674e-01
4.800733029842376709e-01
2.839538156986236572e-01
1.750144958496093750e-01
8.470532298088073730e-01
2.494876086711883545e-01
2.997402250766754150e-01
3.596068024635314941e-01
2.815436720848083496e-01
3.991406261920928955e-01
3.966379761695861816e-01
3.991325795650482178e-01
2.355144023895263672e-01
2.788852155208587646e-01
4.817053675651550293e-01
5.012210607528686523e-01
4.346565604209899902e-01
2.656464576721191406e-01
2.636525928974151611e-01
2.699503898620605469e-01
4.700338542461395264e-01
4.714577794075012207e-01
4.773649871349334717e-01
2.882950603961944580e-01
6.409386396408081055e-01
2.392934709787368774e-01
2.926439642906188965e-01
3.355847001075744629e-01
3.349303603172302246e-01
3.549246788024902344e-01
1.056895256042480469e+00
9.765879511833190918e-01
3.044223785400390625e-01
2.766100764274597168e-01
2.550578117370605469e-01
2.865120470523834229e-01
2.484621703624725342e-01
2.520810961723327637e-01
1.078428864479064941e+00
4.393913149833679199e-01
3.356309235095977783e-01
2.859824597835540771e-01
3.215190768241882324e-01
3.042554855346679688e-01
3.089330196380615234e-01
2.856351733207702637e-01
3.252103328704833984e-01
2.521047592163085938e-01
4.167583882808685303e-01
4.168223738670349121e-01
2.447101771831512451e-01
4.985980987548828125e-01
4.970428943634033203e-01
2.516880631446838379e-01
