2.594372928142547607e-01
2.444617450237274170e-01
3.668770194053649902e-01
3.694128394126892090e-01
1.765446364879608154e-01
2.391387820243835449e-01
2.868525385856628418e-01
2.869150936603546143e-01
3.508066236972808838e-01
3.048292994499206543e-01
2.574508488178253174e-01
2.393902391195297241e-01
2.680632472038269043e-01
4.646833539009094238e-01
2.975503206253051758e-01
2.408782541751861572e-01
3.000146448612213135e-01
3.892095386981964111e-01
3.450687825679779053e-01
2.557138800621032715e-01
2.861521244049072266e-01
1.330743670463562012e+00
2.510377168655395508e-01
2.455103993415832520e-01
6.518446207046508789e-01
3.038154244422912598e-01
2.498733550310134888e-01
3.060559034347534180e-01
3.572052121162414551e-01
3.977472782135009766e-01
7.713067531585693359e-01
8.528887033462524414e-01
2.865361273288726807e-01
2.902910709381103516e-01
2.747997641563415527e-01
3.097481727600097656e-01
2.782058715820312500e-01
2.523779273033142090e-01
3.761270642280578613e-01
2.341973781585693359e-01
3.160681426525115967e-01
4.948019981384277344e-01
2.176991403102874756e-01
2.111155390739440918e-01
3.557249903678894043e-01
7.873370647430419922e-01
8.322886228561401367e-01
4.879786074161529541e-01
3.411251306533813477e-01
2.510657310485839844e-01
3.058933615684509277e-01
3.197284340858459473e-01
2.535665035247802734e-01
2.865130305290222168e-01
3.554489016532897949e-01
2.456075549125671387e-01
2.646141648292541504e-01
2.735618054866790771e-01
2.574043869972229004e-01
3.107858300209045410e-01
3.266046345233917236e-01
2.764969468116760254e-01
3.489782214164733887e-01
2.856981158256530762e-01
2.937775552272796631e-01
3.213730752468109131e-01
3.046944737434387207e-01
2.376483082771301270e-01
3.809385597705841064e-01
3.725386261940002441e-01
3.002882897853851318e-01
3.120929598808288574e-01
9.561196565628051758e-01
2.837249636650085449e-01
3.506730496883392334e-01
2.318600565195083618e-01
2.943014502525329590e-01
2.431164383888244629e-01
2.347358763217926025e-01
4.304500222206115723e-01
4.462077617645263672e-01
2.858107686042785645e-01
3.454262614250183105e-01
3.578569591045379639e-01
2.658474445343017578e-01
4.112857580184936523e-01
2.677782773971557617e-01
2.292322516441345215e-01
2.560905218124389648e-01
2.901381850242614746e-01
2.431533932685852051e-01
2.505619227886199951e-01
3.800209164619445801e-01
2.607192695140838623e-01
2.946095466613769531e-01
2.631264925003051758e-01
2.934830486774444580e-01
3.588581979274749756e-01
2.691677212715148926e-01
3.565154075622558594e-01
2.863228917121887207e-01
2.799571454524993896e-01
4.155049324035644531e-01
2.799571454524993896e-01
4.155049324035644531e-01
2.746605575084686279e-01
2.670424580574035645e-01
2.583002448081970215e-01
2.806512713432312012e-01
2.822326719760894775e-01
3.556292057037353516e-01
3.419904112815856934e-01
1.753806471824645996e-01
3.687165975570678711e-01
2.606976032257080078e-01
3.784788846969604492e-01
2.526645660400390625e-01
3.119122982025146484e-01
2.461445629596710205e-01
6.447460651397705078e-01
5.971694588661193848e-01
2.827754616737365723e-01
3.445483446121215820e-01
2.384537011384963989e-01
4.292628169059753418e-01
5.584721565246582031e-01
6.636992692947387695e-01
4.617007672786712646e-01
4.625748395919799805e-01
4.400627613067626953e-01
3.023882210254669189e-01
3.559641242027282715e-01
2.855202555656433105e-01
3.180510401725769043e-01
4.022211730480194092e-01
3.691521883010864258e-01
3.045297861099243164e-01
2.447021603584289551e-01
2.943363487720489502e-01
3.504813909530639648e-01
2.926974296569824219e-01
3.439785242080688477e-01
9.147078394889831543e-01
2.535446584224700928e-01
1.016451120376586914e+00
3.611024618148803711e-01
3.393292427062988281e-01
2.774203419685363770e-01
2.855376601219177246e-01
2.561278939247131348e-01
3.016263246536254883e-01
8.368397951126098633e-01
2.891672253608703613e-01
8.626776933670043945e-01
3.003103137016296387e-01
1.715480387210845947e-01
1.243030309677124023e+00
2.493326961994171143e-01
3.384147286415100098e-01
2.968190014362335205e-01
2.832767963409423828e-01
3.931952416896820068e-01
3.903491497039794922e-01
4.078958034515380859e-01
3.467509746551513672e-01
4.097211956977844238e-01
5.300546884536743164e-01
5.421633124351501465e-01
5.024445056915283203e-01
2.750265002250671387e-01
2.603192329406738281e-01
2.532085478305816650e-01
3.684497177600860596e-01
3.471778929233551025e-01
3.884512782096862793e-01
6.348201036453247070e-01
9.631636142730712891e-01
3.014460504055023193e-01
2.943784594535827637e-01
2.337141633033752441e-01
3.694392740726470947e-01
2.848441600799560547e-01
1.100682020187377930e+00
9.140930175781250000e-01
2.619398832321166992e-01
2.776599526405334473e-01
2.526404857635498047e-01
2.871950268745422363e-01
2.479644566774368286e-01
2.486073672771453857e-01
8.868998289108276367e-01
3.506518602371215820e-01
3.588839173316955566e-01
2.882208824157714844e-01
3.075978755950927734e-01
3.104444146156311035e-01
2.538862526416778564e-01
3.045336008071899414e-01
3.113891482353210449e-01
2.407172620296478271e-01
4.783977866172790527e-01
4.602891206741333008e-01
2.500878274440765381e-01
4.957101643085479736e-01
4.964270293712615967e-01
2.490740418434143066e-01
