2.755855023860931396e-01
2.960556149482727051e-01
2.432101070880889893e-01
3.730684518814086914e-01
1.750069111585617065e-01
3.306005895137786865e-01
3.189754188060760498e-01
2.794468104839324951e-01
3.148720264434814453e-01
3.022337853908538818e-01
2.560451626777648926e-01
2.702180445194244385e-01
2.520055472850799561e-01
4.458194375038146973e-01
2.983780503273010254e-01
2.266618609428405762e-01
3.552806973457336426e-01
2.949188649654388428e-01
3.787727355957031250e-01
2.552153766155242920e-01
2.908986210823059082e-01
4.475975632667541504e-01
2.492386996746063232e-01
2.477699518203735352e-01
5.931075215339660645e-01
2.520738840103149414e-01
3.593484759330749512e-01
3.619483411312103271e-01
2.482393980026245117e-01
3.664413392543792725e-01
5.831303596496582031e-01
5.672084093093872070e-01
3.191470503807067871e-01
2.857734262943267822e-01
2.456537783145904541e-01
2.637872099876403809e-01
2.914875745773315430e-01
3.729196488857269287e-01
3.001337349414825439e-01
2.588125467300415039e-01
3.863471448421478271e-01
4.741444289684295654e-01
2.217365503311157227e-01
2.254262119531631470e-01
3.530675470829010010e-01
4.766483604907989502e-01
3.935971856117248535e-01
3.484189808368682861e-01
4.669635891914367676e-01
2.591231167316436768e-01
2.905858159065246582e-01
3.127511441707611084e-01
2.776097953319549561e-01
2.978999316692352295e-01
2.303964495658874512e-01
3.075738251209259033e-01
2.950609624385833740e-01
2.583822011947631836e-01
2.661420106887817383e-01
3.245367705821990967e-01
3.177869021892547607e-01
2.970824837684631348e-01
2.167555391788482666e-01
3.142511844635009766e-01
3.037328124046325684e-01
3.517397344112396240e-01
3.684706091880798340e-01
2.958795130252838135e-01
3.051489889621734619e-01
3.320278227329254150e-01
2.966992557048797607e-01
2.306552231311798096e-01
7.429946064949035645e-01
2.330232560634613037e-01
3.332730829715728760e-01
2.860352993011474609e-01
2.234665751457214355e-01
2.412902116775512695e-01
2.415630072355270386e-01
4.392039477825164795e-01
4.442757964134216309e-01
2.936954200267791748e-01
3.406555056571960449e-01
3.662838339805603027e-01
2.840889096260070801e-01
3.940870463848114014e-01
2.824608385562896729e-01
2.886552512645721436e-01
2.557596862316131592e-01
2.876881659030914307e-01
2.504829764366149902e-01
2.483899444341659546e-01
4.206402003765106201e-01
2.856821417808532715e-01
2.525544166564941406e-01
3.257339000701904297e-01
2.949006557464599609e-01
2.331894785165786743e-01
2.831745445728302002e-01
3.545233607292175293e-01
3.438685834407806396e-01
3.069017231464385986e-01
2.903097569942474365e-01
3.069017231464385986e-01
2.903097569942474365e-01
2.453810274600982666e-01
2.556402087211608887e-01
2.847675979137420654e-01
3.136465549468994141e-01
2.973232865333557129e-01
2.218667268753051758e-01
3.567222952842712402e-01
1.744888573884963989e-01
3.798620402812957764e-01
2.926382720470428467e-01
3.964032828807830811e-01
2.506743967533111572e-01
3.730042278766632080e-01
3.635423779487609863e-01
6.166377067565917969e-01
5.909889936447143555e-01
2.968201041221618652e-01
2.359262406826019287e-01
3.709059655666351318e-01
2.834805548191070557e-01
4.927525222301483154e-01
5.342186689376831055e-01
2.843646705150604248e-01
4.735094904899597168e-01
3.132103979587554932e-01
3.997511863708496094e-01
3.888901174068450928e-01
4.092847108840942383e-01
4.361314773559570312e-01
4.664787650108337402e-01
4.486128985881805420e-01
2.521826922893524170e-01
2.880173623561859131e-01
3.186465203762054443e-01
2.844345867633819580e-01
2.975362539291381836e-01
2.193866968154907227e-01
6.690462827682495117e-01
2.960961759090423584e-01
6.766589879989624023e-01
2.744692564010620117e-01
2.785087227821350098e-01
3.026875555515289307e-01
2.811042666435241699e-01
2.852211594581604004e-01
2.609175741672515869e-01
5.512967109680175781e-01
4.054322540760040283e-01
5.522559881210327148e-01
4.243873953819274902e-01
1.740246564149856567e-01
8.760117292404174805e-01
2.506148219108581543e-01
3.135266005992889404e-01
3.083601891994476318e-01
3.056807219982147217e-01
3.869262635707855225e-01
3.939827382564544678e-01
3.856758475303649902e-01
2.376049458980560303e-01
2.672573328018188477e-01
4.453772008419036865e-01
4.401605129241943359e-01
4.448100030422210693e-01
2.605912387371063232e-01
2.629016637802124023e-01
2.722260951995849609e-01
4.371361732482910156e-01
4.577639400959014893e-01
4.577572941780090332e-01
2.727132439613342285e-01
5.899688601493835449e-01
2.943795025348663330e-01
2.884643971920013428e-01
2.257931381464004517e-01
3.503850102424621582e-01
2.473974376916885376e-01
8.026369810104370117e-01
8.622739911079406738e-01
2.867161929607391357e-01
2.671768963336944580e-01
2.548350989818572998e-01
2.893894314765930176e-01
2.477631717920303345e-01
2.479194253683090210e-01
8.371424078941345215e-01
3.807994127273559570e-01
3.266708254814147949e-01
2.928474545478820801e-01
3.119733929634094238e-01
3.096836805343627930e-01
3.290580213069915771e-01
2.940837740898132324e-01
3.214707672595977783e-01
2.802430987358093262e-01
5.022549033164978027e-01
4.826193451881408691e-01
2.477828562259674072e-01
4.968178272247314453e-01
4.963081479072570801e-01
2.487618774175643921e-01
