2.552882432937622070e-01
2.807156741619110107e-01
2.604731321334838867e-01
3.767699003219604492e-01
1.748448908329010010e-01
3.547928929328918457e-01
2.717079520225524902e-01
2.707899510860443115e-01
3.118061125278472900e-01
3.030383288860321045e-01
2.514192461967468262e-01
2.519708275794982910e-01
2.928269505500793457e-01
4.556304216384887695e-01
2.899068295955657959e-01
2.360198497772216797e-01
3.086774647235870361e-01
3.677737116813659668e-01
2.958449721336364746e-01
2.567541301250457764e-01
2.870611250400543213e-01
9.611266255378723145e-01
2.500729560852050781e-01
2.475949823856353760e-01
5.679053068161010742e-01
2.594220340251922607e-01
3.488173782825469971e-01
3.659091293811798096e-01
2.383259236812591553e-01
3.501113057136535645e-01
1.008349776268005371e+00
9.393385052680969238e-01
3.018364310264587402e-01
2.887407541275024414e-01
2.560416460037231445e-01
2.739688456058502197e-01
2.879017293453216553e-01
3.619534373283386230e-01
2.970573008060455322e-01
2.917788624763488770e-01
3.465766310691833496e-01
4.888167679309844971e-01
2.188816517591476440e-01
2.188808321952819824e-01
2.881507277488708496e-01
6.776568293571472168e-01
6.589562892913818359e-01
3.281185030937194824e-01
4.894164502620697021e-01
2.828944623470306396e-01
2.751541733741760254e-01
2.790529131889343262e-01
2.941669523715972900e-01
2.973508238792419434e-01
2.346492260694503784e-01
2.905747592449188232e-01
3.410513103008270264e-01
2.543127238750457764e-01
2.929983735084533691e-01
3.113059401512145996e-01
2.745553255081176758e-01
2.986693084239959717e-01
2.190395891666412354e-01
3.042764365673065186e-01
2.865962684154510498e-01
4.359932839870452881e-01
4.461241960525512695e-01
2.661017179489135742e-01
3.489811718463897705e-01
3.249995410442352295e-01
2.949062287807464600e-01
2.243722379207611084e-01
7.756957411766052246e-01
2.318523824214935303e-01
3.335496187210083008e-01
2.861706316471099854e-01
2.240638434886932373e-01
2.399604320526123047e-01
2.410381585359573364e-01
4.380650520324707031e-01
4.462300539016723633e-01
2.948392331600189209e-01
3.385591804981231689e-01
3.663598597049713135e-01
2.710573077201843262e-01
4.113015830516815186e-01
2.863097190856933594e-01
2.570085823535919189e-01
2.536149322986602783e-01
2.899566590785980225e-01
2.482473999261856079e-01
2.472403943538665771e-01
4.019913077354431152e-01
2.631312906742095947e-01
2.546884417533874512e-01
3.429642915725708008e-01
2.964069247245788574e-01
2.290856689214706421e-01
3.302708268165588379e-01
3.189486265182495117e-01
3.265899419784545898e-01
3.549874126911163330e-01
3.280776739120483398e-01
3.549874126911163330e-01
3.280776739120483398e-01
2.519236207008361816e-01
2.795294225215911865e-01
3.108752965927124023e-01
2.827432751655578613e-01
2.975281774997711182e-01
2.213556170463562012e-01
3.008642494678497314e-01
1.747086197137832642e-01
3.731067776679992676e-01
2.766885459423065186e-01
4.177203476428985596e-01
2.586903870105743408e-01
3.578600585460662842e-01
3.558171689510345459e-01
5.626819729804992676e-01
5.011780858039855957e-01
2.967667877674102783e-01
2.314698547124862671e-01
3.466700017452239990e-01
3.218751847743988037e-01
5.057701468467712402e-01
5.277464985847473145e-01
2.978322803974151611e-01
4.713573157787322998e-01
3.491077721118927002e-01
4.125672578811645508e-01
4.228594899177551270e-01
3.915525078773498535e-01
4.462174773216247559e-01
4.313328564167022705e-01
4.369312524795532227e-01
2.776637375354766846e-01
2.707891762256622314e-01
2.847105562686920166e-01
2.929007411003112793e-01
2.979769408702850342e-01
2.166227996349334717e-01
6.565580964088439941e-01
2.820511162281036377e-01
5.855218768119812012e-01
3.287910223007202148e-01
3.314826190471649170e-01
2.939974367618560791e-01
2.716872096061706543e-01
2.499456852674484253e-01
2.845220863819122314e-01
6.075459718704223633e-01
4.058733880519866943e-01
6.647849678993225098e-01
3.706057369709014893e-01
1.731858849525451660e-01
8.694853186607360840e-01
2.476781904697418213e-01
2.875312268733978271e-01
3.218926787376403809e-01
3.012691140174865723e-01
4.004763662815093994e-01
3.982718884944915771e-01
3.928951323032379150e-01
2.219387888908386230e-01
2.785737216472625732e-01
4.498478770256042480e-01
4.748924374580383301e-01
4.467538893222808838e-01
2.603833973407745361e-01
2.689797580242156982e-01
2.639993727207183838e-01
4.766997694969177246e-01
4.849179685115814209e-01
4.692093431949615479e-01
2.630701661109924316e-01
5.347633361816406250e-01
2.373761683702468872e-01
2.926461100578308105e-01
3.212374448776245117e-01
2.766910791397094727e-01
3.343279659748077393e-01
8.943567276000976562e-01
7.324181199073791504e-01
3.612488508224487305e-01
3.063620626926422119e-01
2.571804225444793701e-01
2.891491353511810303e-01
2.462459057569503784e-01
2.504419386386871338e-01
1.085914254188537598e+00
4.259837865829467773e-01
4.162586331367492676e-01
2.941077053546905518e-01
3.419512510299682617e-01
2.792126834392547607e-01
3.703097105026245117e-01
2.726018726825714111e-01
3.436585962772369385e-01
3.242588341236114502e-01
3.317208886146545410e-01
3.765441179275512695e-01
2.485889047384262085e-01
4.958903491497039795e-01
4.967576563358306885e-01
2.474169880151748657e-01
