2.494291365146636963e-01
2.609810829162597656e-01
3.624830842018127441e-01
3.794885873794555664e-01
1.780033409595489502e-01
2.429845482110977173e-01
2.592143416404724121e-01
2.914457023143768311e-01
3.120970129966735840e-01
3.047607541084289551e-01
2.436851263046264648e-01
2.484636157751083374e-01
3.014797270298004150e-01
4.775741100311279297e-01
2.903856337070465088e-01
2.250137329101562500e-01
3.752819895744323730e-01
2.647141218185424805e-01
3.140504062175750732e-01
2.533632516860961914e-01
2.879061102867126465e-01
3.846590816974639893e-01
2.540374100208282471e-01
2.474696338176727295e-01
6.185811758041381836e-01
3.038332760334014893e-01
3.081053495407104492e-01
2.645400762557983398e-01
2.253078520298004150e-01
3.008682131767272949e-01
1.135981798171997070e+00
1.006191134452819824e+00
3.340350091457366943e-01
2.870100438594818115e-01
2.773686945438385010e-01
3.661415874958038330e-01
2.503655254840850830e-01
2.554404139518737793e-01
4.524024426937103271e-01
3.019837141036987305e-01
3.316335082054138184e-01
4.917285740375518799e-01
2.215665429830551147e-01
2.159691751003265381e-01
2.952636778354644775e-01
7.737483978271484375e-01
7.635161280632019043e-01
3.391784131526947021e-01
5.082103610038757324e-01
2.756261229515075684e-01
2.762693464756011963e-01
3.121305406093597412e-01
3.212331235408782959e-01
3.006411492824554443e-01
2.365335673093795776e-01
2.956350743770599365e-01
3.380132317543029785e-01
2.612034082412719727e-01
2.943417429924011230e-01
2.864250838756561279e-01
2.789084315299987793e-01
3.004530370235443115e-01
2.117366194725036621e-01
2.861903011798858643e-01
3.012332916259765625e-01
4.455861449241638184e-01
4.357931017875671387e-01
2.781264185905456543e-01
3.553463518619537354e-01
3.821960985660552979e-01
2.967512607574462891e-01
2.300826311111450195e-01
6.925419569015502930e-01
2.340532988309860229e-01
3.366228342056274414e-01
2.866323590278625488e-01
2.178595066070556641e-01
2.498390525579452515e-01
2.564378976821899414e-01
4.405859112739562988e-01
4.485948979854583740e-01
2.955772280693054199e-01
3.437409996986389160e-01
3.684600889682769775e-01
3.677821755409240723e-01
2.669610381126403809e-01
2.920452654361724854e-01
4.344784915447235107e-01
2.604241967201232910e-01
2.949151396751403809e-01
2.505474090576171875e-01
2.485658377408981323e-01
7.156878709793090820e-01
2.380931675434112549e-01
2.372786253690719604e-01
3.722643852233886719e-01
2.930593788623809814e-01
2.405137717723846436e-01
3.880730569362640381e-01
2.744449973106384277e-01
3.080683052539825439e-01
3.971696794033050537e-01
3.415867090225219727e-01
3.971696794033050537e-01
3.415867090225219727e-01
2.317398786544799805e-01
2.994000315666198730e-01
2.983300089836120605e-01
2.693144381046295166e-01
2.967295050621032715e-01
2.106888890266418457e-01
2.590477168560028076e-01
1.761442124843597412e-01
3.650577962398529053e-01
2.533377707004547119e-01
4.461083412170410156e-01
2.375344932079315186e-01
3.994478285312652588e-01
3.743522167205810547e-01
5.495110750198364258e-01
4.101693630218505859e-01
2.967189550399780273e-01
2.262796908617019653e-01
3.939801156520843506e-01
2.708636224269866943e-01
5.036396384239196777e-01
5.421998500823974609e-01
3.080358207225799561e-01
4.913454651832580566e-01
3.147996664047241211e-01
4.537777304649353027e-01
3.934984207153320312e-01
3.180051743984222412e-01
4.935330748558044434e-01
4.256992638111114502e-01
5.039762258529663086e-01
2.452244013547897339e-01
3.003049492835998535e-01
3.430085778236389160e-01
2.610487639904022217e-01
2.939279079437255859e-01
2.163813263177871704e-01
5.452384352684020996e-01
3.006968796253204346e-01
6.315048933029174805e-01
2.428025603294372559e-01
3.657581210136413574e-01
3.785488009452819824e-01
2.612990140914916992e-01
2.330918908119201660e-01
2.484863996505737305e-01
4.877986311912536621e-01
4.374698102474212646e-01
3.777332305908203125e-01
4.590461850166320801e-01
1.733142137527465820e-01
9.349125623703002930e-01
3.070352971553802490e-01
2.603473663330078125e-01
3.788986206054687500e-01
3.191855847835540771e-01
3.228211998939514160e-01
3.013087809085845947e-01
3.517754375934600830e-01
2.203439772129058838e-01
4.168922603130340576e-01
3.236154615879058838e-01
4.536536037921905518e-01
3.196584284305572510e-01
2.736238837242126465e-01
2.707735598087310791e-01
2.482249438762664795e-01
4.958598017692565918e-01
4.956747293472290039e-01
5.368799567222595215e-01
2.931486666202545166e-01
6.021127104759216309e-01
2.487440556287765503e-01
2.853820919990539551e-01
3.224578797817230225e-01
2.659113407135009766e-01
2.515121102333068848e-01
8.351100087165832520e-01
9.825783967971801758e-01
3.721638321876525879e-01
3.577097356319427490e-01
2.489526122808456421e-01
2.964337170124053955e-01
2.436513602733612061e-01
2.578989863395690918e-01
9.453485012054443359e-01
3.436407148838043213e-01
3.548296093940734863e-01
2.940151989459991455e-01
2.573166787624359131e-01
3.629802465438842773e-01
3.048616051673889160e-01
3.630132675170898438e-01
2.496974766254425049e-01
3.364901840686798096e-01
4.365052580833435059e-01
5.003716945648193359e-01
2.495734542608261108e-01
4.937334060668945312e-01
4.957243800163269043e-01
2.481964677572250366e-01
