2.497566193342208862e-01
2.777997255325317383e-01
2.317664921283721924e-01
4.037331938743591309e-01
1.755069941282272339e-01
4.000518918037414551e-01
3.513634502887725830e-01
2.810619771480560303e-01
2.696525752544403076e-01
3.027552366256713867e-01
2.483262419700622559e-01
2.895804941654205322e-01
2.609247863292694092e-01
3.624992668628692627e-01
3.004968762397766113e-01
2.398709356784820557e-01
2.935641407966613770e-01
3.807037174701690674e-01
3.806082606315612793e-01
2.527315318584442139e-01
2.948993742465972900e-01
7.464106678962707520e-01
2.473042756319046021e-01
2.480287253856658936e-01
7.013671398162841797e-01
2.505477368831634521e-01
3.433420956134796143e-01
3.224843442440032959e-01
2.319549024105072021e-01
3.963842093944549561e-01
5.993199944496154785e-01
5.912823081016540527e-01
3.241378366947174072e-01
2.933368086814880371e-01
2.478451132774353027e-01
2.760061025619506836e-01
2.825802862644195557e-01
3.476961851119995117e-01
3.551559150218963623e-01
2.979095876216888428e-01
3.419422209262847900e-01
4.768920242786407471e-01
2.303387820720672607e-01
2.185305953025817871e-01
2.747072875499725342e-01
7.517705559730529785e-01
7.052419781684875488e-01
3.604952991008758545e-01
4.904468655586242676e-01
2.533484399318695068e-01
2.642878592014312744e-01
3.532456755638122559e-01
3.402037918567657471e-01
2.950331270694732666e-01
2.315189391374588013e-01
3.567732572555541992e-01
3.180631101131439209e-01
2.523510754108428955e-01
2.974272072315216064e-01
3.141679465770721436e-01
2.699317932128906250e-01
2.980695366859436035e-01
2.191490381956100464e-01
3.108474910259246826e-01
2.895724475383758545e-01
4.360898137092590332e-01
4.541444778442382812e-01
2.995985746383666992e-01
3.043274879455566406e-01
3.277009725570678711e-01
2.982206642627716064e-01
2.308408319950103760e-01
8.000575900077819824e-01
2.323028445243835449e-01
3.357604146003723145e-01
2.846176028251647949e-01
2.260627448558807373e-01
2.478732168674468994e-01
2.480769455432891846e-01
4.382506906986236572e-01
4.539982378482818604e-01
2.951719164848327637e-01
3.321219980716705322e-01
3.657435178756713867e-01
3.677444159984588623e-01
2.913158833980560303e-01
2.867903411388397217e-01
4.008720815181732178e-01
2.541156113147735596e-01
2.863360345363616943e-01
2.495777606964111328e-01
2.458494454622268677e-01
6.946989297866821289e-01
2.741597294807434082e-01
2.437279373407363892e-01
3.519481718540191650e-01
2.957898080348968506e-01
2.349254488945007324e-01
3.200845122337341309e-01
3.315379023551940918e-01
3.417572975158691406e-01
3.430735766887664795e-01
2.912217974662780762e-01
3.430735766887664795e-01
2.912217974662780762e-01
2.472863793373107910e-01
2.777716815471649170e-01
3.016986846923828125e-01
2.951882183551788330e-01
2.955558001995086670e-01
2.270030081272125244e-01
3.195507824420928955e-01
1.760274469852447510e-01
3.702071607112884521e-01
2.676195204257965088e-01
4.081793427467346191e-01
2.936930358409881592e-01
3.005526959896087646e-01
3.082117736339569092e-01
5.637326836585998535e-01
5.384768843650817871e-01
2.953625321388244629e-01
2.223242968320846558e-01
2.770616710186004639e-01
4.151813387870788574e-01
4.913545846939086914e-01
5.875703096389770508e-01
4.042223095893859863e-01
4.612893462181091309e-01
3.656086921691894531e-01
4.528965353965759277e-01
4.486871659755706787e-01
4.690179526805877686e-01
3.721826672554016113e-01
3.255792856216430664e-01
3.895240426063537598e-01
2.596616446971893311e-01
2.897335886955261230e-01
3.057159781455993652e-01
2.758654654026031494e-01
2.980890274047851562e-01
2.230865806341171265e-01
6.252078413963317871e-01
3.128255903720855713e-01
5.711395740509033203e-01
2.963924109935760498e-01
2.886413037776947021e-01
3.030509948730468750e-01
2.819633781909942627e-01
2.752060294151306152e-01
2.589932382106781006e-01
4.357267320156097412e-01
4.305191934108734131e-01
5.097530484199523926e-01
4.332412779331207275e-01
1.733349859714508057e-01
5.712605118751525879e-01
2.456390410661697388e-01
3.247958719730377197e-01
3.134910762310028076e-01
3.508870899677276611e-01
3.770957589149475098e-01
3.794737458229064941e-01
3.828001022338867188e-01
2.303644269704818726e-01
2.863896787166595459e-01
4.469538629055023193e-01
4.657470583915710449e-01
4.591535329818725586e-01
2.681098580360412598e-01
2.511006295680999756e-01
2.733965814113616943e-01
4.034455120563507080e-01
4.107640385627746582e-01
4.505280852317810059e-01
2.611732780933380127e-01
3.912282884120941162e-01
2.977752685546875000e-01
2.896566092967987061e-01
2.252379059791564941e-01
3.348701894283294678e-01
2.578583359718322754e-01
8.645907044410705566e-01
5.947471261024475098e-01
3.071351647377014160e-01
2.545641362667083740e-01
2.578377723693847656e-01
2.871665954589843750e-01
2.498189806938171387e-01
2.457394897937774658e-01
7.529453635215759277e-01
3.519261479377746582e-01
3.636542260646820068e-01
2.944119274616241455e-01
3.175352811813354492e-01
3.040681779384613037e-01
3.399139940738677979e-01
3.024471700191497803e-01
3.112968802452087402e-01
2.872656285762786865e-01
4.709454178810119629e-01
5.001811385154724121e-01
2.489438205957412720e-01
4.972062110900878906e-01
4.942919909954071045e-01
2.495835721492767334e-01
