2.393745183944702148e-01
3.845655322074890137e-01
2.465813159942626953e-01
2.529814243316650391e-01
1.701908111572265625e-01
3.857696950435638428e-01
2.588987052440643311e-01
3.013629615306854248e-01
3.658442199230194092e-01
2.999058961868286133e-01
2.787653505802154541e-01
2.411434054374694824e-01
2.465186715126037598e-01
4.490067958831787109e-01
2.947444021701812744e-01
2.341179251670837402e-01
3.647333383560180664e-01
3.064895272254943848e-01
3.180314004421234131e-01
2.614234089851379395e-01
2.753180265426635742e-01
1.429443478584289551e+00
2.434665411710739136e-01
2.600125670433044434e-01
5.806382894515991211e-01
3.005111515522003174e-01
3.280835747718811035e-01
3.845705389976501465e-01
3.525982201099395752e-01
3.596526384353637695e-01
1.147987365722656250e+00
1.466976165771484375e+00
3.058981895446777344e-01
2.272333055734634399e-01
3.112933635711669922e-01
3.848190009593963623e-01
2.643635869026184082e-01
2.698425650596618652e-01
2.321662902832031250e-01
2.467722892761230469e-01
4.106922149658203125e-01
5.480902194976806641e-01
2.451963126659393311e-01
2.233956754207611084e-01
4.059135317802429199e-01
1.098076343536376953e+00
1.077457666397094727e+00
4.147454500198364258e-01
4.422536194324493408e-01
2.772665917873382568e-01
3.023042082786560059e-01
2.653517723083496094e-01
2.572327554225921631e-01
2.803791165351867676e-01
3.379579484462738037e-01
2.088853120803833008e-01
3.045454621315002441e-01
3.058226108551025391e-01
2.531083524227142334e-01
2.598621249198913574e-01
2.956891953945159912e-01
3.000008463859558105e-01
3.640670776367187500e-01
2.570222616195678711e-01
3.706903159618377686e-01
3.841006755828857422e-01
2.657160758972167969e-01
3.017827570438385010e-01
3.172913789749145508e-01
3.722100555896759033e-01
2.937996387481689453e-01
3.572256565093994141e-01
7.212989926338195801e-01
2.806311249732971191e-01
3.543371558189392090e-01
2.300921976566314697e-01
2.981273531913757324e-01
2.553614377975463867e-01
3.009237051010131836e-01
4.520953297615051270e-01
2.374463081359863281e-01
2.854099869728088379e-01
3.543322682380676270e-01
2.433426082134246826e-01
2.484115958213806152e-01
4.357345700263977051e-01
2.402321696281433105e-01
4.859332144260406494e-01
2.578783035278320312e-01
2.827883660793304443e-01
2.509252429008483887e-01
2.479759454727172852e-01
6.452976465225219727e-01
2.977631092071533203e-01
2.473082989454269409e-01
3.747938871383666992e-01
3.024457097053527832e-01
3.669826686382293701e-01
2.424062341451644897e-01
2.500180900096893311e-01
3.680591583251953125e-01
3.547394275665283203e-01
3.988103568553924561e-01
3.547394275665283203e-01
3.988103568553924561e-01
2.844786643981933594e-01
3.100770115852355957e-01
3.351273536682128906e-01
2.639847397804260254e-01
2.761647403240203857e-01
3.568938374519348145e-01
2.657189965248107910e-01
1.745959222316741943e-01
4.067414402961730957e-01
3.496701717376708984e-01
4.571843743324279785e-01
2.462392449378967285e-01
3.224759399890899658e-01
2.264460325241088867e-01
5.099405646324157715e-01
3.897323608398437500e-01
2.794142365455627441e-01
3.357008695602416992e-01
2.372315078973770142e-01
4.196905493736267090e-01
5.042674541473388672e-01
6.246189475059509277e-01
4.619563221931457520e-01
4.673625230789184570e-01
4.376408457756042480e-01
2.364510595798492432e-01
3.605892062187194824e-01
3.716927170753479004e-01
3.237084746360778809e-01
3.356212079524993896e-01
4.613145589828491211e-01
2.515653967857360840e-01
2.411929666996002197e-01
3.713378310203552246e-01
3.782988488674163818e-01
2.942678928375244141e-01
3.470584452152252197e-01
1.106923580169677734e+00
3.914982676506042480e-01
9.551873207092285156e-01
3.283251821994781494e-01
3.003347516059875488e-01
2.345474362373352051e-01
2.514840364456176758e-01
2.285472452640533447e-01
3.037263453006744385e-01
1.087435483932495117e+00
2.358731627464294434e-01
1.231803059577941895e+00
3.063260614871978760e-01
1.740480512380599976e-01
1.662546157836914062e+00
3.030526638031005859e-01
3.669433593750000000e-01
2.922662496566772461e-01
2.451429963111877441e-01
3.285918831825256348e-01
3.738918602466583252e-01
2.702590525150299072e-01
2.212303280830383301e-01
3.929120302200317383e-01
3.967418670654296875e-01
2.518669366836547852e-01
2.858662009239196777e-01
2.563544809818267822e-01
2.493454664945602417e-01
3.155673146247863770e-01
5.182358026504516602e-01
5.183235406875610352e-01
4.497506320476531982e-01
1.086989402770996094e+00
1.372740268707275391e+00
2.426709830760955811e-01
2.975970804691314697e-01
2.201655507087707520e-01
3.772896528244018555e-01
2.737721800804138184e-01
1.390051245689392090e+00
1.441886305809020996e+00
2.721170783042907715e-01
3.835458755493164062e-01
2.590602040290832520e-01
2.890676259994506836e-01
2.541610598564147949e-01
2.406522631645202637e-01
9.327433109283447266e-01
4.420180916786193848e-01
2.548246085643768311e-01
2.881827950477600098e-01
2.269408106803894043e-01
3.726060092449188232e-01
2.538252174854278564e-01
3.424148559570312500e-01
2.738999724388122559e-01
3.683805465698242188e-01
3.145803213119506836e-01
4.334475398063659668e-01
2.504494488239288330e-01
4.933755397796630859e-01
4.940221905708312988e-01
2.482768446207046509e-01
