2.462703585624694824e-01
3.300060927867889404e-01
2.320147156715393066e-01
3.566632270812988281e-01
1.742704808712005615e-01
4.089613556861877441e-01
3.037797212600708008e-01
2.793233692646026611e-01
2.860909700393676758e-01
3.029308021068572998e-01
2.455097138881683350e-01
2.707192301750183105e-01
2.812989056110382080e-01
4.476012587547302246e-01
2.977315485477447510e-01
2.259207814931869507e-01
3.748953938484191895e-01
2.806526422500610352e-01
3.394601643085479736e-01
2.552713155746459961e-01
2.884928882122039795e-01
8.579015731811523438e-01
2.484628111124038696e-01
2.473028600215911865e-01
6.438827514648437500e-01
2.473061978816986084e-01
3.675281405448913574e-01
3.701927363872528076e-01
2.484316229820251465e-01
3.652231395244598389e-01
6.346622109413146973e-01
4.129478037357330322e-01
3.158233463764190674e-01
2.847524881362915039e-01
2.473659813404083252e-01
2.513831257820129395e-01
3.019202947616577148e-01
3.810536265373229980e-01
2.882181406021118164e-01
2.693506479263305664e-01
3.797278404235839844e-01
4.813867211341857910e-01
2.211498916149139404e-01
2.240335345268249512e-01
3.429589271545410156e-01
4.979953765869140625e-01
4.479461014270782471e-01
3.389377593994140625e-01
4.947745203971862793e-01
2.646394371986389160e-01
2.911785840988159180e-01
3.171672821044921875e-01
2.727651298046112061e-01
2.969368696212768555e-01
2.341511547565460205e-01
3.054683208465576172e-01
3.073133528232574463e-01
2.737273573875427246e-01
2.497808188199996948e-01
3.120602965354919434e-01
3.376061022281646729e-01
2.970471382141113281e-01
2.184088975191116333e-01
3.159418106079101562e-01
3.393954038619995117e-01
3.208299279212951660e-01
3.142672777175903320e-01
2.583187818527221680e-01
3.631023168563842773e-01
3.297265768051147461e-01
2.910199463367462158e-01
2.293124198913574219e-01
6.894036531448364258e-01
2.289837896823883057e-01
2.963004410266876221e-01
2.800133526325225830e-01
3.194107711315155029e-01
3.002872169017791748e-01
2.365791052579879761e-01
2.874311208724975586e-01
4.870791435241699219e-01
2.405987083911895752e-01
3.146693408489227295e-01
3.401554822921752930e-01
2.819032669067382812e-01
4.023430645465850830e-01
3.883606493473052979e-01
3.943841159343719482e-01
2.550640702247619629e-01
2.868188023567199707e-01
2.476921081542968750e-01
2.463257312774658203e-01
7.220684885978698730e-01
3.023251891136169434e-01
2.501469254493713379e-01
3.078775703907012939e-01
2.987407743930816650e-01
2.373492419719696045e-01
2.625080645084381104e-01
3.778191208839416504e-01
3.734312057495117188e-01
2.685199975967407227e-01
3.190191388130187988e-01
2.685199975967407227e-01
3.190191388130187988e-01
2.841964662075042725e-01
2.583541572093963623e-01
3.261588513851165771e-01
2.975549101829528809e-01
2.969738245010375977e-01
2.204849869012832642e-01
3.412408828735351562e-01
1.754127591848373413e-01
3.793476521968841553e-01
2.859035134315490723e-01
3.926254510879516602e-01
2.472939640283584595e-01
3.832446634769439697e-01
3.740325272083282471e-01
5.848370194435119629e-01
5.789995193481445312e-01
2.953602671623229980e-01
2.356375753879547119e-01
3.878682255744934082e-01
2.604195475578308105e-01
4.894458651542663574e-01
5.533401370048522949e-01
2.570497691631317139e-01
4.900022745132446289e-01
2.980775535106658936e-01
4.047563672065734863e-01
3.845046162605285645e-01
4.133447110652923584e-01
4.435974955558776855e-01
4.635482132434844971e-01
4.630510210990905762e-01
2.930677533149719238e-01
2.544783353805541992e-01
2.689311206340789795e-01
3.033854663372039795e-01
3.001988232135772705e-01
2.191084921360015869e-01
5.031858682632446289e-01
2.609946429729461670e-01
3.865121006965637207e-01
3.529571890830993652e-01
3.099524676799774170e-01
2.653469443321228027e-01
2.658524215221405029e-01
2.494125217199325562e-01
2.938084006309509277e-01
3.286276459693908691e-01
4.024451375007629395e-01
4.467141032218933105e-01
3.146810233592987061e-01
1.741244941949844360e-01
8.908839821815490723e-01
2.470162510871887207e-01
3.463274538516998291e-01
3.148387670516967773e-01
3.208079636096954346e-01
3.907092213630676270e-01
3.801707923412322998e-01
3.655036687850952148e-01
2.290393561124801636e-01
2.938274741172790527e-01
4.587809741497039795e-01
4.453618824481964111e-01
4.649598896503448486e-01
2.618217170238494873e-01
2.754060029983520508e-01
2.579343616962432861e-01
4.596449136734008789e-01
4.242920279502868652e-01
4.144018888473510742e-01
2.556436657905578613e-01
6.500304341316223145e-01
2.378574758768081665e-01
2.890354394912719727e-01
2.370726317167282104e-01
3.106093704700469971e-01
2.804240584373474121e-01
1.121221065521240234e+00
1.096453428268432617e+00
3.327908217906951904e-01
3.536539077758789062e-01
2.536872923374176025e-01
2.903935611248016357e-01
2.478348314762115479e-01
2.474987506866455078e-01
9.926692247390747070e-01
3.413486778736114502e-01
4.391401112079620361e-01
2.899510860443115234e-01
2.628963589668273926e-01
3.539752960205078125e-01
3.718066215515136719e-01
3.642596602439880371e-01
2.488988339900970459e-01
3.106668889522552490e-01
5.058267712593078613e-01
3.821392059326171875e-01
2.488534450531005859e-01
4.962680637836456299e-01
4.978449046611785889e-01
2.489480972290039062e-01
