2.674975991249084473e-01
3.034261763095855713e-01
2.339149862527847290e-01
3.870639503002166748e-01
1.744877249002456665e-01
3.747118115425109863e-01
3.197013437747955322e-01
2.739128470420837402e-01
3.006210923194885254e-01
3.038270175457000732e-01
2.517817616462707520e-01
2.715149521827697754e-01
2.631307542324066162e-01
3.363749980926513672e-01
2.981725633144378662e-01
2.231199145317077637e-01
2.765391767024993896e-01
4.009616076946258545e-01
3.849067986011505127e-01
2.549548447132110596e-01
2.901906967163085938e-01
9.253423213958740234e-01
2.487069070339202881e-01
2.492901980876922607e-01
7.483093738555908203e-01
2.991602420806884766e-01
2.946976125240325928e-01
3.404072523117065430e-01
2.472967952489852905e-01
2.588683962821960449e-01
6.733736395835876465e-01
7.068500518798828125e-01
2.821949422359466553e-01
2.525847256183624268e-01
2.610100209712982178e-01
3.066387176513671875e-01
2.847725450992584229e-01
2.935138046741485596e-01
3.845324218273162842e-01
2.837654948234558105e-01
3.594246506690979004e-01
4.817495346069335938e-01
2.256220430135726929e-01
2.242412269115447998e-01
3.063241839408874512e-01
6.006615161895751953e-01
5.420396327972412109e-01
3.483361601829528809e-01
4.807922840118408203e-01
2.714162468910217285e-01
2.875630557537078857e-01
3.124091923236846924e-01
2.888455688953399658e-01
2.967859804630279541e-01
2.361007928848266602e-01
3.021849393844604492e-01
3.213557898998260498e-01
2.498483061790466309e-01
3.008650243282318115e-01
3.115053176879882812e-01
2.595236301422119141e-01
2.967209517955780029e-01
2.152050882577896118e-01
2.883754074573516846e-01
2.683579027652740479e-01
4.486743211746215820e-01
4.558032453060150146e-01
2.851077616214752197e-01
3.215964138507843018e-01
3.484247028827667236e-01
2.953525781631469727e-01
2.221068143844604492e-01
7.122586369514465332e-01
2.311475425958633423e-01
3.348679840564727783e-01
2.843492925167083740e-01
2.221530526876449585e-01
2.424182295799255371e-01
2.438114285469055176e-01
4.424455761909484863e-01
4.383038878440856934e-01
2.964489758014678955e-01
3.379245102405548096e-01
3.691488802433013916e-01
3.362580537796020508e-01
3.271307647228240967e-01
2.882792651653289795e-01
3.655599951744079590e-01
2.557676732540130615e-01
2.889773547649383545e-01
2.492244541645050049e-01
2.479970604181289673e-01
5.875754952430725098e-01
2.643486559391021729e-01
2.553162574768066406e-01
3.420883715152740479e-01
2.978503704071044922e-01
2.325217574834823608e-01
3.224878013134002686e-01
3.276251256465911865e-01
3.230818212032318115e-01
3.545524179935455322e-01
3.303874433040618896e-01
3.545524179935455322e-01
3.303874433040618896e-01
2.394560128450393677e-01
2.576116323471069336e-01
3.047523796558380127e-01
3.326900005340576172e-01
2.981505692005157471e-01
2.238114178180694580e-01
3.379597961902618408e-01
1.749389916658401489e-01
3.834898471832275391e-01
2.987444698810577393e-01
3.585278689861297607e-01
2.470952868461608887e-01
3.802887201309204102e-01
3.569131493568420410e-01
5.991509556770324707e-01
5.722318291664123535e-01
2.956389188766479492e-01
2.359117716550827026e-01
3.766647875308990479e-01
2.869508564472198486e-01
4.895783066749572754e-01
5.289855599403381348e-01
2.927854359149932861e-01
4.646738469600677490e-01
3.192829787731170654e-01
4.157139360904693604e-01
3.579519689083099365e-01
3.927014768123626709e-01
4.583444297313690186e-01
4.651480317115783691e-01
4.673718214035034180e-01
2.805745899677276611e-01
2.695271670818328857e-01
2.869657874107360840e-01
3.054041564464569092e-01
2.969113886356353760e-01
2.225680947303771973e-01
4.662355482578277588e-01
2.729875743389129639e-01
3.803624510765075684e-01
3.270413577556610107e-01
3.170343935489654541e-01
3.075553774833679199e-01
2.741619944572448730e-01
2.677835524082183838e-01
2.695556282997131348e-01
4.371446669101715088e-01
3.860097527503967285e-01
4.920479357242584229e-01
3.757982850074768066e-01
1.734573245048522949e-01
3.974041044712066650e-01
2.505771815776824951e-01
3.233541250228881836e-01
3.543007671833038330e-01
3.479331433773040771e-01
3.428470790386199951e-01
3.595367968082427979e-01
3.620876669883728027e-01
2.285898476839065552e-01
3.310562074184417725e-01
4.211966097354888916e-01
4.428023993968963623e-01
4.492921531200408936e-01
2.655440866947174072e-01
2.592015564441680908e-01
2.685886919498443604e-01
3.957328200340270996e-01
4.150515198707580566e-01
3.961341679096221924e-01
2.701117098331451416e-01
3.651413321495056152e-01
2.407322227954864502e-01
2.891089618206024170e-01
2.511596381664276123e-01
2.884379625320434570e-01
3.374316990375518799e-01
5.533807873725891113e-01
4.373791515827178955e-01
3.547830283641815186e-01
2.872516512870788574e-01
2.545176148414611816e-01
2.917798757553100586e-01
2.494538873434066772e-01
2.470072656869888306e-01
1.093168497085571289e+00
3.316513299942016602e-01
3.778534233570098877e-01
2.938333153724670410e-01
2.974863350391387939e-01
3.234861195087432861e-01
3.032428622245788574e-01
3.255710899829864502e-01
2.876060307025909424e-01
2.795716524124145508e-01
4.802013039588928223e-01
4.740843176841735840e-01
2.491936981678009033e-01
4.965056180953979492e-01
4.965587258338928223e-01
2.491956353187561035e-01
