2.430334538221359253e-01
2.948279678821563721e-01
2.280610501766204834e-01
3.859588801860809326e-01
1.750504374504089355e-01
4.235030114650726318e-01
2.774763405323028564e-01
2.848714888095855713e-01
2.930204570293426514e-01
2.995578050613403320e-01
2.472504079341888428e-01
2.562223076820373535e-01
2.951074540615081787e-01
4.602464735507965088e-01
2.885662317276000977e-01
2.337324172258377075e-01
3.780919015407562256e-01
2.734232544898986816e-01
3.593833148479461670e-01
2.546007931232452393e-01
2.899760901927947998e-01
9.317667484283447266e-01
2.461269348859786987e-01
2.454783916473388672e-01
6.597750186920166016e-01
2.964915931224822998e-01
2.508880198001861572e-01
3.147653341293334961e-01
2.396166175603866577e-01
2.674641907215118408e-01
9.650209546089172363e-01
1.127007365226745605e+00
2.519654929637908936e-01
2.930994927883148193e-01
2.968585193157196045e-01
3.547280430793762207e-01
2.485715895891189575e-01
2.781562805175781250e-01
3.954947292804718018e-01
2.447295635938644409e-01
2.479014396667480469e-01
4.963059723377227783e-01
2.267620116472244263e-01
2.172758579254150391e-01
3.290751874446868896e-01
7.432415485382080078e-01
7.072674632072448730e-01
4.432967007160186768e-01
2.700857818126678467e-01
2.564939558506011963e-01
2.663053870201110840e-01
3.506523370742797852e-01
3.276005983352661133e-01
2.906484603881835938e-01
2.340781688690185547e-01
3.621462583541870117e-01
3.369081318378448486e-01
2.518692314624786377e-01
3.045919835567474365e-01
3.097821474075317383e-01
2.536045610904693604e-01
2.993433475494384766e-01
2.172494083642959595e-01
2.820388972759246826e-01
2.575935125350952148e-01
4.507455527782440186e-01
4.644519090652465820e-01
3.022494614124298096e-01
2.917966544628143311e-01
3.039106130599975586e-01
2.982465028762817383e-01
2.242918461561203003e-01
8.230659365653991699e-01
2.323660999536514282e-01
3.408124148845672607e-01
2.836356461048126221e-01
2.278828173875808716e-01
2.941437065601348877e-01
2.388294786214828491e-01
3.091062605381011963e-01
4.747464954853057861e-01
2.945170700550079346e-01
3.354874849319458008e-01
2.718840837478637695e-01
2.755017280578613281e-01
4.066292643547058105e-01
3.613410592079162598e-01
4.347622096538543701e-01
2.574368715286254883e-01
2.885455489158630371e-01
2.492103427648544312e-01
2.470916211605072021e-01
6.572864055633544922e-01
2.469118237495422363e-01
2.424232810735702515e-01
3.672885596752166748e-01
2.993327379226684570e-01
2.343244403600692749e-01
3.656068146228790283e-01
2.704283595085144043e-01
3.281383514404296875e-01
3.578306436538696289e-01
3.352587223052978516e-01
3.578306436538696289e-01
3.352587223052978516e-01
2.464365512132644653e-01
3.040896654129028320e-01
3.165445327758789062e-01
2.568171322345733643e-01
2.972659766674041748e-01
2.216283679008483887e-01
2.707280516624450684e-01
1.753456890583038330e-01
3.650901913642883301e-01
2.598488032817840576e-01
4.446034729480743408e-01
2.503620088100433350e-01
3.920103311538696289e-01
3.648351430892944336e-01
5.153710842132568359e-01
4.181684553623199463e-01
2.983450889587402344e-01
2.343012243509292603e-01
3.721991479396820068e-01
2.716300785541534424e-01
4.823085069656372070e-01
5.022410154342651367e-01
3.250993788242340088e-01
4.816040098667144775e-01
2.818793058395385742e-01
3.774245977401733398e-01
4.257093667984008789e-01
3.629026710987091064e-01
4.768307507038116455e-01
4.586777389049530029e-01
4.313736855983734131e-01
2.959254980087280273e-01
2.550180256366729736e-01
2.726437449455261230e-01
3.029987514019012451e-01
3.006209135055541992e-01
2.208211869001388550e-01
5.588987469673156738e-01
2.713833451271057129e-01
4.267382919788360596e-01
3.718208074569702148e-01
3.435437381267547607e-01
3.251308798789978027e-01
2.819512784481048584e-01
2.459123730659484863e-01
2.783158123493194580e-01
3.693810403347015381e-01
4.280863702297210693e-01
4.873340725898742676e-01
3.554019629955291748e-01
1.748330295085906982e-01
9.117580652236938477e-01
2.434684634208679199e-01
4.073765575885772705e-01
3.721559345722198486e-01
3.829505145549774170e-01
3.012069463729858398e-01
3.438272178173065186e-01
3.266557753086090088e-01
2.326998710632324219e-01
3.975674808025360107e-01
4.867495298385620117e-01
4.684999287128448486e-01
4.477345347404479980e-01
2.624430954456329346e-01
2.531007528305053711e-01
2.761352062225341797e-01
3.299173116683959961e-01
3.681171238422393799e-01
3.267690837383270264e-01
2.674147784709930420e-01
6.442428231239318848e-01
2.386509031057357788e-01
2.867223024368286133e-01
3.489067852497100830e-01
3.807686865329742432e-01
3.620659112930297852e-01
1.020662903785705566e+00
1.061550974845886230e+00
2.718715965747833252e-01
2.603133022785186768e-01
2.505373656749725342e-01
2.883856594562530518e-01
2.465881407260894775e-01
2.483060806989669800e-01
1.011317133903503418e+00
4.100038409233093262e-01
2.981838881969451904e-01
2.897554337978363037e-01
3.519076704978942871e-01
2.605960965156555176e-01
2.565059363842010498e-01
2.613203525543212891e-01
3.573247492313385010e-01
2.562308311462402344e-01
4.822221100330352783e-01
4.707385301589965820e-01
2.498109340667724609e-01
4.979065060615539551e-01
4.967464506626129150e-01
2.485008090734481812e-01
