2.446938157081604004e-01
2.941894233226776123e-01
2.259770333766937256e-01
3.940841257572174072e-01
1.751815974712371826e-01
4.182609915733337402e-01
2.871155738830566406e-01
2.900856137275695801e-01
3.010342717170715332e-01
2.999663949012756348e-01
2.452649176120758057e-01
2.587835490703582764e-01
2.894345819950103760e-01
4.710324108600616455e-01
2.940908074378967285e-01
2.328257858753204346e-01
2.684173285961151123e-01
4.161861538887023926e-01
2.374547123908996582e-01
2.570348978042602539e-01
2.850367426872253418e-01
1.115728139877319336e+00
2.497927397489547729e-01
2.480539530515670776e-01
6.865277290344238281e-01
2.498572617769241333e-01
3.738783597946166992e-01
3.973138034343719482e-01
3.402410447597503662e-01
4.512289166450500488e-01
9.458718895912170410e-01
8.704824447631835938e-01
3.296350538730621338e-01
2.914267480373382568e-01
2.703267335891723633e-01
3.467649221420288086e-01
2.441979944705963135e-01
3.980637490749359131e-01
2.778315246105194092e-01
3.014786243438720703e-01
3.466174602508544922e-01
4.753977954387664795e-01
2.155998647212982178e-01
2.278149873018264771e-01
2.719093561172485352e-01
6.441463232040405273e-01
5.494295358657836914e-01
3.994103372097015381e-01
5.102077722549438477e-01
2.737720310688018799e-01
2.663725614547729492e-01
3.002477288246154785e-01
3.102460503578186035e-01
2.966228127479553223e-01
2.340736538171768188e-01
2.881756424903869629e-01
3.248591423034667969e-01
2.467675954103469849e-01
3.011434078216552734e-01
3.117258548736572266e-01
2.564018070697784424e-01
2.982464730739593506e-01
2.147623747587203979e-01
3.032417595386505127e-01
2.685019671916961670e-01
4.479410946369171143e-01
4.666347801685333252e-01
3.041319847106933594e-01
3.229195475578308105e-01
3.835614025592803955e-01
2.983230054378509521e-01
2.248013019561767578e-01
6.414825916290283203e-01
2.318261861801147461e-01
3.329407870769500732e-01
2.845298945903778076e-01
2.227651327848434448e-01
2.416636794805526733e-01
2.432263642549514771e-01
4.406321346759796143e-01
4.406417906284332275e-01
2.967085838317871094e-01
3.392390310764312744e-01
3.647711873054504395e-01
2.638602256774902344e-01
4.213551878929138184e-01
2.826817929744720459e-01
2.519776821136474609e-01
2.553770244121551514e-01
2.885949611663818359e-01
2.471317499876022339e-01
2.479044646024703979e-01
3.544157147407531738e-01
2.857502400875091553e-01
2.659010291099548340e-01
2.878193259239196777e-01
2.949019670486450195e-01
2.272239029407501221e-01
2.589179873466491699e-01
3.967429995536804199e-01
3.288008272647857666e-01
3.181861639022827148e-01
3.314858376979827881e-01
3.181861639022827148e-01
3.314858376979827881e-01
2.443838715553283691e-01
2.498768270015716553e-01
2.890442013740539551e-01
3.268260359764099121e-01
2.961573600769042969e-01
2.237057387828826904e-01
3.601946532726287842e-01
1.750955581665039062e-01
3.856444060802459717e-01
3.077968955039978027e-01
4.000527262687683105e-01
3.032350242137908936e-01
2.793824970722198486e-01
3.017207086086273193e-01
6.569278240203857422e-01
5.978269577026367188e-01
2.972768843173980713e-01
2.233085781335830688e-01
2.723822295665740967e-01
4.338682889938354492e-01
4.793979227542877197e-01
6.518293619155883789e-01
4.130512773990631104e-01
4.757422506809234619e-01
3.146306574344635010e-01
4.722950458526611328e-01
4.768425822257995605e-01
4.689216315746307373e-01
3.791537284851074219e-01
4.046875834465026855e-01
3.659341633319854736e-01
2.494240701198577881e-01
3.031794428825378418e-01
3.137553930282592773e-01
2.544341087341308594e-01
2.950284183025360107e-01
2.158140391111373901e-01
9.009087681770324707e-01
2.685330808162689209e-01
8.210296630859375000e-01
2.511344850063323975e-01
3.054890632629394531e-01
2.573252022266387939e-01
2.772934436798095703e-01
2.434575408697128296e-01
3.027463555335998535e-01
8.777616024017333984e-01
4.468304216861724854e-01
8.288497924804687500e-01
4.554896056652069092e-01
1.731812953948974609e-01
6.450346708297729492e-01
3.019687235355377197e-01
3.015902638435363770e-01
3.049060702323913574e-01
3.196509182453155518e-01
3.428902626037597656e-01
3.056930899620056152e-01
3.119727075099945068e-01
3.546504974365234375e-01
2.732713520526885986e-01
4.522858560085296631e-01
4.663464426994323730e-01
4.581058621406555176e-01
2.570637762546539307e-01
2.771396636962890625e-01
2.650157809257507324e-01
4.766181409358978271e-01
4.850070476531982422e-01
4.552963972091674805e-01
9.522994160652160645e-01
8.445876240730285645e-01
2.388892322778701782e-01
2.931951284408569336e-01
2.574537396430969238e-01
2.906462848186492920e-01
3.592759966850280762e-01
9.995237588882446289e-01
6.941805481910705566e-01
3.757701516151428223e-01
3.567558228969573975e-01
2.571069598197937012e-01
2.894418537616729736e-01
2.469331473112106323e-01
2.475422322750091553e-01
5.847154855728149414e-01
2.775793075561523438e-01
4.218803346157073975e-01
2.851137518882751465e-01
2.564400434494018555e-01
3.620698750019073486e-01
2.512820065021514893e-01
3.730684518814086914e-01
2.464078217744827271e-01
2.543219327926635742e-01
4.645308554172515869e-01
4.810377359390258789e-01
2.510693073272705078e-01
4.971255958080291748e-01
4.965839087963104248e-01
2.476579397916793823e-01
