2.372708469629287720e-01
3.788978159427642822e-01
2.485244274139404297e-01
2.383843958377838135e-01
1.732731759548187256e-01
3.791562914848327637e-01
2.614861428737640381e-01
2.869310975074768066e-01
2.863442599773406982e-01
3.014052212238311768e-01
2.645692527294158936e-01
2.569172382354736328e-01
3.037763237953186035e-01
2.593730390071868896e-01
2.973047792911529541e-01
2.385609447956085205e-01
3.510846793651580811e-01
3.088568747043609619e-01
2.530322670936584473e-01
2.540290653705596924e-01
2.874163985252380371e-01
8.113997578620910645e-01
2.522332668304443359e-01
2.477512657642364502e-01
7.361463308334350586e-01
2.525915503501892090e-01
3.636481463909149170e-01
3.040096759796142578e-01
3.493221402168273926e-01
3.198623359203338623e-01
9.614738225936889648e-01
7.002921104431152344e-01
3.762341439723968506e-01
2.833395004272460938e-01
2.348042428493499756e-01
3.521231114864349365e-01
2.984895408153533936e-01
2.383827865123748779e-01
4.523971080780029297e-01
2.418385744094848633e-01
3.839042484760284424e-01
5.294275283813476562e-01
2.377973943948745728e-01
2.126316577196121216e-01
3.772028386592864990e-01
4.257996976375579834e-01
5.775815844535827637e-01
3.585508167743682861e-01
4.063055217266082764e-01
2.950027883052825928e-01
2.543858885765075684e-01
3.043443560600280762e-01
3.579564690589904785e-01
2.864539027214050293e-01
2.224424928426742554e-01
2.457122355699539185e-01
3.479921519756317139e-01
2.491016387939453125e-01
3.018870651721954346e-01
3.221780955791473389e-01
2.626554667949676514e-01
2.979316413402557373e-01
2.118337303400039673e-01
3.119616210460662842e-01
2.680727541446685791e-01
4.515507519245147705e-01
4.768463671207427979e-01
2.467162162065505981e-01
3.784840703010559082e-01
3.745245337486267090e-01
3.004063665866851807e-01
2.639542222023010254e-01
6.310334205627441406e-01
2.311573773622512817e-01
3.507014214992523193e-01
2.924828231334686279e-01
2.381200492382049561e-01
2.401194572448730469e-01
2.536322474479675293e-01
4.361770749092102051e-01
4.437617957592010498e-01
2.899771332740783691e-01
3.470990657806396484e-01
3.592678606510162354e-01
2.633021175861358643e-01
4.093541800975799561e-01
2.556579113006591797e-01
2.189274281263351440e-01
2.574856281280517578e-01
2.927339375019073486e-01
2.505606710910797119e-01
2.468943595886230469e-01
4.583684802055358887e-01
2.724063396453857422e-01
2.964039146900177002e-01
3.207804858684539795e-01
2.953579425811767578e-01
2.298153489828109741e-01
2.919810414314270020e-01
4.092872142791748047e-01
2.888911664485931396e-01
3.531444370746612549e-01
4.543505012989044189e-01
3.531444370746612549e-01
4.543505012989044189e-01
2.581168711185455322e-01
2.478581219911575317e-01
3.819413483142852783e-01
3.803277313709259033e-01
2.966684997081756592e-01
2.288493961095809937e-01
3.263174593448638916e-01
1.781712472438812256e-01
3.693400919437408447e-01
2.712946832180023193e-01
2.502129077911376953e-01
3.037711679935455322e-01
3.267748057842254639e-01
2.867855727672576904e-01
4.577660262584686279e-01
5.740417838096618652e-01
2.997718453407287598e-01
2.183158397674560547e-01
2.665789723396301270e-01
4.010854363441467285e-01
3.672399222850799561e-01
6.276804208755493164e-01
4.084413349628448486e-01
4.897621273994445801e-01
3.029950559139251709e-01
4.768802523612976074e-01
4.834138751029968262e-01
4.546005129814147949e-01
3.267141282558441162e-01
3.957645595073699951e-01
2.661837935447692871e-01
2.373819649219512939e-01
2.388039082288742065e-01
4.225223362445831299e-01
3.725474178791046143e-01
2.863351702690124512e-01
2.919481098651885986e-01
8.073601722717285156e-01
3.656839728355407715e-01
6.977142691612243652e-01
2.553330361843109131e-01
3.061442971229553223e-01
3.927756249904632568e-01
2.957903444766998291e-01
3.041203916072845459e-01
2.480145990848541260e-01
7.207713723182678223e-01
3.442576527595520020e-01
6.329518556594848633e-01
2.346118539571762085e-01
1.733324825763702393e-01
8.533815741539001465e-01
2.913171648979187012e-01
3.163392841815948486e-01
2.758637666702270508e-01
3.759022653102874756e-01
3.192571103572845459e-01
3.167147636413574219e-01
3.224535584449768066e-01
2.185223251581192017e-01
4.187076091766357422e-01
3.832843005657196045e-01
3.707429468631744385e-01
4.885116219520568848e-01
2.729999125003814697e-01
2.596839070320129395e-01
2.689884603023529053e-01
5.024267435073852539e-01
4.881977438926696777e-01
4.995293617248535156e-01
8.483033180236816406e-01
9.724254608154296875e-01
2.517217695713043213e-01
2.911164462566375732e-01
2.295167148113250732e-01
3.006377518177032471e-01
2.354199588298797607e-01
9.337477684020996094e-01
1.084296822547912598e+00
3.795568645000457764e-01
3.550464808940887451e-01
2.527690231800079346e-01
2.880804538726806641e-01
2.503124475479125977e-01
2.447766363620758057e-01
1.193935394287109375e+00
4.318290650844573975e-01
3.839195072650909424e-01
2.897355258464813232e-01
2.264025211334228516e-01
3.753803372383117676e-01
3.776812255382537842e-01
3.307066559791564941e-01
2.814030945301055908e-01
3.188783228397369385e-01
5.198684334754943848e-01
2.799363136291503906e-01
2.480632215738296509e-01
4.979269504547119141e-01
4.964008033275604248e-01
2.506120204925537109e-01
