2.612505555152893066e-01
3.146148324012756348e-01
2.390989065170288086e-01
3.552323877811431885e-01
1.744643151760101318e-01
3.627745211124420166e-01
2.973765134811401367e-01
2.816646993160247803e-01
3.421986699104309082e-01
3.038496077060699463e-01
2.567319869995117188e-01
2.505824267864227295e-01
2.638855874538421631e-01
4.988293647766113281e-01
2.905282080173492432e-01
2.374478578567504883e-01
2.915291786193847656e-01
3.875959813594818115e-01
2.559080123901367188e-01
2.542026937007904053e-01
2.892592847347259521e-01
1.161343812942504883e+00
2.496999353170394897e-01
2.472559958696365356e-01
7.246192097663879395e-01
3.031508028507232666e-01
2.944960296154022217e-01
3.635716736316680908e-01
2.199289500713348389e-01
2.878344058990478516e-01
8.945971131324768066e-01
8.598769903182983398e-01
2.717395126819610596e-01
2.911115586757659912e-01
2.470130920410156250e-01
3.120048642158508301e-01
2.916195094585418701e-01
2.524622082710266113e-01
3.044058680534362793e-01
2.494754493236541748e-01
3.997690081596374512e-01
5.283871889114379883e-01
3.520804345607757568e-01
2.335275858640670776e-01
3.772049844264984131e-01
7.817803621292114258e-01
7.925373911857604980e-01
3.451971709728240967e-01
3.795480430126190186e-01
2.799001932144165039e-01
2.793867588043212891e-01
3.124588131904602051e-01
3.073263764381408691e-01
2.975368201732635498e-01
3.385708630084991455e-01
2.889426350593566895e-01
3.359768688678741455e-01
2.953914403915405273e-01
2.531079947948455811e-01
2.596020996570587158e-01
3.015994429588317871e-01
2.241211831569671631e-01
2.515443265438079834e-01
3.567499518394470215e-01
4.023090898990631104e-01
3.642976880073547363e-01
3.181957304477691650e-01
2.673577070236206055e-01
3.312397003173828125e-01
3.272553384304046631e-01
2.968007922172546387e-01
3.499971032142639160e-01
1.200559616088867188e+00
2.265529334545135498e-01
3.598035871982574463e-01
2.846444845199584961e-01
2.759221494197845459e-01
2.394151687622070312e-01
2.470777928829193115e-01
4.503797888755798340e-01
4.219365119934082031e-01
2.891044914722442627e-01
3.436478376388549805e-01
3.551896512508392334e-01
2.672294676303863525e-01
4.156954586505889893e-01
2.606876492500305176e-01
2.663056850433349609e-01
2.564462125301361084e-01
2.877259552478790283e-01
2.496294826269149780e-01
2.463482171297073364e-01
3.833287656307220459e-01
2.940397262573242188e-01
2.602598071098327637e-01
2.944809794425964355e-01
2.943193912506103516e-01
2.718762457370758057e-01
2.476966828107833862e-01
4.392043352127075195e-01
3.482462763786315918e-01
4.413751363754272461e-01
3.173410296440124512e-01
4.413751363754272461e-01
3.173410296440124512e-01
2.733908295631408691e-01
2.523671388626098633e-01
2.837966084480285645e-01
3.225201964378356934e-01
2.782168984413146973e-01
3.554858267307281494e-01
3.290655612945556641e-01
1.763327717781066895e-01
3.687666654586791992e-01
2.697393000125885010e-01
3.136323094367980957e-01
2.436611205339431763e-01
3.854307234287261963e-01
3.839192688465118408e-01
5.948721170425415039e-01
6.132379174232482910e-01
2.872525453567504883e-01
3.427546918392181396e-01
3.632331788539886475e-01
4.128536581993103027e-01
4.270747601985931396e-01
4.915741384029388428e-01
2.628962695598602295e-01
3.643493652343750000e-01
3.219081461429595947e-01
3.087472915649414062e-01
3.221053183078765869e-01
3.368631303310394287e-01
5.078417062759399414e-01
5.188511013984680176e-01
5.248524546623229980e-01
2.945455908775329590e-01
2.577745020389556885e-01
2.832204401493072510e-01
3.449846804141998291e-01
2.977961599826812744e-01
3.042836487293243408e-01
1.213670611381530762e+00
2.649057507514953613e-01
1.226894497871398926e+00
3.548776805400848389e-01
3.461292088031768799e-01
2.828401923179626465e-01
2.812079191207885742e-01
2.529595494270324707e-01
2.959729135036468506e-01
1.207427144050598145e+00
3.660360872745513916e-01
1.241634011268615723e+00
3.739540278911590576e-01
1.735944449901580811e-01
8.909388780593872070e-01
2.430385500192642212e-01
3.125762045383453369e-01
2.986489832401275635e-01
2.947639226913452148e-01
3.863585889339447021e-01
3.978490531444549561e-01
3.989591896533966064e-01
2.839441597461700439e-01
4.476698338985443115e-01
5.460877418518066406e-01
5.396347045898437500e-01
5.298466682434082031e-01
2.681513726711273193e-01
2.550057470798492432e-01
2.689696550369262695e-01
4.825709164142608643e-01
5.064151287078857422e-01
5.094095468521118164e-01
1.044904947280883789e+00
8.922079801559448242e-01
2.481268048286437988e-01
2.965430319309234619e-01
2.174823731184005737e-01
2.667837142944335938e-01
2.434107810258865356e-01
1.165715098381042480e+00
1.064737558364868164e+00
3.182968795299530029e-01
3.621090054512023926e-01
2.549526691436767578e-01
2.869077920913696289e-01
2.472856640815734863e-01
2.478151172399520874e-01
1.290859818458557129e+00
2.969507277011871338e-01
4.277907311916351318e-01
2.964344918727874756e-01
3.701604604721069336e-01
2.453537583351135254e-01
2.622658312320709229e-01
2.579101920127868652e-01
3.594475388526916504e-01
3.649678230285644531e-01
4.684665799140930176e-01
3.102673292160034180e-01
2.490027248859405518e-01
4.973201453685760498e-01
4.964402914047241211e-01
2.496426254510879517e-01
