2.631774973770660830e-01
2.783548647516392860e-01
2.343149379915333841e-01
3.028874229587313893e-01
1.750308453423507771e-01
2.862233382153286376e-01
2.715510179408307523e-01
2.760145881044474003e-01
2.921681917950404439e-01
2.981110055293434424e-01
2.444652051726731723e-01
2.490055381201833895e-01
2.675961354012530991e-01
2.837252356930602404e-01
2.967100071274124118e-01
2.267031629963521255e-01
2.708787500983760310e-01
3.330323246234682677e-01
3.165687182032609348e-01
2.556756039667275049e-01
2.849932695035191643e-01
5.788161260490223281e-01
2.491964357522663820e-01
2.482970478504006595e-01
6.892438087985180983e-01
2.509689529273134712e-01
2.978865239809632137e-01
3.559103395701704309e-01
2.502780123748006846e-01
2.717714858990231130e-01
4.287996047381213427e-01
5.960576109347132112e-01
2.877122517523191259e-01
2.925673577313210871e-01
2.427848483869992358e-01
2.581380759448823614e-01
2.726212643832042759e-01
3.268780996836400110e-01
2.712600823433856667e-01
2.484398391959429520e-01
3.827174441086718115e-01
4.694535762606867335e-01
2.217059197642980151e-01
2.171545235426027010e-01
3.606896841110270313e-01
3.654840171687081529e-01
2.770350141654163711e-01
3.299117540431038553e-01
4.148311147552513622e-01
2.511792979411647253e-01
2.828267300200371648e-01
2.824711153075283865e-01
2.619789208761303945e-01
2.968197826906930903e-01
2.235686416765636508e-01
2.913538741661339526e-01
2.855013897649165688e-01
2.557457344406146027e-01
2.817322188725120968e-01
2.857551709234825710e-01
2.591344326493495998e-01
2.967987202877681030e-01
2.135023267709827699e-01
2.647575836284153383e-01
2.658954609792344437e-01
4.258153277790792113e-01
3.469963452428023731e-01
2.610939401788103797e-01
3.084684859895080455e-01
3.105038796758582409e-01
2.962620634115787910e-01
2.247807104566151848e-01
6.491423018267281631e-01
2.338984793997750666e-01
3.260264463752567954e-01
2.877433231758868004e-01
2.208647547449998361e-01
2.418163862276140053e-01
2.407670336482783391e-01
4.378334828476637131e-01
4.437797082307933239e-01
2.957082646058240560e-01
3.351715249365284643e-01
3.666521499185634303e-01
3.185766865041121387e-01
2.800919430766518614e-01
2.791812765704786425e-01
2.786411111797650886e-01
2.544695276410708917e-01
2.817807148134343631e-01
2.474983087194727871e-01
2.505233602977745555e-01
4.520007117845226130e-01
2.698009569322902812e-01
2.612119132261370713e-01
2.860183607454655497e-01
2.967514151179211912e-01
2.294264490338153162e-01
2.567503967413682364e-01
2.945336065455105290e-01
3.164835700671253527e-01
2.883586430054123628e-01
2.877715247327338743e-01
2.883586430054123628e-01
2.877715247327338743e-01
2.212952981084886639e-01
2.459626490569129798e-01
2.598282191142741171e-01
2.966825513985991147e-01
2.968914688737535057e-01
2.198480444284314217e-01
3.440046628108324178e-01
1.742748581967591970e-01
3.860449735412856409e-01
2.908083822205868585e-01
3.041173390968434642e-01
2.579262246912127909e-01
3.323999105339827675e-01
3.177385104417277950e-01
5.360845924005277485e-01
5.643259495162836759e-01
2.961895051663019918e-01
2.308804206919715385e-01
2.877376527277922813e-01
2.783918872631636621e-01
3.889404098070690097e-01
3.204173897424414941e-01
2.799328304338867257e-01
3.792812568317835975e-01
2.895041245595212920e-01
4.037382486148648475e-01
3.330598216310088344e-01
3.895223965871192351e-01
3.707072588488740106e-01
3.402240294792592268e-01
3.398689219195242250e-01
2.546291371386845137e-01
2.512185265305315607e-01
2.944037316650751634e-01
3.059405284675514869e-01
2.961416848798307799e-01
2.149549886701425938e-01
3.182996439287590906e-01
2.771530431695234387e-01
3.756152844784505507e-01
2.891784633762830015e-01
2.977457449655319111e-01
2.708229966523461596e-01
2.797801963335010966e-01
2.491188406354095108e-01
2.695439260004728887e-01
3.472844654133213083e-01
2.440542260971319544e-01
3.727768214019528958e-01
3.036073880589517104e-01
1.739816600936125446e-01
3.444090591848011917e-01
2.443596648096852675e-01
2.628699338145554232e-01
2.812243273574975277e-01
2.986013376153427434e-01
3.941098156079071435e-01
3.864275295343646555e-01
3.824450445328942960e-01
2.338924789663070214e-01
2.352049540183004939e-01
3.833071971976012016e-01
4.200154792619353317e-01
4.331727051985815868e-01
2.493599795996954693e-01
2.572897252554891545e-01
2.491503322848450386e-01
4.279535430636663418e-01
4.209489184385769578e-01
3.866532034499562398e-01
2.650930069778256182e-01
3.084645438253884042e-01
2.393890095468731438e-01
2.859630502051344614e-01
2.358057432347464011e-01
2.673275211087575154e-01
3.348070727511520683e-01
5.712254007493701158e-01
3.327655434355912822e-01
3.452122777086280014e-01
2.630445789548938040e-01
2.526766766960248378e-01
2.908154231840384130e-01
2.473436286420958863e-01
2.451126215802622577e-01
6.870284681011307182e-01
2.740060979123353224e-01
2.657452150859064832e-01
2.925575343304223641e-01
2.716972807560545378e-01
2.963206208429302047e-01
2.627643194722102393e-01
2.755480901624682843e-01
2.653147800301745018e-01
2.597418466716337471e-01
4.665691781307666486e-01
4.858777210934024371e-01
2.507689675398215856e-01
4.969953992386788588e-01
4.964506370220878040e-01
2.461549789502604502e-01
