2.497787469305171593e-01
2.626109686451661429e-01
2.272757022837615659e-01
3.703453503735239516e-01
1.751242631119303284e-01
3.714643348999741024e-01
3.367204185543910544e-01
2.810930329066071987e-01
2.533455268970684071e-01
3.033245362951394464e-01
2.440466188117087765e-01
2.894357747852757679e-01
2.527651535476742040e-01
4.281319289189812194e-01
2.952437681087095589e-01
2.316324459139699754e-01
3.375429908620231623e-01
2.801985845325537516e-01
3.409762198068361227e-01
2.542771916434408697e-01
2.871147563059091579e-01
4.272542731902191360e-01
2.486463258484687688e-01
2.468651356998733393e-01
5.826211637653603281e-01
2.493778608728388912e-01
2.922338713365177920e-01
2.864243365483130632e-01
2.313462945477728072e-01
3.105917806384599911e-01
4.304180939627091362e-01
3.886477009505787672e-01
2.811019414693363139e-01
2.702854016507958423e-01
2.535933930386383706e-01
2.714088439186609913e-01
2.670007343319737991e-01
3.150377435115631064e-01
2.991810654314971396e-01
2.780394566457637939e-01
3.304950332397434409e-01
4.833185371161948796e-01
2.197119523447182698e-01
2.166724694527147332e-01
2.786408495950218334e-01
4.726435424525680662e-01
4.640658325780299687e-01
3.065842456308450759e-01
3.977081688016245731e-01
2.540302057965138638e-01
2.579604447287822677e-01
2.930831705915446506e-01
2.876734024176782478e-01
2.965307114513778264e-01
2.276800767587509322e-01
3.014793622876863477e-01
3.022113866405888860e-01
2.472213196130862711e-01
2.827781860244328316e-01
3.013739130556084556e-01
2.567874926336941033e-01
2.974200586708413141e-01
2.134098539839801023e-01
2.874021500100253368e-01
2.671804283440774586e-01
3.443014071400650744e-01
3.967472554020477493e-01
2.795750390631686622e-01
2.822598674265139329e-01
2.999202719748415014e-01
2.971172261416286098e-01
2.212715455055014602e-01
7.628875730527479027e-01
2.296182090333947212e-01
3.321201476332309999e-01
2.827957480301870885e-01
2.188853932778508649e-01
2.399478130825020428e-01
2.408617548462308744e-01
4.099659606286880642e-01
4.429033957425895229e-01
2.935687034071059465e-01
3.350125247131900408e-01
3.529231557290982702e-01
3.197950044087901067e-01
2.809315435371558256e-01
2.756935944074845879e-01
3.270963265157896815e-01
2.543662458283219574e-01
2.865225123802593865e-01
2.482785680818911378e-01
2.457962269530619415e-01
4.401231065224145422e-01
2.538533485450081839e-01
2.456936825764786114e-01
3.096679117517150970e-01
2.954823545510373295e-01
2.261377810828301138e-01
2.808942987178296158e-01
2.747708992275639250e-01
2.989235428211117207e-01
3.188467334815319187e-01
2.771655528353442199e-01
3.188467334815319187e-01
2.771655528353442199e-01
2.339120831853754301e-01
2.514376302603751334e-01
2.958232973494013818e-01
2.857116576362447313e-01
2.960045335043219317e-01
2.224123167408460777e-01
2.991729607350203657e-01
1.749633124712840215e-01
3.773163756100390565e-01
2.721349460729378111e-01
3.027026775388194091e-01
2.494422361877449423e-01
3.226974039469280853e-01
2.796789795118488908e-01
4.905988926707152697e-01
4.634713436085383109e-01
2.957293627446080375e-01
2.273249721424180636e-01
3.065876648799464310e-01
2.978374934742673563e-01
4.571877825015138175e-01
3.971737708258196164e-01
2.995825862591860456e-01
3.152818181632876526e-01
3.239963798378093784e-01
3.183571869592538017e-01
3.081808572384836520e-01
3.277161238707101409e-01
3.539851582096281701e-01
3.468451831891734560e-01
3.594303674718203889e-01
2.556008534155586043e-01
2.735432941377621274e-01
2.774544530622408134e-01
2.636635457400684501e-01
2.978947479002683196e-01
2.150461331721650327e-01
4.258808116904001517e-01
2.721222689070709189e-01
4.250630051126224052e-01
2.714944382463108097e-01
3.145104255426932616e-01
2.991018516081414558e-01
2.663510673840682186e-01
2.435327665554465615e-01
2.585388080554995582e-01
3.581135635007611784e-01
3.637214584808227125e-01
3.135569990600924339e-01
3.464252024418510989e-01
1.743667213550274542e-01
5.905254456375933492e-01
2.483030747438418617e-01
2.777054986932882552e-01
2.764396228145069578e-01
2.815217271729648085e-01
3.480501307227478192e-01
3.755550496530246085e-01
3.502461348084856541e-01
2.285081028393659841e-01
2.601306032043645411e-01
3.674803761859832263e-01
4.197965796872035749e-01
4.017743699023041959e-01
2.511911431431496644e-01
2.560688371802373742e-01
2.561126590795475000e-01
3.853647586332026309e-01
4.008124912091712289e-01
3.822914659984283370e-01
2.482304938150700635e-01
5.225472492581142436e-01
2.470576281323190737e-01
2.889201857879518665e-01
2.252022055592342864e-01
2.719438869261063263e-01
2.499571106608431681e-01
7.626235641338360294e-01
7.534375676511194664e-01
3.027402298750186405e-01
3.144031974631531501e-01
2.552024133105353365e-01
2.875244959806684819e-01
2.477355620948167303e-01
2.475435125333475261e-01
6.532097219960737444e-01
2.968596971657960770e-01
2.761032374047686089e-01
2.924813067022886681e-01
2.970501463223532701e-01
2.704754728208822456e-01
3.171734313394753424e-01
2.538928503115820412e-01
2.807137296057347076e-01
2.729156420512924286e-01
3.824514935640124236e-01
3.541652539597653360e-01
2.469936101650903049e-01
4.961740519841851271e-01
4.963616504946409824e-01
2.479837828427418900e-01
