2.512071670761992781e-01
2.559531612268898249e-01
2.246511441284306243e-01
4.213950171177927584e-01
1.725440164333209014e-01
3.152988602359567682e-01
3.565335165082954005e-01
2.812616356038073473e-01
2.509614662582805855e-01
2.998491895224189574e-01
2.488069223699535260e-01
2.940766314963054184e-01
2.505123712693614890e-01
2.968969032324437207e-01
2.967465059037415198e-01
2.282728225200909289e-01
2.665603712652103163e-01
3.990332773588221582e-01
3.636564073612557069e-01
2.566686705538928637e-01
2.873358612863885497e-01
8.011445944665483987e-01
2.493502648854110659e-01
2.461969069612239547e-01
6.774681069121554211e-01
2.742589356811788170e-01
2.612465921926878099e-01
2.772713127496010399e-01
2.287836381094367766e-01
2.897047793822339901e-01
7.133080757760507096e-01
6.848252826953710182e-01
2.608510092621821319e-01
2.761845596810463821e-01
2.579177613096447219e-01
2.766065004824335705e-01
2.663237060436153270e-01
2.631589034304000485e-01
3.712459823889852073e-01
2.770913176276907364e-01
3.400528427579884716e-01
4.842017115213691492e-01
2.161766879322960799e-01
2.210362202650728025e-01
2.759793529956766633e-01
6.047380805242912327e-01
5.154743665131854558e-01
3.152721166987651480e-01
4.609464411939580009e-01
2.867527113639943281e-01
2.599662459996328612e-01
2.724623921796432424e-01
2.960656240416121299e-01
2.979117016113271843e-01
2.295514296405214150e-01
2.698493425829737724e-01
3.328002874430762703e-01
2.471788132104593694e-01
2.809769252320269972e-01
2.952600235000795714e-01
2.605843027528692013e-01
2.981721443407895911e-01
2.119167038367618383e-01
2.945666772866869509e-01
2.584202490785946771e-01
3.353140960022703010e-01
4.157242616508011746e-01
2.482256791627852621e-01
3.151849790879431290e-01
2.775932887714243069e-01
2.972139973156532888e-01
2.237944630040965555e-01
6.757123690549594608e-01
2.298626811653768920e-01
3.331733288855422415e-01
2.859467066162558191e-01
2.199856774840535378e-01
2.390935268296183469e-01
2.392432636772988952e-01
4.423328390756899320e-01
4.309404704989220347e-01
2.955487161352297054e-01
3.297268528872656645e-01
3.691213448535036745e-01
3.753193732588041565e-01
2.650502129259279527e-01
2.830307102100280692e-01
4.409582845173414256e-01
2.532450216086354344e-01
2.870610678890045953e-01
2.479173707426442219e-01
2.487664819660116988e-01
7.020645417600828164e-01
2.801938683170058786e-01
2.489276262876011503e-01
3.051771855295441482e-01
2.968599210200550398e-01
2.277416328848068661e-01
2.553074723625111120e-01
3.447520847389878296e-01
3.203846185984596251e-01
2.639519168948371020e-01
2.699708375448183206e-01
2.639519168948371020e-01
2.699708375448183206e-01
2.302378751358115649e-01
2.550845339230540798e-01
2.560462063118489340e-01
2.887994673662688805e-01
2.975309131811350039e-01
2.176692435842690065e-01
3.194264831224603030e-01
1.767534780098592440e-01
3.792656062395016736e-01
2.742066334400568572e-01
4.040679546917317899e-01
2.831029194080405542e-01
3.018473586162698230e-01
3.396177352147743411e-01
6.211165407992027543e-01
5.119825978624663598e-01
2.944698638385772616e-01
2.198684005759379834e-01
2.642922308287740663e-01
3.293135580300931009e-01
4.351517978963229671e-01
5.208991981359794021e-01
2.751729081257012210e-01
4.910071797486308953e-01
2.957497124924045595e-01
4.110310513797726939e-01
4.518309556446892250e-01
4.418079973864927901e-01
3.118550982262118798e-01
3.286363285462581274e-01
3.106842731544527392e-01
3.018510840309634458e-01
2.464719133335623036e-01
2.555675700202967304e-01
2.971954701060305348e-01
2.994377789340609830e-01
2.116887307554668474e-01
4.071781246926345355e-01
2.629264800364340959e-01
2.982517524664843878e-01
3.782911825959984209e-01
3.193028029197000350e-01
2.705280516785734668e-01
2.793288107584527835e-01
2.408245499422697056e-01
2.747299237257821436e-01
5.150570301334901346e-01
3.625714496171155155e-01
5.163383410856889899e-01
3.143012359486717089e-01
1.739591654094883033e-01
3.849670730719619849e-01
2.517361178599924476e-01
2.658249267016125073e-01
2.763530030297191575e-01
3.160811452090597218e-01
3.396735986880524694e-01
3.394467434085463031e-01
3.051520964650292767e-01
2.246192406910599570e-01
3.010737011708184974e-01
3.274568487878698475e-01
3.932708984616898884e-01
3.320090019762623745e-01
2.502819281983867938e-01
2.552256320071371598e-01
2.602364369581923187e-01
4.598505658589326917e-01
4.652044511624138790e-01
4.468953907516099999e-01
2.644241960508732503e-01
2.979713447755992783e-01
2.948322243969195844e-01
2.876126698355386258e-01
2.247214538163194164e-01
2.778263200418258916e-01
2.360870427716575959e-01
6.204739677782611373e-01
4.852171240938924490e-01
3.157061009961098508e-01
2.470232999255509987e-01
2.570902818314112492e-01
2.897040351301596317e-01
2.489771725980430839e-01
2.475713306920049595e-01
7.328564957726967366e-01
4.469510417948028835e-01
2.328846772760646000e-01
2.924412684669004392e-01
3.356101186278576676e-01
2.696333149286833097e-01
3.322154059240515211e-01
2.406756147434390980e-01
3.720863346523649584e-01
2.829008556896932536e-01
4.670972432399672636e-01
4.943393321055488676e-01
2.450073820358521781e-01
4.977472972736263213e-01
4.957743578389959827e-01
2.491972041004319460e-01
