2.490244628459832299e-01
2.605289364218593695e-01
2.273048021313034683e-01
3.667364454412732622e-01
1.752656131831980546e-01
3.864695017283230616e-01
3.234770276673977207e-01
2.851254661481311126e-01
2.529091576354590143e-01
3.023007638220540638e-01
2.442234840496320669e-01
2.866459877394757494e-01
2.533260509947470873e-01
3.917628207398693441e-01
2.950296999074048521e-01
2.282910783660958010e-01
3.508088531401242216e-01
2.737891071307138602e-01
3.339135553585797500e-01
2.539328079506591451e-01
2.869367494486977921e-01
8.832526595345508991e-01
2.495254617330821822e-01
2.459652146171728837e-01
6.402777703279804999e-01
2.491218014858471441e-01
3.113664017810019446e-01
3.369529127297072324e-01
2.428574031687679435e-01
2.993188669643054856e-01
4.828767292346157758e-01
5.506975938719163022e-01
3.085120424155722296e-01
2.910938062586127528e-01
2.374945615444836178e-01
2.442923325805363421e-01
2.779746726012577995e-01
3.262893350455956520e-01
2.524376328341035869e-01
2.544368127676212010e-01
2.977155475922906858e-01
4.785804569202977143e-01
2.211964440933578691e-01
2.242709742604803436e-01
3.038941035030305327e-01
3.818810539271872417e-01
3.537461199538191048e-01
3.392133591501063639e-01
3.057635916397380416e-01
2.531723657788850779e-01
2.850397382060891882e-01
2.928124095023695861e-01
2.624154030441560592e-01
2.962126370138595255e-01
2.294433250531201507e-01
2.990933703632682739e-01
2.805792540804669111e-01
2.729166725548904937e-01
2.579385687075397837e-01
2.622509502397188386e-01
2.803289344210309064e-01
2.979941044713950715e-01
2.138705821427432097e-01
2.620582683528885903e-01
3.049954426788497597e-01
3.490617800470557364e-01
3.100640095674302432e-01
2.907463624728511831e-01
2.736573673450141131e-01
3.122310673300361938e-01
2.966830787916545642e-01
2.254938592691697330e-01
6.886383015313913836e-01
2.309038523867780468e-01
3.321475016235600486e-01
2.866872918140340176e-01
2.206887875501445939e-01
2.395982814034224306e-01
2.410228007067818923e-01
4.402904062097504623e-01
4.349987866117562274e-01
2.944521211469457445e-01
3.412528739069458084e-01
3.677746071044827314e-01
2.691372277608086727e-01
3.407684151947790174e-01
2.789980837838789696e-01
2.596631893947177749e-01
2.547252572021990735e-01
2.861288870920454808e-01
2.493930610235707557e-01
2.475644739215991097e-01
3.430197856050973826e-01
2.718730796451553355e-01
2.503316694685477350e-01
2.937671986224746346e-01
2.945316921675057986e-01
2.284480847114971069e-01
2.539673376808688765e-01
3.140984794736338404e-01
3.054168104846494702e-01
2.840399798372676421e-01
2.683355996688523981e-01
2.840399798372676421e-01
2.683355996688523981e-01
2.248327663067487547e-01
2.610674369432041120e-01
2.891944330273563679e-01
2.787956666626267843e-01
2.968771899980574003e-01
2.174144256694470201e-01
2.895721273493233605e-01
1.749424916506052419e-01
3.688814400232667268e-01
2.564427637599434595e-01
3.053840540314929353e-01
2.509641579509268583e-01
3.534372494434926959e-01
3.481565497737292292e-01
4.820211143768483031e-01
4.518577883727543654e-01
2.962241665283525394e-01
2.315961672627969425e-01
3.100986817916115412e-01
2.566625783480057099e-01
4.441885935793173368e-01
4.807919383411344838e-01
2.561452275300695747e-01
4.321277050867853298e-01
2.995797447868021601e-01
3.521644048553568274e-01
3.715797350813367372e-01
3.697611955099336378e-01
3.583587520733820253e-01
3.714453563817313175e-01
3.710130775326441754e-01
2.597303321690506706e-01
2.454840685762596231e-01
2.810505717633683953e-01
3.031216421417909368e-01
2.965607086566328099e-01
2.179685176075396302e-01
3.183115802208343892e-01
2.763484287802403516e-01
3.387739747357524367e-01
3.091559733379085073e-01
2.763735747867093195e-01
2.715866850621226347e-01
2.668365200075493715e-01
2.577931306744047912e-01
2.614236644900232998e-01
3.321951660799020711e-01
2.680853435437966503e-01
3.495037332209562919e-01
2.894231693903575597e-01
1.737642697301019223e-01
5.146888665630731108e-01
2.553636973456669401e-01
2.908617876334985142e-01
2.919811027064463382e-01
2.750995268309941455e-01
3.346920771710456544e-01
3.335275325564809323e-01
3.116094122825498469e-01
2.342230871764524325e-01
2.544450836539913774e-01
3.235544921621558156e-01
3.349552227871717691e-01
3.295875097880174853e-01
2.571342452818389801e-01
2.543316984929019364e-01
2.498228559854390185e-01
3.702443491208562421e-01
3.096267502637368163e-01
3.399856048197767433e-01
2.670971700471633792e-01
4.764518860659426314e-01
2.420827311934015957e-01
2.854058323668491326e-01
2.255172614978939449e-01
3.043404279022803305e-01
2.943505145757737695e-01
8.416118450654133110e-01
5.700331037200401241e-01
2.825712750386589756e-01
2.653905632648378976e-01
2.543647052209860315e-01
2.857786739307717205e-01
2.476753298523969860e-01
2.464884712983932136e-01
8.126061210708546145e-01
2.622123032843037271e-01
2.547145021678844379e-01
2.922470794116212023e-01
2.940536113838226329e-01
3.058468418271589884e-01
3.273064465087500152e-01
2.619671937238730597e-01
2.622384079455628569e-01
2.766374882889287012e-01
4.591769858615900590e-01
4.919264500630411430e-01
2.474831354261637917e-01
4.963920560602202992e-01
4.962476089958485215e-01
2.476372296592528888e-01
