2.522239871682226964e-01
2.826521365375511130e-01
2.424237983987627687e-01
2.583252441521572962e-01
1.729499524117199261e-01
3.176022465828719499e-01
2.824389989337136031e-01
2.699439566844362703e-01
2.876926582233391150e-01
3.043454772623503390e-01
2.483186243560831508e-01
2.535235156064122308e-01
2.600866194217889560e-01
4.431990519749258173e-01
2.897841183356498207e-01
2.268382832169828778e-01
3.374892947694179690e-01
2.814125252525747634e-01
2.712693734168821758e-01
2.561745026197900788e-01
2.861008992504913695e-01
5.231146809162299238e-01
2.492072657410607239e-01
2.444429672912752094e-01
5.846748493394120505e-01
2.720601055171386062e-01
2.639620029785016420e-01
3.221731796803321002e-01
2.467063252637656523e-01
2.475086855892071891e-01
7.823153744197149928e-01
7.737202057877275996e-01
2.588536244356962057e-01
2.688695171985311383e-01
2.635833950403637105e-01
2.834308604149408661e-01
2.587563583538548539e-01
2.849192557251493674e-01
2.974677086147401450e-01
2.500419692413684003e-01
3.499701656347752876e-01
4.872673898559645722e-01
2.178065138910434406e-01
2.197732874517631385e-01
3.260677085210923476e-01
3.401376825255239544e-01
2.748542547635740019e-01
3.292901015557334610e-01
3.955917097355472478e-01
2.572421401749930836e-01
2.767539774029398880e-01
2.848200692373352161e-01
2.677033074477976338e-01
2.969275213262972946e-01
2.284384079732751094e-01
2.864567158433515837e-01
2.981293863641306663e-01
2.734543781565334508e-01
2.594633427928864089e-01
2.640387660982178586e-01
2.816882087839803206e-01
2.967191914780378248e-01
2.150013760793421103e-01
2.560846791571168013e-01
2.961537312421337331e-01
3.562768668132352823e-01
3.004187015802069483e-01
2.631383824180003050e-01
3.130375339802992651e-01
3.193480343812002964e-01
2.953106286229970623e-01
2.223141445164578123e-01
7.275484279708588353e-01
2.323191282546015479e-01
3.281125054724836621e-01
2.862807033480540553e-01
2.193872086746996297e-01
2.381199030212020895e-01
2.436603353853316056e-01
4.373696433048357424e-01
4.422318682819150748e-01
2.961338627276470792e-01
3.335318308442853930e-01
3.689017540835438091e-01
3.252892927140493273e-01
2.790994425501162057e-01
2.784092672590064987e-01
2.998255920377100314e-01
2.541602109437808843e-01
2.874276578931077575e-01
2.492438808539215178e-01
2.490869017190890378e-01
4.612424232554305781e-01
2.741329589024693592e-01
2.476055526609127200e-01
3.147867756982150045e-01
2.958392172887409632e-01
2.348286651449067453e-01
2.589810724206363934e-01
2.783666433725962008e-01
3.242354623942965697e-01
2.643517144407072084e-01
2.796806142422869068e-01
2.643517144407072084e-01
2.796806142422869068e-01
2.257904904338765562e-01
2.493653642081539445e-01
2.614531959499565850e-01
2.936466803757634136e-01
2.962478038733943331e-01
2.221189127525506346e-01
3.386832576780969273e-01
1.746105341624777652e-01
3.776948987691274295e-01
2.718647317554832576e-01
3.049378453342734829e-01
2.458486877651031299e-01
3.591128556241503511e-01
3.019054305886408329e-01
5.369866460318439838e-01
5.405119093888937076e-01
2.965821185829170537e-01
2.325157023913241028e-01
3.270235626550249131e-01
2.860342145641938671e-01
4.995013669431900283e-01
3.217920589817780397e-01
2.823675537784040568e-01
3.431661410383241573e-01
3.156236184406797651e-01
2.985741936318817569e-01
2.933636871559628378e-01
3.212570464297424544e-01
3.985625234199947631e-01
3.890153832290034752e-01
4.411450072319695881e-01
2.838326050087338071e-01
2.497693527937297764e-01
2.588897256786616419e-01
2.907559914873715790e-01
2.959828383180339584e-01
2.153288558239023764e-01
3.897582244179975119e-01
2.514907794164780719e-01
3.430101697255742432e-01
3.160675780466927209e-01
2.865761978516343511e-01
2.659615272549097909e-01
2.586958679534878680e-01
2.530540409353954634e-01
2.740249757782929896e-01
2.991672023833817362e-01
3.388433763379624097e-01
3.487679446760467150e-01
2.705941745990729785e-01
1.732615545037963500e-01
8.460326399238383699e-01
2.496086978258028333e-01
2.771665033337914474e-01
2.920622025945587286e-01
2.675201223973861508e-01
3.815170419330842777e-01
3.488098985097973226e-01
3.803787102487199423e-01
2.251626913035476019e-01
2.657290880766414176e-01
4.276515605443079737e-01
4.026450821391290291e-01
3.935992268312661913e-01
2.539583763356256241e-01
2.572340913438119214e-01
2.559785439397270213e-01
4.347806492539719736e-01
4.350778341209672329e-01
4.526410251494695225e-01
2.679883335771522934e-01
6.172394588060912124e-01
2.428369179224183494e-01
2.941274747501562148e-01
3.132997540527061031e-01
2.643923415453858228e-01
2.487177379837877123e-01
6.669295274366837667e-01
8.514397094708027192e-01
3.388962044107734495e-01
3.516792785877309035e-01
2.549558595485460488e-01
2.838403569981770014e-01
2.477092390176776071e-01
2.458329519501647742e-01
5.406276765658810657e-01
2.867571103949290157e-01
2.841614270736143033e-01
2.932522209645337385e-01
2.545752795681521796e-01
2.767138841041149044e-01
2.688498771309838498e-01
2.981566998190676165e-01
2.691707929448950987e-01
3.440202826429035188e-01
3.151171543878809045e-01
3.404970974815317852e-01
2.487101906946879992e-01
4.959573326797062642e-01
4.964840297959062232e-01
2.489706652789462626e-01
