2.466895627437184491e-01
2.757750460297001549e-01
2.324276889123008394e-01
2.762805283723954175e-01
1.742998921286212644e-01
3.635802358601548656e-01
2.595190818736085592e-01
2.651531105180506831e-01
2.835400302133981310e-01
2.961846627079762206e-01
2.478972261683022871e-01
2.500852538931915836e-01
2.783090974516316263e-01
2.496098563428719719e-01
2.956284527612270119e-01
2.467073572631952039e-01
3.323503425166898784e-01
3.042411644637895707e-01
2.625824298034929449e-01
2.547187155442754980e-01
2.870983925889154520e-01
8.844471686635086982e-01
2.484343985837541291e-01
2.476576579726283978e-01
7.257783536246447120e-01
3.027430681678345836e-01
2.471553833069883854e-01
3.368270307794455354e-01
2.162532354537764212e-01
2.850721848810064407e-01
5.503591111836197980e-01
5.833956838185639926e-01
3.663720832559125840e-01
2.928074825493403033e-01
2.335207408280285668e-01
2.722932854180377116e-01
2.544915876921814979e-01
2.570582480960891258e-01
2.794259406394576928e-01
2.493020614655719336e-01
3.973518146843967869e-01
5.520931159822666245e-01
3.489566327483277774e-01
2.265143040665741903e-01
3.671042621132241668e-01
8.992200388540521061e-01
9.442715318463308360e-01
3.169091546902443879e-01
3.560647253604208307e-01
2.715674452763719993e-01
2.703327006363442364e-01
2.745779539605920916e-01
2.774089398443969068e-01
2.979517703539738549e-01
3.393835235621084911e-01
2.720485484198885695e-01
3.031797915026335222e-01
2.826716240237578393e-01
2.510081458082895067e-01
2.614814435171677331e-01
2.810969780428536624e-01
2.237959820140178191e-01
2.468384144000349278e-01
3.384200446913004923e-01
3.915028256928594907e-01
3.471382147403616059e-01
2.984503612730327049e-01
2.499586198849561292e-01
3.099539028949859776e-01
3.208510256248006121e-01
2.899658673655021168e-01
3.251369220774310564e-01
7.475268227544803468e-01
2.326565885918638055e-01
3.333444292354741934e-01
2.893234483524381173e-01
2.702788649980079616e-01
2.516888621384761326e-01
2.940323928208213866e-01
2.576557036323679495e-01
4.887007630584897511e-01
2.921199105668914053e-01
2.701330861969926667e-01
2.529457629634752069e-01
3.565178919519635392e-01
2.566302827211156545e-01
2.584275044689525735e-01
3.640080379825594292e-01
2.548061919977304135e-01
2.874666941945308585e-01
2.482257463563287692e-01
2.474781884339003202e-01
5.085076986957189904e-01
2.658555562016883256e-01
2.514656796000674377e-01
3.013626005421536358e-01
2.863781267718928381e-01
2.305252030610712988e-01
2.531751410315791206e-01
2.905667776170838268e-01
2.884859263978413746e-01
2.700279326254007017e-01
2.470331089180451967e-01
2.700279326254007017e-01
2.470331089180451967e-01
3.732031810929720694e-01
2.637877553236265271e-01
3.138132417430931631e-01
2.686261003165332228e-01
2.812895965925895081e-01
2.154906259724360396e-01
2.564229475814874815e-01
1.746133641073273346e-01
3.646911195916289206e-01
2.492094485730456666e-01
2.904052731037615742e-01
2.929871856906338667e-01
2.741285159481387512e-01
3.240156209151283662e-01
4.924310395327948786e-01
4.402573817427619662e-01
2.971752511274188269e-01
2.162872632787155858e-01
2.612163143784397845e-01
4.044139672685278519e-01
4.601451057255052657e-01
5.352099417885534116e-01
3.017601826382698138e-01
4.834041124118839683e-01
2.905324983160654795e-01
4.485183496279774862e-01
4.477642144018547654e-01
4.489950411790933349e-01
3.707476882693790388e-01
3.738698061798475525e-01
3.753610698899220166e-01
2.647822731108810945e-01
2.624690880145621463e-01
2.713151722798349263e-01
2.705249564743568147e-01
2.246497858568297923e-01
3.510094990726126407e-01
7.205162804638184371e-01
3.174442598432590246e-01
6.384864664371251441e-01
3.721809512712214163e-01
2.805972584330920783e-01
2.748638299859689771e-01
2.616873935375756410e-01
2.524244878667441516e-01
2.664462374677328271e-01
7.267054664989658352e-01
3.491697958032996540e-01
7.350607483443575285e-01
3.242414434606231688e-01
1.735927498668193569e-01
9.156357755154833633e-01
2.441399309809345608e-01
2.754490407842979938e-01
2.839235511113452626e-01
2.777766230626465549e-01
3.695709007293991877e-01
3.742620943541720147e-01
3.790009048439019201e-01
3.329005381167574606e-01
4.185003024691056339e-01
4.799899871718683597e-01
4.939197647988460838e-01
5.025561338521832289e-01
2.549695808521668661e-01
2.566792391514939320e-01
2.542593998939332578e-01
3.554322858581714373e-01
3.570171872067716690e-01
3.535816112473476602e-01
9.027758880633863781e-01
8.347523888734376118e-01
2.416300288654231188e-01
2.944988167021567738e-01
2.181255454809762906e-01
3.849815812612887855e-01
2.483813048296525938e-01
3.617412015852599638e-01
5.547198816105710639e-01
2.863666393248826547e-01
3.639059129491329925e-01
2.550402958901548112e-01
2.870619128569471545e-01
2.472825138328345884e-01
2.470938985370241259e-01
4.486683240994262523e-01
3.104470769536691321e-01
2.404455872184390886e-01
2.927085350004398623e-01
3.173927340912558459e-01
2.661217849610251762e-01
3.281747427336133560e-01
2.522772390688449162e-01
3.149481957396297882e-01
2.820697964778884348e-01
2.826548087129197584e-01
5.054657567403353369e-01
2.477943796822262845e-01
4.960538492089864859e-01
4.964498339220965728e-01
2.469439481971073824e-01
