2.772879821567528769e-01
2.878963047542253406e-01
2.292041882497664607e-01
3.947592621538924540e-01
1.739406543587254383e-01
2.758586241585543331e-01
3.014713233373504386e-01
2.606672813498168706e-01
2.650326660981735527e-01
3.020054485270801115e-01
2.408650433810239078e-01
2.727328303902697981e-01
2.555409246831277237e-01
3.764675412036959101e-01
2.950689886225368319e-01
2.299025395409399763e-01
2.973334569519264226e-01
3.495185111493133157e-01
2.751581365457736461e-01
2.560241833536123779e-01
2.887955242474471995e-01
7.251132819297693155e-01
2.472110706124960866e-01
2.487641764917539466e-01
7.546304864864851192e-01
2.404962629798335916e-01
3.518798558559822487e-01
3.628146251576139236e-01
3.221939205584387622e-01
3.801368998126566368e-01
5.175808274222200023e-01
3.875880907778043172e-01
2.690349071930198677e-01
2.624198389790299291e-01
2.641201735950741147e-01
2.861053452474072167e-01
2.611765948264125337e-01
3.163498309988007073e-01
2.309339056392453737e-01
2.801647786035228460e-01
3.327229003322152989e-01
5.499307859315973879e-01
2.191285711847768269e-01
2.232688167057156059e-01
2.755064310284834339e-01
3.621960550679421131e-01
5.184931478081300504e-01
3.860165072966988409e-01
4.450889359464774708e-01
2.568480606421681967e-01
2.860665391793387746e-01
2.808742393304416995e-01
2.520043150739443849e-01
2.988828450661679126e-01
2.214143199007166385e-01
2.777130831273303957e-01
2.749632998096862013e-01
2.697065741881391476e-01
2.570028526372455935e-01
2.604026988048753211e-01
2.850441602918445949e-01
2.989319846404160375e-01
2.119617958618463249e-01
2.635858850390545016e-01
2.934483202409122193e-01
3.319466589199256412e-01
3.003079544274450674e-01
2.864635713518646210e-01
2.955787106237290907e-01
3.384989817956177149e-01
2.967080287525952764e-01
2.279693441074236715e-01
7.311110759202604781e-01
2.395250138881672708e-01
3.281329140587336268e-01
2.861535624030854819e-01
2.183074547340425053e-01
2.389181467792819979e-01
2.380210952217652332e-01
4.412787555206226786e-01
4.340063219618165991e-01
2.901450769167672750e-01
3.375117938392488415e-01
3.638997183008315650e-01
2.704884519606670090e-01
3.548197573634546687e-01
2.673849005431007120e-01
2.597587766307387080e-01
2.543408941834509052e-01
2.877453037078891995e-01
2.513798667974242451e-01
2.478513228960128323e-01
3.601324542703133735e-01
2.685504530816603674e-01
2.480993325529902149e-01
2.959066612169498622e-01
2.958804600590795864e-01
2.262162289361848988e-01
2.697706491284719843e-01
3.138934012054134248e-01
2.939242791856410686e-01
3.004410296566712990e-01
2.773125743184680636e-01
3.004410296566712990e-01
2.773125743184680636e-01
2.349122706929007154e-01
2.402549783221019086e-01
2.909237758177298794e-01
3.528241245096313539e-01
2.956314692475587869e-01
2.196400079294584251e-01
3.226390441708769652e-01
1.760593037983695930e-01
3.744018827721037335e-01
2.632467959283218972e-01
2.616336187447649841e-01
2.547542401773735810e-01
3.526826175980428690e-01
3.223469954935946347e-01
4.659494911990685329e-01
4.998838067464329016e-01
2.965442109167792939e-01
2.205632194839018401e-01
3.248270641080963639e-01
2.974010098445787897e-01
4.899030601202574164e-01
5.088908560842347883e-01
2.593052870186899894e-01
4.028595957877397771e-01
3.006279925188547475e-01
3.147487875538217961e-01
3.538599948027160713e-01
3.506609614837810085e-01
3.328098976390048147e-01
3.518682654550166489e-01
4.380320086898513154e-01
2.825564142950889868e-01
2.432903458268815822e-01
2.470631870755980175e-01
2.836048056528336914e-01
2.916193430690167676e-01
2.558674397624620123e-01
8.694862117666677381e-01
2.509655833251268620e-01
8.251750132770330204e-01
3.068924185740488642e-01
3.122068013622709137e-01
2.661871757371281344e-01
2.635797881514113650e-01
2.399598160525532320e-01
2.710186489042609170e-01
8.202963148232299551e-01
3.403143751084586333e-01
8.605608288647311754e-01
2.511786826398304528e-01
1.741722888976593442e-01
8.980960151082429954e-01
2.448545325369201608e-01
2.802837175636280209e-01
2.743582158461143061e-01
2.969885680733838074e-01
3.419540089724685261e-01
3.812357214368781166e-01
3.836581512690072082e-01
2.305596004911827923e-01
2.741914721016649459e-01
4.030948809900954388e-01
3.915400649697522995e-01
4.574859316487832062e-01
2.597105111363541829e-01
2.516689648648409161e-01
2.560705016386502497e-01
3.998670440890190747e-01
4.264195071341012611e-01
3.681839748189978390e-01
5.401802087227081106e-01
6.550031018707753727e-01
2.491452054722420317e-01
2.826657100460451821e-01
2.137476755320054100e-01
2.709638459400448007e-01
2.433205893062126424e-01
9.806114200158408956e-01
8.645198655088651707e-01
3.505884048965200450e-01
3.579360828151396112e-01
2.528140011349006566e-01
2.873156378522613297e-01
2.460593705818498456e-01
2.448367635137162213e-01
7.566783945509355513e-01
2.561986141051250110e-01
2.810553160915971183e-01
2.935567052364555507e-01
2.744312896755763953e-01
2.928677814530608603e-01
2.672054045544636769e-01
2.864584701696041846e-01
2.580369460706596896e-01
2.519453540322801333e-01
4.766434166052610499e-01
4.767909036694990554e-01
2.476220763653053103e-01
4.970079263769723865e-01
4.957074948916682100e-01
2.472100021752244581e-01
