2.525105295821926665e-01
2.638794743014262201e-01
2.456041837226065061e-01
3.162912677215490298e-01
1.746788579529923446e-01
2.721387568840037963e-01
2.713720938929966020e-01
2.619981100556417752e-01
2.789370560945007571e-01
2.957142089667353924e-01
2.458428811610430531e-01
2.534719389346140606e-01
2.687577100202332425e-01
3.000157940739127671e-01
2.640423162273786151e-01
2.235859673178301477e-01
2.699974411679153530e-01
3.611404570172215278e-01
3.712760183854796336e-01
2.551719877348222476e-01
2.869358393799248397e-01
7.285504966538043359e-01
2.484605948227365524e-01
2.468087474233764400e-01
6.640212386557814428e-01
2.624358027047905551e-01
2.682416895496697595e-01
3.296836744715156975e-01
2.344094968143825286e-01
2.743176527674522913e-01
8.267970178606754983e-01
7.809024761364555811e-01
2.639528566450073388e-01
2.835769334429939503e-01
2.621806409416514994e-01
2.908120277812286658e-01
2.558817242951431647e-01
2.952158040780010206e-01
2.804964205695150148e-01
2.655818759456355926e-01
3.156557098056090305e-01
4.890811857199231505e-01
2.206473098806222555e-01
2.193934729470359835e-01
2.850036711066194495e-01
4.624230137353613213e-01
3.970248751277649091e-01
3.281154073065410959e-01
3.482278489824944256e-01
2.699534383799708226e-01
2.557469667372772038e-01
2.670452100947089957e-01
2.903679490436305022e-01
2.969643829013736136e-01
2.268637310389176320e-01
2.776284523243498503e-01
3.191016362959645525e-01
2.585973309026864397e-01
2.733033973157514285e-01
2.794170768545158334e-01
2.660458904620244813e-01
2.977056693304758195e-01
2.136499820161804897e-01
2.736725701688444978e-01
2.753592800197685597e-01
3.856731355564880781e-01
3.401537993288838990e-01
2.885847440111405926e-01
2.934332328227411413e-01
3.219028021380071491e-01
2.970566335176127448e-01
2.239587415568124462e-01
6.722314532398145914e-01
2.306595090195045772e-01
3.289454810046604227e-01
2.855094781832553941e-01
2.191216104386170538e-01
2.386173963365151862e-01
2.407519909249962176e-01
4.151900205553213374e-01
4.349032763390829892e-01
2.940869013371267826e-01
3.373801384989090213e-01
3.562331062726265540e-01
2.730670188946083821e-01
3.247825160890133733e-01
2.741215802849507055e-01
2.603844024463154438e-01
2.547497986082489785e-01
2.876798513915590494e-01
2.487881057959704656e-01
2.470572273102046301e-01
3.553516087166839754e-01
2.761099704095039131e-01
2.495723479684379964e-01
3.037352586833342860e-01
2.944157072842204514e-01
2.264294267974501229e-01
2.542704715839850249e-01
3.112548096390834185e-01
3.159107338880760563e-01
2.896658648672090219e-01
2.610298366083392274e-01
2.896658648672090219e-01
2.610298366083392274e-01
2.329818764342324600e-01
2.509697703064818763e-01
2.772029482839344916e-01
2.901351142801036342e-01
2.970559252581557730e-01
2.194343074800995941e-01
3.096975704091064485e-01
1.747543673823660770e-01
3.747818314969589837e-01
2.666284965769705750e-01
3.103607726376204634e-01
2.638150373030678231e-01
3.046521935447133456e-01
3.056263456847770899e-01
5.045415456665824916e-01
4.879350873714159431e-01
2.963581712243348321e-01
2.260860221011712634e-01
2.883494798373334445e-01
2.931194881761434723e-01
4.002064406864653812e-01
5.069744305347066993e-01
2.835445870939232726e-01
3.861100061124970728e-01
3.084155410712244860e-01
3.564304008508096810e-01
3.763579883597458764e-01
3.959126156747789227e-01
3.163621525196342321e-01
3.266495454301041601e-01
3.158791553477950931e-01
2.690098722810023157e-01
2.534193037980654317e-01
2.667738455352515192e-01
2.841116982137250613e-01
2.979691902923454760e-01
2.167541763656594678e-01
3.319119306502897326e-01
2.662111875764080482e-01
2.680759085848444245e-01
3.041507899615615851e-01
2.805930933331647337e-01
2.832929678904050341e-01
2.640139747178691931e-01
2.569848546139317791e-01
2.580824054727799410e-01
3.008516327640581300e-01
3.099034333516310635e-01
3.602656438425979601e-01
3.067757965026532418e-01
1.736960860610827773e-01
3.327186306047492659e-01
2.472071065385676447e-01
2.805615443739333803e-01
2.823420362113357451e-01
2.657031905547355133e-01
3.526913647638573179e-01
3.732776534847090377e-01
3.652082129177838254e-01
2.235583318893703819e-01
2.663635973919126765e-01
3.923232626242516008e-01
3.925666510396463305e-01
3.908616501146173761e-01
2.556993325513132742e-01
2.543017588907852677e-01
2.547786804953593998e-01
4.042131200697492988e-01
4.096751591385118796e-01
4.180246482008296294e-01
2.517881986417986329e-01
3.177852925644912840e-01
2.370443792274887218e-01
2.891750047020447689e-01
3.182684910723491134e-01
2.639783452383751006e-01
3.449412728376883841e-01
3.718147832213162807e-01
3.299786248970698055e-01
3.604649268272934193e-01
2.661264541181094789e-01
2.554906447826998939e-01
2.868862536370430094e-01
2.474174163591665865e-01
2.468851118368192710e-01
5.333678030840172113e-01
3.071863513910394472e-01
3.613226823791117481e-01
2.916630282692529441e-01
2.958269332415948139e-01
2.580487508028831978e-01
3.056881596312565619e-01
2.608729308643594202e-01
2.895120549965341517e-01
3.153557233905844859e-01
2.964400452998868229e-01
3.164104847484285332e-01
2.472034172171303501e-01
4.961517328246864977e-01
4.959581838535056519e-01
2.467561198062268035e-01
