2.756057746194495728e-01
2.774676693210746947e-01
2.329725483043424972e-01
3.557528148780336741e-01
1.763231262246326703e-01
2.865924069268734886e-01
3.019702423667457447e-01
2.806564326861497594e-01
2.864017950713454996e-01
3.021769866675901861e-01
2.470554780435145481e-01
2.486632892105536952e-01
2.495027755491010246e-01
3.753248748878991181e-01
2.963527246786054059e-01
2.223222836047109296e-01
3.069329345252310159e-01
2.867364027013775130e-01
3.623966157381276476e-01
2.546614757128431994e-01
2.851077064030249630e-01
4.440465803466117078e-01
2.470034966853686675e-01
2.476653722507117239e-01
5.919613478363593417e-01
2.746584203849693484e-01
2.558192227814736208e-01
3.093503579968623352e-01
2.396566319856445193e-01
2.664810838835296458e-01
6.314805506772522836e-01
4.912471856772626655e-01
2.567331629513618374e-01
2.752515753872942783e-01
2.736919625508941190e-01
2.827532210178121952e-01
2.504155011583659718e-01
2.741037810470068337e-01
2.958020676306080121e-01
2.629654092758087480e-01
3.722498865918954514e-01
4.801793522088574351e-01
2.216387847105606157e-01
2.190230250034744530e-01
3.085125339621462848e-01
4.524605076847497687e-01
3.148022988606674066e-01
3.127750960937590863e-01
4.625889989684949799e-01
2.731601115866105212e-01
2.607555532991543967e-01
2.509704501641409902e-01
2.881697140376138777e-01
2.961972978391236300e-01
2.298177952858015127e-01
2.911924592318543281e-01
3.270606021526296092e-01
2.549766296857871040e-01
2.873146680366481243e-01
2.838745572945221562e-01
2.608560811845218597e-01
2.999459262188577946e-01
2.159155390201665248e-01
2.727380257654778428e-01
2.671976993751927210e-01
4.381492621753607097e-01
3.711605338617078309e-01
2.444615910661923908e-01
3.183623480132311556e-01
2.707688208389059659e-01
2.965563589099808883e-01
2.293906990190066886e-01
6.410535223151166972e-01
2.407631603869268000e-01
3.217687281795270082e-01
2.881285831698369160e-01
2.181378105396878098e-01
2.450419025834725817e-01
2.381205676606572841e-01
4.428093895929152146e-01
4.331121596595084444e-01
2.914357201342975823e-01
3.319122220244205557e-01
3.663456108321034854e-01
3.742920911518699545e-01
2.761712600484002578e-01
2.783684415063485962e-01
4.415973960491978989e-01
2.557601054982454047e-01
2.850537027377016974e-01
2.509547050463951656e-01
2.460680142902700596e-01
7.237137014472887486e-01
2.765140208230839058e-01
2.690826849560594147e-01
2.706403299198422707e-01
2.962646494586514412e-01
2.325567525818890702e-01
2.668695642027251180e-01
3.870504779732018563e-01
3.130107628008111376e-01
2.654864744662785436e-01
3.837318199497230520e-01
2.654864744662785436e-01
3.837318199497230520e-01
2.380288147055524828e-01
2.549893160241464285e-01
2.543273879858862774e-01
2.897009844048709093e-01
2.954199090103823977e-01
2.205285314960022947e-01
2.925521314567728348e-01
1.747339059544888717e-01
3.863484063646648869e-01
2.923179731507474233e-01
4.059518849980180422e-01
2.486594737638020136e-01
3.648478828111304528e-01
3.303160079417301609e-01
6.099216806345043596e-01
4.996990843315569086e-01
2.970968584026186798e-01
2.335914382945858681e-01
3.238695287733991957e-01
2.489647461333294454e-01
4.821203798704852828e-01
4.590480234774624302e-01
2.466594623030732847e-01
3.541056531309899058e-01
2.741681643742155394e-01
3.697930762597504972e-01
3.766280445103986629e-01
3.322401755577750193e-01
3.469964042197938303e-01
3.502116379471064134e-01
4.135226769984243766e-01
2.550812969374238737e-01
2.471110889008523714e-01
3.029100143140355250e-01
3.349572252228236180e-01
2.966948783062610673e-01
2.178415937837485938e-01
4.042735763433083496e-01
2.796485695431372154e-01
3.798935358462645073e-01
3.261898718531490715e-01
3.288786983521064800e-01
2.714006760176443933e-01
2.851589267922043924e-01
2.419253177777146158e-01
2.725621526551224028e-01
4.876499943677506943e-01
2.502760711268129934e-01
3.656788254896295998e-01
3.256621800671355427e-01
1.736937562571413685e-01
4.423493164262088384e-01
2.513050146451448752e-01
3.118834126316508137e-01
2.663458826077890751e-01
2.802029739169791811e-01
3.643920154120587895e-01
3.352579489019917314e-01
3.324684358400709083e-01
2.263328160004792478e-01
2.639584923214927104e-01
3.708491310144487740e-01
3.851012310544701389e-01
3.273838966763000236e-01
2.451298124257327293e-01
2.634000237875701034e-01
2.562165684427161194e-01
4.265533046245335580e-01
4.757470631772336978e-01
4.261023574959493798e-01
2.677196076820630433e-01
3.672580486265354383e-01
2.885248965065077553e-01
2.861770789521589919e-01
2.272627153410347600e-01
2.787452640215833943e-01
2.602213957835242120e-01
7.458005663740772118e-01
5.508815335751723330e-01
3.418057783360549107e-01
2.418958724000376814e-01
2.554410613857642232e-01
2.830115947595585602e-01
2.487849986146395687e-01
2.442810825824295318e-01
6.581466000109128522e-01
3.249946799799904307e-01
2.323189544723565370e-01
2.914761460281219407e-01
3.198886035210842804e-01
2.719960760678041267e-01
3.035907593236759072e-01
2.422123420607320277e-01
3.184494012752539516e-01
2.770206429852672403e-01
5.010245049708866860e-01
4.735390280976510824e-01
2.499683456317597918e-01
4.962244749326950588e-01
4.952328128261775375e-01
2.466284457746134584e-01
