2.597049718624645509e-01
2.331535533561162887e-01
3.129760470838535147e-01
3.686315959068249826e-01
1.719161130496682510e-01
2.247565817767269991e-01
2.506540173642143876e-01
2.674299021550612387e-01
3.075400541126057097e-01
3.014108857803265429e-01
2.428420422385074440e-01
2.378233095820775356e-01
2.854686636874043670e-01
4.408386226916217732e-01
2.970186495741232724e-01
2.309164582280712752e-01
3.598650678938142833e-01
2.953425173753267408e-01
3.135394536655967124e-01
2.530020635485962233e-01
2.900655809475368163e-01
8.003100287728214246e-01
2.492344950061495257e-01
2.456263387751647376e-01
5.433764935678845331e-01
2.932084491169476004e-01
2.467402338542933338e-01
3.214035604008440572e-01
2.274564907588059737e-01
2.717862717279447282e-01
1.006286179416844728e+00
8.476456631296123145e-01
2.354362952381839347e-01
2.883983492010184224e-01
2.779826614886029557e-01
2.986382146606202936e-01
2.520503233099364859e-01
2.475676968791403476e-01
3.420399781166569841e-01
2.878138057175062547e-01
3.544890212626774506e-01
4.966811431373199248e-01
2.208325175854842226e-01
2.111193005587858051e-01
2.675473190036057325e-01
5.114221849041946655e-01
6.359066815572704812e-01
3.215789137446216639e-01
5.115307943538374147e-01
2.842955201455794612e-01
2.505539536895216579e-01
2.580291933474424537e-01
3.416623282540516837e-01
2.928122010015725696e-01
2.330211749745470240e-01
2.811434876829070895e-01
3.693955990805443679e-01
2.898775236310331960e-01
2.498814147924552365e-01
2.688766295137792195e-01
3.000963900362824122e-01
2.974864877823582554e-01
2.191901384529736652e-01
2.770504308123004633e-01
3.523834151221758026e-01
4.110451110714636869e-01
3.076496159804781860e-01
3.051793612163720693e-01
2.560789357105314190e-01
3.120004388968030673e-01
2.969222928009017659e-01
2.620186159351924893e-01
7.163710293214787805e-01
2.444399544148680992e-01
3.477510965009298904e-01
2.922114239689787563e-01
2.356627073267688055e-01
2.468255322481369141e-01
2.351740074530003499e-01
4.500866632974356851e-01
4.360418381984833003e-01
2.978330979464617334e-01
3.403189149843597328e-01
3.723266385799580691e-01
3.743148234416524556e-01
2.675123068935954529e-01
2.968405708627019357e-01
4.116885307310956810e-01
2.533219646176863016e-01
2.942825578824724841e-01
2.482045757132813335e-01
2.489193597602381014e-01
7.440391803131329862e-01
2.840568922047082556e-01
2.618532347000568916e-01
3.081894369937884792e-01
2.958481936538608359e-01
2.308888645486137647e-01
2.580125223298277426e-01
3.675413173392463317e-01
3.340220464261665634e-01
2.455322700683746640e-01
4.102298379779166226e-01
2.455322700683746640e-01
4.102298379779166226e-01
2.216080022279932893e-01
2.557896547758188310e-01
3.423385926062946782e-01
3.073384868062702391e-01
2.973338869124965145e-01
2.295684615682931362e-01
2.969086382403707813e-01
1.744844060275378972e-01
3.556360971529692327e-01
2.403038975482744422e-01
2.911859366186541065e-01
2.383878228037908664e-01
3.476627014704704588e-01
3.691242117096465991e-01
5.279359756110140189e-01
4.205542155021608774e-01
2.949338949190815073e-01
2.211143523535724909e-01
3.289246499222671649e-01
2.764127099268872678e-01
5.174464548262596164e-01
4.676191364481075974e-01
2.656520531144961339e-01
4.775690820014709681e-01
3.236976674027738365e-01
3.941434551456274304e-01
3.272908395768326928e-01
4.440032451468862718e-01
3.891880160817157153e-01
4.902360843571439419e-01
4.398013677102601826e-01
2.635664977026266897e-01
2.606447320292604730e-01
2.628371429021966188e-01
2.758185540618481313e-01
2.947546215439764139e-01
2.157133306459264044e-01
4.438617768508434924e-01
2.571274741616318416e-01
4.536614737638035022e-01
2.976785019402862220e-01
2.666255378594441505e-01
2.725089929690946433e-01
2.662956114485116599e-01
2.587264543847363485e-01
2.752719105653028686e-01
2.808472756726230202e-01
3.476126385647780315e-01
3.504639898397795550e-01
3.027953885195881489e-01
1.759169601515310766e-01
9.450889573455402148e-01
2.584739344215942758e-01
2.777210408366305727e-01
3.561416191869004599e-01
2.695036782432748690e-01
3.994753713617700264e-01
3.897275305170040949e-01
3.898760234090256072e-01
2.238825882648106114e-01
2.698456612776264363e-01
4.577523424976362998e-01
4.865239456811682461e-01
3.981567151627237178e-01
2.370524096457518881e-01
2.525665360688224559e-01
2.570186646789854867e-01
4.389028275559173631e-01
4.537202655449121269e-01
4.617218768519261718e-01
2.551766093041710204e-01
6.559689528791938784e-01
2.476706183525216598e-01
2.984611941087605413e-01
3.131162953582313224e-01
3.732119706939101000e-01
2.515205496285031761e-01
8.666050323712474190e-01
7.731277800839868597e-01
2.557538825908906022e-01
3.695710371692940699e-01
2.552535739352692068e-01
2.913281135652220355e-01
2.462993611346918355e-01
2.448840975253257501e-01
7.253339685541074777e-01
3.624980608591946707e-01
4.329996189657322470e-01
2.982485741675484636e-01
3.618224823902583265e-01
2.569346126412279108e-01
3.469127254366203283e-01
2.397051262619948886e-01
3.732524831451254355e-01
3.239736820344326085e-01
3.031211254278600165e-01
3.454533082586678794e-01
2.467915761788736784e-01
4.972492748445552224e-01
4.985116586730749533e-01
2.488635349462562374e-01
