2.513567420863967450e-01
2.590322050653376951e-01
3.631981321525425965e-01
3.702914497866012233e-01
1.728441258363494215e-01
2.186881376441464908e-01
2.552111505451979956e-01
2.903066740582052607e-01
3.086117129297549222e-01
3.042184895227557639e-01
2.436699950163698780e-01
2.429622000515383184e-01
2.900869317369656475e-01
4.889643605528363746e-01
2.946891181428526463e-01
2.334294360525274170e-01
3.396429970775576845e-01
3.280934892854827645e-01
3.429745889567921147e-01
2.498544005314738137e-01
2.912758261670652105e-01
8.221459307722496224e-01
2.484245980222944128e-01
2.489619181459422070e-01
7.420748452568344256e-01
3.015224623474716537e-01
2.563637690359358290e-01
3.256566020199863631e-01
2.613404552465058983e-01
2.070396434288622189e-01
8.680400884296824993e-01
1.063900479554276801e+00
2.769729024073453449e-01
2.311657421697349279e-01
2.513464704607262790e-01
2.515534331986104544e-01
3.043956756475078573e-01
2.520028677618224577e-01
3.343855737399575312e-01
2.521775766034242139e-01
3.984017490625790248e-01
5.597547825576170144e-01
3.340595214363069609e-01
2.213586074869583475e-01
3.618653060258563148e-01
1.348417280730655587e+00
1.212044380330929982e+00
3.196380581557494716e-01
3.810707271698279830e-01
2.903731882266933351e-01
2.524107567054538204e-01
2.539169946390208987e-01
2.975031442732629094e-01
2.915758978758370978e-01
2.142053371932320094e-01
2.484345021708332379e-01
3.291509958491200538e-01
3.032396700757065688e-01
2.502653647016870320e-01
2.547313430798007206e-01
2.971181776681039999e-01
2.961340709836955409e-01
2.309128372838736287e-01
2.411340156990989247e-01
3.649109243039085904e-01
3.722436904033002980e-01
2.509627355194945508e-01
3.016787268831300217e-01
2.491583835400466851e-01
2.977935993132985737e-01
2.968999133640460308e-01
2.207710831675214480e-01
9.091643053610920511e-01
2.277155773825391416e-01
3.265494978263552839e-01
2.807837047770636030e-01
2.192127337310056656e-01
2.411683936527102556e-01
2.418287697847311402e-01
4.400603178356188305e-01
4.412522258889846616e-01
2.925350015310507756e-01
3.315069718463651838e-01
3.617120862596501785e-01
2.619755023100698854e-01
4.227556919559252724e-01
2.790804284336569907e-01
2.501772356341863124e-01
2.519976837527786451e-01
2.883502093507210318e-01
2.479515915944781046e-01
2.440671655645861582e-01
3.211947264502331145e-01
3.044352011355134224e-01
2.444125652152965289e-01
3.090969680384227924e-01
2.919663047497538799e-01
2.293570526049874270e-01
2.518131827175545956e-01
3.685653288537641958e-01
3.653043744386070824e-01
2.551615100393744284e-01
2.422291757532127887e-01
2.551615100393744284e-01
2.422291757532127887e-01
2.441993934907898400e-01
2.466459740910907361e-01
3.121559896362049447e-01
3.824481568547863364e-01
2.924726764209253926e-01
3.199617130244826191e-01
3.603499889959409508e-01
1.756335949706057109e-01
3.693849064620483014e-01
2.575447452189111863e-01
2.486463420738746766e-01
3.016498832776197125e-01
3.041373053346560495e-01
3.085649133825502655e-01
6.908085631509816027e-01
6.793304440684959644e-01
2.917080406674351090e-01
2.181712285526923589e-01
2.460691354911165307e-01
3.989235050008465011e-01
3.452171169504751336e-01
4.735314615575845210e-01
2.413309959063955623e-01
4.947045354594267197e-01
3.299956586024491711e-01
4.555991700893260443e-01
4.672497068124332742e-01
4.443857455869104078e-01
2.811889688986667357e-01
3.782242643232739399e-01
2.735491209582253114e-01
3.051352932375907545e-01
2.528314905261969670e-01
2.735420401885640396e-01
2.556068692196136749e-01
2.969785978963864759e-01
2.337675330926904660e-01
3.488403967487972435e-01
2.375465449387027528e-01
4.681087975879474894e-01
3.585659945079516797e-01
2.450151898158288433e-01
3.499419271655053176e-01
2.806299243701840251e-01
3.052553454938993216e-01
2.419449930437324869e-01
6.385833975917675209e-01
4.319201919415244784e-01
5.727908866258968335e-01
3.158992879624313299e-01
1.748124138039575115e-01
6.803385544847500022e-01
2.439652300845557842e-01
2.500123609622609266e-01
2.688167206974215739e-01
3.082545792043936972e-01
3.745841815717323997e-01
3.789553886537548877e-01
3.420823219754506317e-01
2.157833105999759638e-01
3.031492670221078156e-01
3.807799412898195124e-01
4.171252610598449873e-01
4.745742646525237252e-01
2.648194451023328511e-01
2.523961864487841433e-01
2.532951680855348719e-01
5.086650017544940283e-01
4.655379720547082045e-01
4.786665929238543837e-01
2.215816492190588183e-01
4.698005454295583472e-01
2.392522853757459433e-01
2.948019043302652631e-01
3.298608377568691963e-01
2.561320557572969725e-01
3.642308552116593212e-01
7.774244520866619990e-01
5.465115370384742155e-01
3.756017925230221155e-01
2.772607872024105413e-01
2.528759423793475181e-01
2.922578859649332395e-01
2.477137431129795841e-01
2.442278115930032467e-01
9.266260423536512025e-01
4.324453641631627598e-01
3.365228972332614532e-01
2.954025230312937178e-01
2.568680555699675017e-01
3.605956387974447175e-01
3.423874099397913873e-01
3.680941249553298378e-01
2.368747693414962052e-01
3.084682997175131614e-01
3.495055391545873191e-01
2.738995560220646719e-01
2.496172956518381558e-01
4.951391505406295135e-01
4.983531454248242287e-01
2.473730798118619345e-01
