2.652096279752513830e-01
2.527773720156730186e-01
2.287098839324649968e-01
4.269557099081245366e-01
1.699951776372656265e-01
3.716447216520863961e-01
2.678425916008504437e-01
2.889130776146088264e-01
3.081652949381764039e-01
3.090975475373949344e-01
2.490429285566253537e-01
2.469389517813505575e-01
2.864532931607549626e-01
2.828051245448891526e-01
2.953165142916407415e-01
2.374041522299813745e-01
3.666320223921364918e-01
2.859301292796055383e-01
2.448660845147213883e-01
2.589910801446107524e-01
2.869176189027091706e-01
1.222992331484966888e+00
2.535648391065831175e-01
2.518522107149084310e-01
7.341370422170842014e-01
3.090745976336969347e-01
2.819894284289783393e-01
3.482454224155226985e-01
3.457213089429362896e-01
3.687162269337179166e-01
9.343970026028239895e-01
1.068331711606311574e+00
3.129021572603221113e-01
2.436467465370259211e-01
2.800681772041625495e-01
3.527053345574024945e-01
2.549363341441600594e-01
2.673517909038231055e-01
2.699358308923840988e-01
2.432276437688498105e-01
3.920925720197229181e-01
5.204079452410529383e-01
2.303530613454393972e-01
2.252646305908075630e-01
3.736903914236602842e-01
5.931093389625956558e-01
5.190314605337935649e-01
3.828072119504467019e-01
4.172834510856552881e-01
2.534751347534267008e-01
3.021448642101978166e-01
2.948529854704338149e-01
2.557709410962291652e-01
2.979669674796527334e-01
2.261748490299475278e-01
3.247824134743524382e-01
2.965168749928923098e-01
2.414579216580528820e-01
2.670006752621800761e-01
2.940314851988738987e-01
2.799516563977009209e-01
2.968685939312584732e-01
2.190001522945118628e-01
2.788477614876218036e-01
2.506589816698419626e-01
2.755961923437159067e-01
3.862091206452822889e-01
3.028959929994278766e-01
2.772065533703816365e-01
3.461974319666590305e-01
2.996409317664484040e-01
2.254616919213183468e-01
8.835663775252368124e-01
2.362190043218731494e-01
3.358516190020087722e-01
2.922509841864688873e-01
2.303314507082651619e-01
2.399166455292818245e-01
2.411085009112860222e-01
4.425014931379877559e-01
4.410603125343736663e-01
2.924078546638451126e-01
3.444087741489237908e-01
3.672051742160580279e-01
2.639587652404973839e-01
4.135478059579198451e-01
2.739970711948894189e-01
2.522755520931390660e-01
2.465127871079564326e-01
2.944005259397138308e-01
2.546575175043089834e-01
2.426777325939191432e-01
3.380334756926638984e-01
2.436271172738788404e-01
2.710578120497375010e-01
2.681592709282144549e-01
2.952326854037932158e-01
2.259527168419923349e-01
2.738630793744001868e-01
2.940862897833206868e-01
2.400358070841754066e-01
4.030799452650393189e-01
3.944433173051060670e-01
4.030799452650393189e-01
3.944433173051060670e-01
2.188624786718917081e-01
2.911251363050255669e-01
2.653403798709401684e-01
2.686319160209092449e-01
2.962263435883129015e-01
2.183790762919959882e-01
2.729430318958447343e-01
1.697579060625559466e-01
3.750509567213717865e-01
2.761632171706702721e-01
4.067432869044943500e-01
2.372763647790213926e-01
3.261186710256894772e-01
2.382760954088035399e-01
5.537037582847620376e-01
4.422363793976250013e-01
2.970176740458264075e-01
2.264956028722174275e-01
3.309045869363246850e-01
4.015809818561904554e-01
6.038371896459041599e-01
4.749534804415697642e-01
4.770356755997349207e-01
2.645003600312764713e-01
4.776174132700997110e-01
2.515677934835620633e-01
3.047508469727553404e-01
3.998573459564972454e-01
4.994686132573063486e-01
4.221723721552045339e-01
5.155767236850101742e-01
2.802008530877032055e-01
2.571204268431034334e-01
2.631306890995572800e-01
2.801752251172661135e-01
2.925269757953160576e-01
2.174221407884465718e-01
3.472035680086277831e-01
2.629718044723066694e-01
4.244631024570713063e-01
2.948392526085950593e-01
2.999349643579770630e-01
2.532303771203086029e-01
2.455171050075018735e-01
2.405441557950729337e-01
3.054460022503560079e-01
6.100102598344078197e-01
3.795191776737538158e-01
5.623865138270374153e-01
2.454502428340757936e-01
1.751244016164018313e-01
8.499276988953895495e-01
2.375816030679691881e-01
3.628040197729064942e-01
2.384532414362447450e-01
2.791890152781262291e-01
3.994168789983255641e-01
4.120238109187248643e-01
3.814929221242069901e-01
3.310383486826320443e-01
4.129553987238299695e-01
5.638449233172575514e-01
5.197043587166040313e-01
4.683538377128825259e-01
2.494794067573992691e-01
2.739961445529213169e-01
2.855224379329971418e-01
3.497651704522137805e-01
3.937898901149580189e-01
3.599418585327625597e-01
7.850378765989965979e-01
8.135892574935785770e-01
3.028117446301084592e-01
2.920216845433298847e-01
2.307917938504907007e-01
3.567637798831885254e-01
3.256746639151474887e-01
9.558350135427661209e-01
8.503049573667050831e-01
2.433909341444948360e-01
2.925724470684509249e-01
2.528611241491650063e-01
2.945516064496090936e-01
2.493033709681510002e-01
2.379696720664404574e-01
8.392612417616733822e-01
3.200523337749102137e-01
2.491948422511961470e-01
2.487855943374277790e-01
2.557362836424820207e-01
2.617460520749670949e-01
2.769665052036406339e-01
3.066154324810735909e-01
3.082180408737433264e-01
3.898873252896505326e-01
3.940232325916309120e-01
3.164729716632062040e-01
2.430234242490447172e-01
4.944315704750926743e-01
4.946422986860055104e-01
2.399740701053968417e-01
