3.021133139275334889e-01
3.074540798691760557e-01
3.635447769226418657e-01
2.324335618494382527e-01
1.763337716444819125e-01
2.912996785020851576e-01
3.709094511789639004e-01
2.828426629098492739e-01
2.566122429989223241e-01
3.051445688884847907e-01
2.425290191212818303e-01
3.050346817877270245e-01
2.508878083539810011e-01
2.494485218980849184e-01
2.879489405586753148e-01
2.383916636517238175e-01
3.558523837516376909e-01
3.009318247840957472e-01
2.908593338740307344e-01
2.561410142947814217e-01
2.861440345908212723e-01
1.263724586123533777e+00
2.492976347524059610e-01
2.435661477918134032e-01
7.603204424114731186e-01
2.583872585539931377e-01
3.718596156582950618e-01
3.081752778697973705e-01
3.413904207074784924e-01
3.367423690727409658e-01
1.000940889199198658e+00
1.128620556251405560e+00
4.240913173037408890e-01
2.442481828020350298e-01
2.469808942509317817e-01
3.829478633685927114e-01
2.476455366630485322e-01
2.317178813289410000e-01
4.511585883087464444e-01
2.465147398523984679e-01
3.987810602160929419e-01
5.479647083302010557e-01
2.202989540247600186e-01
2.224658280820345224e-01
3.891574684038732190e-01
1.076500694281864456e+00
9.559065006629718919e-01
3.618697714707955204e-01
4.485772529766493544e-01
2.404313809390965784e-01
3.024931200001452214e-01
3.167263350541245637e-01
2.536507396839474682e-01
2.941621300743143541e-01
2.284399848583631154e-01
3.273353391074307339e-01
2.849168755455087632e-01
2.394381250829945573e-01
2.462197907740913960e-01
3.858762499106210275e-01
3.786219923323673187e-01
2.963192900706984600e-01
2.215522599207897791e-01
3.818166382745163401e-01
3.005085726759726961e-01
2.343726073892870299e-01
3.289773575125739535e-01
3.050524553973776309e-01
3.275602708632661120e-01
3.829172161396331431e-01
2.979472101096223846e-01
2.201849911015757721e-01
9.439355974407630523e-01
2.320347661910103776e-01
3.168104861777910619e-01
2.801673390000883890e-01
2.179943272515751373e-01
3.006195216483087407e-01
2.352672668632876940e-01
4.383197640633454961e-01
2.666350312304640591e-01
2.971598764841806295e-01
3.199557135785291440e-01
2.592303280546984223e-01
3.712833301801828356e-01
2.788192747034511365e-01
3.694313952603517914e-01
3.143242168407222592e-01
2.537385309892488672e-01
2.880263407136624543e-01
2.470317918312014693e-01
2.462399070030511505e-01
6.901053964758762094e-01
3.038711859132547932e-01
2.446067168841911665e-01
3.155784488812048982e-01
2.960077971613187531e-01
3.568882485745059618e-01
2.477524047517237205e-01
2.668164595674850648e-01
3.647247062405011842e-01
3.587858780050587892e-01
2.759822034099531640e-01
3.587858780050587892e-01
2.759822034099531640e-01
2.458983773471381251e-01
3.057635461888456585e-01
2.943688178031240166e-01
2.508038484162524173e-01
2.936379084421170127e-01
2.209187788983824341e-01
2.889144061861544932e-01
1.751477455704864572e-01
3.431718349388345746e-01
4.024907357543066055e-01
4.629382733293136432e-01
3.034195747013985200e-01
2.765863703545663466e-01
3.166653281484123061e-01
5.284724283383831489e-01
4.035158706055082534e-01
3.001488588114532008e-01
2.159143137595332107e-01
2.691442734086672006e-01
4.094354799080180407e-01
4.948234305519536025e-01
6.166757271865975776e-01
3.736951225051006742e-01
4.675261029699133708e-01
2.775975249660833089e-01
4.785464747909611294e-01
4.728461954695369340e-01
4.629232971739831726e-01
3.073393804570846988e-01
3.411461414611625664e-01
2.881391596018426093e-01
2.456330598319100278e-01
2.434560027482642885e-01
3.870002931851687644e-01
3.774160376237437053e-01
2.955821280793216599e-01
2.336697068562894608e-01
1.080014088681798601e+00
3.869071502594274015e-01
1.060117649926593186e+00
3.248138568453976527e-01
2.482319668799417567e-01
3.262174225527872395e-01
2.879319982800587763e-01
3.012573753364444773e-01
2.420090129752880959e-01
1.264905911052272458e+00
2.522067483003649913e-01
1.256849991183671245e+00
2.986151382667510124e-01
1.740102046087020071e-01
1.055470690772968290e+00
3.034278657338813079e-01
2.858265079317940938e-01
3.118843525888687074e-01
2.864600951692103381e-01
2.525865985314779127e-01
3.118449516655820708e-01
3.167451896584405624e-01
2.226764046491474525e-01
3.894134404844961650e-01
2.737544102255990430e-01
2.817844604819945697e-01
2.676264730070421205e-01
2.890656326384210550e-01
2.390254933493074219e-01
2.522908357354755049e-01
4.282945422991250028e-01
4.992584158248111748e-01
4.717117046116005019e-01
7.994185444983498146e-01
1.011193966615199669e+00
3.012163182894083691e-01
2.934448580089820680e-01
2.530330720138381229e-01
3.681555934449592948e-01
3.051518665548210718e-01
8.600486557299167334e-01
9.387098702104044179e-01
2.606369668103351578e-01
2.907758072428741625e-01
2.526123612481021574e-01
2.822700167912000069e-01
2.490711928784059837e-01
2.475669881133994998e-01
7.397399118201766210e-01
2.578691012537618898e-01
4.395390664389022817e-01
2.927159464760735741e-01
3.704120209104920791e-01
2.491387224457162208e-01
2.508687769140630630e-01
2.534796373931766378e-01
3.613778956113388729e-01
3.618832764033592664e-01
4.363268922716105891e-01
2.726874616851951427e-01
2.498433456231210770e-01
4.969780160567211502e-01
4.969102952622345137e-01
2.447927896540123549e-01
