2.467919318038351850e-01
2.638279058050576054e-01
2.306334633366891318e-01
2.916198788061462044e-01
1.748651491308519379e-01
3.846797119218122729e-01
2.608582855790977928e-01
2.718190768766681753e-01
3.221423431338406029e-01
3.021181046310602580e-01
2.516236277186100767e-01
2.397322208241831898e-01
2.637117989173525801e-01
2.384652705875148215e-01
2.957611083497926896e-01
2.385247157425969822e-01
3.528137803037626474e-01
3.016370681826009981e-01
2.576245847203893491e-01
2.552329798739406130e-01
2.853214947582661809e-01
1.121362222045243051e+00
2.492050219850115711e-01
2.462064770305232297e-01
7.432025063537524012e-01
2.561820157188909874e-01
2.890545916924818215e-01
3.139211192646320092e-01
3.425965994066013098e-01
3.596001183889533936e-01
9.839334168140311254e-01
9.663359622483534972e-01
3.231889339877843659e-01
2.766263815989666308e-01
2.446609123176553546e-01
3.057732507075912043e-01
2.477372604990290550e-01
2.636824815421050516e-01
2.414209523803120816e-01
2.475361895048782679e-01
3.949271434338821329e-01
5.190443679366124607e-01
2.273011409679732697e-01
2.169590296184883138e-01
3.614638052102590593e-01
3.482906632990608875e-01
2.993921471889677277e-01
3.573616149813336196e-01
4.093028505033926012e-01
2.482794765316100882e-01
2.787428151937417775e-01
3.056927875554126262e-01
2.592663864466845380e-01
2.967306596402982111e-01
2.223206138254845421e-01
3.078906859669167106e-01
2.830372887240213409e-01
2.636270229099484386e-01
2.675794843929588662e-01
2.610479507007538724e-01
2.605095048931841961e-01
2.968604858508744893e-01
2.124086826270165929e-01
2.574749560302124207e-01
2.671871974315188081e-01
4.165393764300097112e-01
3.231744924596877677e-01
3.021282432715406419e-01
2.784429105752296296e-01
3.187057376879907644e-01
2.957258225661688056e-01
2.227468877752710186e-01
7.893139137972269292e-01
2.293465764529640794e-01
3.278409315969450510e-01
2.864868582656527329e-01
2.184406391744822817e-01
2.412277866163399787e-01
2.539972095609123737e-01
3.259096247250085621e-01
4.416732645299150106e-01
2.948708305038896249e-01
3.380895270673996977e-01
3.043838948125840993e-01
2.689342854563517293e-01
3.149288904988383209e-01
2.662397202963235343e-01
2.727135535950391820e-01
2.536930379760320986e-01
2.884860184615211098e-01
2.492407347208172586e-01
2.506029632531454054e-01
3.142474491478314813e-01
2.824807452698965271e-01
2.521826864574101545e-01
2.874237719684541448e-01
2.915255640844242047e-01
2.308080875226364015e-01
2.497437346714928563e-01
3.726855477160078145e-01
3.107128988726041152e-01
2.580743871953586344e-01
2.527150577678730636e-01
2.580743871953586344e-01
2.527150577678730636e-01
2.167884223115470188e-01
2.516503780206151841e-01
2.853503079217622473e-01
3.004044722928216893e-01
2.965230634817800359e-01
2.186887133206887324e-01
3.359691328736453819e-01
1.752697338528106941e-01
3.710717701292601811e-01
2.638924983662100376e-01
2.979167602885441357e-01
2.656790599834835676e-01
3.136812837321011904e-01
2.837763649573143421e-01
4.974177584886885217e-01
5.440624156183352378e-01
2.962329285808078527e-01
2.242214512759898026e-01
2.793091620439403511e-01
4.040836765467762381e-01
4.470443501896854688e-01
2.923798162621755181e-01
2.919188844274323569e-01
3.220979144457937204e-01
3.773112798268769552e-01
3.273993698422014154e-01
3.662580838309938414e-01
2.770927650823632460e-01
3.470365696064037775e-01
3.106935462736881148e-01
3.340909771716158438e-01
2.482800389893543291e-01
2.958933963933343958e-01
2.810403829211552407e-01
2.560513415798207904e-01
2.947159873448459422e-01
2.092584997209147590e-01
6.598516656811602710e-01
2.563945566915825647e-01
6.274970598898265139e-01
2.521944048205631006e-01
3.070857185468214845e-01
2.511100640064866663e-01
2.839253035873198772e-01
2.408894012631859205e-01
2.901726907710653891e-01
6.924765247207801400e-01
4.408654727102479520e-01
7.330016404118577800e-01
3.894009741325132334e-01
1.726586923552509145e-01
1.208958701693548798e+00
2.439143499800281167e-01
2.732350863344356617e-01
2.639065092663951395e-01
3.125305268187569818e-01
3.971363194892224557e-01
3.904256637685616926e-01
3.817626308412221392e-01
3.346064721257890895e-01
4.284028312842149133e-01
5.458132511912048290e-01
5.034251555175562887e-01
5.158609984382976910e-01
2.478216170960844678e-01
2.599580167916625828e-01
2.557330305063881259e-01
3.595486479332677399e-01
3.751471226910519929e-01
3.376852607795360894e-01
8.026272233222412344e-01
9.466724379025832636e-01
3.011016181007888370e-01
2.923970611132578057e-01
2.435649851068579785e-01
3.631535393723633320e-01
3.277371618978565104e-01
8.939758838532860796e-01
8.283980679723702556e-01
2.558537935392337093e-01
2.960922216753935077e-01
2.538140016273325861e-01
2.847638576835890278e-01
2.491129507981384716e-01
2.488731026518267442e-01
8.964174191076531573e-01
2.661681025195672401e-01
2.970834080318387471e-01
2.832181654823364703e-01
2.818520784352345210e-01
2.538571287410358313e-01
2.417486781838330823e-01
2.689776001141332418e-01
3.115120102172203032e-01
3.548028327647141933e-01
3.138251768431253308e-01
2.543612595291395162e-01
2.495651538802317049e-01
4.969562568648846490e-01
4.952868075058295405e-01
2.467824614662998406e-01
