2.526513260452463161e-01
2.565391341544871473e-01
2.255372213143339577e-01
4.240933950494856775e-01
1.737088279703026816e-01
4.136004910886271757e-01
3.723615667745873714e-01
2.885839547784844750e-01
2.506714141373204696e-01
3.034813644628547857e-01
2.469507060844060575e-01
3.031891734895167945e-01
2.422592213811106954e-01
5.061194545014306989e-01
2.946531935835132732e-01
2.271942270227015892e-01
2.893044461915066368e-01
3.825963030971722967e-01
2.759860463374058659e-01
2.549534346393482753e-01
2.851286462739926475e-01
3.769018895432714733e-01
2.473204018279659688e-01
2.486436540934461037e-01
7.337919569729826064e-01
2.351527910271310473e-01
3.886855561039834206e-01
3.775816901684880822e-01
2.935026707947621660e-01
4.633385013247297013e-01
1.369119576085652268e+00
1.389866375364477546e+00
2.687246062783123501e-01
2.740393479122413267e-01
2.598816612157615058e-01
2.951079964173309311e-01
2.678175328884174200e-01
3.817218141750118310e-01
3.575029724263428244e-01
2.516248456557362845e-01
3.665724122600473867e-01
5.792524410307050564e-01
2.269810690931543806e-01
2.644912366726847042e-01
3.738959166223844721e-01
9.744646149859735873e-01
9.200409849128239337e-01
2.462934046539501376e-01
4.745012182656229704e-01
2.974976675618015709e-01
2.604627153193032618e-01
2.730465365803299571e-01
3.293751195475473348e-01
2.964691213747158161e-01
2.296394756870886456e-01
2.771149112331152686e-01
3.509503807618981619e-01
2.524220932506952564e-01
3.048529999043978478e-01
3.167538252275353128e-01
2.519978478929093546e-01
2.955088030635467100e-01
2.175013110661057347e-01
2.670422586598004688e-01
2.520108007926447624e-01
4.524868224071006972e-01
4.565276252759240538e-01
2.488863232455660046e-01
3.854485224628697027e-01
3.717697039442515172e-01
2.959767819892110685e-01
2.491887297630901721e-01
7.501339481334773351e-01
2.289325305179760184e-01
3.151323567935175873e-01
2.801936105555439815e-01
2.171241992953742705e-01
2.432002699346977603e-01
2.397078134796739035e-01
4.445973501130812688e-01
4.340142147114947613e-01
2.983147877270519999e-01
3.518567671361876870e-01
3.828039598899694029e-01
3.674994899341463284e-01
2.740575854824032764e-01
3.178505879998674288e-01
4.493187954864286127e-01
2.548200751881604109e-01
2.897997563168219215e-01
2.467209024392990335e-01
2.472701673727404903e-01
7.230945197993098317e-01
2.356781990623412482e-01
2.475131883626794094e-01
3.719131445542785408e-01
2.984038977192970954e-01
3.206207434786068067e-01
3.885920202643401433e-01
4.413312721747046918e-01
3.110481266886132024e-01
4.392843072965865181e-01
3.227907576355983355e-01
4.392843072965865181e-01
3.227907576355983355e-01
2.002117291307554392e-01
2.462118724736893638e-01
3.551857731777953719e-01
2.391483432887477056e-01
2.898813400837361720e-01
2.160086785445702595e-01
3.597002374962115501e-01
1.750543416511622374e-01
2.501071040808229284e-01
3.596691419542988877e-01
4.029492820097074768e-01
3.008554716529701634e-01
3.066430726134782847e-01
3.787360557485496826e-01
6.534310997033349055e-01
6.901131104438124053e-01
2.987115244266213554e-01
2.201336201948897175e-01
2.616468392065366966e-01
4.007386367039682540e-01
4.397055118015932296e-01
4.604235196364723226e-01
2.652246001393808172e-01
5.046174957941713668e-01
4.040179457364387328e-01
4.793978025356964712e-01
4.667956506453298515e-01
4.688204832369717301e-01
3.081792328799892178e-01
3.010522066613352532e-01
2.688861767300290695e-01
2.467110148103210943e-01
2.396776931748280937e-01
3.845193424181919117e-01
3.722867799333891003e-01
2.963878990931018143e-01
2.334374814461669390e-01
1.368795409138120478e+00
3.927701503073653400e-01
1.461972771008494654e+00
3.369291607375131670e-01
3.670073825708943249e-01
3.779205151150723530e-01
2.722595794133768621e-01
2.355826465759436050e-01
2.485777741809752361e-01
1.409907237911828704e+00
2.659878057781694949e-01
1.305859596528991196e+00
2.766810058161397468e-01
1.718906747352912656e-01
9.651491214149533482e-01
2.426219347001010995e-01
2.729791485472243262e-01
2.516026610421800980e-01
3.138899036576342505e-01
3.883732858753986550e-01
3.966708456846185782e-01
3.910585343544550341e-01
2.348827953039749894e-01
2.536192704859644986e-01
4.358504466758126306e-01
4.098961923948732933e-01
4.807649304606537721e-01
2.577978678425040804e-01
2.579212170449617925e-01
2.566369198944861152e-01
4.394499435301479906e-01
4.421353198992759581e-01
4.353971928747925046e-01
9.074379381137633871e-01
1.099189493707611209e+00
2.381614759944965798e-01
2.822901717654435205e-01
2.295944826443694353e-01
3.539595483416178578e-01
3.528747983902544849e-01
8.575628968846107369e-01
9.684110943806520932e-01
3.703565918708207061e-01
2.490148172436851826e-01
2.513155165531926749e-01
2.915257071765754993e-01
2.463655129819542489e-01
2.515757333661277073e-01
7.742759887970709354e-01
4.071340056465119761e-01
2.588059518716380736e-01
2.966297911525028752e-01
3.638058033213826814e-01
2.488430363145932578e-01
2.990730998382192252e-01
2.459073953884823305e-01
3.680632034434577204e-01
2.723260292913991520e-01
4.775237331551335784e-01
5.004167545702437048e-01
2.470950229000225262e-01
4.960850591832899892e-01
4.973616304597039406e-01
2.430453573211884821e-01
