2.530881254739893449e-01
2.499148504030202222e-01
2.331476654563584827e-01
4.111745273873655404e-01
1.750422943017501121e-01
3.378460674162798161e-01
2.536624636815303369e-01
2.594856002528250216e-01
2.793520140176192768e-01
2.979833928026072720e-01
2.449778688217365274e-01
2.520620867823911704e-01
2.801778546134948700e-01
4.463073352439861363e-01
2.919334475660789185e-01
2.297454291221990852e-01
3.766272463035321150e-01
2.641084063796392267e-01
2.866940239670086044e-01
2.520070928493639006e-01
2.893567816535040360e-01
1.061657173762708295e+00
2.461382041064472115e-01
2.496291138851844671e-01
6.724007653185463118e-01
2.490150552483594570e-01
2.792210012903350025e-01
2.547121234781314913e-01
3.556655634813910560e-01
2.480120103656623942e-01
7.287601478478789030e-01
7.169984400600207808e-01
2.929331221571037647e-01
2.695303310042150291e-01
2.465661625995267670e-01
2.490057295529460313e-01
3.034018167299403768e-01
2.796630222941491883e-01
4.528245446271513264e-01
2.827548889540766330e-01
3.620608613473197401e-01
4.872635579407389450e-01
2.233427542920901898e-01
2.237931893386725102e-01
2.847782309555753621e-01
6.118804453718641456e-01
5.052001697560252191e-01
3.603128197671540134e-01
5.063117315306955302e-01
2.571108857138423853e-01
2.846517359784282997e-01
2.729106659201674390e-01
2.574549053695734391e-01
2.953263035693434735e-01
2.260383137435315049e-01
2.921017171624987752e-01
2.945648559953320533e-01
2.600606322936543369e-01
2.852945657921531764e-01
2.865982777386988367e-01
2.624358016703229324e-01
2.976103732778954125e-01
2.152254830235473260e-01
2.753844369716135776e-01
2.651332508841408586e-01
4.155950144513829714e-01
3.389145547213102683e-01
2.351806705949884557e-01
3.728510398667911896e-01
3.047518559494027945e-01
2.940670592980900167e-01
2.160818474314964155e-01
6.187543651750202489e-01
2.281888366085931541e-01
3.314092261452127319e-01
2.815672362485451830e-01
2.193741496651141210e-01
2.418023795299116541e-01
2.385462294869846733e-01
4.369034007756425475e-01
4.335496493453092071e-01
2.910040054749964411e-01
3.357571142799231079e-01
3.639162710421257607e-01
3.765262752496556509e-01
2.634864102642945349e-01
2.697014330304893792e-01
4.306106503160282428e-01
2.520222747145113851e-01
2.924456035066476112e-01
2.468897247648061954e-01
2.486672854737116412e-01
7.130844072682503976e-01
2.521332798335513825e-01
2.537218179394462036e-01
2.888474067089049080e-01
2.958434476891720899e-01
2.283382798142542247e-01
2.760162743877986880e-01
2.629056333264841450e-01
2.815987238853791541e-01
3.091157573672871917e-01
3.028826857380457205e-01
3.091157573672871917e-01
3.028826857380457205e-01
2.374349343250877209e-01
2.645376517927102156e-01
2.761529892991189117e-01
2.777013053995633363e-01
2.987154756795573074e-01
2.205847259316799092e-01
2.926050123240387935e-01
1.755682480710097915e-01
3.781470627271619200e-01
2.713724557825329953e-01
3.447340529773357254e-01
2.475401346961876858e-01
3.668017438278892151e-01
3.861576256704551957e-01
5.171931538495158076e-01
4.221221737474109004e-01
2.937616156882906782e-01
2.256097653315445040e-01
3.750230070558433493e-01
2.595263505435917994e-01
3.053895224551638754e-01
5.832290873273329179e-01
2.426311403855972437e-01
4.487015064295788447e-01
3.055683157880794698e-01
3.645474763230981963e-01
4.035116153736352795e-01
3.691018448910763916e-01
4.024900180496517876e-01
4.197271396644374764e-01
4.042468080578577316e-01
2.505459502613702760e-01
2.926031495980497832e-01
3.007015560658826137e-01
2.622362829572729703e-01
2.961823603153956874e-01
2.217742024772460796e-01
6.706910220497070974e-01
3.132101689217633989e-01
7.289565616729853925e-01
2.823942359076920261e-01
2.583936870226875016e-01
2.632533510627665940e-01
2.897533746464631688e-01
2.660837503565220419e-01
2.708914610805527312e-01
6.715829977101973602e-01
4.383364151709971956e-01
6.011558512984429559e-01
4.229739764481539321e-01
1.728110984662065974e-01
5.759104700085054818e-01
2.509208739615010342e-01
2.619819307866868563e-01
2.868639712089396387e-01
2.874417374277382087e-01
3.850477701259248930e-01
4.089723128408367381e-01
3.802954067294639917e-01
2.222772297047950762e-01
2.469007044353471181e-01
3.910694820090442336e-01
4.426857444655265539e-01
4.216676744091471529e-01
2.478621549305699556e-01
2.484530857405051196e-01
2.806142048093675512e-01
4.217906838643136758e-01
4.772531285058395079e-01
4.717518195947048021e-01
7.761931557441607010e-01
6.377223760524913798e-01
2.331180093916187246e-01
2.164246997481545365e-01
3.483063247427509168e-01
3.736330775536886306e-01
3.914097357368322982e-01
7.979544088514991529e-01
8.071334855636786987e-01
2.547745340396491143e-01
2.885430278624677158e-01
2.548404189002262954e-01
2.859536624847173192e-01
2.468669386875940730e-01
2.464795670266217709e-01
5.418427007302204501e-01
2.601047038013790114e-01
2.571004622867432698e-01
2.946248475586901172e-01
3.030984776864363850e-01
2.964935730048025575e-01
3.245337353457495300e-01
2.576853663900184888e-01
2.620375514977015818e-01
2.826840749908864914e-01
5.003108375197152791e-01
5.010552094103485343e-01
2.497241397787004213e-01
4.974110143295986664e-01
4.968696056157074215e-01
2.481889126257172951e-01
