3.049520041939997594e-01
2.880459303422419626e-01
2.578488373038095860e-01
3.457178767623110827e-01
1.805036696176685607e-01
2.148024210389077593e-01
2.977145990776562945e-01
3.003514933897711292e-01
3.819615895917174986e-01
3.037855368626902197e-01
2.533110645836737507e-01
2.322774313046119532e-01
2.592403343635888424e-01
4.567727006345906893e-01
2.905495296811375638e-01
2.114587022757123402e-01
2.581826894809530204e-01
4.187484533587220170e-01
2.480203665752296061e-01
2.541996087360192669e-01
2.885848005888738688e-01
3.672661227884394530e-01
2.465433241699850064e-01
2.541453166055627766e-01
7.413036653190682168e-01
2.549384068061775754e-01
3.842115823442889821e-01
3.971905604597155137e-01
2.344095362964991047e-01
3.722910563917151694e-01
1.286054716254285246e+00
1.114983630696718020e+00
3.057762020225187616e-01
2.996420545962951709e-01
2.418577047537349700e-01
2.404916900211608033e-01
2.984818510607318287e-01
3.966675325316693090e-01
2.730764194188949334e-01
2.371690250186023197e-01
3.975187688561100940e-01
4.800594649329726904e-01
2.268193909841560163e-01
2.245725292699393416e-01
3.807207658216429369e-01
5.410905168663804332e-01
5.354848266496142761e-01
3.578730502430675364e-01
4.637555859562764171e-01
2.676905780623192177e-01
3.028653084903293879e-01
3.786541825301493192e-01
2.959691845084801431e-01
2.864551288523350947e-01
2.639535552699923127e-01
3.139672403913014165e-01
3.076908571343949239e-01
2.413665990008718454e-01
2.419874597757957491e-01
3.844278381791707555e-01
3.866511831647135855e-01
2.966829517294945484e-01
2.158343561767729624e-01
3.880651296647142368e-01
3.073080104992075845e-01
2.436917187529194229e-01
3.409099709524439081e-01
3.046280724286363206e-01
2.537341270714030261e-01
3.157504956138657004e-01
2.984843234449131577e-01
2.129845299627989297e-01
8.422443325308667239e-01
2.316888271833705271e-01
3.275964999951528345e-01
2.915561484704608519e-01
2.211916918756160755e-01
2.456329570801057127e-01
2.309806204959113651e-01
4.440835446436158795e-01
4.084834252588100401e-01
2.944168718831648435e-01
3.123072420505587643e-01
3.612572854560344715e-01
3.761540617111904794e-01
2.597878000147136879e-01
3.047705985646521065e-01
4.033016344818690646e-01
2.516780459623536026e-01
2.970471538280988200e-01
2.406544849820710374e-01
2.462876350659092828e-01
7.525878170675035506e-01
3.013750627063699339e-01
2.376657986834021241e-01
3.280168844805753103e-01
2.965678474331532311e-01
2.278565802522349304e-01
2.612263351171885684e-01
3.972773394814796410e-01
3.741271915829227912e-01
2.936493170071448056e-01
2.630770511305065007e-01
2.936493170071448056e-01
2.630770511305065007e-01
2.511796772950488643e-01
3.020972969057357238e-01
3.154125465992482225e-01
2.427770346752393393e-01
2.939396938718483732e-01
2.219767625098315045e-01
2.477495935257371662e-01
1.766395753795105272e-01
3.840270826705609042e-01
2.792374407089819877e-01
4.423278787442174731e-01
2.634839077957478737e-01
3.788445591224289255e-01
3.066720538934681328e-01
5.024515133434100944e-01
3.994334588401833863e-01
2.939288969999292456e-01
2.301073201256065015e-01
3.076178568566937943e-01
3.955175120944278144e-01
5.131503675103675777e-01
3.449110894529502924e-01
5.054793189127348985e-01
3.758703252537496931e-01
4.674769494459796171e-01
3.991141068469244435e-01
2.465804577600734238e-01
3.408422580059580764e-01
4.553842287119725940e-01
4.475366212416714840e-01
3.381932559616431244e-01
2.355206923007691078e-01
2.310199575480818557e-01
3.694342551120654572e-01
3.782468910922173189e-01
3.025874530037366283e-01
2.230293012520777329e-01
6.014713193038883077e-01
3.789079878419512326e-01
6.728167380109896234e-01
3.182576956375409161e-01
2.608737451287426179e-01
2.779233497489771998e-01
2.345083936064138730e-01
2.970330710161560028e-01
2.652215991731928790e-01
8.834326101706044820e-01
2.264048040880795587e-01
8.105559069784902260e-01
3.133549179513646643e-01
1.729024202165366786e-01
9.560904630870805665e-01
3.049121184780035354e-01
3.714736003706479717e-01
2.811758862077455290e-01
2.648487294971159645e-01
3.277621124058606727e-01
3.838830554796418548e-01
2.710688585874803658e-01
2.159819747981946148e-01
4.181251458890411499e-01
4.651846312766426128e-01
3.178929391499543677e-01
3.499893951456304331e-01
2.387590353708434199e-01
2.448688057088300174e-01
3.061369131646787256e-01
5.266382452714063467e-01
5.601156983848664117e-01
4.654932771175366302e-01
2.235142230821329790e-01
6.099063999069945785e-01
2.602817359572954792e-01
2.981981802396341807e-01
3.521874070959949421e-01
3.717791278652197162e-01
2.224740026126483250e-01
8.799792327475647324e-01
1.037187719760806814e+00
2.548102156638656912e-01
3.449159938786647284e-01
2.528511591160359506e-01
2.977782435110095105e-01
2.550321045628650696e-01
2.455063343257484210e-01
7.300010003092450850e-01
2.907059339245516294e-01
3.968481057196782125e-01
2.896824523800969886e-01
2.237207082678114856e-01
3.693733034595717557e-01
2.427420267831628120e-01
3.628812709228952937e-01
2.502111361791565236e-01
2.723518120519133334e-01
4.299958770968042576e-01
5.045801522467071587e-01
2.577572427260789167e-01
4.973799377903865837e-01
5.002662914983587727e-01
2.559432403878514894e-01
