2.642245703655187183e-01
2.640518211139609162e-01
3.338051581754737929e-01
2.781740191061232714e-01
1.733312745888819228e-01
2.574771789651700837e-01
2.636355525179600034e-01
2.694388401659063015e-01
2.835341376257468626e-01
3.024229744684461818e-01
2.491494450253967097e-01
2.484167294813751092e-01
2.727488374516919833e-01
5.044725323579644094e-01
2.967582919794949370e-01
2.219434213154018454e-01
3.782709865852380560e-01
2.570607192748972092e-01
3.840991470197676061e-01
2.528938164649813247e-01
2.858048181193828530e-01
2.955522108094833511e-01
2.498798874604303277e-01
2.460302825041167651e-01
5.756564670205895906e-01
2.577034230150707650e-01
2.860429966434170912e-01
2.898215355064717169e-01
2.422564800889948633e-01
2.523147562124569698e-01
5.691273692793296091e-01
5.396948742614018357e-01
2.807750972422379254e-01
2.701328835421477059e-01
2.548632171424062842e-01
2.926704237215254079e-01
2.594663721652058497e-01
2.963927236801799925e-01
3.503506580434675999e-01
2.514788984270881489e-01
3.383667841235786788e-01
4.735806676432980367e-01
2.207067752829552920e-01
2.180629595343376581e-01
3.196716540294477493e-01
3.237044917908389330e-01
3.348614613733801870e-01
3.484550272591681597e-01
4.135739781213578770e-01
2.608762346678825672e-01
2.729034836586127222e-01
2.744431468792206119e-01
2.663005360451119463e-01
2.988410656836132939e-01
2.263009939026764394e-01
2.826039470232352691e-01
2.869637432650021802e-01
2.573423048379413491e-01
2.807369340425666659e-01
2.783670916128313522e-01
2.545956285642595462e-01
2.987333377933738543e-01
2.137727685019102930e-01
2.654813257052063835e-01
2.768557417335261173e-01
4.241940803921561143e-01
3.321030146319022269e-01
2.440881503032007183e-01
3.321258547739835976e-01
3.390652837686501386e-01
2.964822391146032521e-01
2.357526668815272675e-01
6.729171720986812932e-01
2.301843731616209643e-01
3.377886138356890333e-01
2.848287987322779546e-01
2.236343223051928952e-01
2.341485470606775865e-01
2.434973465434031870e-01
4.372430784743088772e-01
4.350362150205967504e-01
2.919933105047691213e-01
3.354338007493879448e-01
3.656186952277536983e-01
2.901158810239871100e-01
3.000585311635900476e-01
2.637224927898831339e-01
2.496946259539879198e-01
2.555380237456926218e-01
2.874773423912521109e-01
2.490652688398624637e-01
2.470280134194916544e-01
4.792510877546539150e-01
2.465019817209889996e-01
2.568130620270036579e-01
3.191245951692474048e-01
2.976445858808090539e-01
2.410387865130236007e-01
3.155790539884687496e-01
2.549220092632308865e-01
3.087210115757872408e-01
3.122624362891995853e-01
3.369450207290493049e-01
3.122624362891995853e-01
3.369450207290493049e-01
2.339225850804373119e-01
2.476481415051828838e-01
2.720548129648528990e-01
3.149999670404736163e-01
2.971425041168444525e-01
2.203847508587938320e-01
3.371475662447105948e-01
1.738851272333134801e-01
3.767481126051465123e-01
2.696868731858571566e-01
2.921208993676051024e-01
2.442671559101571577e-01
3.821979556440208148e-01
3.730432838367290227e-01
5.120689159057830731e-01
5.873789778592605204e-01
2.969986122066669565e-01
2.273847996764084833e-01
3.850212770154810005e-01
2.549312096815317119e-01
4.965516270445924363e-01
5.059072679783919169e-01
2.461366409642776754e-01
4.933598363598656333e-01
2.841098751562273761e-01
3.710262195453263856e-01
3.661811476418299627e-01
3.700189986828518740e-01
4.336435635116378529e-01
4.538227140634416013e-01
4.368587964715940908e-01
2.474658920593886535e-01
2.915411321298976843e-01
2.983273047939790645e-01
2.506074634826950809e-01
2.970362649896538532e-01
2.164351378003220305e-01
6.332841980061121312e-01
2.719601851420340166e-01
6.681531024361095916e-01
2.548978599173473691e-01
2.488783388035914756e-01
2.909269086922409708e-01
2.698880727779337518e-01
2.856459304512090069e-01
2.513792347173886554e-01
5.569417806861385323e-01
3.477826220808519220e-01
5.332257488220019104e-01
4.239681563630141592e-01
1.735912138079999389e-01
8.432827528295783193e-01
2.488703689853352108e-01
2.947454091686989019e-01
3.098904933854342847e-01
2.516477662864612386e-01
3.837418785175708003e-01
3.986010777412088979e-01
3.600770062910749192e-01
2.328150497180756506e-01
2.528529026075528319e-01
4.397164867557617485e-01
4.542374425211291866e-01
3.827763696653814218e-01
2.494186987281733214e-01
2.519800289165606277e-01
2.663339418713855378e-01
4.279645001712760743e-01
4.238706075124520356e-01
4.472053263475976870e-01
2.594158740482361836e-01
6.492444477358106925e-01
2.435861902688112035e-01
2.874260641662708671e-01
2.161801248470688053e-01
2.654671454971792022e-01
2.438919264061973902e-01
7.448593084135919362e-01
7.970693993509422315e-01
3.307444282204698993e-01
3.605879474481314406e-01
2.535834702535573748e-01
2.890550350331591578e-01
2.472977201440781092e-01
2.465596371482466354e-01
8.248587833433993488e-01
2.841092905285949599e-01
2.835142312069155457e-01
2.928973556704045356e-01
2.762097369923464663e-01
2.842572428313419053e-01
3.199304363125932693e-01
2.796385903456277688e-01
2.638191995783696342e-01
2.930829444444523202e-01
4.985337647105568259e-01
5.029154505795023766e-01
2.439746397933815758e-01
4.971040038302795283e-01
4.956658410456634689e-01
2.501540762428212661e-01
