2.486485407774153278e-01
2.602115079748992810e-01
2.277855114663079883e-01
3.338348950798618042e-01
1.736413408696590999e-01
3.792950188306247195e-01
3.110685463172728205e-01
2.592406875210079287e-01
2.528033455520198314e-01
3.018405258159894133e-01
2.477161486953323166e-01
2.783585915321160620e-01
2.529167061436846664e-01
3.397427607269318250e-01
2.958417262858771823e-01
2.222171757194384423e-01
2.767953741733045758e-01
3.227692300316800100e-01
3.633766111578062286e-01
2.556584079216223104e-01
2.867671813893303279e-01
7.095981143434082483e-01
2.490736527410667145e-01
2.469670801146181260e-01
6.064390556587325731e-01
2.514089595547333023e-01
2.885903856067557061e-01
3.279315548050699691e-01
2.465096320936662477e-01
2.670708355394416644e-01
7.775644531263727899e-01
7.512183057759159732e-01
2.846450519737104834e-01
2.753203917851606009e-01
2.464013912641945248e-01
2.911419417384784603e-01
2.558044530334351307e-01
3.119937639724453815e-01
2.816256590354461187e-01
2.581380573528812006e-01
3.510062865570939827e-01
4.755336005003401589e-01
2.215101570490568550e-01
2.210718083449940974e-01
3.011006397915932942e-01
3.918833235452495178e-01
3.178158174546432124e-01
3.036142957589675340e-01
4.092503314758618171e-01
2.479786412052690514e-01
2.941097055722423081e-01
3.045596142665741857e-01
2.586394626446483769e-01
2.963505166241774402e-01
2.279076415119643817e-01
3.047492909691597585e-01
2.733194488597799898e-01
2.599630006911290980e-01
2.651995212073340880e-01
2.740152884847948389e-01
2.688471075052007997e-01
2.966465619876628157e-01
2.156209703323619109e-01
2.671114129043816732e-01
2.770312006635118895e-01
3.506946223123347806e-01
3.066740320812505471e-01
2.697119329860194203e-01
2.947853956667719766e-01
3.194729997358304319e-01
2.967550783863516783e-01
2.250577011116517978e-01
7.045738390519941108e-01
2.302074611262426296e-01
3.283887617378058454e-01
2.843707759850030992e-01
2.176737423688059059e-01
2.596498435027477791e-01
2.397513110585711982e-01
3.214235499018965880e-01
3.968326255027913585e-01
2.944876960178964831e-01
3.321977746460744729e-01
2.854773434289127887e-01
2.945600098816451573e-01
2.967905899353619481e-01
3.058907122773751319e-01
3.285664733469932930e-01
2.552158437315784068e-01
2.867882320565504628e-01
2.477386907396677274e-01
2.481324916103225253e-01
4.930920416057716915e-01
2.732084967619309301e-01
2.496909127317802624e-01
3.011328822927585858e-01
2.964313375113498128e-01
2.295984103575919311e-01
2.621465756349615761e-01
3.130890979591551826e-01
3.144833988749790588e-01
2.719399013779004171e-01
2.736524939660021638e-01
2.719399013779004171e-01
2.736524939660021638e-01
2.347905730317235706e-01
2.492673666641353758e-01
2.744519634366685001e-01
2.981829869679157308e-01
2.957363199286695554e-01
2.181997683652485975e-01
3.178493370167429499e-01
1.753064909601341481e-01
3.749586304820809457e-01
2.638719559670503201e-01
3.063495343019759787e-01
2.465064137928232590e-01
3.534934392506072776e-01
3.254373327481936418e-01
4.959102748225053814e-01
5.071941341472316900e-01
2.960409666071956991e-01
2.305491038304287310e-01
3.291111396454277083e-01
2.621355769962625537e-01
4.697503218805130221e-01
3.493275859715146425e-01
2.586178297309167928e-01
3.873122271540022643e-01
3.052619813086761003e-01
3.617005794917836359e-01
3.387234869061770404e-01
3.327758148576849262e-01
4.113138617167694244e-01
3.604841240467770991e-01
3.743580796620484819e-01
2.634297317776530534e-01
2.614829177776212821e-01
2.729835850301496891e-01
2.682605824263128991e-01
2.968182521216292113e-01
2.156555101163760702e-01
3.892349951517804496e-01
2.632270379774944158e-01
3.132491719035432887e-01
2.860127604781257382e-01
2.799110938879784682e-01
2.766264046506967667e-01
2.676056547747143743e-01
2.536873140899626455e-01
2.583258097217745464e-01
3.051227681969599925e-01
3.203962015735335456e-01
4.439632745919042667e-01
3.121265276675732059e-01
1.733554538453385974e-01
3.533772670143641159e-01
2.453873238036444193e-01
2.752064301578249772e-01
2.794753138017416760e-01
2.676520265145163613e-01
3.812597373161035197e-01
3.839140793432482823e-01
3.864576263589137861e-01
2.225338137687693230e-01
2.585506247144278014e-01
4.206030606036299524e-01
4.354014699797731924e-01
4.096614341992290131e-01
2.598915769292391431e-01
2.533828910241512355e-01
2.524147492977953378e-01
4.279223890200283265e-01
4.094524349586420309e-01
4.409415381646892285e-01
2.540396558810539829e-01
3.523303025285400292e-01
2.360179797701660587e-01
2.888011796242706541e-01
2.850332374012618519e-01
2.912910321051612184e-01
2.785413364659571345e-01
4.519484685792420908e-01
3.526532470438228373e-01
2.876644996799623821e-01
2.922655542765009717e-01
2.548091433046637544e-01
2.883819418274641833e-01
2.474792465927458940e-01
2.479606859935521712e-01
8.390607185082892272e-01
2.562591579460482549e-01
3.015792980636490261e-01
2.898175943668725996e-01
2.933570475742413586e-01
2.560638774806407447e-01
2.665656626805066320e-01
2.785900508815900012e-01
2.952207208384081127e-01
3.425562096075877583e-01
3.328543705592801882e-01
3.551068998237422170e-01
2.471302042096383267e-01
4.962081125745398946e-01
4.962976051948515543e-01
2.466958392073060335e-01
