2.555414948760318938e-01
2.726150291708391293e-01
2.416422324020586210e-01
2.894861883107698319e-01
1.755895804716408604e-01
2.882262839261240384e-01
2.724460174466875606e-01
2.693543675301937612e-01
2.854548867079551022e-01
2.994781602882471416e-01
2.472101974171966310e-01
2.534566746002578363e-01
2.619729701940985978e-01
4.406599909093675271e-01
2.890888559779877798e-01
2.303673453052314524e-01
3.101384852827247518e-01
3.092207517167572250e-01
2.726969668822528670e-01
2.531175346795386250e-01
2.864328655557075165e-01
7.322772755539515011e-01
2.501992477016659056e-01
2.446743066742086414e-01
5.278528223727071422e-01
2.706827787715124778e-01
2.745589370314427957e-01
2.859234891665501377e-01
2.541521449493562290e-01
2.385453647736316407e-01
8.596440657444704980e-01
8.202967319824492343e-01
2.609361776069761829e-01
2.820810527480147045e-01
2.563552256458386802e-01
2.869377320705173151e-01
2.651850113407918097e-01
2.788252655554600556e-01
2.999551883223055548e-01
2.482407630027052003e-01
3.512855010809578515e-01
4.837244832414012152e-01
2.184290854876490828e-01
2.165632285832167214e-01
3.720605177207437775e-01
3.503645118243762235e-01
2.616168598326589212e-01
3.500952056442809823e-01
3.642520444772179844e-01
2.450903321909452537e-01
2.741349200417583232e-01
3.061519796597440002e-01
2.731791072750011651e-01
2.971925237899307737e-01
2.287630279021011792e-01
3.116396872040055332e-01
2.799404858433618415e-01
2.567129744172909067e-01
2.763408542487273412e-01
2.863229921419053192e-01
2.627133422368544413e-01
2.964474116807117587e-01
2.143378012773789476e-01
2.559198015037588148e-01
2.669297566965611046e-01
3.329238040018837053e-01
3.231675462201585858e-01
2.644532841744119955e-01
3.033674804257256996e-01
2.994665951740337895e-01
2.947963247128952413e-01
2.234379591534078613e-01
6.971472659484768686e-01
2.317346068443190688e-01
3.259873135257331245e-01
2.848185220704700926e-01
2.179828468907454297e-01
2.398102361936825799e-01
2.406933959317248961e-01
4.397673264703310103e-01
4.344900374090799877e-01
2.951153953921024642e-01
3.333573095127361774e-01
3.662767091078020787e-01
2.660461033938310571e-01
3.436537329072897884e-01
2.733368464614440163e-01
2.582418868699820624e-01
2.569168139494630299e-01
2.851971729487430274e-01
2.490180808083229391e-01
2.472962305371098068e-01
3.252714413054813569e-01
2.600674054626354037e-01
2.479399987392470750e-01
3.002554077127349008e-01
2.927054404006395605e-01
2.314299224038035008e-01
2.703000861924628739e-01
2.536555273165939095e-01
2.996757162210999526e-01
2.885688097948624353e-01
2.780163774436844037e-01
2.885688097948624353e-01
2.780163774436844037e-01
2.405891444575999072e-01
2.439172516066774321e-01
2.543776543099181553e-01
3.183626587345456116e-01
2.979130387602965668e-01
2.229239440615542744e-01
3.609374609778083220e-01
1.746665235263640537e-01
3.726487285624892065e-01
2.629513359197530598e-01
3.222354270015896915e-01
2.517154357241571105e-01
3.488503863413089379e-01
3.702326627374676882e-01
5.783405641098107175e-01
6.304576019385514929e-01
2.967630496770259363e-01
2.291570024071045153e-01
3.168516630528230293e-01
2.665820061764520577e-01
4.719647987112880472e-01
3.438548132082904218e-01
2.473249874314798480e-01
4.836104452371130513e-01
3.001136073982574315e-01
3.766231250727602453e-01
3.404692821635129096e-01
3.596346562552739101e-01
3.853077653830017657e-01
3.421706045134422780e-01
3.413257218771748591e-01
2.501083674617420871e-01
2.488473239408219573e-01
2.957942631251913035e-01
3.026292310599148494e-01
2.927531244437447944e-01
2.174914218234779706e-01
3.391683595538295126e-01
2.702242632321024685e-01
3.872317173551022562e-01
2.874922880008610182e-01
2.969319922795064515e-01
2.636468495867788087e-01
2.706332410674311406e-01
2.498746015516604690e-01
2.767263740536569094e-01
3.915206194488710101e-01
2.565507402451428498e-01
3.762020138770960087e-01
2.739921703316358648e-01
1.746766855013390241e-01
7.863476964008474512e-01
2.471583383298839032e-01
2.846914210837413473e-01
2.770156960631555698e-01
2.713849618878655390e-01
3.703429079660169321e-01
3.726969456517993939e-01
3.635858618386969554e-01
2.210918310328976732e-01
2.738737776360627429e-01
4.137951290980482200e-01
4.246261405806602829e-01
3.957628755633829654e-01
2.537881033848471413e-01
2.630120759365691674e-01
2.480398149296396404e-01
4.683919632899798957e-01
4.165324162826421484e-01
4.028378193966715148e-01
2.798339356454876414e-01
5.908100349665736939e-01
2.426238296132859906e-01
2.944135287347500740e-01
3.148590628787786838e-01
2.871297989761218417e-01
2.481350336596392925e-01
9.890021268089637108e-01
9.343550736608050578e-01
2.800284533743565563e-01
3.592900666367817020e-01
2.552620613541645156e-01
2.880227431782871883e-01
2.455728905026766662e-01
2.482065134667548190e-01
6.110616873393494020e-01
2.818032278996010498e-01
2.997217564789284028e-01
2.902153973940381215e-01
2.795060319765522161e-01
2.592475590948194464e-01
2.708418076203792380e-01
2.706841125727625919e-01
2.946662062192568765e-01
3.445137252231026959e-01
3.524782421593042891e-01
3.074759363558534075e-01
2.478464796584794461e-01
4.970603008691306668e-01
4.962682516922100606e-01
2.472764821786606892e-01
