2.766988488932785040e-01
2.686909976075381734e-01
2.444159730991378732e-01
4.141207886151835882e-01
1.701412163603235883e-01
3.345560683139897074e-01
3.796774058359256299e-01
2.758869637567537003e-01
2.639453179703785679e-01
3.054059005379745617e-01
2.434600061540292126e-01
2.985186454065251183e-01
2.531629219255865371e-01
4.563818354745783346e-01
2.803367106595842095e-01
2.450364799123206649e-01
3.688293048856107204e-01
2.947914163984083902e-01
2.690401935540843725e-01
2.438470818110387850e-01
2.939685966848046839e-01
7.223780040693590365e-01
2.393080412999690765e-01
2.527684873551153677e-01
6.256561549398566013e-01
2.993601668873377974e-01
2.280063357681705316e-01
2.813759412646162916e-01
2.726399257672610932e-01
2.307249729829268237e-01
9.748021910959582259e-01
6.894881662324918725e-01
2.487278656505465257e-01
2.905228802636075081e-01
3.033711474548453357e-01
3.446701497169509243e-01
2.660857214301187712e-01
2.343832241576602748e-01
3.822689501724348959e-01
2.354371980614606841e-01
3.892436130229812719e-01
4.924502117547937541e-01
2.370396049227581348e-01
2.150580686246146567e-01
3.850343745696777065e-01
3.221009802099127350e-01
2.230198559057337826e-01
3.743762260122235341e-01
3.584402475693627688e-01
2.454756713275887126e-01
3.016134009488391499e-01
2.948055810533680154e-01
2.572124809792755706e-01
2.964488645986346760e-01
2.367706049081023667e-01
3.232420192571751061e-01
2.628118132917324767e-01
2.702147057027973198e-01
3.072218629154325198e-01
3.099762198702569749e-01
2.644478607842711826e-01
2.882116131816080395e-01
2.045801224053273304e-01
2.387865688257753971e-01
2.620082180527196769e-01
4.567515851942895999e-01
4.464714098846456758e-01
2.535183503156492324e-01
3.815574973622504196e-01
3.109325175323355839e-01
3.007282137105737330e-01
3.436008004967515683e-01
6.413683657476304534e-01
2.748443194264988954e-01
3.035346159083804896e-01
2.930980707387966788e-01
2.230685659810164867e-01
2.346933549228074345e-01
2.602415386917402151e-01
4.378787464284967790e-01
4.477665790832917603e-01
2.847783107130324454e-01
3.335901953649985097e-01
3.512473289761101070e-01
2.784326800944231795e-01
3.840066387317164209e-01
2.355013649371427709e-01
2.296328740258114787e-01
2.556071428830694048e-01
2.985979262475916274e-01
2.462729906629656240e-01
2.474908368112397894e-01
5.150171408187551592e-01
3.069116300435738576e-01
2.676193002437536883e-01
3.940603669402194531e-01
2.951359128965520551e-01
2.598994440266944594e-01
2.585450655913946738e-01
3.604792446630973313e-01
3.700692793800249292e-01
2.476795227671113875e-01
4.322392398292839721e-01
2.476795227671113875e-01
4.322392398292839721e-01
2.741034814766827310e-01
2.479241794224793516e-01
3.298078216437879129e-01
3.964804264718515547e-01
3.030171361111412831e-01
2.272966264707468598e-01
3.774275508208628782e-01
1.771577381950395491e-01
3.532036201170138945e-01
2.196431583643666530e-01
2.649183341348255172e-01
2.328334450386232435e-01
3.783639352062000971e-01
3.209962287495475852e-01
6.459918438421176079e-01
6.555951892751060717e-01
2.969384439662016706e-01
2.366159774654886527e-01
3.153434323212823132e-01
4.121316654871590712e-01
6.158930059696884340e-01
3.417385574806927617e-01
4.999885516667329499e-01
4.265422602610688951e-01
4.482495111728507231e-01
3.800220850473615686e-01
2.289868211952854338e-01
3.029284775672316798e-01
5.407053534980820197e-01
5.248335747757542080e-01
4.593027591407922161e-01
2.426895444415559377e-01
2.328449431540300374e-01
3.730133690791815337e-01
3.875156020437628412e-01
2.955212570662649196e-01
2.073078053020505629e-01
2.492754064605317565e-01
3.745199016153551996e-01
2.996641973573180295e-01
3.052053172665849523e-01
3.158594510838461655e-01
2.470861766645696678e-01
2.776532373165274681e-01
2.499598957176651370e-01
3.027228308315834115e-01
5.204081341873416644e-01
2.063629174533022637e-01
4.628914571053431293e-01
3.148967860604944824e-01
1.779262896910948355e-01
8.807576548934483718e-01
2.575150539745367229e-01
3.059559811661782258e-01
3.664388831686741232e-01
2.402100708200353985e-01
3.789175932948711245e-01
3.954186765023953720e-01
4.330071600828117595e-01
2.291854025263327099e-01
2.506137049455560151e-01
4.810579154489404985e-01
4.745682447270421767e-01
3.880626061021161255e-01
3.012078213887839362e-01
2.458286525632617237e-01
2.416047204835731210e-01
4.935041076832746287e-01
4.156468708101851428e-01
4.861884876621571094e-01
2.743362325441008887e-01
6.443885469507342201e-01
2.693060894700066155e-01
2.998058807989610886e-01
3.181656692412994092e-01
2.725927224094489287e-01
2.309415242919314604e-01
1.087818650081328054e+00
1.029278961814329429e+00
3.786451927671467543e-01
3.555561574105218781e-01
2.508742950950131889e-01
3.058852693560742408e-01
2.554085434636715890e-01
2.503691415291113831e-01
4.986780919850349880e-01
4.493064366683746647e-01
2.760881168378707673e-01
3.025860695842988446e-01
2.239717866202627361e-01
3.772462362174608952e-01
2.880843462565160218e-01
3.543130941094671527e-01
2.549673188049105255e-01
3.822696641468336098e-01
3.090466478706043185e-01
4.392963478412583167e-01
2.432597788237868541e-01
4.917195384569231220e-01
4.949893094510453562e-01
2.449465729545549364e-01
