2.408405630347612292e-01
3.798027205016916708e-01
2.290590679431384336e-01
2.625639431386161959e-01
1.739648418519009199e-01
3.900113756450514502e-01
3.090987770337003115e-01
2.286017991273159022e-01
3.601133767403860153e-01
3.053362627927732054e-01
2.497972627379657085e-01
2.511377379627948159e-01
2.520551906424136068e-01
5.039210470825645771e-01
2.922079644408501764e-01
2.285281556511016277e-01
3.865669510844667589e-01
2.512797975125182770e-01
3.834586404509159330e-01
2.556648678811105357e-01
2.820287767562645320e-01
9.850591901996059718e-01
2.466125411801139977e-01
2.464596683245034725e-01
6.688457684595786601e-01
2.739185781018753096e-01
2.562777994892077582e-01
3.005936213177376470e-01
2.370181934789395151e-01
2.706701232937797630e-01
7.529918051606097062e-01
6.993296091978079554e-01
2.420227342013975824e-01
2.657677489749029620e-01
2.924733798908230042e-01
3.240708860880381903e-01
2.626257588295906609e-01
2.868489526499950482e-01
3.682018274251367407e-01
3.072286158088349262e-01
3.315360810083703424e-01
4.785952463165930038e-01
2.183609612914221565e-01
2.173348318988220507e-01
2.567609353317445997e-01
5.105301489001522475e-01
6.248357669919538671e-01
3.156828848497461593e-01
5.095717865036974992e-01
2.778370755566754724e-01
2.772540327350253575e-01
2.941195301675395002e-01
2.793647964695186170e-01
2.983739830062938636e-01
2.386661999957223890e-01
2.765879526048585224e-01
3.289529783083824932e-01
3.044786294201411447e-01
2.503704681486270678e-01
2.537520991830771178e-01
2.983664789108867454e-01
3.007121190772502617e-01
2.071622457940988371e-01
2.626954507111379788e-01
3.756370233906435874e-01
4.254112092935353195e-01
3.188561000230465403e-01
2.457721609672679219e-01
3.635911900370086269e-01
3.093259173328331002e-01
2.965393970061008244e-01
2.199237119830167175e-01
6.337580695381859197e-01
2.350668739206808744e-01
3.285650366812856715e-01
2.871319015008493292e-01
2.202729628189252220e-01
2.346448312149788384e-01
2.393224928682325114e-01
4.362327794057593855e-01
4.264639707767668986e-01
2.916077243020991361e-01
3.413855258617087829e-01
3.675623712589831671e-01
2.671383052503326083e-01
4.012566141501599515e-01
2.631526159157205336e-01
2.355747577875537402e-01
2.589520674742232798e-01
2.835007843976007358e-01
2.511823365028886812e-01
2.473932090052163579e-01
3.530031827365500141e-01
2.597461595009304958e-01
2.919849014429012346e-01
2.481507784863989652e-01
2.948840414848353797e-01
2.248819947772384420e-01
2.438725173886508446e-01
3.993217385529464480e-01
2.509940903851604066e-01
2.835727331752818103e-01
4.124941001012066844e-01
2.835727331752818103e-01
4.124941001012066844e-01
2.645423560584393430e-01
2.384110833120434148e-01
3.808711983540299939e-01
4.184056740118187179e-01
2.928623570002342746e-01
2.239467763532572986e-01
2.979448699972528924e-01
1.752800633644615025e-01
3.680156225610209941e-01
2.532602797231789937e-01
2.744812790028397509e-01
2.435625825365685115e-01
3.862731038340584400e-01
3.700465162776818695e-01
5.465634951991232837e-01
4.271074623384775726e-01
2.941896751489019302e-01
2.254386792334999168e-01
3.827953980939137746e-01
2.547931149893906122e-01
4.763946688621940595e-01
4.747113245339183440e-01
2.470376054261132492e-01
4.884863024332241621e-01
2.771933252861826236e-01
4.243677874503387626e-01
3.472104234764735176e-01
3.596474140182944201e-01
4.502275047603044866e-01
4.233585578905160185e-01
4.900307797661430098e-01
2.471923996165981408e-01
2.924962840865600877e-01
3.825673321646413383e-01
3.422009899288795953e-01
2.943236091312226854e-01
2.144377554765290184e-01
4.323563200737273737e-01
2.813614817328031759e-01
5.999083203789343788e-01
2.424230395470417243e-01
3.364559751211190775e-01
3.289079702382636805e-01
2.396446891420725978e-01
2.941731199100252603e-01
2.395554507748958728e-01
5.582503361773021311e-01
3.012927574517785256e-01
5.635177194300265979e-01
4.030483313661520350e-01
1.736428309845429452e-01
9.071608332585743284e-01
2.474530913959996359e-01
2.980327672084123747e-01
2.341533068393698569e-01
2.890821964108209463e-01
3.814394267314817899e-01
3.982347734581466736e-01
4.031863927374150780e-01
2.332880587804521122e-01
2.792665823993236152e-01
4.696617132250762716e-01
4.057566333198283082e-01
4.807125711492169495e-01
2.768864101295533953e-01
2.457352130013893410e-01
2.550720839206004342e-01
4.629603208206788945e-01
4.503543712608367722e-01
5.116394185608685863e-01
2.611570003991293687e-01
7.148178474373243496e-01
2.763907602035523547e-01
2.902934672893772161e-01
3.505013485911995796e-01
2.657503339286992894e-01
2.444210394181945412e-01
9.122757319788364905e-01
5.983041458882494279e-01
3.382867766567687062e-01
2.449882990919590997e-01
2.513612823664730933e-01
2.872989249002365075e-01
2.544927670101962969e-01
2.391090897330044041e-01
8.161126148799349167e-01
2.536910203109103423e-01
4.211555866080029520e-01
2.838113363999517635e-01
3.730907527127800827e-01
2.413597967862982641e-01
2.389879139535369679e-01
2.549448644545329601e-01
3.474947702620833079e-01
3.533456344091905899e-01
3.781918260986634750e-01
2.581161755690479231e-01
2.496631280952499032e-01
4.968434223634832225e-01
4.995344245081962953e-01
2.485202999635928167e-01
