2.441513862142764835e-01
2.920908443347383643e-01
2.350946676389063794e-01
2.651543931269470522e-01
1.735089830546313605e-01
3.844405919705963792e-01
2.569309056406631209e-01
2.724900702500629990e-01
2.848662573073955095e-01
2.978301751849486978e-01
2.458003401320642267e-01
2.511311670243588923e-01
2.840268464801093962e-01
2.435647801325744322e-01
2.959586253077954310e-01
2.494826727708654435e-01
3.447607076892457156e-01
3.021745737220684624e-01
2.522016450980361646e-01
2.547916800208672727e-01
2.878934215116552564e-01
1.113091596500684899e+00
2.485055370238523909e-01
2.470826883080655678e-01
7.389026943371084233e-01
3.037414237477651935e-01
2.457684995956262997e-01
3.355087143698932683e-01
2.181530130341553797e-01
2.775251690549637718e-01
5.728871431141194792e-01
5.877140247041594545e-01
3.703561781090024541e-01
2.950157048066987531e-01
2.294411410259598050e-01
2.743047630818866156e-01
2.554699178071538901e-01
2.562011414521936925e-01
2.867034750101405405e-01
2.455871582811645082e-01
3.989745527810347747e-01
5.604199075427641619e-01
3.488542994199217429e-01
2.230601218518959983e-01
3.705807403721343429e-01
8.607518218403560351e-01
9.060481065008418877e-01
3.370702127453028552e-01
3.512321295076332173e-01
2.744966833742509826e-01
2.667418521861583680e-01
2.785830991578209792e-01
2.843633448246827289e-01
2.970375365344983809e-01
3.380139169786697262e-01
2.683544265106863058e-01
3.113677397695120419e-01
2.761587441282530309e-01
2.560866382626563742e-01
2.637056443815097850e-01
2.709673443065303555e-01
2.236516730425180677e-01
2.396529186349110607e-01
3.334641646151349503e-01
3.896713877180726926e-01
3.523353389332317676e-01
3.026540418166742130e-01
2.363560919600849464e-01
3.710735894608062080e-01
3.692400429890030922e-01
2.902566609523616337e-01
3.188990999874488641e-01
8.159919316561828895e-01
2.305208527475861857e-01
3.506920891182697675e-01
2.891680753727104425e-01
2.598731485773154160e-01
2.527780040871032141e-01
3.028577223414369857e-01
2.587396467499419317e-01
4.917361926565111396e-01
2.916202136620714147e-01
2.646108224875198811e-01
2.474980140973616349e-01
3.860277107700980648e-01
2.529931774476550932e-01
2.576214465430947675e-01
4.778800774703929610e-01
2.541576186226620626e-01
2.881643725308828952e-01
2.477139375457434178e-01
2.461408731165752872e-01
5.135879654810749928e-01
2.933588977464472447e-01
2.499103411503952599e-01
3.097088315112190848e-01
2.874254935576125436e-01
2.318950190166250147e-01
2.424660019003303524e-01
3.536774808940790771e-01
3.292434461062956341e-01
2.482962065171611388e-01
2.365444615097771763e-01
2.482962065171611388e-01
2.365444615097771763e-01
4.458106625613699747e-01
2.489493947044107980e-01
3.434136129764809309e-01
3.066286543248816221e-01
2.786447186590696456e-01
2.173271491659801991e-01
2.448529189893759450e-01
1.748878485083064649e-01
3.598820602721343187e-01
2.430748779213801614e-01
2.482391378596422726e-01
2.896915690363141560e-01
2.674969544370399688e-01
3.173635172890410527e-01
4.467130557942700086e-01
4.582756040704344946e-01
2.975122508772577445e-01
2.158822313566598483e-01
2.727505720384402199e-01
3.711860827868218027e-01
4.848804023995545442e-01
5.450494606814683118e-01
3.226963223649640389e-01
4.732405609645325972e-01
3.045882954131156617e-01
4.610612319341613752e-01
4.402653093587362010e-01
4.470089775709487623e-01
3.786760404955892834e-01
3.604389447704544613e-01
3.574530375729434994e-01
2.726920958925981853e-01
2.538387787322306521e-01
2.604147436064967458e-01
2.734773577251329302e-01
2.256448013682566811e-01
3.486096704424107018e-01
5.423982472122148568e-01
3.229575980759316622e-01
6.709433453298010441e-01
3.691495474404589694e-01
3.014070968260295635e-01
2.677758899249928493e-01
2.649941981863004337e-01
2.459658160592366472e-01
2.730134511467253167e-01
8.806026259962705938e-01
3.468674836876402545e-01
7.645226353103993233e-01
2.946812180806162029e-01
1.736496261046785450e-01
8.163724071098747981e-01
2.437294485323921733e-01
2.729822887999998060e-01
2.771480915693890212e-01
2.798753057492118779e-01
3.902099874130339208e-01
3.865566080628971002e-01
3.871039008271984216e-01
3.296316793975541670e-01
4.197298956642992462e-01
5.192879919226600638e-01
5.157361421552166814e-01
5.206949085367507113e-01
2.534405416245460452e-01
2.542207045277363187e-01
2.592742038239291280e-01
3.501103317480993016e-01
3.664132292454844730e-01
3.595889588705833417e-01
9.703251638032776016e-01
8.242906748893232827e-01
2.390069696654728570e-01
2.954138351548325492e-01
2.169415051467056266e-01
3.776805325609209341e-01
2.534560146144169135e-01
1.110361459782891025e+00
8.175449022044287695e-01
2.867447544023848938e-01
3.659160833563671056e-01
2.553018956373251935e-01
2.864342707717573711e-01
2.478834615849537792e-01
2.467793677658582097e-01
1.000791251425667827e+00
4.716396664033414288e-01
2.179948251853695562e-01
2.929611400917884745e-01
2.939370874833376335e-01
3.195095470860952469e-01
3.172594553369711967e-01
2.405927541226006994e-01
3.709085379167688101e-01
2.748359875691216425e-01
5.023109764476825223e-01
4.840202694506899883e-01
2.481210841583685323e-01
4.957845028996638037e-01
4.958075558156419538e-01
2.459635400138706629e-01
