2.586146219303914751e-01
2.848921377868501859e-01
2.236638178378727027e-01
4.054930316345009556e-01
1.736160770551400945e-01
3.080180866139790585e-01
2.916398077889921225e-01
2.750106036764892181e-01
2.644023355246672979e-01
2.872533710867027357e-01
2.529303703644258383e-01
2.657109730925396596e-01
2.715534821733678328e-01
3.389266149989902388e-01
2.963161445268590044e-01
2.357257976815591016e-01
3.052247786703032872e-01
3.501751986924552806e-01
2.631124353801433946e-01
2.533455345330369868e-01
2.888403300028608012e-01
6.929531312679263477e-01
2.495770923338458402e-01
2.468412499142805250e-01
7.547918760987043507e-01
2.413863241629430889e-01
3.458415304248436684e-01
3.391202657125307329e-01
3.231886946191263599e-01
4.193557268539059857e-01
6.741460240831331774e-01
3.676452318714223955e-01
3.007528627388411646e-01
2.648080425005814309e-01
2.425124182944845275e-01
2.814534812180437551e-01
2.643625209778318608e-01
2.937110403779769063e-01
2.298620139139703200e-01
2.871416231611270686e-01
3.540705723322488119e-01
5.484240063223301265e-01
2.145911855868783968e-01
2.116595868686766413e-01
2.783875685700907820e-01
3.135417916373381408e-01
4.915136596933377677e-01
3.559944053401499220e-01
4.935666242383761615e-01
2.461921779514849029e-01
3.029276075733919882e-01
3.059233557148771099e-01
2.502474338607406645e-01
2.976450113537382203e-01
2.169042585312353222e-01
2.764894457801886363e-01
2.515554421447201983e-01
2.544049025157316679e-01
2.465396035410996611e-01
2.941638215544776780e-01
3.151525976381919225e-01
2.965716775205651801e-01
2.123475033382178079e-01
2.962472827119760344e-01
3.054103672634388422e-01
2.709309288774067737e-01
3.108742457140736826e-01
2.546548111662957359e-01
3.036536215169902131e-01
2.950277136133907518e-01
2.940972006022930518e-01
2.380827796011856512e-01
5.080692879143862140e-01
2.263905744397049780e-01
3.375592848805064605e-01
2.850378364810661203e-01
2.256029728924528743e-01
2.398540411434520736e-01
2.443146695751987063e-01
4.329292461160494931e-01
4.491536462890542980e-01
2.933805503972387041e-01
3.365823494663949811e-01
3.654862830646986027e-01
2.723118171468910109e-01
3.681578979015635023e-01
2.658197049201178053e-01
2.328837548753777131e-01
2.550955729085885859e-01
2.859448515046952299e-01
2.468340750084469792e-01
2.447043022543829438e-01
3.870346557951235278e-01
2.575712773099257391e-01
2.751531830203048923e-01
2.600046772894708536e-01
2.951520275627592116e-01
2.288861909493512259e-01
2.676734897912095845e-01
3.804082575890483930e-01
2.809739217601872618e-01
3.001732283658291589e-01
3.067276590731266017e-01
3.001732283658291589e-01
3.067276590731266017e-01
2.469612721763695673e-01
2.464461814567153741e-01
3.371175519227265216e-01
3.630714945878669164e-01
2.927439060115962777e-01
2.276273491198098631e-01
3.366441859716321483e-01
1.743937268849917177e-01
3.793359011856629048e-01
2.717559164211959533e-01
2.709918485596541915e-01
2.381067276387072995e-01
3.401431996023410731e-01
2.665795383258436346e-01
4.251557319944139768e-01
4.816075831300467569e-01
2.957684007221407785e-01
2.247487408068570280e-01
3.284643841727772906e-01
3.582729107349535980e-01
3.876111012780437681e-01
3.098111652559087936e-01
3.397595365787451915e-01
2.950661636654507980e-01
3.696271439788490487e-01
3.300003968610115690e-01
3.149960582150324595e-01
2.722430664161887282e-01
3.629072129506273892e-01
3.934289263246647517e-01
3.750150021610736406e-01
2.604635932486264460e-01
2.717495574110484480e-01
2.745400788012491988e-01
2.627075076602473636e-01
2.945440759473219594e-01
2.410593868169773335e-01
7.794503269457748740e-01
2.479473052833992275e-01
6.517319564914356711e-01
2.705299324497372759e-01
2.631006058932818803e-01
2.793934222920878008e-01
2.577827004328874239e-01
2.650359080380922938e-01
2.511365472938458798e-01
7.731987955196790718e-01
3.192110877723601803e-01
8.191439684049635073e-01
3.358482247412631905e-01
1.757172665426055547e-01
7.784057301119490235e-01
2.444639866832768182e-01
2.743131290883748519e-01
3.449670784282937719e-01
2.832076626045944567e-01
2.937762738155754727e-01
3.542126674392157559e-01
3.060416255247076500e-01
2.319012509197481142e-01
2.864567989470903631e-01
4.408021385309757734e-01
4.221895200293455108e-01
4.478182541755817425e-01
2.520288826543874983e-01
2.501559419831733133e-01
2.543228339352615608e-01
3.531096131413463124e-01
3.225156411228786713e-01
3.294731295103603963e-01
5.419089365160534300e-01
6.797652274096684932e-01
2.520298160558810951e-01
2.829277178959561101e-01
2.109853539371838171e-01
2.702320366762462900e-01
2.350581645038550549e-01
9.091903565475277782e-01
9.681036886668978880e-01
3.821207394623136744e-01
3.584323357890615847e-01
2.530002983356609003e-01
2.892874351093609464e-01
2.492369809804140801e-01
2.475706764666272264e-01
7.844507186879574601e-01
3.360537675819105230e-01
2.469257384989008708e-01
2.939564538209356592e-01
2.858888672684719023e-01
2.643351676993525579e-01
2.545001847088259606e-01
2.522576799180885065e-01
3.135314025201202393e-01
2.708724142623623043e-01
4.744285369829429055e-01
4.806579191115004646e-01
2.498207552688326005e-01
4.951060791803886252e-01
4.964900738121019730e-01
2.463440572293045250e-01
