2.487735136320333718e-01
3.691811423913068380e-01
2.532617411249463157e-01
2.399426742310928617e-01
1.725566137981776049e-01
2.973356496259755843e-01
2.793374429422522676e-01
2.860196517098032021e-01
3.662598280854247323e-01
3.033255733212312233e-01
2.565868499608072173e-01
2.408979646692143151e-01
2.481455978842380949e-01
5.089515943661142572e-01
2.903910142932163985e-01
2.308233666748421287e-01
2.934301341869058888e-01
3.749182222397015041e-01
2.445439257350110196e-01
2.556883829242583284e-01
2.889091501007545748e-01
8.071117256777050608e-01
2.468370540648128497e-01
2.436415265393520879e-01
7.306291379604300529e-01
2.913880441321357595e-01
2.570903884790551874e-01
3.189666861422365551e-01
2.799145105674328282e-01
4.292159194655173482e-01
8.146244187688082006e-01
8.010915942846181803e-01
3.106857679635878222e-01
2.442484773488262373e-01
2.394818587741479321e-01
2.887372583009074622e-01
2.561066086118616303e-01
2.518202390249433820e-01
3.321034982991145634e-01
2.865208416580540263e-01
3.553834040005263151e-01
5.314196904824641798e-01
2.199913611652770662e-01
2.166056629228211572e-01
2.836245488476988319e-01
5.385469001833265157e-01
5.371695083789216341e-01
3.402926660598236119e-01
5.048831511193849764e-01
2.558556780621047966e-01
2.942435768566953880e-01
2.960102550727370385e-01
2.567246991260259681e-01
2.968512374768899065e-01
2.273485597932852764e-01
2.894556771050536548e-01
2.872561433552095478e-01
2.468727322104274924e-01
3.023443353175763737e-01
3.138585015403637102e-01
2.450707971815127006e-01
2.978882883857443264e-01
2.136155203285838855e-01
2.886530097374357950e-01
2.564917318443543648e-01
4.471205519054393118e-01
4.613052418736491300e-01
2.378031497425247276e-01
3.807633804714207759e-01
3.686141670944806381e-01
2.975926266458042702e-01
2.977702266043584789e-01
9.074010450684534268e-01
2.702745514034582408e-01
2.797303085350137941e-01
2.813279085475326458e-01
2.329050260041041487e-01
2.378697530270334759e-01
2.395096320570588022e-01
4.434359886633655323e-01
4.384113542341797065e-01
2.884332020823281439e-01
3.584728740435547678e-01
3.618799075816354627e-01
3.730285994369190727e-01
2.707753846514267537e-01
2.540800201154117532e-01
4.612147983920821259e-01
2.551918152734732881e-01
2.860585208462440576e-01
2.518994252408640611e-01
2.474042704398714265e-01
7.050617566261335734e-01
2.342894933715037598e-01
2.443979166336857356e-01
3.734282135631306065e-01
2.978410009571659800e-01
3.190289540890022812e-01
3.882473048680901706e-01
4.352590308275431918e-01
3.103784783200884134e-01
4.390064116950100903e-01
3.062583915181023020e-01
4.390064116950100903e-01
3.062583915181023020e-01
2.333903704561212378e-01
2.443416750473413612e-01
3.635832589508178891e-01
2.467161715309181824e-01
2.923770614668549372e-01
2.205819732619468398e-01
3.573714180026890674e-01
1.759017632492978489e-01
2.461714279263217675e-01
3.560738981067423925e-01
4.028542827498319268e-01
2.863725026319570155e-01
2.659072300903624342e-01
2.896170576959772869e-01
6.583520225916063007e-01
6.870224608540942413e-01
2.956657809235114787e-01
2.241049746570290546e-01
2.710930218133718594e-01
3.121949984184623772e-01
4.005858275181007899e-01
5.972424724879290547e-01
3.209789120981136890e-01
4.343324763905093699e-01
2.972980064196738548e-01
4.484829543274330144e-01
4.187213514472925002e-01
4.600523192467109168e-01
2.959079197395967920e-01
2.983275914886001634e-01
3.270514195190353801e-01
2.331942866646229406e-01
2.450025555309236769e-01
3.856588543705553040e-01
3.742232205057230421e-01
2.961397316356242926e-01
2.300709915271907657e-01
9.348766225330282786e-01
3.976855487568899394e-01
7.467700604994937930e-01
3.278900480246024207e-01
3.715706430184954612e-01
3.766039697585447099e-01
2.723982017409229406e-01
2.433016723508233392e-01
2.461331393016472913e-01
7.016181741536150485e-01
2.757230933449882349e-01
8.664411998942014304e-01
3.219343372866977360e-01
1.735888826983171540e-01
7.278871377659484887e-01
2.373970205976282111e-01
2.558079366533165255e-01
2.992273245515079116e-01
2.938718400091773764e-01
3.967132828977154024e-01
3.914803224113806990e-01
3.892726677741367158e-01
2.396035123963121682e-01
2.257671328585269532e-01
4.078704432052531192e-01
4.602991636248554008e-01
4.511110062249472641e-01
2.525348734495963532e-01
2.657921997342373444e-01
2.656526932361791271e-01
3.631993769566131403e-01
4.087795849369450507e-01
3.926986157960276058e-01
1.085821540324844570e+00
1.143413139678975066e+00
2.354457595705747308e-01
2.975366791479575612e-01
2.409534016791513023e-01
2.611066087039647376e-01
3.906826285038161872e-01
1.069568045503411335e+00
1.138696405612055873e+00
3.779736241178558998e-01
3.296668102869068639e-01
2.562905195689479387e-01
2.907945576352811146e-01
2.462920045396339852e-01
2.494157136806401942e-01
5.860612360719426039e-01
4.162604872310269877e-01
2.669872076235967895e-01
2.887973249134884179e-01
2.458283317688830794e-01
3.700167815322735199e-01
2.583206615779524706e-01
3.629309523971501195e-01
2.504300477221031440e-01
3.675366173342126119e-01
2.864884295548426052e-01
4.618468618846421903e-01
2.444661011152327312e-01
4.969042745784498782e-01
4.967929149585887938e-01
2.441719831560320297e-01
